  0.352787E-05  0.116225E+08  0.116225E+08  0.154962E+08  0.154961E+08  0.116232E+08  0.116225E+08
  0.364739E-05  0.116225E+08  0.116225E+08  0.154961E+08  0.154961E+08  0.116232E+08  0.116225E+08
  0.377095E-05  0.116225E+08  0.116225E+08  0.154961E+08  0.154961E+08  0.116232E+08  0.116225E+08
  0.389871E-05  0.116225E+08  0.116225E+08  0.154961E+08  0.154960E+08  0.116232E+08  0.116225E+08
  0.403079E-05  0.116225E+08  0.116225E+08  0.154960E+08  0.154960E+08  0.116232E+08  0.116225E+08
  0.416735E-05  0.116225E+08  0.116225E+08  0.154960E+08  0.154959E+08  0.116232E+08  0.116225E+08
  0.430853E-05  0.116225E+08  0.116225E+08  0.154959E+08  0.154959E+08  0.116232E+08  0.116225E+08
  0.445450E-05  0.116225E+08  0.116225E+08  0.154959E+08  0.154958E+08  0.116232E+08  0.116225E+08
  0.460541E-05  0.116225E+08  0.116225E+08  0.154958E+08  0.154958E+08  0.116232E+08  0.116225E+08
  0.476143E-05  0.116225E+08  0.116225E+08  0.154958E+08  0.154957E+08  0.116232E+08  0.116225E+08
  0.492274E-05  0.116225E+08  0.116225E+08  0.154957E+08  0.154957E+08  0.116232E+08  0.116225E+08
  0.508952E-05  0.116225E+08  0.116225E+08  0.154956E+08  0.154956E+08  0.116232E+08  0.116225E+08
  0.526194E-05  0.116225E+08  0.116225E+08  0.154956E+08  0.154955E+08  0.116232E+08  0.116225E+08
  0.544021E-05  0.116225E+08  0.116225E+08  0.154955E+08  0.154954E+08  0.116231E+08  0.116225E+08
  0.562451E-05  0.116225E+08  0.116225E+08  0.154954E+08  0.154954E+08  0.116231E+08  0.116225E+08
  0.581506E-05  0.116225E+08  0.116225E+08  0.154953E+08  0.154953E+08  0.116231E+08  0.116225E+08
  0.601207E-05  0.116225E+08  0.116225E+08  0.154952E+08  0.154952E+08  0.116231E+08  0.116225E+08
  0.621575E-05  0.116225E+08  0.116225E+08  0.154951E+08  0.154951E+08  0.116231E+08  0.116225E+08
  0.642633E-05  0.116225E+08  0.116225E+08  0.154950E+08  0.154950E+08  0.116231E+08  0.116225E+08
  0.664404E-05  0.116225E+08  0.116225E+08  0.154949E+08  0.154949E+08  0.116231E+08  0.116225E+08
  0.686913E-05  0.116225E+08  0.116225E+08  0.154948E+08  0.154947E+08  0.116231E+08  0.116225E+08
  0.710185E-05  0.116225E+08  0.116225E+08  0.154947E+08  0.154946E+08  0.116231E+08  0.116225E+08
  0.734245E-05  0.116225E+08  0.116225E+08  0.154945E+08  0.154945E+08  0.116231E+08  0.116225E+08
  0.759120E-05  0.116225E+08  0.116225E+08  0.154944E+08  0.154943E+08  0.116231E+08  0.116225E+08
  0.784838E-05  0.116225E+08  0.116225E+08  0.154942E+08  0.154941E+08  0.116231E+08  0.116225E+08
  0.811427E-05  0.116225E+08  0.116225E+08  0.154941E+08  0.154940E+08  0.116231E+08  0.116225E+08
  0.838917E-05  0.116225E+08  0.116225E+08  0.154939E+08  0.154938E+08  0.116231E+08  0.116225E+08
  0.867338E-05  0.116225E+08  0.116225E+08  0.154937E+08  0.154936E+08  0.116231E+08  0.116225E+08
  0.896722E-05  0.116225E+08  0.116225E+08  0.154935E+08  0.154934E+08  0.116231E+08  0.116225E+08
  0.927101E-05  0.116225E+08  0.116225E+08  0.154933E+08  0.154932E+08  0.116231E+08  0.116225E+08
  0.958510E-05  0.116225E+08  0.116225E+08  0.154931E+08  0.154929E+08  0.116231E+08  0.116225E+08
  0.990983E-05  0.116225E+08  0.116225E+08  0.154928E+08  0.154927E+08  0.116231E+08  0.116225E+08
  0.102456E-04  0.116225E+08  0.116225E+08  0.154925E+08  0.154924E+08  0.116231E+08  0.116225E+08
  0.105927E-04  0.116225E+08  0.116225E+08  0.154923E+08  0.154921E+08  0.116231E+08  0.116225E+08
  0.109515E-04  0.116225E+08  0.116225E+08  0.154920E+08  0.154918E+08  0.116231E+08  0.116225E+08
  0.113225E-04  0.116225E+08  0.116225E+08  0.154916E+08  0.154914E+08  0.116231E+08  0.116225E+08
  0.117061E-04  0.116225E+08  0.116225E+08  0.154913E+08  0.154911E+08  0.116231E+08  0.116225E+08
  0.121027E-04  0.116225E+08  0.116225E+08  0.154909E+08  0.154907E+08  0.116231E+08  0.116225E+08
  0.125127E-04  0.116225E+08  0.116225E+08  0.154905E+08  0.154903E+08  0.116231E+08  0.116225E+08
  0.129367E-04  0.116225E+08  0.116225E+08  0.154901E+08  0.154899E+08  0.116231E+08  0.116225E+08
  0.133749E-04  0.116225E+08  0.116225E+08  0.154896E+08  0.154894E+08  0.116231E+08  0.116225E+08
  0.138281E-04  0.116225E+08  0.116225E+08  0.154892E+08  0.154889E+08  0.116231E+08  0.116225E+08
  0.142965E-04  0.116225E+08  0.116225E+08  0.154886E+08  0.154884E+08  0.116231E+08  0.116225E+08
  0.147809E-04  0.116225E+08  0.116225E+08  0.154881E+08  0.154878E+08  0.116231E+08  0.116225E+08
  0.152816E-04  0.116225E+08  0.116225E+08  0.154875E+08  0.154872E+08  0.116231E+08  0.116225E+08
  0.157993E-04  0.116225E+08  0.116225E+08  0.154869E+08  0.154865E+08  0.116231E+08  0.116225E+08
  0.163346E-04  0.116225E+08  0.116225E+08  0.154862E+08  0.154858E+08  0.116231E+08  0.116225E+08
  0.168880E-04  0.116225E+08  0.116225E+08  0.154855E+08  0.154851E+08  0.116231E+08  0.116225E+08
  0.174601E-04  0.116225E+08  0.116225E+08  0.154847E+08  0.154843E+08  0.116231E+08  0.116225E+08
  0.180517E-04  0.116224E+08  0.116224E+08  0.154839E+08  0.154834E+08  0.116231E+08  0.116225E+08
  0.186632E-04  0.116224E+08  0.116224E+08  0.154830E+08  0.154825E+08  0.116231E+08  0.116225E+08
  0.192955E-04  0.116224E+08  0.116224E+08  0.154821E+08  0.154815E+08  0.116231E+08  0.116224E+08
  0.199492E-04  0.116224E+08  0.116224E+08  0.154811E+08  0.154805E+08  0.116231E+08  0.116224E+08
  0.206250E-04  0.116224E+08  0.116224E+08  0.154800E+08  0.154794E+08  0.116231E+08  0.116224E+08
  0.213238E-04  0.116224E+08  0.116224E+08  0.154789E+08  0.154782E+08  0.116230E+08  0.116224E+08
  0.220462E-04  0.116224E+08  0.116224E+08  0.154776E+08  0.154769E+08  0.116230E+08  0.116224E+08
  0.227931E-04  0.116224E+08  0.116224E+08  0.154763E+08  0.154756E+08  0.116230E+08  0.116224E+08
  0.235653E-04  0.116224E+08  0.116224E+08  0.154749E+08  0.154741E+08  0.116230E+08  0.116224E+08
  0.243637E-04  0.116224E+08  0.116224E+08  0.154734E+08  0.154726E+08  0.116230E+08  0.116224E+08
  0.251891E-04  0.116224E+08  0.116224E+08  0.154718E+08  0.154709E+08  0.116230E+08  0.116224E+08
  0.260424E-04  0.116224E+08  0.116224E+08  0.154701E+08  0.154691E+08  0.116230E+08  0.116224E+08
  0.269247E-04  0.116224E+08  0.116224E+08  0.154683E+08  0.154672E+08  0.116230E+08  0.116224E+08
  0.278369E-04  0.116224E+08  0.116224E+08  0.154663E+08  0.154652E+08  0.116230E+08  0.116224E+08
  0.287799E-04  0.116224E+08  0.116224E+08  0.154642E+08  0.154630E+08  0.116230E+08  0.116224E+08
  0.297550E-04  0.116224E+08  0.116224E+08  0.154620E+08  0.154607E+08  0.116229E+08  0.116224E+08
  0.307630E-04  0.116224E+08  0.116224E+08  0.154596E+08  0.154583E+08  0.116229E+08  0.116224E+08
  0.318052E-04  0.116224E+08  0.116224E+08  0.154571E+08  0.154556E+08  0.116229E+08  0.116224E+08
  0.328827E-04  0.116224E+08  0.116224E+08  0.154544E+08  0.154528E+08  0.116229E+08  0.116224E+08
  0.339967E-04  0.116224E+08  0.116223E+08  0.154515E+08  0.154498E+08  0.116229E+08  0.116224E+08
  0.351485E-04  0.116223E+08  0.116223E+08  0.154483E+08  0.154465E+08  0.116229E+08  0.116223E+08
  0.363393E-04  0.116223E+08  0.116223E+08  0.154450E+08  0.154431E+08  0.116228E+08  0.116223E+08
  0.375704E-04  0.116223E+08  0.116223E+08  0.154415E+08  0.154394E+08  0.116228E+08  0.116223E+08
  0.388432E-04  0.116223E+08  0.116223E+08  0.154377E+08  0.154355E+08  0.116228E+08  0.116223E+08
  0.401592E-04  0.116223E+08  0.116223E+08  0.154336E+08  0.154313E+08  0.116228E+08  0.116223E+08
  0.415197E-04  0.116223E+08  0.116223E+08  0.154293E+08  0.154268E+08  0.116227E+08  0.116223E+08
  0.429263E-04  0.116223E+08  0.116223E+08  0.154246E+08  0.154220E+08  0.116227E+08  0.116223E+08
  0.443806E-04  0.116223E+08  0.116223E+08  0.154197E+08  0.154168E+08  0.116227E+08  0.116223E+08
  0.458841E-04  0.116222E+08  0.116222E+08  0.154144E+08  0.154114E+08  0.116227E+08  0.116222E+08
  0.474386E-04  0.116222E+08  0.116222E+08  0.154088E+08  0.154055E+08  0.116226E+08  0.116222E+08
  0.490458E-04  0.116222E+08  0.116222E+08  0.154027E+08  0.153992E+08  0.116226E+08  0.116222E+08
  0.507074E-04  0.116222E+08  0.116222E+08  0.153963E+08  0.153925E+08  0.116225E+08  0.116222E+08
  0.524253E-04  0.116222E+08  0.116222E+08  0.153894E+08  0.153854E+08  0.116225E+08  0.116222E+08
  0.542013E-04  0.116221E+08  0.116221E+08  0.153820E+08  0.153777E+08  0.116225E+08  0.116221E+08
  0.560376E-04  0.116221E+08  0.116221E+08  0.153741E+08  0.153696E+08  0.116224E+08  0.116221E+08
  0.579361E-04  0.116221E+08  0.116221E+08  0.153657E+08  0.153609E+08  0.116224E+08  0.116221E+08
  0.598989E-04  0.116221E+08  0.116221E+08  0.153567E+08  0.153516E+08  0.116223E+08  0.116221E+08
  0.619281E-04  0.116220E+08  0.116220E+08  0.153472E+08  0.153416E+08  0.116222E+08  0.116220E+08
  0.640262E-04  0.116220E+08  0.116220E+08  0.153369E+08  0.153310E+08  0.116222E+08  0.116220E+08
  0.661953E-04  0.116220E+08  0.116220E+08  0.153260E+08  0.153196E+08  0.116221E+08  0.116220E+08
  0.684379E-04  0.116219E+08  0.116219E+08  0.153143E+08  0.153075E+08  0.116220E+08  0.116219E+08
  0.707564E-04  0.116219E+08  0.116219E+08  0.153018E+08  0.152945E+08  0.116220E+08  0.116219E+08
  0.731536E-04  0.116219E+08  0.116218E+08  0.152884E+08  0.152807E+08  0.116219E+08  0.116219E+08
  0.756319E-04  0.116218E+08  0.116218E+08  0.152742E+08  0.152659E+08  0.116218E+08  0.116218E+08
  0.781942E-04  0.116218E+08  0.116218E+08  0.152590E+08  0.152501E+08  0.116217E+08  0.116218E+08
  0.808433E-04  0.116217E+08  0.116217E+08  0.152427E+08  0.152333E+08  0.116216E+08  0.116217E+08
  0.835821E-04  0.116217E+08  0.116216E+08  0.152254E+08  0.152153E+08  0.116215E+08  0.116217E+08
  0.864138E-04  0.116216E+08  0.116216E+08  0.152068E+08  0.151961E+08  0.116214E+08  0.116216E+08
  0.893413E-04  0.116216E+08  0.116215E+08  0.151871E+08  0.151756E+08  0.116213E+08  0.116216E+08
  0.923681E-04  0.116215E+08  0.116215E+08  0.151659E+08  0.151537E+08  0.116211E+08  0.116215E+08
  0.954974E-04  0.116214E+08  0.116214E+08  0.151434E+08  0.151303E+08  0.116210E+08  0.116214E+08
  0.987327E-04  0.116214E+08  0.116213E+08  0.151193E+08  0.151054E+08  0.116208E+08  0.116213E+08
  0.102078E-03  0.116213E+08  0.116212E+08  0.150937E+08  0.150788E+08  0.116207E+08  0.116213E+08
  0.105536E-03  0.116212E+08  0.116212E+08  0.150663E+08  0.150504E+08  0.116205E+08  0.116212E+08
  0.109111E-03  0.116211E+08  0.116211E+08  0.150370E+08  0.150201E+08  0.116203E+08  0.116211E+08
  0.112808E-03  0.116210E+08  0.116210E+08  0.150059E+08  0.149878E+08  0.116201E+08  0.116210E+08
  0.116629E-03  0.116209E+08  0.116209E+08  0.149726E+08  0.149533E+08  0.116199E+08  0.116209E+08
  0.120581E-03  0.116208E+08  0.116207E+08  0.149371E+08  0.149165E+08  0.116197E+08  0.116208E+08
  0.124666E-03  0.116207E+08  0.116206E+08  0.148993E+08  0.148773E+08  0.116195E+08  0.116207E+08
  0.128889E-03  0.116206E+08  0.116205E+08  0.148589E+08  0.148355E+08  0.116192E+08  0.116205E+08
  0.133256E-03  0.116204E+08  0.116204E+08  0.148159E+08  0.147909E+08  0.116189E+08  0.116204E+08
  0.137770E-03  0.116203E+08  0.116202E+08  0.147701E+08  0.147434E+08  0.116187E+08  0.116203E+08
  0.142438E-03  0.116201E+08  0.116201E+08  0.147213E+08  0.146928E+08  0.116183E+08  0.116201E+08
  0.147263E-03  0.116200E+08  0.116199E+08  0.146692E+08  0.146389E+08  0.116180E+08  0.116200E+08
  0.152252E-03  0.116198E+08  0.116197E+08  0.146138E+08  0.145815E+08  0.116177E+08  0.116198E+08
  0.157410E-03  0.116196E+08  0.116195E+08  0.145548E+08  0.145203E+08  0.116173E+08  0.116196E+08
  0.162743E-03  0.116194E+08  0.116193E+08  0.144919E+08  0.144552E+08  0.116169E+08  0.116194E+08
  0.168257E-03  0.116192E+08  0.116191E+08  0.144250E+08  0.143859E+08  0.116165E+08  0.116192E+08
  0.173957E-03  0.116190E+08  0.116189E+08  0.143538E+08  0.143122E+08  0.116160E+08  0.116190E+08
  0.179850E-03  0.116188E+08  0.116186E+08  0.142781E+08  0.142339E+08  0.116155E+08  0.116187E+08
  0.185944E-03  0.116185E+08  0.116184E+08  0.141977E+08  0.141505E+08  0.116150E+08  0.116184E+08
  0.192243E-03  0.116182E+08  0.116181E+08  0.141121E+08  0.140620E+08  0.116144E+08  0.116182E+08
  0.198756E-03  0.116179E+08  0.116178E+08  0.140212E+08  0.139679E+08  0.116138E+08  0.116179E+08
  0.205489E-03  0.116176E+08  0.116175E+08  0.139246E+08  0.138679E+08  0.116132E+08  0.116176E+08
  0.212451E-03  0.116173E+08  0.116171E+08  0.138221E+08  0.137619E+08  0.116125E+08  0.116172E+08
  0.219649E-03  0.116169E+08  0.116167E+08  0.137134E+08  0.136494E+08  0.116118E+08  0.116169E+08
  0.227090E-03  0.116165E+08  0.116164E+08  0.135980E+08  0.135301E+08  0.116110E+08  0.116165E+08
  0.234783E-03  0.116161E+08  0.116159E+08  0.134758E+08  0.134036E+08  0.116101E+08  0.116161E+08
  0.242738E-03  0.116157E+08  0.116155E+08  0.133463E+08  0.132698E+08  0.116093E+08  0.116156E+08
  0.250961E-03  0.116152E+08  0.116150E+08  0.132092E+08  0.131280E+08  0.116083E+08  0.116152E+08
  0.259463E-03  0.116148E+08  0.116145E+08  0.130641E+08  0.129781E+08  0.116073E+08  0.116147E+08
  0.268253E-03  0.116142E+08  0.116140E+08  0.129108E+08  0.128197E+08  0.116062E+08  0.116141E+08
  0.277342E-03  0.116137E+08  0.116134E+08  0.127488E+08  0.126524E+08  0.116050E+08  0.116136E+08
  0.286737E-03  0.116131E+08  0.116128E+08  0.125778E+08  0.124759E+08  0.116038E+08  0.116130E+08
  0.296452E-03  0.116124E+08  0.116121E+08  0.123975E+08  0.122898E+08  0.116025E+08  0.116123E+08
  0.306495E-03  0.116117E+08  0.116114E+08  0.122076E+08  0.120938E+08  0.116011E+08  0.116116E+08
  0.316879E-03  0.116110E+08  0.116106E+08  0.120077E+08  0.118876E+08  0.115996E+08  0.116109E+08
  0.327614E-03  0.116102E+08  0.116098E+08  0.117975E+08  0.116709E+08  0.115980E+08  0.116101E+08
  0.338713E-03  0.116094E+08  0.116090E+08  0.115768E+08  0.114435E+08  0.115962E+08  0.116092E+08
  0.350188E-03  0.116085E+08  0.116081E+08  0.113454E+08  0.112052E+08  0.115944E+08  0.116084E+08
  0.362052E-03  0.116076E+08  0.116071E+08  0.111030E+08  0.109557E+08  0.115925E+08  0.116074E+08
  0.374318E-03  0.116066E+08  0.116061E+08  0.108496E+08  0.106949E+08  0.115904E+08  0.116064E+08
  0.386999E-03  0.116055E+08  0.116050E+08  0.105850E+08  0.104228E+08  0.115881E+08  0.116053E+08
  0.400110E-03  0.116044E+08  0.116038E+08  0.103091E+08  0.101394E+08  0.115858E+08  0.116042E+08
  0.413665E-03  0.116032E+08  0.116026E+08  0.100221E+08  0.984469E+07  0.115832E+08  0.116029E+08
  0.427679E-03  0.116019E+08  0.116012E+08  0.972415E+07  0.953895E+07  0.115805E+08  0.116016E+08
  0.442168E-03  0.116005E+08  0.115998E+08  0.941537E+07  0.922242E+07  0.115777E+08  0.116002E+08
  0.457148E-03  0.115990E+08  0.115983E+08  0.909614E+07  0.889548E+07  0.115746E+08  0.115987E+08
  0.472636E-03  0.115975E+08  0.115967E+08  0.876692E+07  0.855865E+07  0.115713E+08  0.115972E+08
  0.488648E-03  0.115958E+08  0.115950E+08  0.842829E+07  0.821259E+07  0.115678E+08  0.115955E+08
  0.505203E-03  0.115940E+08  0.115932E+08  0.808097E+07  0.785808E+07  0.115641E+08  0.115937E+08
  0.522318E-03  0.115922E+08  0.115913E+08  0.772585E+07  0.749609E+07  0.115602E+08  0.115918E+08
  0.540014E-03  0.115902E+08  0.115892E+08  0.736396E+07  0.712774E+07  0.115559E+08  0.115898E+08
  0.558308E-03  0.115880E+08  0.115870E+08  0.699650E+07  0.675433E+07  0.115514E+08  0.115876E+08
  0.577223E-03  0.115858E+08  0.115847E+08  0.662485E+07  0.637733E+07  0.115467E+08  0.115853E+08
  0.596778E-03  0.115834E+08  0.115823E+08  0.625054E+07  0.599839E+07  0.115416E+08  0.115829E+08
  0.616996E-03  0.115809E+08  0.115797E+08  0.587529E+07  0.561934E+07  0.115361E+08  0.115803E+08
  0.637899E-03  0.115782E+08  0.115769E+08  0.550098E+07  0.524217E+07  0.115304E+08  0.115776E+08
  0.659510E-03  0.115753E+08  0.115740E+08  0.512963E+07  0.486901E+07  0.115242E+08  0.115747E+08
  0.681853E-03  0.115723E+08  0.115709E+08  0.476341E+07  0.450214E+07  0.115177E+08  0.115717E+08
  0.704954E-03  0.115691E+08  0.115676E+08  0.440457E+07  0.414393E+07  0.115108E+08  0.115684E+08
  0.728836E-03  0.115656E+08  0.115641E+08  0.405545E+07  0.379679E+07  0.115034E+08  0.115650E+08
  0.753528E-03  0.115620E+08  0.115604E+08  0.371839E+07  0.346318E+07  0.114956E+08  0.115613E+08
  0.779057E-03  0.115582E+08  0.115565E+08  0.339574E+07  0.314548E+07  0.114873E+08  0.115574E+08
  0.805450E-03  0.115542E+08  0.115524E+08  0.308974E+07  0.284600E+07  0.114784E+08  0.115533E+08
  0.832737E-03  0.115499E+08  0.115480E+08  0.280249E+07  0.256684E+07  0.114690E+08  0.115490E+08
  0.860949E-03  0.115454E+08  0.115434E+08  0.253584E+07  0.230984E+07  0.114591E+08  0.115445E+08
  0.890117E-03  0.115406E+08  0.115386E+08  0.229135E+07  0.207652E+07  0.114485E+08  0.115396E+08
  0.920272E-03  0.115356E+08  0.115335E+08  0.207019E+07  0.186795E+07  0.114373E+08  0.115345E+08
  0.951450E-03  0.115303E+08  0.115281E+08  0.187307E+07  0.168469E+07  0.114255E+08  0.115292E+08
  0.983684E-03  0.115247E+08  0.115224E+08  0.170014E+07  0.152674E+07  0.114129E+08  0.115235E+08
  0.101701E-02  0.115187E+08  0.115164E+08  0.155099E+07  0.139344E+07  0.113996E+08  0.115175E+08
  0.105146E-02  0.115125E+08  0.115101E+08  0.142455E+07  0.128347E+07  0.113855E+08  0.115112E+08
  0.108709E-02  0.115059E+08  0.115034E+08  0.131916E+07  0.119486E+07  0.113706E+08  0.115046E+08
  0.112391E-02  0.114990E+08  0.114964E+08  0.123251E+07  0.112497E+07  0.113548E+08  0.114976E+08
  0.116199E-02  0.114917E+08  0.114891E+08  0.116176E+07  0.107063E+07  0.113381E+08  0.114902E+08
  0.120136E-02  0.114841E+08  0.114814E+08  0.110367E+07  0.102823E+07  0.113205E+08  0.114825E+08
  0.124206E-02  0.114760E+08  0.114733E+08  0.105468E+07  0.993909E+06  0.113018E+08  0.114743E+08
  0.128414E-02  0.114676E+08  0.114647E+08  0.101119E+07  0.963755E+06  0.112822E+08  0.114658E+08
  0.132764E-02  0.114587E+08  0.114558E+08  0.969758E+06  0.934080E+06  0.112614E+08  0.114568E+08
  0.137262E-02  0.114494E+08  0.114464E+08  0.927344E+06  0.901674E+06  0.112395E+08  0.114474E+08
  0.141912E-02  0.114396E+08  0.114366E+08  0.881574E+06  0.864069E+06  0.112165E+08  0.114375E+08
  0.146720E-02  0.114293E+08  0.114263E+08  0.830957E+06  0.819772E+06  0.111922E+08  0.114271E+08
  0.151691E-02  0.114185E+08  0.114155E+08  0.775040E+06  0.768416E+06  0.111666E+08  0.114162E+08
  0.156830E-02  0.114072E+08  0.114041E+08  0.714474E+06  0.710823E+06  0.111397E+08  0.114048E+08
  0.162143E-02  0.113954E+08  0.113923E+08  0.650958E+06  0.648926E+06  0.111114E+08  0.113928E+08
  0.167636E-02  0.113830E+08  0.113798E+08  0.587042E+06  0.585550E+06  0.110816E+08  0.113803E+08
  0.173315E-02  0.113700E+08  0.113668E+08  0.525794E+06  0.524041E+06  0.110503E+08  0.113671E+08
  0.179187E-02  0.113563E+08  0.113532E+08  0.470341E+06  0.467790E+06  0.110175E+08  0.113534E+08
  0.185257E-02  0.113421E+08  0.113389E+08  0.423357E+06  0.419680E+06  0.109831E+08  0.113390E+08
  0.191534E-02  0.113272E+08  0.113240E+08  0.386553E+06  0.381568E+06  0.109471E+08  0.113239E+08
  0.198023E-02  0.113116E+08  0.113084E+08  0.360284E+06  0.353891E+06  0.109093E+08  0.113081E+08
  0.204731E-02  0.112952E+08  0.112920E+08  0.343358E+06  0.335493E+06  0.108698E+08  0.112916E+08
  0.211667E-02  0.112782E+08  0.112750E+08  0.333151E+06  0.323771E+06  0.108285E+08  0.112744E+08
  0.218838E-02  0.112603E+08  0.112571E+08  0.326044E+06  0.315150E+06  0.107853E+08  0.112563E+08
  0.226252E-02  0.112417E+08  0.112385E+08  0.318147E+06  0.305847E+06  0.107403E+08  0.112375E+08
  0.233917E-02  0.112222E+08  0.112190E+08  0.306191E+06  0.292771E+06  0.106934E+08  0.112179E+08
  0.241842E-02  0.112019E+08  0.111987E+08  0.288362E+06  0.274336E+06  0.106445E+08  0.111973E+08
  0.250035E-02  0.111807E+08  0.111775E+08  0.264833E+06  0.250943E+06  0.105937E+08  0.111759E+08
  0.258506E-02  0.111586E+08  0.111554E+08  0.237768E+06  0.224894E+06  0.105409E+08  0.111536E+08
  0.267264E-02  0.111356E+08  0.111323E+08  0.210696E+06  0.199686E+06  0.104860E+08  0.111303E+08
  0.276318E-02  0.111116E+08  0.111082E+08  0.187355E+06  0.178808E+06  0.104291E+08  0.111060E+08
  0.285679E-02  0.110866E+08  0.110831E+08  0.170340E+06  0.164418E+06  0.103702E+08  0.110808E+08
  0.295358E-02  0.110605E+08  0.110570E+08  0.160070E+06  0.156411E+06  0.103093E+08  0.110544E+08
  0.305364E-02  0.110334E+08  0.110298E+08  0.154553E+06  0.152362E+06  0.102463E+08  0.110270E+08
  0.315709E-02  0.110052E+08  0.110015E+08  0.150214E+06  0.148518E+06  0.101813E+08  0.109985E+08
  0.326405E-02  0.109758E+08  0.109721E+08  0.143564E+06  0.141533E+06  0.101142E+08  0.109689E+08
  0.337463E-02  0.109453E+08  0.109415E+08  0.132978E+06  0.130178E+06  0.100451E+08  0.109381E+08
  0.348896E-02  0.109136E+08  0.109097E+08  0.119625E+06  0.116049E+06  0.997398E+07  0.109061E+08
  0.360716E-02  0.108807E+08  0.108767E+08  0.106830E+06  0.102685E+06  0.990086E+07  0.108729E+08
  0.372936E-02  0.108465E+08  0.108425E+08  0.979977E+05  0.933964E+05  0.982576E+07  0.108384E+08
  0.385571E-02  0.108111E+08  0.108069E+08  0.942365E+05  0.890284E+05  0.974866E+07  0.108026E+08
  0.398634E-02  0.107743E+08  0.107701E+08  0.933365E+05  0.872772E+05  0.966959E+07  0.107655E+08
  0.412139E-02  0.107362E+08  0.107318E+08  0.911363E+05  0.843167E+05  0.958854E+07  0.107271E+08
  0.426101E-02  0.106970E+08  0.106925E+08  0.846261E+05  0.778021E+05  0.951195E+07  0.106876E+08
  0.440537E-02  0.106561E+08  0.106516E+08  0.744540E+05  0.688627E+05  0.942685E+07  0.106463E+08
  0.455462E-02  0.106138E+08  0.106091E+08  0.645059E+05  0.611339E+05  0.933966E+07  0.106037E+08
  0.470892E-02  0.105700E+08  0.105652E+08  0.584469E+05  0.572758E+05  0.925035E+07  0.105596E+08
  0.486845E-02  0.105248E+08  0.105199E+08  0.562500E+05  0.562208E+05  0.915888E+07  0.105140E+08
  0.503339E-02  0.104780E+08  0.104729E+08  0.543812E+05  0.542514E+05  0.906522E+07  0.104668E+08
  0.520391E-02  0.104297E+08  0.104244E+08  0.498950E+05  0.492141E+05  0.896933E+07  0.104181E+08
  0.538021E-02  0.103798E+08  0.103744E+08  0.439534E+05  0.431304E+05  0.887118E+07  0.103678E+08
  0.556248E-02  0.103282E+08  0.103226E+08  0.401221E+05  0.395936E+05  0.876897E+07  0.103158E+08
  0.575093E-02  0.102750E+08  0.102692E+08  0.391449E+05  0.388487E+05  0.866607E+07  0.102623E+08
  0.594576E-02  0.102202E+08  0.102142E+08  0.375188E+05  0.375485E+05  0.856083E+07  0.102070E+08
  0.614720E-02  0.101636E+08  0.101574E+08  0.328427E+05  0.343483E+05  0.845325E+07  0.101501E+08
  0.635546E-02  0.101054E+08  0.100989E+08  0.281952E+05  0.000000E+00  0.834335E+07  0.100914E+08
  0.657077E-02  0.100454E+08  0.100387E+08  0.275265E+05  0.000000E+00  0.823113E+07  0.100310E+08
  0.679338E-02  0.998364E+07  0.997669E+07  0.286672E+05  0.000000E+00  0.811718E+07  0.996884E+07
  0.702352E-02  0.992005E+07  0.991282E+07  0.268365E+05  0.000000E+00  0.800050E+07  0.990482E+07
  0.726147E-02  0.985462E+07  0.984710E+07  0.234981E+05  0.000000E+00  0.788162E+07  0.983895E+07
  0.750748E-02  0.978733E+07  0.977949E+07  0.231862E+05  0.000000E+00  0.776058E+07  0.977121E+07
  0.776182E-02  0.971814E+07  0.970997E+07  0.236878E+05  0.000000E+00  0.763744E+07  0.970158E+07
  0.802478E-02  0.964702E+07  0.963849E+07  0.207925E+05  0.000000E+00  0.751208E+07  0.963000E+07
  0.829665E-02  0.957396E+07  0.956505E+07  0.177172E+05  0.000000E+00  0.738484E+07  0.955648E+07
  0.857772E-02  0.949891E+07  0.948960E+07  0.169680E+05  0.000000E+00  0.725562E+07  0.948097E+07
  0.886832E-02  0.942185E+07  0.941212E+07  0.148011E+05  0.000000E+00  0.712448E+07  0.940345E+07
  0.916877E-02  0.934276E+07  0.933259E+07  0.136450E+05  0.000000E+00  0.699157E+07  0.932390E+07
  0.947939E-02  0.926161E+07  0.925097E+07  0.141675E+05  0.000000E+00  0.685691E+07  0.924228E+07
  0.980054E-02  0.917836E+07  0.916722E+07  0.127877E+05  0.000000E+00  0.672066E+07  0.915856E+07
  0.101326E-01  0.909300E+07  0.908133E+07  0.117618E+05  0.000000E+00  0.658298E+07  0.907273E+07
  0.104758E-01  0.900549E+07  0.899326E+07  0.115666E+05  0.000000E+00  0.644401E+07  0.898476E+07
  0.108307E-01  0.891581E+07  0.890300E+07  0.915775E+04  0.000000E+00  0.630389E+07  0.889462E+07
  0.111977E-01  0.882393E+07  0.881050E+07  0.884384E+04  0.000000E+00  0.616271E+07  0.880228E+07
  0.115770E-01  0.872983E+07  0.871575E+07  0.865516E+04  0.000000E+00  0.602049E+07  0.870772E+07
  0.119692E-01  0.863348E+07  0.861872E+07  0.779402E+04  0.000000E+00  0.587723E+07  0.861093E+07
  0.123747E-01  0.853487E+07  0.851939E+07  0.762870E+04  0.000000E+00  0.573290E+07  0.851186E+07
  0.127940E-01  0.843396E+07  0.841773E+07  0.662740E+04  0.000000E+00  0.558752E+07  0.841051E+07
  0.132274E-01  0.833074E+07  0.831372E+07  0.619165E+04  0.000000E+00  0.544120E+07  0.830685E+07
  0.136756E-01  0.822519E+07  0.820734E+07  0.510810E+04  0.000000E+00  0.529415E+07  0.820087E+07
  0.141389E-01  0.811729E+07  0.809857E+07  0.560989E+04  0.000000E+00  0.514666E+07  0.809254E+07
  0.146179E-01  0.800702E+07  0.798741E+07  0.466772E+04  0.000000E+00  0.499908E+07  0.798186E+07
  0.151131E-01  0.789439E+07  0.787384E+07  0.474377E+04  0.000000E+00  0.485165E+07  0.786883E+07
  0.156251E-01  0.777939E+07  0.775787E+07  0.390898E+04  0.000000E+00  0.470456E+07  0.775344E+07
  0.161545E-01  0.766202E+07  0.763948E+07  0.351006E+04  0.000000E+00  0.455785E+07  0.763570E+07
  0.167017E-01  0.754229E+07  0.751871E+07  0.367230E+04  0.000000E+00  0.441151E+07  0.751561E+07
  0.172676E-01  0.742021E+07  0.739555E+07  0.311899E+04  0.000000E+00  0.426556E+07  0.739319E+07
  0.178526E-01  0.729582E+07  0.727004E+07  0.301289E+04  0.000000E+00  0.412008E+07  0.726847E+07
  0.184574E-01  0.716913E+07  0.714221E+07  0.256455E+04  0.000000E+00  0.397529E+07  0.714147E+07
  0.190827E-01  0.704018E+07  0.701209E+07  0.244706E+04  0.000000E+00  0.383142E+07  0.701223E+07
  0.197292E-01  0.690904E+07  0.687976E+07  0.234107E+04  0.000000E+00  0.368872E+07  0.688082E+07
  0.203976E-01  0.677576E+07  0.674527E+07  0.209710E+04  0.000000E+00  0.354741E+07  0.674730E+07
  0.210886E-01  0.664044E+07  0.660871E+07  0.176847E+04  0.000000E+00  0.340767E+07  0.661175E+07
  0.218031E-01  0.650316E+07  0.647019E+07  0.167897E+04  0.000000E+00  0.326966E+07  0.647427E+07
  0.225417E-01  0.636404E+07  0.632984E+07  0.142481E+04  0.000000E+00  0.313349E+07  0.633498E+07
  0.233054E-01  0.622323E+07  0.618779E+07  0.143611E+04  0.000000E+00  0.299929E+07  0.619402E+07
  0.240950E-01  0.608087E+07  0.604422E+07  0.130165E+04  0.000000E+00  0.286723E+07  0.605155E+07
  0.249113E-01  0.593715E+07  0.589931E+07  0.125774E+04  0.000000E+00  0.273754E+07  0.590776E+07
  0.257552E-01  0.579228E+07  0.575328E+07  0.106344E+04  0.000000E+00  0.261046E+07  0.576284E+07
  0.266278E-01  0.564648E+07  0.560638E+07  0.994433E+03  0.000000E+00  0.248613E+07  0.561703E+07
  0.275299E-01  0.550002E+07  0.545887E+07  0.939027E+03  0.000000E+00  0.236462E+07  0.547059E+07
  0.284625E-01  0.535318E+07  0.531105E+07  0.871338E+03  0.000000E+00  0.224615E+07  0.532380E+07
  0.294268E-01  0.520628E+07  0.516326E+07  0.775377E+03  0.000000E+00  0.213099E+07  0.517699E+07
  0.304237E-01  0.505965E+07  0.501585E+07  0.607993E+03  0.000000E+00  0.201931E+07  0.503050E+07
  0.314544E-01  0.491366E+07  0.486920E+07  0.601503E+03  0.000000E+00  0.191121E+07  0.488469E+07
  0.325201E-01  0.476871E+07  0.472373E+07  0.501478E+03  0.000000E+00  0.180676E+07  0.473995E+07
  0.336218E-01  0.462520E+07  0.457985E+07  0.510745E+03  0.000000E+00  0.170608E+07  0.459670E+07
  0.347609E-01  0.448357E+07  0.443803E+07  0.468522E+03  0.000000E+00  0.160933E+07  0.445538E+07
  0.359385E-01  0.434426E+07  0.429870E+07  0.387697E+03  0.000000E+00  0.151662E+07  0.431640E+07
  0.371560E-01  0.420771E+07  0.416234E+07  0.360947E+03  0.000000E+00  0.142801E+07  0.418023E+07
  0.384148E-01  0.407435E+07  0.402939E+07  0.361403E+03  0.000000E+00  0.134351E+07  0.404730E+07
  0.397163E-01  0.394462E+07  0.390028E+07  0.279348E+03  0.000000E+00  0.126318E+07  0.391803E+07
  0.410618E-01  0.381891E+07  0.377543E+07  0.283362E+03  0.000000E+00  0.118702E+07  0.379281E+07
  0.424529E-01  0.369759E+07  0.365520E+07  0.238164E+03  0.000000E+00  0.111497E+07  0.367202E+07
  0.438911E-01  0.358095E+07  0.353989E+07  0.227217E+03  0.000000E+00  0.104700E+07  0.355595E+07
  0.453542E-01  0.347098E+07  0.343144E+07  0.198600E+03  0.000000E+00  0.984015E+06  0.344656E+07
  0.468172E-01  0.336920E+07  0.333133E+07  0.167621E+03  0.000000E+00  0.926604E+06  0.334537E+07
  0.482803E-01  0.327501E+07  0.323893E+07  0.169183E+03  0.000000E+00  0.874202E+06  0.325176E+07
  0.497433E-01  0.318781E+07  0.315359E+07  0.154803E+03  0.000000E+00  0.826297E+06  0.316514E+07
  0.512063E-01  0.310696E+07  0.307466E+07  0.130658E+03  0.000000E+00  0.782393E+06  0.308486E+07
  0.526694E-01  0.303184E+07  0.300148E+07  0.137261E+03  0.000000E+00  0.742039E+06  0.301029E+07
  0.541324E-01  0.296182E+07  0.293340E+07  0.124912E+03  0.000000E+00  0.704853E+06  0.294081E+07
  0.555954E-01  0.289629E+07  0.286977E+07  0.115714E+03  0.000000E+00  0.670467E+06  0.287581E+07
  0.570585E-01  0.283466E+07  0.280998E+07  0.100002E+03  0.000000E+00  0.638560E+06  0.281469E+07
  0.585215E-01  0.277637E+07  0.275344E+07  0.872174E+02  0.000000E+00  0.608860E+06  0.275688E+07
  0.599846E-01  0.272090E+07  0.269961E+07  0.928195E+02  0.000000E+00  0.581100E+06  0.270186E+07
  0.614476E-01  0.266774E+07  0.264798E+07  0.835800E+02  0.000000E+00  0.555050E+06  0.264914E+07
  0.629106E-01  0.261646E+07  0.259808E+07  0.745916E+02  0.000000E+00  0.530520E+06  0.259827E+07
  0.643737E-01  0.256665E+07  0.254952E+07  0.740480E+02  0.000000E+00  0.507350E+06  0.254885E+07
  0.658367E-01  0.251798E+07  0.250192E+07  0.721651E+02  0.000000E+00  0.485380E+06  0.250054E+07
  0.672998E-01  0.247013E+07  0.245500E+07  0.683949E+02  0.000000E+00  0.464490E+06  0.245304E+07
  0.687628E-01  0.242287E+07  0.240850E+07  0.656534E+02  0.000000E+00  0.444578E+06  0.240609E+07
  0.702258E-01  0.237599E+07  0.236223E+07  0.566679E+02  0.000000E+00  0.425551E+06  0.235952E+07
  0.716889E-01  0.232936E+07  0.231605E+07  0.549750E+02  0.000000E+00  0.407341E+06  0.231316E+07
  0.731519E-01  0.228287E+07  0.226986E+07  0.577849E+02  0.000000E+00  0.389889E+06  0.226694E+07
  0.746149E-01  0.223647E+07  0.222363E+07  0.479946E+02  0.000000E+00  0.373146E+06  0.222078E+07
  0.760780E-01  0.219014E+07  0.217735E+07  0.454210E+02  0.000000E+00  0.357073E+06  0.217467E+07
  0.775410E-01  0.214388E+07  0.213102E+07  0.344776E+02  0.000000E+00  0.341642E+06  0.212863E+07
  0.790041E-01  0.209777E+07  0.208476E+07  0.348618E+02  0.000000E+00  0.326834E+06  0.208273E+07
  0.804671E-01  0.205189E+07  0.203865E+07  0.453994E+02  0.000000E+00  0.312629E+06  0.203705E+07
  0.819301E-01  0.200636E+07  0.199282E+07  0.330298E+02  0.000000E+00  0.299016E+06  0.199170E+07
  0.833932E-01  0.196129E+07  0.194741E+07  0.279953E+02  0.000000E+00  0.285984E+06  0.194682E+07
  0.848562E-01  0.191682E+07  0.190257E+07  0.362086E+02  0.000000E+00  0.273525E+06  0.190252E+07
  0.863192E-01  0.187308E+07  0.185846E+07  0.304371E+02  0.000000E+00  0.261633E+06  0.185896E+07
  0.877823E-01  0.183023E+07  0.181523E+07  0.329854E+02  0.000000E+00  0.250299E+06  0.181629E+07
  0.892453E-01  0.178841E+07  0.177304E+07  0.295186E+02  0.000000E+00  0.239514E+06  0.177464E+07
  0.907084E-01  0.174775E+07  0.173205E+07  0.228903E+02  0.000000E+00  0.229271E+06  0.173415E+07
  0.921714E-01  0.170837E+07  0.169238E+07  0.256948E+02  0.000000E+00  0.219563E+06  0.169494E+07
  0.939995E-01  0.166115E+07  0.164487E+07  0.235941E+02  0.000000E+00  0.208159E+06  0.164794E+07
  0.958276E-01  0.161629E+07  0.159982E+07  0.199192E+02  0.000000E+00  0.197543E+06  0.160331E+07
  0.976557E-01  0.157394E+07  0.155739E+07  0.216713E+02  0.000000E+00  0.187682E+06  0.156118E+07
  0.994837E-01  0.153419E+07  0.151766E+07  0.192764E+02  0.000000E+00  0.178543E+06  0.152166E+07
  0.101312E+00  0.149708E+07  0.148068E+07  0.150195E+02  0.000000E+00  0.170087E+06  0.148478E+07
  0.103140E+00  0.146259E+07  0.144644E+07  0.159719E+02  0.000000E+00  0.162272E+06  0.145052E+07
  0.104968E+00  0.143066E+07  0.141487E+07  0.177948E+02  0.000000E+00  0.155052E+06  0.141883E+07
  0.106796E+00  0.140118E+07  0.138585E+07  0.166577E+02  0.000000E+00  0.148384E+06  0.138959E+07
  0.108624E+00  0.137401E+07  0.135921E+07  0.146833E+02  0.000000E+00  0.142216E+06  0.136266E+07
  0.110452E+00  0.134896E+07  0.133476E+07  0.131556E+02  0.000000E+00  0.136504E+06  0.133784E+07
  0.112280E+00  0.132581E+07  0.131227E+07  0.110102E+02  0.000000E+00  0.131199E+06  0.131492E+07
  0.114108E+00  0.130432E+07  0.129149E+07  0.924104E+01  0.000000E+00  0.126256E+06  0.129367E+07
  0.115936E+00  0.128427E+07  0.127215E+07  0.111604E+02  0.000000E+00  0.121631E+06  0.127384E+07
  0.117765E+00  0.126539E+07  0.125398E+07  0.126890E+02  0.000000E+00  0.117284E+06  0.125518E+07
  0.119593E+00  0.124742E+07  0.123672E+07  0.896698E+01  0.000000E+00  0.113178E+06  0.123742E+07
  0.121421E+00  0.123013E+07  0.122009E+07  0.748882E+01  0.000000E+00  0.109276E+06  0.122033E+07
  0.123249E+00  0.121327E+07  0.120386E+07  0.101317E+02  0.000000E+00  0.105550E+06  0.120367E+07
  0.125077E+00  0.119665E+07  0.118781E+07  0.840280E+01  0.000000E+00  0.101973E+06  0.118723E+07
  0.126905E+00  0.118009E+07  0.117175E+07  0.697652E+01  0.000000E+00  0.985229E+05  0.117085E+07
  0.128733E+00  0.116344E+07  0.115553E+07  0.111496E+02  0.000000E+00  0.951829E+05  0.115436E+07
  0.130561E+00  0.114659E+07  0.113904E+07  0.102930E+02  0.000000E+00  0.919391E+05  0.113766E+07
  0.132389E+00  0.112944E+07  0.112217E+07  0.488286E+01  0.000000E+00  0.887808E+05  0.112066E+07
  0.134217E+00  0.111196E+07  0.110489E+07  0.639374E+01  0.000000E+00  0.857011E+05  0.110331E+07
  0.136045E+00  0.109410E+07  0.108715E+07  0.000000E+00  0.000000E+00  0.826942E+05  0.108559E+07
  0.137874E+00  0.107588E+07  0.106899E+07  0.000000E+00  0.000000E+00  0.797594E+05  0.106749E+07
  0.139702E+00  0.105734E+07  0.105045E+07  0.000000E+00  0.000000E+00  0.768968E+05  0.104906E+07
  0.141530E+00  0.103853E+07  0.103158E+07  0.000000E+00  0.000000E+00  0.741076E+05  0.103036E+07
  0.143358E+00  0.101953E+07  0.101248E+07  0.000000E+00  0.000000E+00  0.713955E+05  0.101147E+07
  0.145186E+00  0.100046E+07  0.993270E+06  0.000000E+00  0.000000E+00  0.687647E+05  0.992493E+06
  0.147014E+00  0.981411E+06  0.974062E+06  0.000000E+00  0.000000E+00  0.662199E+05  0.973542E+06
  0.148842E+00  0.962503E+06  0.954980E+06  0.000000E+00  0.000000E+00  0.637649E+05  0.954728E+06
  0.150670E+00  0.943851E+06  0.936152E+06  0.000000E+00  0.000000E+00  0.614036E+05  0.936168E+06
  0.152498E+00  0.925566E+06  0.917699E+06  0.000000E+00  0.000000E+00  0.591401E+05  0.917975E+06
  0.154326E+00  0.907753E+06  0.899732E+06  0.000000E+00  0.000000E+00  0.569765E+05  0.900253E+06
  0.156154E+00  0.890510E+06  0.882359E+06  0.000000E+00  0.000000E+00  0.549146E+05  0.883101E+06
  0.157982E+00  0.873923E+06  0.865672E+06  0.000000E+00  0.000000E+00  0.529559E+05  0.866607E+06
  0.159811E+00  0.858062E+06  0.849746E+06  0.000000E+00  0.000000E+00  0.510997E+05  0.850839E+06
  0.161639E+00  0.842982E+06  0.834640E+06  0.000000E+00  0.000000E+00  0.493454E+05  0.835853E+06
  0.163467E+00  0.828722E+06  0.820394E+06  0.000000E+00  0.000000E+00  0.476903E+05  0.821687E+06
  0.165295E+00  0.815298E+06  0.807024E+06  0.000000E+00  0.000000E+00  0.461315E+05  0.808359E+06
  0.167123E+00  0.802704E+06  0.794526E+06  0.000000E+00  0.000000E+00  0.446645E+05  0.795862E+06
  0.168951E+00  0.790918E+06  0.782874E+06  0.000000E+00  0.000000E+00  0.432840E+05  0.784173E+06
  0.170779E+00  0.779906E+06  0.772030E+06  0.000000E+00  0.000000E+00  0.419847E+05  0.773259E+06
  0.172607E+00  0.769619E+06  0.761942E+06  0.000000E+00  0.000000E+00  0.407605E+05  0.763069E+06
  0.174435E+00  0.759996E+06  0.752544E+06  0.000000E+00  0.000000E+00  0.396049E+05  0.753543E+06
  0.176263E+00  0.750966E+06  0.743758E+06  0.000000E+00  0.000000E+00  0.385117E+05  0.744609E+06
  0.178091E+00  0.742452E+06  0.735503E+06  0.000000E+00  0.000000E+00  0.374742E+05  0.736191E+06
  0.179919E+00  0.734374E+06  0.727692E+06  0.000000E+00  0.000000E+00  0.364863E+05  0.728206E+06
  0.181748E+00  0.726645E+06  0.720231E+06  0.000000E+00  0.000000E+00  0.355416E+05  0.720569E+06
  0.183576E+00  0.719179E+06  0.713029E+06  0.000000E+00  0.000000E+00  0.346342E+05  0.713191E+06
  0.185404E+00  0.711892E+06  0.705996E+06  0.000000E+00  0.000000E+00  0.337591E+05  0.705991E+06
  0.187232E+00  0.704708E+06  0.699053E+06  0.000000E+00  0.000000E+00  0.329113E+05  0.698891E+06
  0.189060E+00  0.697560E+06  0.692126E+06  0.000000E+00  0.000000E+00  0.320866E+05  0.691824E+06
  0.190888E+00  0.690388E+06  0.685154E+06  0.000000E+00  0.000000E+00  0.312817E+05  0.684730E+06
  0.192716E+00  0.683143E+06  0.678084E+06  0.000000E+00  0.000000E+00  0.304937E+05  0.677560E+06
  0.194544E+00  0.675786E+06  0.670875E+06  0.000000E+00  0.000000E+00  0.297205E+05  0.670274E+06
  0.196372E+00  0.668288E+06  0.663498E+06  0.000000E+00  0.000000E+00  0.289603E+05  0.662844E+06
  0.198200E+00  0.660633E+06  0.655936E+06  0.000000E+00  0.000000E+00  0.282120E+05  0.655254E+06
  0.200028E+00  0.652814E+06  0.648184E+06  0.000000E+00  0.000000E+00  0.274755E+05  0.647497E+06
  0.201856E+00  0.644833E+06  0.640245E+06  0.000000E+00  0.000000E+00  0.267501E+05  0.639577E+06
  0.203685E+00  0.636705E+06  0.632136E+06  0.000000E+00  0.000000E+00  0.260364E+05  0.631506E+06
  0.205513E+00  0.628455E+06  0.623884E+06  0.000000E+00  0.000000E+00  0.253352E+05  0.623311E+06
  0.207341E+00  0.620113E+06  0.615524E+06  0.000000E+00  0.000000E+00  0.246473E+05  0.615023E+06
  0.209169E+00  0.611716E+06  0.607094E+06  0.000000E+00  0.000000E+00  0.239739E+05  0.606677E+06
  0.210997E+00  0.603302E+06  0.598638E+06  0.000000E+00  0.000000E+00  0.233159E+05  0.598314E+06
  0.212825E+00  0.594916E+06  0.590203E+06  0.000000E+00  0.000000E+00  0.226749E+05  0.589977E+06
  0.214653E+00  0.586598E+06  0.581835E+06  0.000000E+00  0.000000E+00  0.220518E+05  0.581708E+06
  0.216481E+00  0.578392E+06  0.573578E+06  0.000000E+00  0.000000E+00  0.214475E+05  0.573550E+06
  0.218309E+00  0.570337E+06  0.565477E+06  0.000000E+00  0.000000E+00  0.208631E+05  0.565543E+06
  0.220137E+00  0.562470E+06  0.557570E+06  0.000000E+00  0.000000E+00  0.202993E+05  0.557724E+06
  0.221965E+00  0.554825E+06  0.549896E+06  0.000000E+00  0.000000E+00  0.197566E+05  0.550126E+06
  0.223793E+00  0.547433E+06  0.542484E+06  0.000000E+00  0.000000E+00  0.192353E+05  0.542781E+06
  0.225622E+00  0.540315E+06  0.535361E+06  0.000000E+00  0.000000E+00  0.187356E+05  0.535712E+06
  0.227450E+00  0.533489E+06  0.528543E+06  0.000000E+00  0.000000E+00  0.182574E+05  0.528934E+06
  0.229278E+00  0.526964E+06  0.522041E+06  0.000000E+00  0.000000E+00  0.178002E+05  0.522457E+06
  0.231106E+00  0.520743E+06  0.515857E+06  0.000000E+00  0.000000E+00  0.173635E+05  0.516283E+06
  0.232934E+00  0.514821E+06  0.509986E+06  0.000000E+00  0.000000E+00  0.169465E+05  0.510410E+06
  0.234762E+00  0.509191E+06  0.504420E+06  0.000000E+00  0.000000E+00  0.165481E+05  0.504828E+06
  0.236590E+00  0.503837E+06  0.499142E+06  0.000000E+00  0.000000E+00  0.161675E+05  0.499523E+06
  0.238418E+00  0.498740E+06  0.494132E+06  0.000000E+00  0.000000E+00  0.158032E+05  0.494475E+06
  0.240246E+00  0.493881E+06  0.489367E+06  0.000000E+00  0.000000E+00  0.154543E+05  0.489663E+06
  0.242074E+00  0.489232E+06  0.484819E+06  0.000000E+00  0.000000E+00  0.151194E+05  0.485061E+06
  0.243902E+00  0.484765E+06  0.480457E+06  0.000000E+00  0.000000E+00  0.147970E+05  0.480641E+06
  0.245730E+00  0.480449E+06  0.476249E+06  0.000000E+00  0.000000E+00  0.144861E+05  0.476371E+06
  0.247559E+00  0.476255E+06  0.472163E+06  0.000000E+00  0.000000E+00  0.141852E+05  0.472223E+06
  0.249387E+00  0.472152E+06  0.468166E+06  0.000000E+00  0.000000E+00  0.138932E+05  0.468164E+06
  0.251215E+00  0.468113E+06  0.464228E+06  0.000000E+00  0.000000E+00  0.136090E+05  0.464168E+06
  0.253043E+00  0.464111E+06  0.460323E+06  0.000000E+00  0.000000E+00  0.133316E+05  0.460209E+06
  0.254871E+00  0.460125E+06  0.456426E+06  0.000000E+00  0.000000E+00  0.130603E+05  0.456264E+06
  0.256699E+00  0.456134E+06  0.452517E+06  0.000000E+00  0.000000E+00  0.127943E+05  0.452313E+06
  0.258527E+00  0.452123E+06  0.448578E+06  0.000000E+00  0.000000E+00  0.125330E+05  0.448341E+06
  0.260355E+00  0.448078E+06  0.444597E+06  0.000000E+00  0.000000E+00  0.122761E+05  0.444333E+06
  0.262183E+00  0.443990E+06  0.440563E+06  0.000000E+00  0.000000E+00  0.120229E+05  0.440282E+06
  0.264011E+00  0.439853E+06  0.436470E+06  0.000000E+00  0.000000E+00  0.117735E+05  0.436181E+06
  0.265839E+00  0.435667E+06  0.432319E+06  0.000000E+00  0.000000E+00  0.115276E+05  0.432029E+06
  0.267668E+00  0.431434E+06  0.428112E+06  0.000000E+00  0.000000E+00  0.112853E+05  0.427829E+06
  0.269496E+00  0.427159E+06  0.423855E+06  0.000000E+00  0.000000E+00  0.110467E+05  0.423587E+06
  0.271324E+00  0.422852E+06  0.419558E+06  0.000000E+00  0.000000E+00  0.108118E+05  0.419311E+06
  0.273152E+00  0.418523E+06  0.415234E+06  0.000000E+00  0.000000E+00  0.105810E+05  0.415013E+06
  0.274980E+00  0.414185E+06  0.410897E+06  0.000000E+00  0.000000E+00  0.103544E+05  0.410706E+06
  0.276808E+00  0.409853E+06  0.406561E+06  0.000000E+00  0.000000E+00  0.101322E+05  0.406403E+06
  0.278636E+00  0.405540E+06  0.402243E+06  0.000000E+00  0.000000E+00  0.991485E+04  0.402120E+06
  0.280464E+00  0.401262E+06  0.397958E+06  0.000000E+00  0.000000E+00  0.970246E+04  0.397871E+06
  0.282292E+00  0.397034E+06  0.393724E+06  0.000000E+00  0.000000E+00  0.949529E+04  0.393671E+06
  0.284120E+00  0.392870E+06  0.389555E+06  0.000000E+00  0.000000E+00  0.929357E+04  0.389536E+06
  0.285948E+00  0.388784E+06  0.385466E+06  0.000000E+00  0.000000E+00  0.909748E+04  0.385478E+06
  0.287776E+00  0.384788E+06  0.381470E+06  0.000000E+00  0.000000E+00  0.890716E+04  0.381510E+06
  0.289605E+00  0.380892E+06  0.377578E+06  0.000000E+00  0.000000E+00  0.872268E+04  0.377641E+06
  0.291433E+00  0.377103E+06  0.373798E+06  0.000000E+00  0.000000E+00  0.854404E+04  0.373880E+06
  0.293261E+00  0.373427E+06  0.370135E+06  0.000000E+00  0.000000E+00  0.837129E+04  0.370232E+06
  0.295089E+00  0.369868E+06  0.366593E+06  0.000000E+00  0.000000E+00  0.820428E+04  0.366700E+06
  0.296917E+00  0.366424E+06  0.363173E+06  0.000000E+00  0.000000E+00  0.804285E+04  0.363285E+06
  0.298745E+00  0.363097E+06  0.359873E+06  0.000000E+00  0.000000E+00  0.788687E+04  0.359985E+06
  0.300573E+00  0.359882E+06  0.356690E+06  0.000000E+00  0.000000E+00  0.773614E+04  0.356797E+06
  0.302401E+00  0.356775E+06  0.353620E+06  0.000000E+00  0.000000E+00  0.759041E+04  0.353718E+06
  0.304229E+00  0.353770E+06  0.350654E+06  0.000000E+00  0.000000E+00  0.744938E+04  0.350740E+06
  0.306057E+00  0.350859E+06  0.347786E+06  0.000000E+00  0.000000E+00  0.731283E+04  0.347856E+06
  0.307885E+00  0.348033E+06  0.345005E+06  0.000000E+00  0.000000E+00  0.718043E+04  0.345057E+06
  0.309713E+00  0.345282E+06  0.342300E+06  0.000000E+00  0.000000E+00  0.705185E+04  0.342333E+06
  0.311542E+00  0.342596E+06  0.339661E+06  0.000000E+00  0.000000E+00  0.692679E+04  0.339672E+06
  0.313370E+00  0.339963E+06  0.337076E+06  0.000000E+00  0.000000E+00  0.680498E+04  0.337066E+06
  0.315198E+00  0.337375E+06  0.334534E+06  0.000000E+00  0.000000E+00  0.668610E+04  0.334503E+06
  0.317026E+00  0.334821E+06  0.332025E+06  0.000000E+00  0.000000E+00  0.656990E+04  0.331974E+06
  0.318854E+00  0.332293E+06  0.329540E+06  0.000000E+00  0.000000E+00  0.645616E+04  0.329470E+06
  0.320682E+00  0.329782E+06  0.327071E+06  0.000000E+00  0.000000E+00  0.634470E+04  0.326983E+06
  0.322510E+00  0.327282E+06  0.324609E+06  0.000000E+00  0.000000E+00  0.623525E+04  0.324507E+06
  0.324338E+00  0.324786E+06  0.322148E+06  0.000000E+00  0.000000E+00  0.612771E+04  0.322034E+06
  0.326166E+00  0.322290E+06  0.319684E+06  0.000000E+00  0.000000E+00  0.602193E+04  0.319560E+06
  0.327994E+00  0.319789E+06  0.317211E+06  0.000000E+00  0.000000E+00  0.591781E+04  0.317081E+06
  0.329822E+00  0.317281E+06  0.314729E+06  0.000000E+00  0.000000E+00  0.581527E+04  0.314595E+06
  0.331650E+00  0.314766E+06  0.312236E+06  0.000000E+00  0.000000E+00  0.571425E+04  0.312101E+06
  0.333479E+00  0.312244E+06  0.309732E+06  0.000000E+00  0.000000E+00  0.561477E+04  0.309600E+06
  0.335307E+00  0.309717E+06  0.307221E+06  0.000000E+00  0.000000E+00  0.551682E+04  0.307093E+06
  0.337135E+00  0.307188E+06  0.304706E+06  0.000000E+00  0.000000E+00  0.542037E+04  0.304584E+06
  0.338963E+00  0.304660E+06  0.302188E+06  0.000000E+00  0.000000E+00  0.532552E+04  0.302075E+06
  0.340791E+00  0.302136E+06  0.299674E+06  0.000000E+00  0.000000E+00  0.523228E+04  0.299571E+06
  0.342619E+00  0.299622E+06  0.297168E+06  0.000000E+00  0.000000E+00  0.514069E+04  0.297076E+06
  0.344447E+00  0.297122E+06  0.294675E+06  0.000000E+00  0.000000E+00  0.505079E+04  0.294595E+06
  0.346275E+00  0.294641E+06  0.292201E+06  0.000000E+00  0.000000E+00  0.496263E+04  0.292133E+06
  0.348103E+00  0.292185E+06  0.289750E+06  0.000000E+00  0.000000E+00  0.487631E+04  0.289694E+06
  0.349931E+00  0.289757E+06  0.287329E+06  0.000000E+00  0.000000E+00  0.479180E+04  0.287285E+06
  0.351759E+00  0.287364E+06  0.284942E+06  0.000000E+00  0.000000E+00  0.470918E+04  0.284910E+06
  0.353587E+00  0.285008E+06  0.282595E+06  0.000000E+00  0.000000E+00  0.462849E+04  0.282572E+06
  0.355416E+00  0.282694E+06  0.280290E+06  0.000000E+00  0.000000E+00  0.454973E+04  0.280276E+06
  0.357244E+00  0.280425E+06  0.278030E+06  0.000000E+00  0.000000E+00  0.447287E+04  0.278024E+06
  0.359072E+00  0.278201E+06  0.275819E+06  0.000000E+00  0.000000E+00  0.439795E+04  0.275818E+06
  0.360900E+00  0.276025E+06  0.273656E+06  0.000000E+00  0.000000E+00  0.432493E+04  0.273660E+06
  0.362728E+00  0.273897E+06  0.271543E+06  0.000000E+00  0.000000E+00  0.425377E+04  0.271549E+06
  0.364556E+00  0.271817E+06  0.269479E+06  0.000000E+00  0.000000E+00  0.418443E+04  0.269486E+06
  0.366384E+00  0.269785E+06  0.267465E+06  0.000000E+00  0.000000E+00  0.411687E+04  0.267471E+06
  0.368212E+00  0.267799E+06  0.265498E+06  0.000000E+00  0.000000E+00  0.405105E+04  0.265503E+06
  0.370040E+00  0.265857E+06  0.263577E+06  0.000000E+00  0.000000E+00  0.398686E+04  0.263578E+06
  0.371868E+00  0.263957E+06  0.261699E+06  0.000000E+00  0.000000E+00  0.392425E+04  0.261695E+06
  0.373696E+00  0.262096E+06  0.259860E+06  0.000000E+00  0.000000E+00  0.386315E+04  0.259850E+06
  0.375524E+00  0.260270E+06  0.258056E+06  0.000000E+00  0.000000E+00  0.380346E+04  0.258040E+06
  0.377353E+00  0.258475E+06  0.256285E+06  0.000000E+00  0.000000E+00  0.374509E+04  0.256262E+06
  0.379181E+00  0.256708E+06  0.254541E+06  0.000000E+00  0.000000E+00  0.368798E+04  0.254511E+06
  0.381009E+00  0.254965E+06  0.252822E+06  0.000000E+00  0.000000E+00  0.363205E+04  0.252785E+06
  0.382837E+00  0.253244E+06  0.251123E+06  0.000000E+00  0.000000E+00  0.357723E+04  0.251080E+06
  0.384665E+00  0.251541E+06  0.249442E+06  0.000000E+00  0.000000E+00  0.352345E+04  0.249392E+06
  0.386493E+00  0.249853E+06  0.247775E+06  0.000000E+00  0.000000E+00  0.347064E+04  0.247719E+06
  0.388321E+00  0.248177E+06  0.246120E+06  0.000000E+00  0.000000E+00  0.341876E+04  0.246058E+06
  0.390149E+00  0.246510E+06  0.244472E+06  0.000000E+00  0.000000E+00  0.336774E+04  0.244407E+06
  0.391977E+00  0.244852E+06  0.242832E+06  0.000000E+00  0.000000E+00  0.331754E+04  0.242762E+06
  0.393805E+00  0.243199E+06  0.241196E+06  0.000000E+00  0.000000E+00  0.326814E+04  0.241124E+06
  0.395633E+00  0.241552E+06  0.239565E+06  0.000000E+00  0.000000E+00  0.321950E+04  0.239491E+06
  0.397461E+00  0.239909E+06  0.237937E+06  0.000000E+00  0.000000E+00  0.317160E+04  0.237863E+06
  0.399290E+00  0.238272E+06  0.236313E+06  0.000000E+00  0.000000E+00  0.312443E+04  0.236239E+06
  0.401118E+00  0.236639E+06  0.234694E+06  0.000000E+00  0.000000E+00  0.307799E+04  0.234620E+06
  0.402946E+00  0.235013E+06  0.233078E+06  0.000000E+00  0.000000E+00  0.303227E+04  0.233007E+06
  0.404774E+00  0.233393E+06  0.231469E+06  0.000000E+00  0.000000E+00  0.298725E+04  0.231400E+06
  0.406602E+00  0.231780E+06  0.229866E+06  0.000000E+00  0.000000E+00  0.294294E+04  0.229800E+06
  0.408430E+00  0.230176E+06  0.228271E+06  0.000000E+00  0.000000E+00  0.289937E+04  0.228209E+06
  0.410258E+00  0.228582E+06  0.226686E+06  0.000000E+00  0.000000E+00  0.285651E+04  0.226628E+06
  0.412086E+00  0.227000E+06  0.225113E+06  0.000000E+00  0.000000E+00  0.281437E+04  0.225059E+06
  0.413914E+00  0.225432E+06  0.223553E+06  0.000000E+00  0.000000E+00  0.277299E+04  0.223503E+06
  0.415742E+00  0.223879E+06  0.222009E+06  0.000000E+00  0.000000E+00  0.273235E+04  0.221963E+06
  0.417570E+00  0.222343E+06  0.220481E+06  0.000000E+00  0.000000E+00  0.269246E+04  0.220439E+06
  0.419398E+00  0.220825E+06  0.218971E+06  0.000000E+00  0.000000E+00  0.265332E+04  0.218934E+06
  0.421227E+00  0.219327E+06  0.217481E+06  0.000000E+00  0.000000E+00  0.261494E+04  0.217447E+06
  0.423055E+00  0.217848E+06  0.216012E+06  0.000000E+00  0.000000E+00  0.257732E+04  0.215980E+06
  0.424883E+00  0.216390E+06  0.214564E+06  0.000000E+00  0.000000E+00  0.254042E+04  0.214534E+06
  0.426711E+00  0.214954E+06  0.213137E+06  0.000000E+00  0.000000E+00  0.250427E+04  0.213110E+06
  0.428539E+00  0.213539E+06  0.211733E+06  0.000000E+00  0.000000E+00  0.246886E+04  0.211707E+06
  0.430367E+00  0.212147E+06  0.210351E+06  0.000000E+00  0.000000E+00  0.243416E+04  0.210326E+06
  0.432195E+00  0.210776E+06  0.208992E+06  0.000000E+00  0.000000E+00  0.240016E+04  0.208967E+06
  0.434023E+00  0.209427E+06  0.207654E+06  0.000000E+00  0.000000E+00  0.236685E+04  0.207629E+06
  0.435851E+00  0.208098E+06  0.206338E+06  0.000000E+00  0.000000E+00  0.233420E+04  0.206312E+06
  0.437679E+00  0.206790E+06  0.205042E+06  0.000000E+00  0.000000E+00  0.230220E+04  0.205015E+06
  0.439507E+00  0.205500E+06  0.203765E+06  0.000000E+00  0.000000E+00  0.227081E+04  0.203736E+06
  0.441335E+00  0.204228E+06  0.202506E+06  0.000000E+00  0.000000E+00  0.224003E+04  0.202476E+06
  0.443164E+00  0.202973E+06  0.201264E+06  0.000000E+00  0.000000E+00  0.220982E+04  0.201232E+06
  0.444992E+00  0.201734E+06  0.200038E+06  0.000000E+00  0.000000E+00  0.218016E+04  0.200003E+06
  0.446820E+00  0.200509E+06  0.198826E+06  0.000000E+00  0.000000E+00  0.215103E+04  0.198790E+06
  0.448648E+00  0.199298E+06  0.197628E+06  0.000000E+00  0.000000E+00  0.212242E+04  0.197589E+06
  0.450476E+00  0.198099E+06  0.196442E+06  0.000000E+00  0.000000E+00  0.209430E+04  0.196401E+06
  0.452304E+00  0.196912E+06  0.195267E+06  0.000000E+00  0.000000E+00  0.206664E+04  0.195224E+06
  0.454132E+00  0.195734E+06  0.194101E+06  0.000000E+00  0.000000E+00  0.203943E+04  0.194057E+06
  0.455960E+00  0.194566E+06  0.192945E+06  0.000000E+00  0.000000E+00  0.201266E+04  0.192898E+06
  0.457788E+00  0.193405E+06  0.191796E+06  0.000000E+00  0.000000E+00  0.198630E+04  0.191748E+06
  0.459616E+00  0.192252E+06  0.190654E+06  0.000000E+00  0.000000E+00  0.196033E+04  0.190605E+06
  0.461444E+00  0.191107E+06  0.189519E+06  0.000000E+00  0.000000E+00  0.193477E+04  0.189470E+06
  0.463273E+00  0.189968E+06  0.188391E+06  0.000000E+00  0.000000E+00  0.190959E+04  0.188341E+06
  0.465101E+00  0.188837E+06  0.187269E+06  0.000000E+00  0.000000E+00  0.188477E+04  0.187219E+06
  0.466929E+00  0.187711E+06  0.186153E+06  0.000000E+00  0.000000E+00  0.186032E+04  0.186103E+06
  0.468757E+00  0.186592E+06  0.185043E+06  0.000000E+00  0.000000E+00  0.183624E+04  0.184993E+06
  0.470585E+00  0.185480E+06  0.183939E+06  0.000000E+00  0.000000E+00  0.181251E+04  0.183890E+06
  0.472413E+00  0.184374E+06  0.182841E+06  0.000000E+00  0.000000E+00  0.178912E+04  0.182793E+06
  0.474241E+00  0.183275E+06  0.181750E+06  0.000000E+00  0.000000E+00  0.176609E+04  0.181704E+06
  0.476069E+00  0.182184E+06  0.180667E+06  0.000000E+00  0.000000E+00  0.174340E+04  0.180622E+06
  0.477897E+00  0.181100E+06  0.179591E+06  0.000000E+00  0.000000E+00  0.172106E+04  0.179547E+06
  0.479725E+00  0.180026E+06  0.178524E+06  0.000000E+00  0.000000E+00  0.169907E+04  0.178482E+06
  0.481553E+00  0.178960E+06  0.177466E+06  0.000000E+00  0.000000E+00  0.167742E+04  0.177425E+06
  0.483381E+00  0.177904E+06  0.176417E+06  0.000000E+00  0.000000E+00  0.165611E+04  0.176377E+06
  0.485210E+00  0.176857E+06  0.175377E+06  0.000000E+00  0.000000E+00  0.163515E+04  0.175339E+06
  0.487038E+00  0.175821E+06  0.174348E+06  0.000000E+00  0.000000E+00  0.161452E+04  0.174311E+06
  0.488866E+00  0.174795E+06  0.173330E+06  0.000000E+00  0.000000E+00  0.159424E+04  0.173294E+06
  0.490694E+00  0.173780E+06  0.172322E+06  0.000000E+00  0.000000E+00  0.157428E+04  0.172287E+06
  0.492522E+00  0.172776E+06  0.171325E+06  0.000000E+00  0.000000E+00  0.155466E+04  0.171292E+06
  0.494350E+00  0.171783E+06  0.170340E+06  0.000000E+00  0.000000E+00  0.153536E+04  0.170307E+06
  0.496178E+00  0.170801E+06  0.169367E+06  0.000000E+00  0.000000E+00  0.151640E+04  0.169334E+06
  0.498006E+00  0.169831E+06  0.168404E+06  0.000000E+00  0.000000E+00  0.149775E+04  0.168372E+06
  0.499834E+00  0.168872E+06  0.167453E+06  0.000000E+00  0.000000E+00  0.147940E+04  0.167421E+06
  0.501662E+00  0.167924E+06  0.166513E+06  0.000000E+00  0.000000E+00  0.146137E+04  0.166481E+06
  0.503490E+00  0.166987E+06  0.165584E+06  0.000000E+00  0.000000E+00  0.144363E+04  0.165552E+06
  0.505318E+00  0.166060E+06  0.164665E+06  0.000000E+00  0.000000E+00  0.142618E+04  0.164633E+06
  0.507147E+00  0.165142E+06  0.163756E+06  0.000000E+00  0.000000E+00  0.140902E+04  0.163724E+06
  0.508975E+00  0.164235E+06  0.162857E+06  0.000000E+00  0.000000E+00  0.139213E+04  0.162824E+06
  0.510803E+00  0.163337E+06  0.161968E+06  0.000000E+00  0.000000E+00  0.137551E+04  0.161934E+06
  0.512631E+00  0.162448E+06  0.161087E+06  0.000000E+00  0.000000E+00  0.135915E+04  0.161053E+06
  0.514459E+00  0.161568E+06  0.160215E+06  0.000000E+00  0.000000E+00  0.134304E+04  0.160180E+06
  0.516287E+00  0.160695E+06  0.159350E+06  0.000000E+00  0.000000E+00  0.132719E+04  0.159315E+06
  0.518115E+00  0.159830E+06  0.158493E+06  0.000000E+00  0.000000E+00  0.131156E+04  0.158457E+06
  0.519943E+00  0.158972E+06  0.157643E+06  0.000000E+00  0.000000E+00  0.129616E+04  0.157606E+06
  0.521771E+00  0.158121E+06  0.156800E+06  0.000000E+00  0.000000E+00  0.128099E+04  0.156763E+06
  0.523599E+00  0.157276E+06  0.155963E+06  0.000000E+00  0.000000E+00  0.126604E+04  0.155925E+06
  0.525427E+00  0.156437E+06  0.155132E+06  0.000000E+00  0.000000E+00  0.125130E+04  0.155094E+06
  0.527255E+00  0.155605E+06  0.154307E+06  0.000000E+00  0.000000E+00  0.123677E+04  0.154269E+06
  0.529084E+00  0.154779E+06  0.153488E+06  0.000000E+00  0.000000E+00  0.122245E+04  0.153449E+06
  0.530912E+00  0.153958E+06  0.152674E+06  0.000000E+00  0.000000E+00  0.120833E+04  0.152636E+06
  0.532740E+00  0.153143E+06  0.151866E+06  0.000000E+00  0.000000E+00  0.119439E+04  0.151827E+06
  0.534568E+00  0.152333E+06  0.151063E+06  0.000000E+00  0.000000E+00  0.118066E+04  0.151025E+06
  0.536396E+00  0.151529E+06  0.150265E+06  0.000000E+00  0.000000E+00  0.116712E+04  0.150227E+06
  0.538224E+00  0.150730E+06  0.149473E+06  0.000000E+00  0.000000E+00  0.115375E+04  0.149435E+06
  0.540052E+00  0.149937E+06  0.148686E+06  0.000000E+00  0.000000E+00  0.114058E+04  0.148649E+06
  0.541880E+00  0.149149E+06  0.147905E+06  0.000000E+00  0.000000E+00  0.112758E+04  0.147868E+06
  0.543708E+00  0.148367E+06  0.147129E+06  0.000000E+00  0.000000E+00  0.111478E+04  0.147092E+06
  0.545536E+00  0.147591E+06  0.146359E+06  0.000000E+00  0.000000E+00  0.110214E+04  0.146323E+06
  0.547364E+00  0.146821E+06  0.145594E+06  0.000000E+00  0.000000E+00  0.108969E+04  0.145559E+06
  0.549192E+00  0.146056E+06  0.144836E+06  0.000000E+00  0.000000E+00  0.107741E+04  0.144801E+06
  0.551021E+00  0.145298E+06  0.144083E+06  0.000000E+00  0.000000E+00  0.106530E+04  0.144049E+06
  0.552849E+00  0.144545E+06  0.143337E+06  0.000000E+00  0.000000E+00  0.105336E+04  0.143303E+06
  0.554677E+00  0.143799E+06  0.142597E+06  0.000000E+00  0.000000E+00  0.104159E+04  0.142563E+06
  0.556505E+00  0.143060E+06  0.141863E+06  0.000000E+00  0.000000E+00  0.102999E+04  0.141830E+06
  0.558333E+00  0.142326E+06  0.141135E+06  0.000000E+00  0.000000E+00  0.101856E+04  0.141103E+06
  0.560161E+00  0.141600E+06  0.140414E+06  0.000000E+00  0.000000E+00  0.100728E+04  0.140382E+06
  0.561989E+00  0.140879E+06  0.139700E+06  0.000000E+00  0.000000E+00  0.996179E+03  0.139668E+06
  0.563817E+00  0.140165E+06  0.138992E+06  0.000000E+00  0.000000E+00  0.985233E+03  0.138960E+06
  0.565645E+00  0.139458E+06  0.138290E+06  0.000000E+00  0.000000E+00  0.974440E+03  0.138258E+06
  0.567473E+00  0.138757E+06  0.137595E+06  0.000000E+00  0.000000E+00  0.963803E+03  0.137563E+06
  0.569301E+00  0.138062E+06  0.136905E+06  0.000000E+00  0.000000E+00  0.953318E+03  0.136874E+06
  0.571130E+00  0.137373E+06  0.136222E+06  0.000000E+00  0.000000E+00  0.942983E+03  0.136191E+06
  0.572958E+00  0.136690E+06  0.135546E+06  0.000000E+00  0.000000E+00  0.932792E+03  0.135515E+06
  0.574786E+00  0.136014E+06  0.134875E+06  0.000000E+00  0.000000E+00  0.922745E+03  0.134844E+06
  0.576614E+00  0.135343E+06  0.134210E+06  0.000000E+00  0.000000E+00  0.912844E+03  0.134179E+06
  0.578442E+00  0.134678E+06  0.133551E+06  0.000000E+00  0.000000E+00  0.903075E+03  0.133520E+06
  0.580270E+00  0.134019E+06  0.132897E+06  0.000000E+00  0.000000E+00  0.893440E+03  0.132866E+06
  0.582098E+00  0.133365E+06  0.132249E+06  0.000000E+00  0.000000E+00  0.883942E+03  0.132218E+06
  0.701301E+00  0.994432E+05  0.986120E+05  0.000000E+00  0.000000E+00  0.466210E+03  0.985865E+05
  0.856572E+00  0.722029E+05  0.715997E+05  0.000000E+00  0.000000E+00  0.232119E+03  0.715801E+05
  0.104622E+01  0.521765E+05  0.517406E+05  0.000000E+00  0.000000E+00  0.114455E+03  0.517261E+05
  0.127786E+01  0.375435E+05  0.372298E+05  0.000000E+00  0.000000E+00  0.559620E+02  0.372192E+05
  0.156078E+01  0.269090E+05  0.266842E+05  0.000000E+00  0.000000E+00  0.371297E+02  0.266765E+05
  0.190633E+01  0.192182E+05  0.190576E+05  0.000000E+00  0.000000E+00  0.180032E+02  0.190521E+05
  0.232840E+01  0.136809E+05  0.135664E+05  0.000000E+00  0.000000E+00  0.867348E+01  0.135626E+05
  0.284392E+01  0.970996E+04  0.962865E+04  0.000000E+00  0.000000E+00  0.415575E+01  0.962598E+04
  0.347357E+01  0.687275E+04  0.681510E+04  0.000000E+00  0.000000E+00  0.198182E+01  0.681329E+04
  0.424263E+01  0.485230E+04  0.481149E+04  0.000000E+00  0.000000E+00  0.941336E+00  0.481030E+04
  0.518196E+01  0.341785E+04  0.338899E+04  0.000000E+00  0.000000E+00  0.445591E+00  0.338825E+04
  0.632926E+01  0.240229E+04  0.238188E+04  0.000000E+00  0.000000E+00  0.210308E+00  0.238146E+04
  0.773057E+01  0.168512E+04  0.167067E+04  0.000000E+00  0.000000E+00  0.990066E-01  0.167049E+04
  0.944214E+01  0.117987E+04  0.116962E+04  0.000000E+00  0.000000E+00  0.465057E-01  0.116960E+04
  0.115327E+02  0.824685E+03  0.817378E+03  0.000000E+00  0.000000E+00  0.218008E-01  0.817488E+03
  0.140860E+02  0.575497E+03  0.570251E+03  0.000000E+00  0.000000E+00  0.102013E-01  0.570452E+03
  0.172047E+02  0.400998E+03  0.397189E+03  0.000000E+00  0.000000E+00  0.476567E-02  0.397458E+03
  0.210139E+02  0.279012E+03  0.276203E+03  0.000000E+00  0.000000E+00  0.222292E-02  0.276525E+03
  0.256664E+02  0.193874E+03  0.191757E+03  0.000000E+00  0.000000E+00  0.103536E-02  0.192120E+03
  0.313490E+02  0.134540E+03  0.132901E+03  0.000000E+00  0.000000E+00  0.481579E-03  0.133297E+03
  0.382898E+02  0.932483E+02  0.919356E+02  0.000000E+00  0.000000E+00  0.223671E-03  0.923591E+02
  0.467672E+02  0.645493E+02  0.634591E+02  0.000000E+00  0.000000E+00  0.103751E-03  0.639056E+02
  0.571216E+02  0.446266E+02  0.436864E+02  0.000000E+00  0.000000E+00  0.480483E-04  0.441526E+02
  0.697686E+02  0.308121E+02  0.299720E+02  0.000000E+00  0.000000E+00  0.222169E-04  0.304552E+02
  0.852154E+02  0.212434E+02  0.204693E+02  0.000000E+00  0.000000E+00  0.102529E-04  0.209671E+02
  0.104082E+03  0.146220E+02  0.138915E+02  0.000000E+00  0.000000E+00  0.472039E-05  0.144011E+02
