  0.352787E-05  0.224529E+07  0.224529E+07  0.299371E+07  0.299371E+07  0.224868E+07  0.224532E+07
  0.364739E-05  0.224529E+07  0.224529E+07  0.299371E+07  0.299370E+07  0.224868E+07  0.224532E+07
  0.377095E-05  0.224529E+07  0.224529E+07  0.299370E+07  0.299370E+07  0.224868E+07  0.224532E+07
  0.389871E-05  0.224529E+07  0.224529E+07  0.299370E+07  0.299370E+07  0.224868E+07  0.224532E+07
  0.403079E-05  0.224529E+07  0.224529E+07  0.299370E+07  0.299370E+07  0.224868E+07  0.224532E+07
  0.416735E-05  0.224529E+07  0.224529E+07  0.299370E+07  0.299370E+07  0.224868E+07  0.224532E+07
  0.430853E-05  0.224529E+07  0.224529E+07  0.299370E+07  0.299370E+07  0.224868E+07  0.224532E+07
  0.445450E-05  0.224529E+07  0.224529E+07  0.299370E+07  0.299370E+07  0.224868E+07  0.224532E+07
  0.460541E-05  0.224529E+07  0.224529E+07  0.299369E+07  0.299369E+07  0.224868E+07  0.224532E+07
  0.476143E-05  0.224529E+07  0.224529E+07  0.299369E+07  0.299369E+07  0.224868E+07  0.224532E+07
  0.492274E-05  0.224529E+07  0.224529E+07  0.299369E+07  0.299369E+07  0.224868E+07  0.224532E+07
  0.508952E-05  0.224529E+07  0.224529E+07  0.299369E+07  0.299369E+07  0.224868E+07  0.224532E+07
  0.526194E-05  0.224529E+07  0.224529E+07  0.299368E+07  0.299368E+07  0.224868E+07  0.224532E+07
  0.544021E-05  0.224529E+07  0.224529E+07  0.299368E+07  0.299368E+07  0.224868E+07  0.224532E+07
  0.562451E-05  0.224529E+07  0.224529E+07  0.299368E+07  0.299368E+07  0.224868E+07  0.224532E+07
  0.581506E-05  0.224529E+07  0.224529E+07  0.299368E+07  0.299368E+07  0.224868E+07  0.224532E+07
  0.601207E-05  0.224529E+07  0.224529E+07  0.299367E+07  0.299367E+07  0.224868E+07  0.224532E+07
  0.621575E-05  0.224529E+07  0.224529E+07  0.299367E+07  0.299367E+07  0.224868E+07  0.224532E+07
  0.642633E-05  0.224529E+07  0.224529E+07  0.299367E+07  0.299366E+07  0.224868E+07  0.224532E+07
  0.664404E-05  0.224529E+07  0.224529E+07  0.299366E+07  0.299366E+07  0.224868E+07  0.224532E+07
  0.686913E-05  0.224529E+07  0.224529E+07  0.299366E+07  0.299366E+07  0.224868E+07  0.224532E+07
  0.710185E-05  0.224529E+07  0.224529E+07  0.299365E+07  0.299365E+07  0.224868E+07  0.224532E+07
  0.734245E-05  0.224529E+07  0.224529E+07  0.299365E+07  0.299365E+07  0.224868E+07  0.224532E+07
  0.759120E-05  0.224529E+07  0.224529E+07  0.299364E+07  0.299364E+07  0.224868E+07  0.224532E+07
  0.784838E-05  0.224529E+07  0.224529E+07  0.299364E+07  0.299364E+07  0.224867E+07  0.224532E+07
  0.811427E-05  0.224529E+07  0.224529E+07  0.299363E+07  0.299363E+07  0.224867E+07  0.224532E+07
  0.838917E-05  0.224529E+07  0.224529E+07  0.299362E+07  0.299362E+07  0.224867E+07  0.224532E+07
  0.867338E-05  0.224529E+07  0.224529E+07  0.299362E+07  0.299362E+07  0.224867E+07  0.224532E+07
  0.896722E-05  0.224529E+07  0.224529E+07  0.299361E+07  0.299361E+07  0.224867E+07  0.224532E+07
  0.927101E-05  0.224529E+07  0.224529E+07  0.299360E+07  0.299360E+07  0.224867E+07  0.224532E+07
  0.958510E-05  0.224529E+07  0.224529E+07  0.299359E+07  0.299359E+07  0.224867E+07  0.224532E+07
  0.990983E-05  0.224529E+07  0.224529E+07  0.299358E+07  0.299358E+07  0.224867E+07  0.224532E+07
  0.102456E-04  0.224529E+07  0.224529E+07  0.299357E+07  0.299357E+07  0.224867E+07  0.224532E+07
  0.105927E-04  0.224529E+07  0.224529E+07  0.299356E+07  0.299356E+07  0.224867E+07  0.224532E+07
  0.109515E-04  0.224529E+07  0.224529E+07  0.299355E+07  0.299355E+07  0.224867E+07  0.224532E+07
  0.113225E-04  0.224529E+07  0.224529E+07  0.299354E+07  0.299354E+07  0.224867E+07  0.224532E+07
  0.117061E-04  0.224529E+07  0.224529E+07  0.299353E+07  0.299353E+07  0.224867E+07  0.224532E+07
  0.121027E-04  0.224529E+07  0.224529E+07  0.299352E+07  0.299351E+07  0.224867E+07  0.224532E+07
  0.125127E-04  0.224529E+07  0.224529E+07  0.299350E+07  0.299350E+07  0.224867E+07  0.224532E+07
  0.129367E-04  0.224529E+07  0.224529E+07  0.299349E+07  0.299348E+07  0.224867E+07  0.224532E+07
  0.133749E-04  0.224529E+07  0.224529E+07  0.299347E+07  0.299346E+07  0.224867E+07  0.224532E+07
  0.138281E-04  0.224529E+07  0.224529E+07  0.299345E+07  0.299345E+07  0.224867E+07  0.224532E+07
  0.142965E-04  0.224529E+07  0.224529E+07  0.299343E+07  0.299343E+07  0.224866E+07  0.224532E+07
  0.147809E-04  0.224529E+07  0.224529E+07  0.299341E+07  0.299341E+07  0.224866E+07  0.224531E+07
  0.152816E-04  0.224529E+07  0.224529E+07  0.299339E+07  0.299339E+07  0.224866E+07  0.224531E+07
  0.157993E-04  0.224529E+07  0.224529E+07  0.299337E+07  0.299336E+07  0.224866E+07  0.224531E+07
  0.163346E-04  0.224529E+07  0.224529E+07  0.299334E+07  0.299334E+07  0.224866E+07  0.224531E+07
  0.168880E-04  0.224529E+07  0.224529E+07  0.299332E+07  0.299331E+07  0.224866E+07  0.224531E+07
  0.174601E-04  0.224529E+07  0.224529E+07  0.299329E+07  0.299328E+07  0.224866E+07  0.224531E+07
  0.180517E-04  0.224529E+07  0.224529E+07  0.299326E+07  0.299325E+07  0.224866E+07  0.224531E+07
  0.186632E-04  0.224529E+07  0.224529E+07  0.299323E+07  0.299322E+07  0.224865E+07  0.224531E+07
  0.192955E-04  0.224529E+07  0.224529E+07  0.299319E+07  0.299318E+07  0.224865E+07  0.224531E+07
  0.199492E-04  0.224529E+07  0.224529E+07  0.299316E+07  0.299315E+07  0.224865E+07  0.224531E+07
  0.206250E-04  0.224529E+07  0.224529E+07  0.299312E+07  0.299311E+07  0.224865E+07  0.224531E+07
  0.213238E-04  0.224529E+07  0.224529E+07  0.299308E+07  0.299307E+07  0.224865E+07  0.224531E+07
  0.220462E-04  0.224529E+07  0.224529E+07  0.299303E+07  0.299302E+07  0.224864E+07  0.224531E+07
  0.227931E-04  0.224529E+07  0.224529E+07  0.299298E+07  0.299297E+07  0.224864E+07  0.224531E+07
  0.235653E-04  0.224529E+07  0.224528E+07  0.299293E+07  0.299292E+07  0.224864E+07  0.224531E+07
  0.243637E-04  0.224528E+07  0.224528E+07  0.299288E+07  0.299286E+07  0.224864E+07  0.224531E+07
  0.251891E-04  0.224528E+07  0.224528E+07  0.299282E+07  0.299280E+07  0.224863E+07  0.224531E+07
  0.260424E-04  0.224528E+07  0.224528E+07  0.299276E+07  0.299274E+07  0.224863E+07  0.224531E+07
  0.269247E-04  0.224528E+07  0.224528E+07  0.299269E+07  0.299267E+07  0.224863E+07  0.224531E+07
  0.278369E-04  0.224528E+07  0.224528E+07  0.299262E+07  0.299260E+07  0.224862E+07  0.224531E+07
  0.287799E-04  0.224528E+07  0.224528E+07  0.299254E+07  0.299252E+07  0.224862E+07  0.224531E+07
  0.297550E-04  0.224528E+07  0.224528E+07  0.299246E+07  0.299244E+07  0.224862E+07  0.224530E+07
  0.307630E-04  0.224528E+07  0.224528E+07  0.299237E+07  0.299235E+07  0.224861E+07  0.224530E+07
  0.318052E-04  0.224528E+07  0.224528E+07  0.299228E+07  0.299226E+07  0.224861E+07  0.224530E+07
  0.328827E-04  0.224528E+07  0.224528E+07  0.299218E+07  0.299216E+07  0.224860E+07  0.224530E+07
  0.339967E-04  0.224528E+07  0.224528E+07  0.299207E+07  0.299205E+07  0.224860E+07  0.224530E+07
  0.351485E-04  0.224528E+07  0.224528E+07  0.299196E+07  0.299193E+07  0.224859E+07  0.224530E+07
  0.363393E-04  0.224527E+07  0.224527E+07  0.299184E+07  0.299181E+07  0.224859E+07  0.224530E+07
  0.375704E-04  0.224527E+07  0.224527E+07  0.299171E+07  0.299168E+07  0.224858E+07  0.224530E+07
  0.388432E-04  0.224527E+07  0.224527E+07  0.299157E+07  0.299154E+07  0.224857E+07  0.224530E+07
  0.401592E-04  0.224527E+07  0.224527E+07  0.299142E+07  0.299139E+07  0.224857E+07  0.224529E+07
  0.415197E-04  0.224527E+07  0.224527E+07  0.299126E+07  0.299123E+07  0.224856E+07  0.224529E+07
  0.429263E-04  0.224527E+07  0.224527E+07  0.299109E+07  0.299105E+07  0.224855E+07  0.224529E+07
  0.443806E-04  0.224526E+07  0.224526E+07  0.299091E+07  0.299087E+07  0.224854E+07  0.224529E+07
  0.458841E-04  0.224526E+07  0.224526E+07  0.299072E+07  0.299067E+07  0.224853E+07  0.224529E+07
  0.474386E-04  0.224526E+07  0.224526E+07  0.299051E+07  0.299046E+07  0.224852E+07  0.224528E+07
  0.490458E-04  0.224526E+07  0.224526E+07  0.299029E+07  0.299024E+07  0.224851E+07  0.224528E+07
  0.507074E-04  0.224526E+07  0.224526E+07  0.299005E+07  0.299000E+07  0.224850E+07  0.224528E+07
  0.524253E-04  0.224525E+07  0.224525E+07  0.298980E+07  0.298974E+07  0.224849E+07  0.224528E+07
  0.542013E-04  0.224525E+07  0.224525E+07  0.298953E+07  0.298947E+07  0.224847E+07  0.224527E+07
  0.560376E-04  0.224525E+07  0.224525E+07  0.298924E+07  0.298918E+07  0.224846E+07  0.224527E+07
  0.579361E-04  0.224524E+07  0.224524E+07  0.298893E+07  0.298886E+07  0.224844E+07  0.224527E+07
  0.598989E-04  0.224524E+07  0.224524E+07  0.298860E+07  0.298853E+07  0.224843E+07  0.224526E+07
  0.619281E-04  0.224524E+07  0.224524E+07  0.298825E+07  0.298817E+07  0.224841E+07  0.224526E+07
  0.640262E-04  0.224523E+07  0.224523E+07  0.298788E+07  0.298779E+07  0.224839E+07  0.224526E+07
  0.661953E-04  0.224523E+07  0.224523E+07  0.298747E+07  0.298738E+07  0.224837E+07  0.224525E+07
  0.684379E-04  0.224523E+07  0.224522E+07  0.298704E+07  0.298694E+07  0.224835E+07  0.224525E+07
  0.707564E-04  0.224522E+07  0.224522E+07  0.298658E+07  0.298648E+07  0.224833E+07  0.224524E+07
  0.731536E-04  0.224522E+07  0.224522E+07  0.298609E+07  0.298598E+07  0.224830E+07  0.224524E+07
  0.756319E-04  0.224521E+07  0.224521E+07  0.298557E+07  0.298544E+07  0.224828E+07  0.224523E+07
  0.781942E-04  0.224520E+07  0.224520E+07  0.298500E+07  0.298487E+07  0.224825E+07  0.224523E+07
  0.808433E-04  0.224520E+07  0.224520E+07  0.298440E+07  0.298427E+07  0.224822E+07  0.224522E+07
  0.835821E-04  0.224519E+07  0.224519E+07  0.298376E+07  0.298361E+07  0.224819E+07  0.224521E+07
  0.864138E-04  0.224519E+07  0.224518E+07  0.298308E+07  0.298292E+07  0.224815E+07  0.224521E+07
  0.893413E-04  0.224518E+07  0.224518E+07  0.298235E+07  0.298218E+07  0.224812E+07  0.224520E+07
  0.923681E-04  0.224517E+07  0.224517E+07  0.298156E+07  0.298138E+07  0.224808E+07  0.224519E+07
  0.954974E-04  0.224516E+07  0.224516E+07  0.298073E+07  0.298053E+07  0.224804E+07  0.224518E+07
  0.987327E-04  0.224515E+07  0.224515E+07  0.297983E+07  0.297963E+07  0.224799E+07  0.224517E+07
  0.102078E-03  0.224514E+07  0.224514E+07  0.297888E+07  0.297866E+07  0.224795E+07  0.224516E+07
  0.105536E-03  0.224513E+07  0.224513E+07  0.297786E+07  0.297762E+07  0.224789E+07  0.224515E+07
  0.109111E-03  0.224512E+07  0.224512E+07  0.297677E+07  0.297651E+07  0.224784E+07  0.224514E+07
  0.112808E-03  0.224511E+07  0.224511E+07  0.297560E+07  0.297533E+07  0.224778E+07  0.224513E+07
  0.116629E-03  0.224510E+07  0.224510E+07  0.297436E+07  0.297407E+07  0.224772E+07  0.224512E+07
  0.120581E-03  0.224508E+07  0.224508E+07  0.297303E+07  0.297272E+07  0.224766E+07  0.224510E+07
  0.124666E-03  0.224507E+07  0.224507E+07  0.297161E+07  0.297128E+07  0.224758E+07  0.224509E+07
  0.128889E-03  0.224505E+07  0.224505E+07  0.297009E+07  0.296974E+07  0.224751E+07  0.224507E+07
  0.133256E-03  0.224504E+07  0.224503E+07  0.296846E+07  0.296809E+07  0.224743E+07  0.224505E+07
  0.137770E-03  0.224502E+07  0.224502E+07  0.296673E+07  0.296633E+07  0.224734E+07  0.224504E+07
  0.142438E-03  0.224500E+07  0.224500E+07  0.296488E+07  0.296445E+07  0.224725E+07  0.224502E+07
  0.147263E-03  0.224498E+07  0.224498E+07  0.296290E+07  0.296244E+07  0.224715E+07  0.224500E+07
  0.152252E-03  0.224496E+07  0.224496E+07  0.296079E+07  0.296030E+07  0.224705E+07  0.224497E+07
  0.157410E-03  0.224494E+07  0.224493E+07  0.295853E+07  0.295801E+07  0.224694E+07  0.224495E+07
  0.162743E-03  0.224491E+07  0.224491E+07  0.295612E+07  0.295556E+07  0.224682E+07  0.224493E+07
  0.168257E-03  0.224489E+07  0.224488E+07  0.295355E+07  0.295295E+07  0.224669E+07  0.224490E+07
  0.173957E-03  0.224486E+07  0.224485E+07  0.295080E+07  0.295016E+07  0.224655E+07  0.224487E+07
  0.179850E-03  0.224483E+07  0.224482E+07  0.294786E+07  0.294718E+07  0.224640E+07  0.224484E+07
  0.185944E-03  0.224480E+07  0.224479E+07  0.294472E+07  0.294400E+07  0.224625E+07  0.224481E+07
  0.192243E-03  0.224476E+07  0.224476E+07  0.294138E+07  0.294060E+07  0.224608E+07  0.224477E+07
  0.198756E-03  0.224472E+07  0.224472E+07  0.293780E+07  0.293697E+07  0.224590E+07  0.224473E+07
  0.205489E-03  0.224469E+07  0.224468E+07  0.293398E+07  0.293310E+07  0.224571E+07  0.224469E+07
  0.212451E-03  0.224464E+07  0.224464E+07  0.292991E+07  0.292897E+07  0.224551E+07  0.224465E+07
  0.219649E-03  0.224460E+07  0.224459E+07  0.292556E+07  0.292455E+07  0.224529E+07  0.224460E+07
  0.227090E-03  0.224455E+07  0.224454E+07  0.292091E+07  0.291984E+07  0.224505E+07  0.224455E+07
  0.234783E-03  0.224450E+07  0.224449E+07  0.291596E+07  0.291482E+07  0.224480E+07  0.224450E+07
  0.242738E-03  0.224445E+07  0.224444E+07  0.291067E+07  0.290945E+07  0.224454E+07  0.224444E+07
  0.250961E-03  0.224439E+07  0.224438E+07  0.290502E+07  0.290373E+07  0.224425E+07  0.224438E+07
  0.259463E-03  0.224433E+07  0.224432E+07  0.289900E+07  0.289762E+07  0.224395E+07  0.224432E+07
  0.268253E-03  0.224426E+07  0.224425E+07  0.289258E+07  0.289110E+07  0.224363E+07  0.224425E+07
  0.277342E-03  0.224419E+07  0.224418E+07  0.288573E+07  0.288416E+07  0.224328E+07  0.224418E+07
  0.286737E-03  0.224411E+07  0.224410E+07  0.287842E+07  0.287675E+07  0.224291E+07  0.224410E+07
  0.296452E-03  0.224403E+07  0.224402E+07  0.287063E+07  0.286885E+07  0.224251E+07  0.224402E+07
  0.306495E-03  0.224394E+07  0.224393E+07  0.286232E+07  0.286042E+07  0.224209E+07  0.224393E+07
  0.316879E-03  0.224385E+07  0.224384E+07  0.285347E+07  0.285145E+07  0.224164E+07  0.224383E+07
  0.327614E-03  0.224375E+07  0.224374E+07  0.284404E+07  0.284188E+07  0.224115E+07  0.224373E+07
  0.338713E-03  0.224365E+07  0.224363E+07  0.283398E+07  0.283169E+07  0.224064E+07  0.224362E+07
  0.350188E-03  0.224353E+07  0.224352E+07  0.282327E+07  0.282083E+07  0.224008E+07  0.224351E+07
  0.362052E-03  0.224341E+07  0.224340E+07  0.281186E+07  0.280927E+07  0.223950E+07  0.224338E+07
  0.374318E-03  0.224328E+07  0.224327E+07  0.279972E+07  0.279696E+07  0.223887E+07  0.224325E+07
  0.386999E-03  0.224315E+07  0.224313E+07  0.278679E+07  0.278385E+07  0.223819E+07  0.224311E+07
  0.400110E-03  0.224300E+07  0.224298E+07  0.277304E+07  0.276991E+07  0.223748E+07  0.224296E+07
  0.413665E-03  0.224284E+07  0.224282E+07  0.275840E+07  0.275508E+07  0.223671E+07  0.224279E+07
  0.427679E-03  0.224268E+07  0.224265E+07  0.274284E+07  0.273932E+07  0.223589E+07  0.224262E+07
  0.442168E-03  0.224250E+07  0.224247E+07  0.272629E+07  0.272255E+07  0.223502E+07  0.224244E+07
  0.457148E-03  0.224231E+07  0.224228E+07  0.270871E+07  0.270474E+07  0.223408E+07  0.224224E+07
  0.472636E-03  0.224210E+07  0.224207E+07  0.269003E+07  0.268583E+07  0.223309E+07  0.224203E+07
  0.488648E-03  0.224188E+07  0.224185E+07  0.267020E+07  0.266575E+07  0.223202E+07  0.224181E+07
  0.505203E-03  0.224165E+07  0.224162E+07  0.264915E+07  0.264444E+07  0.223089E+07  0.224157E+07
  0.522318E-03  0.224140E+07  0.224137E+07  0.262683E+07  0.262184E+07  0.222968E+07  0.224131E+07
  0.540014E-03  0.224114E+07  0.224110E+07  0.260316E+07  0.259788E+07  0.222838E+07  0.224104E+07
  0.558308E-03  0.224086E+07  0.224081E+07  0.257808E+07  0.257250E+07  0.222700E+07  0.224075E+07
  0.577223E-03  0.224055E+07  0.224051E+07  0.255152E+07  0.254563E+07  0.222553E+07  0.224044E+07
  0.596778E-03  0.224023E+07  0.224018E+07  0.252341E+07  0.251721E+07  0.222396E+07  0.224010E+07
  0.616996E-03  0.223989E+07  0.223984E+07  0.249369E+07  0.248715E+07  0.222228E+07  0.223975E+07
  0.637899E-03  0.223952E+07  0.223947E+07  0.246228E+07  0.245540E+07  0.222049E+07  0.223937E+07
  0.659510E-03  0.223913E+07  0.223907E+07  0.242913E+07  0.242189E+07  0.221858E+07  0.223897E+07
  0.681853E-03  0.223872E+07  0.223865E+07  0.239415E+07  0.238655E+07  0.221655E+07  0.223854E+07
  0.704954E-03  0.223827E+07  0.223820E+07  0.235728E+07  0.234931E+07  0.221438E+07  0.223808E+07
  0.728836E-03  0.223780E+07  0.223773E+07  0.231847E+07  0.231012E+07  0.221206E+07  0.223760E+07
  0.753528E-03  0.223729E+07  0.223722E+07  0.227764E+07  0.226891E+07  0.220960E+07  0.223708E+07
  0.779057E-03  0.223675E+07  0.223667E+07  0.223476E+07  0.222564E+07  0.220697E+07  0.223652E+07
  0.805450E-03  0.223618E+07  0.223610E+07  0.218976E+07  0.218026E+07  0.220417E+07  0.223593E+07
  0.832737E-03  0.223557E+07  0.223548E+07  0.214262E+07  0.213273E+07  0.220119E+07  0.223530E+07
  0.860949E-03  0.223492E+07  0.223482E+07  0.209329E+07  0.208302E+07  0.219802E+07  0.223463E+07
  0.890117E-03  0.223423E+07  0.223412E+07  0.204176E+07  0.203112E+07  0.219464E+07  0.223392E+07
  0.920272E-03  0.223349E+07  0.223338E+07  0.198801E+07  0.197701E+07  0.219104E+07  0.223316E+07
  0.951450E-03  0.223271E+07  0.223259E+07  0.193205E+07  0.192072E+07  0.218722E+07  0.223235E+07
  0.983684E-03  0.223187E+07  0.223175E+07  0.187391E+07  0.186226E+07  0.218314E+07  0.223149E+07
  0.101701E-02  0.223098E+07  0.223085E+07  0.181362E+07  0.180168E+07  0.217881E+07  0.223058E+07
  0.105146E-02  0.223004E+07  0.222990E+07  0.175125E+07  0.173905E+07  0.217421E+07  0.222961E+07
  0.108709E-02  0.222904E+07  0.222889E+07  0.168687E+07  0.167446E+07  0.216932E+07  0.222857E+07
  0.112391E-02  0.222797E+07  0.222781E+07  0.162061E+07  0.160802E+07  0.216413E+07  0.222748E+07
  0.116199E-02  0.222684E+07  0.222667E+07  0.155258E+07  0.153987E+07  0.215861E+07  0.222631E+07
  0.120136E-02  0.222564E+07  0.222545E+07  0.148297E+07  0.147020E+07  0.215276E+07  0.222507E+07
  0.124206E-02  0.222436E+07  0.222417E+07  0.141197E+07  0.139921E+07  0.214655E+07  0.222376E+07
  0.128414E-02  0.222301E+07  0.222280E+07  0.133981E+07  0.132713E+07  0.213997E+07  0.222236E+07
  0.132764E-02  0.222157E+07  0.222135E+07  0.126676E+07  0.125424E+07  0.213300E+07  0.222088E+07
  0.137262E-02  0.222005E+07  0.221982E+07  0.119312E+07  0.118085E+07  0.212561E+07  0.221932E+07
  0.141912E-02  0.221844E+07  0.221819E+07  0.111923E+07  0.110730E+07  0.211780E+07  0.221766E+07
  0.146720E-02  0.221673E+07  0.221647E+07  0.104547E+07  0.103397E+07  0.210953E+07  0.221590E+07
  0.151691E-02  0.221492E+07  0.221465E+07  0.972229E+06  0.961263E+06  0.210079E+07  0.221404E+07
  0.156830E-02  0.221301E+07  0.221272E+07  0.899953E+06  0.889616E+06  0.209156E+07  0.221207E+07
  0.162143E-02  0.221100E+07  0.221068E+07  0.829097E+06  0.819485E+06  0.208182E+07  0.221000E+07
  0.167636E-02  0.220886E+07  0.220853E+07  0.760138E+06  0.751342E+06  0.207155E+07  0.220780E+07
  0.173315E-02  0.220661E+07  0.220626E+07  0.693565E+06  0.685667E+06  0.206073E+07  0.220548E+07
  0.179187E-02  0.220424E+07  0.220386E+07  0.629865E+06  0.622935E+06  0.204934E+07  0.220304E+07
  0.185257E-02  0.220173E+07  0.220134E+07  0.569515E+06  0.563606E+06  0.203737E+07  0.220046E+07
  0.191534E-02  0.219909E+07  0.219867E+07  0.512966E+06  0.508113E+06  0.202479E+07  0.219774E+07
  0.198023E-02  0.219631E+07  0.219587E+07  0.460629E+06  0.456842E+06  0.201159E+07  0.219488E+07
  0.204731E-02  0.219339E+07  0.219292E+07  0.412860E+06  0.410120E+06  0.199776E+07  0.219188E+07
  0.211667E-02  0.219032E+07  0.218982E+07  0.369939E+06  0.368196E+06  0.198328E+07  0.218871E+07
  0.218838E-02  0.218709E+07  0.218656E+07  0.332056E+06  0.331225E+06  0.196814E+07  0.218539E+07
  0.226252E-02  0.218370E+07  0.218314E+07  0.299292E+06  0.299254E+06  0.195234E+07  0.218191E+07
  0.233917E-02  0.218014E+07  0.217955E+07  0.271606E+06  0.272206E+06  0.193587E+07  0.217825E+07
  0.241842E-02  0.217642E+07  0.217578E+07  0.248826E+06  0.249877E+06  0.191873E+07  0.217442E+07
  0.250035E-02  0.217251E+07  0.217184E+07  0.230637E+06  0.231926E+06  0.190091E+07  0.217041E+07
  0.258506E-02  0.216843E+07  0.216772E+07  0.216588E+06  0.217881E+06  0.188242E+07  0.216621E+07
  0.267264E-02  0.216416E+07  0.216340E+07  0.206095E+06  0.207151E+06  0.186328E+07  0.216182E+07
  0.276318E-02  0.215969E+07  0.215888E+07  0.198463E+06  0.199046E+06  0.184348E+07  0.215723E+07
  0.285679E-02  0.215502E+07  0.215417E+07  0.192911E+06  0.192806E+06  0.182306E+07  0.215245E+07
  0.295358E-02  0.215016E+07  0.214925E+07  0.188612E+06  0.187644E+06  0.180202E+07  0.214745E+07
  0.305364E-02  0.214508E+07  0.214411E+07  0.184738E+06  0.182788E+06  0.178039E+07  0.214224E+07
  0.315709E-02  0.213979E+07  0.213876E+07  0.180518E+06  0.177540E+06  0.175821E+07  0.213681E+07
  0.326405E-02  0.213427E+07  0.213318E+07  0.175292E+06  0.171325E+06  0.173551E+07  0.213116E+07
  0.337463E-02  0.212853E+07  0.212736E+07  0.168574E+06  0.163749E+06  0.171232E+07  0.212528E+07
  0.348896E-02  0.212256E+07  0.212132E+07  0.160094E+06  0.154629E+06  0.168869E+07  0.211917E+07
  0.360716E-02  0.211635E+07  0.211502E+07  0.149837E+06  0.144026E+06  0.166466E+07  0.211281E+07
  0.372936E-02  0.210989E+07  0.210848E+07  0.138051E+06  0.132239E+06  0.164028E+07  0.210621E+07
  0.385571E-02  0.210318E+07  0.210168E+07  0.125231E+06  0.119775E+06  0.161560E+07  0.209936E+07
  0.398634E-02  0.209622E+07  0.209462E+07  0.112067E+06  0.107293E+06  0.159067E+07  0.209224E+07
  0.412139E-02  0.208899E+07  0.208729E+07  0.993567E+05  0.955134E+05  0.156553E+07  0.208487E+07
  0.426101E-02  0.208152E+07  0.207971E+07  0.879030E+05  0.851124E+05  0.154347E+07  0.207728E+07
  0.440537E-02  0.207376E+07  0.207182E+07  0.783727E+05  0.766008E+05  0.151817E+07  0.206936E+07
  0.455462E-02  0.206570E+07  0.206365E+07  0.711926E+05  0.702392E+05  0.149277E+07  0.206116E+07
  0.470892E-02  0.205737E+07  0.205518E+07  0.664461E+05  0.659641E+05  0.146731E+07  0.205268E+07
  0.486845E-02  0.204874E+07  0.204641E+07  0.638340E+05  0.633828E+05  0.144180E+07  0.204390E+07
  0.503339E-02  0.203981E+07  0.203733E+07  0.627064E+05  0.618349E+05  0.141626E+07  0.203483E+07
  0.520391E-02  0.203058E+07  0.202794E+07  0.621747E+05  0.605207E+05  0.139071E+07  0.202545E+07
  0.538021E-02  0.202104E+07  0.201823E+07  0.612940E+05  0.586797E+05  0.136513E+07  0.201577E+07
  0.556248E-02  0.201117E+07  0.200818E+07  0.592837E+05  0.557789E+05  0.133833E+07  0.200575E+07
  0.575093E-02  0.200100E+07  0.199781E+07  0.557372E+05  0.516640E+05  0.131256E+07  0.199543E+07
  0.594576E-02  0.199050E+07  0.198711E+07  0.507486E+05  0.466124E+05  0.128673E+07  0.198479E+07
  0.614720E-02  0.197967E+07  0.197606E+07  0.449119E+05  0.412616E+05  0.126082E+07  0.197381E+07
  0.635546E-02  0.196850E+07  0.196466E+07  0.391566E+05  0.364079E+05  0.123481E+07  0.196250E+07
  0.657077E-02  0.195699E+07  0.195291E+07  0.344483E+05  0.327251E+05  0.120868E+07  0.195084E+07
  0.679338E-02  0.194514E+07  0.194079E+07  0.314381E+05  0.304996E+05  0.118286E+07  0.193885E+07
  0.702352E-02  0.193293E+07  0.192831E+07  0.301885E+05  0.294941E+05  0.115653E+07  0.192650E+07
  0.726147E-02  0.192037E+07  0.191545E+07  0.301114E+05  0.290239E+05  0.113006E+07  0.191378E+07
  0.750748E-02  0.190744E+07  0.190222E+07  0.301852E+05  0.282496E+05  0.110348E+07  0.190071E+07
  0.776182E-02  0.189415E+07  0.188859E+07  0.294073E+05  0.265775E+05  0.107678E+07  0.188726E+07
  0.802478E-02  0.188048E+07  0.187457E+07  0.272945E+05  0.239740E+05  0.104984E+07  0.187344E+07
  0.829665E-02  0.186643E+07  0.186015E+07  0.241697E+05  0.209991E+05  0.102297E+07  0.185924E+07
  0.857772E-02  0.185199E+07  0.184533E+07  0.210242E+05  0.184888E+05  0.996066E+06  0.184465E+07
  0.886832E-02  0.183717E+07  0.183009E+07  0.180960E+05  0.170302E+05  0.969152E+06  0.182967E+07
  0.916877E-02  0.182195E+07  0.181443E+07  0.172121E+05  0.165534E+05  0.942304E+06  0.181430E+07
  0.947939E-02  0.180632E+07  0.179834E+07  0.173764E+05  0.163563E+05  0.915466E+06  0.179852E+07
  0.980054E-02  0.179030E+07  0.178183E+07  0.174556E+05  0.156180E+05  0.888702E+06  0.178234E+07
  0.101326E-01  0.177386E+07  0.176487E+07  0.164748E+05  0.140559E+05  0.862038E+06  0.176574E+07
  0.104758E-01  0.175700E+07  0.174747E+07  0.144240E+05  0.121782E+05  0.835490E+06  0.174873E+07
  0.108307E-01  0.173972E+07  0.172962E+07  0.123135E+05  0.108304E+05  0.809120E+06  0.173129E+07
  0.111977E-01  0.172201E+07  0.171131E+07  0.109785E+05  0.103748E+05  0.782958E+06  0.171343E+07
  0.115770E-01  0.170387E+07  0.169253E+07  0.109952E+05  0.103030E+05  0.757049E+06  0.169513E+07
  0.119692E-01  0.168529E+07  0.167329E+07  0.111868E+05  0.977546E+04  0.731424E+06  0.167640E+07
  0.123747E-01  0.166627E+07  0.165357E+07  0.104466E+05  0.858828E+04  0.706108E+06  0.165723E+07
  0.127940E-01  0.164681E+07  0.163337E+07  0.886227E+04  0.742446E+04  0.681097E+06  0.163761E+07
  0.132274E-01  0.162689E+07  0.161269E+07  0.764190E+04  0.696369E+04  0.656366E+06  0.161754E+07
  0.136756E-01  0.160652E+07  0.159151E+07  0.756812E+04  0.694051E+04  0.631873E+06  0.159701E+07
  0.141389E-01  0.158570E+07  0.156985E+07  0.761567E+04  0.653009E+04  0.607581E+06  0.157603E+07
  0.146179E-01  0.156441E+07  0.154769E+07  0.702322E+04  0.561841E+04  0.583484E+06  0.155459E+07
  0.151131E-01  0.154267E+07  0.152503E+07  0.581378E+04  0.000000E+00  0.559632E+06  0.153269E+07
  0.156251E-01  0.152046E+07  0.150188E+07  0.524036E+04  0.000000E+00  0.536130E+06  0.151032E+07
  0.161545E-01  0.149779E+07  0.147822E+07  0.547874E+04  0.000000E+00  0.513117E+06  0.148750E+07
  0.167017E-01  0.147466E+07  0.145407E+07  0.514936E+04  0.000000E+00  0.490714E+06  0.146421E+07
  0.172676E-01  0.145107E+07  0.142943E+07  0.423784E+04  0.000000E+00  0.468973E+06  0.144047E+07
  0.178526E-01  0.142702E+07  0.140431E+07  0.382047E+04  0.000000E+00  0.447854E+06  0.141628E+07
  0.184574E-01  0.140253E+07  0.137870E+07  0.400970E+04  0.000000E+00  0.427241E+06  0.139165E+07
  0.190827E-01  0.137760E+07  0.135263E+07  0.357569E+04  0.000000E+00  0.407014E+06  0.136657E+07
  0.197292E-01  0.135223E+07  0.132611E+07  0.292787E+04  0.000000E+00  0.387122E+06  0.134107E+07
  0.203976E-01  0.132645E+07  0.129914E+07  0.295446E+04  0.000000E+00  0.367615E+06  0.131515E+07
  0.210886E-01  0.130027E+07  0.127176E+07  0.286637E+04  0.000000E+00  0.348615E+06  0.128883E+07
  0.218031E-01  0.127370E+07  0.124399E+07  0.236922E+04  0.000000E+00  0.330242E+06  0.126214E+07
  0.225417E-01  0.124676E+07  0.121585E+07  0.243077E+04  0.000000E+00  0.312548E+06  0.123508E+07
  0.233054E-01  0.121949E+07  0.118737E+07  0.245166E+04  0.000000E+00  0.295510E+06  0.120770E+07
  0.240950E-01  0.119191E+07  0.115860E+07  0.213258E+04  0.000000E+00  0.279071E+06  0.118002E+07
  0.249113E-01  0.116406E+07  0.112958E+07  0.212666E+04  0.000000E+00  0.263188E+06  0.115207E+07
  0.257552E-01  0.113597E+07  0.110036E+07  0.167001E+04  0.000000E+00  0.247849E+06  0.112391E+07
  0.266278E-01  0.110770E+07  0.107100E+07  0.125132E+04  0.000000E+00  0.233063E+06  0.109556E+07
  0.275299E-01  0.107928E+07  0.104154E+07  0.126302E+04  0.000000E+00  0.218854E+06  0.106709E+07
  0.284625E-01  0.105077E+07  0.101207E+07  0.119969E+04  0.000000E+00  0.205250E+06  0.103854E+07
  0.294268E-01  0.102224E+07  0.982655E+06  0.122513E+04  0.000000E+00  0.192250E+06  0.100998E+07
  0.304237E-01  0.993744E+06  0.953375E+06  0.857368E+03  0.000000E+00  0.179823E+06  0.981485E+06
  0.314544E-01  0.965355E+06  0.924315E+06  0.941901E+03  0.000000E+00  0.167951E+06  0.953114E+06
  0.325201E-01  0.937148E+06  0.895566E+06  0.820594E+03  0.000000E+00  0.156683E+06  0.924948E+06
  0.336218E-01  0.909202E+06  0.867224E+06  0.728750E+03  0.000000E+00  0.146058E+06  0.897067E+06
  0.347609E-01  0.881598E+06  0.839384E+06  0.660716E+03  0.000000E+00  0.136015E+06  0.869557E+06
  0.359385E-01  0.854421E+06  0.812148E+06  0.631098E+03  0.000000E+00  0.126474E+06  0.842500E+06
  0.371560E-01  0.827756E+06  0.785614E+06  0.520882E+03  0.000000E+00  0.117462E+06  0.815986E+06
  0.384148E-01  0.801688E+06  0.759878E+06  0.517732E+03  0.000000E+00  0.109047E+06  0.790099E+06
  0.397163E-01  0.776298E+06  0.735032E+06  0.450245E+03  0.000000E+00  0.101203E+06  0.764923E+06
  0.410618E-01  0.751664E+06  0.711161E+06  0.388690E+03  0.000000E+00  0.938645E+05  0.740535E+06
  0.424529E-01  0.727856E+06  0.688338E+06  0.400920E+03  0.000000E+00  0.870404E+05  0.717005E+06
  0.438911E-01  0.704936E+06  0.666624E+06  0.320005E+03  0.000000E+00  0.806976E+05  0.694394E+06
  0.453542E-01  0.683291E+06  0.646374E+06  0.313890E+03  0.000000E+00  0.748995E+05  0.673082E+06
  0.468172E-01  0.663226E+06  0.627848E+06  0.277646E+03  0.000000E+00  0.696756E+05  0.653365E+06
  0.482803E-01  0.644629E+06  0.610902E+06  0.240854E+03  0.000000E+00  0.649556E+05  0.635127E+06
  0.497433E-01  0.627385E+06  0.595392E+06  0.215697E+03  0.000000E+00  0.606934E+05  0.618247E+06
  0.512063E-01  0.611374E+06  0.581168E+06  0.242930E+03  0.000000E+00  0.568154E+05  0.602602E+06
  0.526694E-01  0.596478E+06  0.568084E+06  0.203805E+03  0.000000E+00  0.532804E+05  0.588071E+06
  0.541324E-01  0.582578E+06  0.555991E+06  0.153959E+03  0.000000E+00  0.500839E+05  0.574531E+06
  0.555954E-01  0.569559E+06  0.544748E+06  0.196381E+03  0.000000E+00  0.471714E+05  0.561862E+06
  0.570585E-01  0.557309E+06  0.534218E+06  0.150738E+03  0.000000E+00  0.444842E+05  0.549948E+06
  0.585215E-01  0.545719E+06  0.524271E+06  0.140458E+03  0.000000E+00  0.420052E+05  0.538681E+06
  0.599846E-01  0.534690E+06  0.514787E+06  0.143665E+03  0.000000E+00  0.397180E+05  0.527956E+06
  0.614476E-01  0.524128E+06  0.505656E+06  0.128611E+03  0.000000E+00  0.375990E+05  0.517677E+06
  0.629106E-01  0.513947E+06  0.496780E+06  0.116214E+03  0.000000E+00  0.356244E+05  0.507759E+06
  0.643737E-01  0.504071E+06  0.488070E+06  0.110781E+03  0.000000E+00  0.337793E+05  0.498124E+06
  0.658367E-01  0.494433E+06  0.479453E+06  0.111754E+03  0.000000E+00  0.320529E+05  0.488702E+06
  0.672998E-01  0.484974E+06  0.470867E+06  0.846106E+02  0.000000E+00  0.304239E+05  0.479437E+06
  0.687628E-01  0.475648E+06  0.462262E+06  0.914035E+02  0.000000E+00  0.288871E+05  0.470280E+06
  0.702258E-01  0.466416E+06  0.453603E+06  0.785431E+02  0.000000E+00  0.274437E+05  0.461194E+06
  0.716889E-01  0.457247E+06  0.444864E+06  0.851194E+02  0.000000E+00  0.260760E+05  0.452150E+06
  0.731519E-01  0.448123E+06  0.436033E+06  0.856916E+02  0.000000E+00  0.247751E+05  0.443129E+06
  0.746149E-01  0.439032E+06  0.427107E+06  0.728597E+02  0.000000E+00  0.235439E+05  0.434120E+06
  0.760780E-01  0.429967E+06  0.418092E+06  0.524329E+02  0.000000E+00  0.223770E+05  0.425122E+06
  0.775410E-01  0.420929E+06  0.409000E+06  0.564363E+02  0.000000E+00  0.212673E+05  0.416133E+06
  0.790041E-01  0.411931E+06  0.399859E+06  0.770182E+02  0.000000E+00  0.202115E+05  0.407172E+06
  0.804671E-01  0.402987E+06  0.390699E+06  0.548394E+02  0.000000E+00  0.192092E+05  0.398253E+06
  0.819301E-01  0.394118E+06  0.381553E+06  0.622483E+02  0.000000E+00  0.182591E+05  0.389399E+06
  0.833932E-01  0.385344E+06  0.372460E+06  0.539418E+02  0.000000E+00  0.173559E+05  0.380634E+06
  0.848562E-01  0.376689E+06  0.363459E+06  0.781475E+02  0.000000E+00  0.165010E+05  0.371983E+06
  0.863192E-01  0.368181E+06  0.354591E+06  0.193125E+02  0.000000E+00  0.156938E+05  0.363476E+06
  0.877823E-01  0.359845E+06  0.345897E+06  0.444342E+02  0.000000E+00  0.149276E+05  0.355140E+06
  0.892453E-01  0.351708E+06  0.337417E+06  0.403743E+02  0.000000E+00  0.142034E+05  0.347005E+06
  0.907084E-01  0.343794E+06  0.329188E+06  0.215652E+02  0.000000E+00  0.135234E+05  0.339095E+06
  0.921714E-01  0.336127E+06  0.321244E+06  0.325619E+02  0.000000E+00  0.128827E+05  0.331437E+06
  0.939995E-01  0.326925E+06  0.311764E+06  0.388118E+02  0.000000E+00  0.121337E+05  0.322254E+06
  0.958276E-01  0.318176E+06  0.302825E+06  0.384933E+02  0.000000E+00  0.114417E+05  0.313534E+06
  0.976557E-01  0.309904E+06  0.294463E+06  0.350716E+02  0.000000E+00  0.108046E+05  0.305305E+06
  0.994837E-01  0.302127E+06  0.286701E+06  0.313784E+02  0.000000E+00  0.102165E+05  0.297583E+06
  0.101312E+00  0.294852E+06  0.279548E+06  0.279260E+02  0.000000E+00  0.967648E+04  0.290377E+06
  0.103140E+00  0.288077E+06  0.273001E+06  0.188762E+02  0.000000E+00  0.917932E+04  0.283684E+06
  0.104968E+00  0.281792E+06  0.267042E+06  0.312226E+02  0.000000E+00  0.872132E+04  0.277492E+06
  0.106796E+00  0.275974E+06  0.261643E+06  0.109345E+02  0.000000E+00  0.830242E+04  0.271779E+06
  0.108624E+00  0.270598E+06  0.256765E+06  0.242013E+02  0.000000E+00  0.791498E+04  0.266517E+06
  0.110452E+00  0.265628E+06  0.252358E+06  0.255642E+02  0.000000E+00  0.755748E+04  0.261668E+06
  0.112280E+00  0.261023E+06  0.248369E+06  0.154334E+02  0.000000E+00  0.722770E+04  0.257191E+06
  0.114108E+00  0.256741E+06  0.244736E+06  0.164572E+02  0.000000E+00  0.692145E+04  0.253038E+06
  0.115936E+00  0.252736E+06  0.241399E+06  0.165269E+02  0.000000E+00  0.663549E+04  0.249164E+06
  0.117765E+00  0.248959E+06  0.238292E+06  0.136644E+02  0.000000E+00  0.636879E+04  0.245517E+06
  0.119593E+00  0.245364E+06  0.235353E+06  0.162009E+02  0.000000E+00  0.611715E+04  0.242049E+06
  0.121421E+00  0.241904E+06  0.232521E+06  0.247125E+02  0.000000E+00  0.588012E+04  0.238709E+06
  0.123249E+00  0.238534E+06  0.229738E+06  0.127250E+02  0.000000E+00  0.565517E+04  0.235454E+06
  0.125077E+00  0.235217E+06  0.226956E+06  0.175211E+02  0.000000E+00  0.543937E+04  0.232242E+06
  0.126905E+00  0.231918E+06  0.224132E+06  0.802365E+01  0.000000E+00  0.523373E+04  0.229040E+06
  0.128733E+00  0.228610E+06  0.221231E+06  0.123573E+02  0.000000E+00  0.503583E+04  0.225818E+06
  0.130561E+00  0.225271E+06  0.218228E+06  0.120888E+02  0.000000E+00  0.484437E+04  0.222555E+06
  0.132389E+00  0.221885E+06  0.215105E+06  0.886997E+01  0.000000E+00  0.465954E+04  0.219233E+06
  0.134217E+00  0.218440E+06  0.211851E+06  0.129684E+02  0.000000E+00  0.448086E+04  0.215841E+06
  0.136045E+00  0.214931E+06  0.208463E+06  0.000000E+00  0.000000E+00  0.430708E+04  0.212376E+06
  0.137874E+00  0.211359E+06  0.204947E+06  0.000000E+00  0.000000E+00  0.413929E+04  0.208838E+06
  0.139702E+00  0.207732E+06  0.201317E+06  0.000000E+00  0.000000E+00  0.397599E+04  0.205235E+06
  0.141530E+00  0.204058E+06  0.197590E+06  0.000000E+00  0.000000E+00  0.381814E+04  0.201579E+06
  0.143358E+00  0.200353E+06  0.193790E+06  0.000000E+00  0.000000E+00  0.366605E+04  0.197885E+06
  0.145186E+00  0.196636E+06  0.189945E+06  0.000000E+00  0.000000E+00  0.351871E+04  0.194175E+06
  0.147014E+00  0.192927E+06  0.186086E+06  0.000000E+00  0.000000E+00  0.337701E+04  0.190470E+06
  0.148842E+00  0.189248E+06  0.182243E+06  0.000000E+00  0.000000E+00  0.324141E+04  0.186791E+06
  0.150670E+00  0.185618E+06  0.178448E+06  0.000000E+00  0.000000E+00  0.311134E+04  0.183161E+06
  0.152498E+00  0.182060E+06  0.174730E+06  0.000000E+00  0.000000E+00  0.298708E+04  0.179604E+06
  0.154326E+00  0.178592E+06  0.171117E+06  0.000000E+00  0.000000E+00  0.286909E+04  0.176138E+06
  0.156154E+00  0.175233E+06  0.167634E+06  0.000000E+00  0.000000E+00  0.275658E+04  0.172784E+06
  0.157982E+00  0.172000E+06  0.164304E+06  0.000000E+00  0.000000E+00  0.265064E+04  0.169558E+06
  0.159811E+00  0.168904E+06  0.161145E+06  0.000000E+00  0.000000E+00  0.255020E+04  0.166475E+06
  0.161639E+00  0.165956E+06  0.158171E+06  0.000000E+00  0.000000E+00  0.245533E+04  0.163544E+06
  0.163467E+00  0.163164E+06  0.155389E+06  0.000000E+00  0.000000E+00  0.236645E+04  0.160774E+06
  0.165295E+00  0.160531E+06  0.152806E+06  0.000000E+00  0.000000E+00  0.228287E+04  0.158167E+06
  0.167123E+00  0.158056E+06  0.150418E+06  0.000000E+00  0.000000E+00  0.220405E+04  0.155723E+06
  0.168951E+00  0.155735E+06  0.148220E+06  0.000000E+00  0.000000E+00  0.213030E+04  0.153437E+06
  0.170779E+00  0.153560E+06  0.146201E+06  0.000000E+00  0.000000E+00  0.206093E+04  0.151303E+06
  0.172607E+00  0.151524E+06  0.144350E+06  0.000000E+00  0.000000E+00  0.199557E+04  0.149310E+06
  0.174435E+00  0.149615E+06  0.142651E+06  0.000000E+00  0.000000E+00  0.193425E+04  0.147447E+06
  0.176263E+00  0.147820E+06  0.141084E+06  0.000000E+00  0.000000E+00  0.187590E+04  0.145700E+06
  0.178091E+00  0.146124E+06  0.139630E+06  0.000000E+00  0.000000E+00  0.182096E+04  0.144054E+06
  0.179919E+00  0.144513E+06  0.138267E+06  0.000000E+00  0.000000E+00  0.176881E+04  0.142492E+06
  0.181748E+00  0.142969E+06  0.136975E+06  0.000000E+00  0.000000E+00  0.171872E+04  0.140999E+06
  0.183576E+00  0.141478E+06  0.135731E+06  0.000000E+00  0.000000E+00  0.167094E+04  0.139556E+06
  0.185404E+00  0.140022E+06  0.134514E+06  0.000000E+00  0.000000E+00  0.162510E+04  0.138148E+06
  0.187232E+00  0.138588E+06  0.133306E+06  0.000000E+00  0.000000E+00  0.158055E+04  0.136760E+06
  0.189060E+00  0.137164E+06  0.132090E+06  0.000000E+00  0.000000E+00  0.153758E+04  0.135377E+06
  0.190888E+00  0.135737E+06  0.130851E+06  0.000000E+00  0.000000E+00  0.149574E+04  0.133990E+06
  0.192716E+00  0.134299E+06  0.129577E+06  0.000000E+00  0.000000E+00  0.145478E+04  0.132588E+06
  0.194544E+00  0.132842E+06  0.128260E+06  0.000000E+00  0.000000E+00  0.141505E+04  0.131163E+06
  0.196372E+00  0.131360E+06  0.126892E+06  0.000000E+00  0.000000E+00  0.137591E+04  0.129709E+06
  0.198200E+00  0.129851E+06  0.125472E+06  0.000000E+00  0.000000E+00  0.133746E+04  0.128225E+06
  0.200028E+00  0.128313E+06  0.123997E+06  0.000000E+00  0.000000E+00  0.130003E+04  0.126708E+06
  0.201856E+00  0.126746E+06  0.122470E+06  0.000000E+00  0.000000E+00  0.126319E+04  0.125158E+06
  0.203685E+00  0.125153E+06  0.120895E+06  0.000000E+00  0.000000E+00  0.122691E+04  0.123580E+06
  0.205513E+00  0.123539E+06  0.119279E+06  0.000000E+00  0.000000E+00  0.119163E+04  0.121977E+06
  0.207341E+00  0.121908E+06  0.117632E+06  0.000000E+00  0.000000E+00  0.115703E+04  0.120355E+06
  0.209169E+00  0.120269E+06  0.115962E+06  0.000000E+00  0.000000E+00  0.112327E+04  0.118723E+06
  0.210997E+00  0.118627E+06  0.114280E+06  0.000000E+00  0.000000E+00  0.109047E+04  0.117087E+06
  0.212825E+00  0.116991E+06  0.112599E+06  0.000000E+00  0.000000E+00  0.105846E+04  0.115456E+06
  0.214653E+00  0.115369E+06  0.110929E+06  0.000000E+00  0.000000E+00  0.102754E+04  0.113838E+06
  0.216481E+00  0.113769E+06  0.109281E+06  0.000000E+00  0.000000E+00  0.997672E+03  0.112242E+06
  0.218309E+00  0.112198E+06  0.107666E+06  0.000000E+00  0.000000E+00  0.968706E+03  0.110675E+06
  0.220137E+00  0.110663E+06  0.106093E+06  0.000000E+00  0.000000E+00  0.940876E+03  0.109146E+06
  0.221965E+00  0.109170E+06  0.104571E+06  0.000000E+00  0.000000E+00  0.914217E+03  0.107659E+06
  0.223793E+00  0.107726E+06  0.103108E+06  0.000000E+00  0.000000E+00  0.888546E+03  0.106222E+06
  0.225622E+00  0.106334E+06  0.101710E+06  0.000000E+00  0.000000E+00  0.864056E+03  0.104839E+06
  0.227450E+00  0.104997E+06  0.100380E+06  0.000000E+00  0.000000E+00  0.840567E+03  0.103513E+06
  0.229278E+00  0.103717E+06  0.991208E+05  0.000000E+00  0.000000E+00  0.818186E+03  0.102246E+06
  0.231106E+00  0.102495E+06  0.979329E+05  0.000000E+00  0.000000E+00  0.796892E+03  0.101038E+06
  0.232934E+00  0.101331E+06  0.968153E+05  0.000000E+00  0.000000E+00  0.776452E+03  0.998892E+05
  0.234762E+00  0.100221E+06  0.957655E+05  0.000000E+00  0.000000E+00  0.757002E+03  0.987972E+05
  0.236590E+00  0.991646E+05  0.947794E+05  0.000000E+00  0.000000E+00  0.738516E+03  0.977591E+05
  0.238418E+00  0.981572E+05  0.938524E+05  0.000000E+00  0.000000E+00  0.720741E+03  0.967715E+05
  0.240246E+00  0.971952E+05  0.929786E+05  0.000000E+00  0.000000E+00  0.703758E+03  0.958302E+05
  0.242074E+00  0.962737E+05  0.921515E+05  0.000000E+00  0.000000E+00  0.687532E+03  0.949299E+05
  0.243902E+00  0.953872E+05  0.913635E+05  0.000000E+00  0.000000E+00  0.671820E+03  0.940651E+05
  0.245730E+00  0.945300E+05  0.906070E+05  0.000000E+00  0.000000E+00  0.656805E+03  0.932298E+05
  0.247559E+00  0.936967E+05  0.898745E+05  0.000000E+00  0.000000E+00  0.642248E+03  0.924182E+05
  0.249387E+00  0.928815E+05  0.891583E+05  0.000000E+00  0.000000E+00  0.628073E+03  0.916242E+05
  0.251215E+00  0.920790E+05  0.884514E+05  0.000000E+00  0.000000E+00  0.614427E+03  0.908424E+05
  0.253043E+00  0.912847E+05  0.877476E+05  0.000000E+00  0.000000E+00  0.601090E+03  0.900678E+05
  0.254871E+00  0.904941E+05  0.870411E+05  0.000000E+00  0.000000E+00  0.587965E+03  0.892960E+05
  0.256699E+00  0.897035E+05  0.863272E+05  0.000000E+00  0.000000E+00  0.575273E+03  0.885230E+05
  0.258527E+00  0.889099E+05  0.856020E+05  0.000000E+00  0.000000E+00  0.562790E+03  0.877458E+05
  0.260355E+00  0.881108E+05  0.848626E+05  0.000000E+00  0.000000E+00  0.550466E+03  0.869618E+05
  0.262183E+00  0.873044E+05  0.841068E+05  0.000000E+00  0.000000E+00  0.538461E+03  0.861691E+05
  0.264011E+00  0.864896E+05  0.833335E+05  0.000000E+00  0.000000E+00  0.526585E+03  0.853666E+05
  0.265839E+00  0.856662E+05  0.825429E+05  0.000000E+00  0.000000E+00  0.514929E+03  0.845543E+05
  0.267668E+00  0.848346E+05  0.817358E+05  0.000000E+00  0.000000E+00  0.503516E+03  0.837326E+05
  0.269496E+00  0.839958E+05  0.809140E+05  0.000000E+00  0.000000E+00  0.492226E+03  0.829025E+05
  0.271324E+00  0.831515E+05  0.800799E+05  0.000000E+00  0.000000E+00  0.481151E+03  0.820659E+05
  0.273152E+00  0.823036E+05  0.792367E+05  0.000000E+00  0.000000E+00  0.470372E+03  0.812249E+05
  0.274980E+00  0.814546E+05  0.783878E+05  0.000000E+00  0.000000E+00  0.459703E+03  0.803821E+05
  0.276808E+00  0.806069E+05  0.775370E+05  0.000000E+00  0.000000E+00  0.449267E+03  0.795401E+05
  0.278636E+00  0.797635E+05  0.766881E+05  0.000000E+00  0.000000E+00  0.439150E+03  0.787020E+05
  0.280464E+00  0.789270E+05  0.758452E+05  0.000000E+00  0.000000E+00  0.429259E+03  0.778706E+05
  0.282292E+00  0.781002E+05  0.750122E+05  0.000000E+00  0.000000E+00  0.419589E+03  0.770488E+05
  0.284120E+00  0.772859E+05  0.741928E+05  0.000000E+00  0.000000E+00  0.410180E+03  0.762396E+05
  0.285948E+00  0.764864E+05  0.733904E+05  0.000000E+00  0.000000E+00  0.401093E+03  0.754456E+05
  0.287776E+00  0.757042E+05  0.726082E+05  0.000000E+00  0.000000E+00  0.392291E+03  0.746691E+05
  0.289605E+00  0.749412E+05  0.718486E+05  0.000000E+00  0.000000E+00  0.383727E+03  0.739121E+05
  0.291433E+00  0.741986E+05  0.711137E+05  0.000000E+00  0.000000E+00  0.375425E+03  0.731762E+05
  0.293261E+00  0.734777E+05  0.704048E+05  0.000000E+00  0.000000E+00  0.367478E+03  0.724624E+05
  0.295089E+00  0.727789E+05  0.697226E+05  0.000000E+00  0.000000E+00  0.359781E+03  0.717712E+05
  0.296917E+00  0.721023E+05  0.690672E+05  0.000000E+00  0.000000E+00  0.352324E+03  0.711029E+05
  0.298745E+00  0.714478E+05  0.684383E+05  0.000000E+00  0.000000E+00  0.345108E+03  0.704571E+05
  0.300573E+00  0.708148E+05  0.678352E+05  0.000000E+00  0.000000E+00  0.338164E+03  0.698334E+05
  0.302401E+00  0.702026E+05  0.672566E+05  0.000000E+00  0.000000E+00  0.331496E+03  0.692308E+05
  0.304229E+00  0.696099E+05  0.667008E+05  0.000000E+00  0.000000E+00  0.325000E+03  0.686481E+05
  0.306057E+00  0.690352E+05  0.661658E+05  0.000000E+00  0.000000E+00  0.318675E+03  0.680838E+05
  0.307885E+00  0.684769E+05  0.656494E+05  0.000000E+00  0.000000E+00  0.312618E+03  0.675360E+05
  0.309713E+00  0.679331E+05  0.651488E+05  0.000000E+00  0.000000E+00  0.306755E+03  0.670029E+05
  0.311542E+00  0.674018E+05  0.646616E+05  0.000000E+00  0.000000E+00  0.300970E+03  0.664823E+05
  0.313370E+00  0.668811E+05  0.641849E+05  0.000000E+00  0.000000E+00  0.295382E+03  0.659723E+05
  0.315198E+00  0.663691E+05  0.637164E+05  0.000000E+00  0.000000E+00  0.289961E+03  0.654707E+05
  0.317026E+00  0.658639E+05  0.632537E+05  0.000000E+00  0.000000E+00  0.284663E+03  0.649758E+05
  0.318854E+00  0.653641E+05  0.627944E+05  0.000000E+00  0.000000E+00  0.279467E+03  0.644859E+05
  0.320682E+00  0.648679E+05  0.623368E+05  0.000000E+00  0.000000E+00  0.274357E+03  0.639993E+05
  0.322510E+00  0.643741E+05  0.618789E+05  0.000000E+00  0.000000E+00  0.269375E+03  0.635147E+05
  0.324338E+00  0.638815E+05  0.614193E+05  0.000000E+00  0.000000E+00  0.264538E+03  0.630308E+05
  0.326166E+00  0.633891E+05  0.609569E+05  0.000000E+00  0.000000E+00  0.259719E+03  0.625467E+05
  0.327994E+00  0.628962E+05  0.604909E+05  0.000000E+00  0.000000E+00  0.254959E+03  0.620616E+05
  0.329822E+00  0.624025E+05  0.600208E+05  0.000000E+00  0.000000E+00  0.250358E+03  0.615751E+05
  0.331650E+00  0.619076E+05  0.595465E+05  0.000000E+00  0.000000E+00  0.245810E+03  0.610870E+05
  0.333479E+00  0.614118E+05  0.590683E+05  0.000000E+00  0.000000E+00  0.241299E+03  0.605975E+05
  0.335307E+00  0.609153E+05  0.585868E+05  0.000000E+00  0.000000E+00  0.236869E+03  0.601070E+05
  0.337135E+00  0.604187E+05  0.581027E+05  0.000000E+00  0.000000E+00  0.232548E+03  0.596160E+05
  0.338963E+00  0.599225E+05  0.576169E+05  0.000000E+00  0.000000E+00  0.228303E+03  0.591250E+05
  0.340791E+00  0.594275E+05  0.571305E+05  0.000000E+00  0.000000E+00  0.224115E+03  0.586350E+05
  0.342619E+00  0.589346E+05  0.566448E+05  0.000000E+00  0.000000E+00  0.219976E+03  0.581468E+05
  0.344447E+00  0.584444E+05  0.561611E+05  0.000000E+00  0.000000E+00  0.215966E+03  0.576612E+05
  0.346275E+00  0.579581E+05  0.556805E+05  0.000000E+00  0.000000E+00  0.212053E+03  0.571793E+05
  0.348103E+00  0.574765E+05  0.552046E+05  0.000000E+00  0.000000E+00  0.208179E+03  0.567021E+05
  0.349931E+00  0.570006E+05  0.547346E+05  0.000000E+00  0.000000E+00  0.204391E+03  0.562306E+05
  0.351759E+00  0.565313E+05  0.542717E+05  0.000000E+00  0.000000E+00  0.200714E+03  0.557658E+05
  0.353587E+00  0.560694E+05  0.538170E+05  0.000000E+00  0.000000E+00  0.197143E+03  0.553083E+05
  0.355416E+00  0.556154E+05  0.533713E+05  0.000000E+00  0.000000E+00  0.193626E+03  0.548590E+05
  0.357244E+00  0.551700E+05  0.529354E+05  0.000000E+00  0.000000E+00  0.190184E+03  0.544183E+05
  0.359072E+00  0.547334E+05  0.525097E+05  0.000000E+00  0.000000E+00  0.186862E+03  0.539865E+05
  0.360900E+00  0.543059E+05  0.520945E+05  0.000000E+00  0.000000E+00  0.183644E+03  0.535641E+05
  0.362728E+00  0.538876E+05  0.516901E+05  0.000000E+00  0.000000E+00  0.180464E+03  0.531510E+05
  0.364556E+00  0.534786E+05  0.512964E+05  0.000000E+00  0.000000E+00  0.177378E+03  0.527474E+05
  0.366384E+00  0.530787E+05  0.509133E+05  0.000000E+00  0.000000E+00  0.174391E+03  0.523530E+05
  0.368212E+00  0.526878E+05  0.505403E+05  0.000000E+00  0.000000E+00  0.171483E+03  0.519677E+05
  0.370040E+00  0.523054E+05  0.501770E+05  0.000000E+00  0.000000E+00  0.168649E+03  0.515911E+05
  0.371868E+00  0.519310E+05  0.498227E+05  0.000000E+00  0.000000E+00  0.165865E+03  0.512226E+05
  0.373696E+00  0.515641E+05  0.494766E+05  0.000000E+00  0.000000E+00  0.163159E+03  0.508616E+05
  0.375524E+00  0.512040E+05  0.491378E+05  0.000000E+00  0.000000E+00  0.160551E+03  0.505074E+05
  0.377353E+00  0.508500E+05  0.488054E+05  0.000000E+00  0.000000E+00  0.157979E+03  0.501593E+05
  0.379181E+00  0.505014E+05  0.484786E+05  0.000000E+00  0.000000E+00  0.155433E+03  0.498167E+05
  0.381009E+00  0.501577E+05  0.481564E+05  0.000000E+00  0.000000E+00  0.152989E+03  0.494788E+05
  0.382837E+00  0.498182E+05  0.478381E+05  0.000000E+00  0.000000E+00  0.150587E+03  0.491451E+05
  0.384665E+00  0.494823E+05  0.475228E+05  0.000000E+00  0.000000E+00  0.148216E+03  0.488148E+05
  0.386493E+00  0.491493E+05  0.472099E+05  0.000000E+00  0.000000E+00  0.145891E+03  0.484874E+05
  0.388321E+00  0.488189E+05  0.468985E+05  0.000000E+00  0.000000E+00  0.143610E+03  0.481624E+05
  0.390149E+00  0.484904E+05  0.465883E+05  0.000000E+00  0.000000E+00  0.141378E+03  0.478391E+05
  0.391977E+00  0.481636E+05  0.462785E+05  0.000000E+00  0.000000E+00  0.139189E+03  0.475174E+05
  0.393805E+00  0.478381E+05  0.459691E+05  0.000000E+00  0.000000E+00  0.137007E+03  0.471968E+05
  0.395633E+00  0.475139E+05  0.456597E+05  0.000000E+00  0.000000E+00  0.134872E+03  0.468771E+05
  0.397461E+00  0.471907E+05  0.453503E+05  0.000000E+00  0.000000E+00  0.132803E+03  0.465585E+05
  0.399290E+00  0.468686E+05  0.450409E+05  0.000000E+00  0.000000E+00  0.130737E+03  0.462407E+05
  0.401118E+00  0.465476E+05  0.447316E+05  0.000000E+00  0.000000E+00  0.128697E+03  0.459239E+05
  0.402946E+00  0.462278E+05  0.444226E+05  0.000000E+00  0.000000E+00  0.126707E+03  0.456081E+05
  0.404774E+00  0.459095E+05  0.441142E+05  0.000000E+00  0.000000E+00  0.124761E+03  0.452936E+05
  0.406602E+00  0.455926E+05  0.438066E+05  0.000000E+00  0.000000E+00  0.122833E+03  0.449806E+05
  0.408430E+00  0.452776E+05  0.435002E+05  0.000000E+00  0.000000E+00  0.120929E+03  0.446692E+05
  0.410258E+00  0.449646E+05  0.431955E+05  0.000000E+00  0.000000E+00  0.119064E+03  0.443597E+05
  0.412086E+00  0.446540E+05  0.428928E+05  0.000000E+00  0.000000E+00  0.117254E+03  0.440526E+05
  0.413914E+00  0.443460E+05  0.425926E+05  0.000000E+00  0.000000E+00  0.115461E+03  0.437482E+05
  0.415742E+00  0.440411E+05  0.422953E+05  0.000000E+00  0.000000E+00  0.113687E+03  0.434467E+05
  0.417570E+00  0.437395E+05  0.420014E+05  0.000000E+00  0.000000E+00  0.111962E+03  0.431485E+05
  0.419398E+00  0.434414E+05  0.417112E+05  0.000000E+00  0.000000E+00  0.110277E+03  0.428538E+05
  0.421227E+00  0.431471E+05  0.414249E+05  0.000000E+00  0.000000E+00  0.108625E+03  0.425628E+05
  0.423055E+00  0.428566E+05  0.411429E+05  0.000000E+00  0.000000E+00  0.106989E+03  0.422758E+05
  0.424883E+00  0.425701E+05  0.408652E+05  0.000000E+00  0.000000E+00  0.105393E+03  0.419928E+05
  0.426711E+00  0.422878E+05  0.405922E+05  0.000000E+00  0.000000E+00  0.103849E+03  0.417140E+05
  0.428539E+00  0.420097E+05  0.403237E+05  0.000000E+00  0.000000E+00  0.102326E+03  0.414394E+05
  0.430367E+00  0.417359E+05  0.400600E+05  0.000000E+00  0.000000E+00  0.100812E+03  0.411691E+05
  0.432195E+00  0.414663E+05  0.398009E+05  0.000000E+00  0.000000E+00  0.993557E+02  0.409031E+05
  0.434023E+00  0.412008E+05  0.395464E+05  0.000000E+00  0.000000E+00  0.979324E+02  0.406413E+05
  0.435851E+00  0.409394E+05  0.392963E+05  0.000000E+00  0.000000E+00  0.965239E+02  0.403836E+05
  0.437679E+00  0.406818E+05  0.390503E+05  0.000000E+00  0.000000E+00  0.951461E+02  0.401297E+05
  0.439507E+00  0.404278E+05  0.388083E+05  0.000000E+00  0.000000E+00  0.937926E+02  0.398794E+05
  0.441335E+00  0.401774E+05  0.385699E+05  0.000000E+00  0.000000E+00  0.924727E+02  0.396327E+05
  0.443164E+00  0.399302E+05  0.383349E+05  0.000000E+00  0.000000E+00  0.911842E+02  0.393892E+05
  0.444992E+00  0.396861E+05  0.381030E+05  0.000000E+00  0.000000E+00  0.899037E+02  0.391488E+05
  0.446820E+00  0.394449E+05  0.378739E+05  0.000000E+00  0.000000E+00  0.886461E+02  0.389112E+05
  0.448648E+00  0.392063E+05  0.376475E+05  0.000000E+00  0.000000E+00  0.874365E+02  0.386763E+05
  0.450476E+00  0.389702E+05  0.374232E+05  0.000000E+00  0.000000E+00  0.862285E+02  0.384438E+05
  0.452304E+00  0.387363E+05  0.372010E+05  0.000000E+00  0.000000E+00  0.850381E+02  0.382134E+05
  0.454132E+00  0.385044E+05  0.369805E+05  0.000000E+00  0.000000E+00  0.838793E+02  0.379849E+05
  0.455960E+00  0.382742E+05  0.367614E+05  0.000000E+00  0.000000E+00  0.827394E+02  0.377582E+05
  0.457788E+00  0.380458E+05  0.365437E+05  0.000000E+00  0.000000E+00  0.816155E+02  0.375331E+05
  0.459616E+00  0.378189E+05  0.363271E+05  0.000000E+00  0.000000E+00  0.805104E+02  0.373094E+05
  0.461444E+00  0.375934E+05  0.361115E+05  0.000000E+00  0.000000E+00  0.794162E+02  0.370872E+05
  0.463273E+00  0.373694E+05  0.358970E+05  0.000000E+00  0.000000E+00  0.783456E+02  0.368662E+05
  0.465101E+00  0.371467E+05  0.356835E+05  0.000000E+00  0.000000E+00  0.772972E+02  0.366466E+05
  0.466929E+00  0.369253E+05  0.354708E+05  0.000000E+00  0.000000E+00  0.762520E+02  0.364282E+05
  0.468757E+00  0.367052E+05  0.352591E+05  0.000000E+00  0.000000E+00  0.752283E+02  0.362110E+05
  0.470585E+00  0.364864E+05  0.350484E+05  0.000000E+00  0.000000E+00  0.742217E+02  0.359951E+05
  0.472413E+00  0.362690E+05  0.348387E+05  0.000000E+00  0.000000E+00  0.732310E+02  0.357804E+05
  0.474241E+00  0.360530E+05  0.346302E+05  0.000000E+00  0.000000E+00  0.722503E+02  0.355672E+05
  0.476069E+00  0.358385E+05  0.344229E+05  0.000000E+00  0.000000E+00  0.712852E+02  0.353553E+05
  0.477897E+00  0.356255E+05  0.342171E+05  0.000000E+00  0.000000E+00  0.703396E+02  0.351451E+05
  0.479725E+00  0.354143E+05  0.340128E+05  0.000000E+00  0.000000E+00  0.694135E+02  0.349365E+05
  0.481553E+00  0.352049E+05  0.338102E+05  0.000000E+00  0.000000E+00  0.684961E+02  0.347296E+05
  0.483381E+00  0.349972E+05  0.336094E+05  0.000000E+00  0.000000E+00  0.675904E+02  0.345246E+05
  0.485210E+00  0.347916E+05  0.334105E+05  0.000000E+00  0.000000E+00  0.667024E+02  0.343215E+05
  0.487038E+00  0.345878E+05  0.332136E+05  0.000000E+00  0.000000E+00  0.658300E+02  0.341203E+05
  0.488866E+00  0.343862E+05  0.330188E+05  0.000000E+00  0.000000E+00  0.649795E+02  0.339212E+05
  0.490694E+00  0.341866E+05  0.328261E+05  0.000000E+00  0.000000E+00  0.641333E+02  0.337241E+05
  0.492522E+00  0.339892E+05  0.326357E+05  0.000000E+00  0.000000E+00  0.633043E+02  0.335293E+05
  0.494350E+00  0.337939E+05  0.324476E+05  0.000000E+00  0.000000E+00  0.624970E+02  0.333366E+05
  0.496178E+00  0.336009E+05  0.322618E+05  0.000000E+00  0.000000E+00  0.616951E+02  0.331461E+05
  0.498006E+00  0.334101E+05  0.320784E+05  0.000000E+00  0.000000E+00  0.608989E+02  0.329578E+05
  0.499834E+00  0.332215E+05  0.318972E+05  0.000000E+00  0.000000E+00  0.601360E+02  0.327717E+05
  0.501662E+00  0.330350E+05  0.317182E+05  0.000000E+00  0.000000E+00  0.593827E+02  0.325877E+05
  0.503490E+00  0.328505E+05  0.315413E+05  0.000000E+00  0.000000E+00  0.586337E+02  0.324058E+05
  0.505318E+00  0.326681E+05  0.313666E+05  0.000000E+00  0.000000E+00  0.578996E+02  0.322259E+05
  0.507147E+00  0.324876E+05  0.311938E+05  0.000000E+00  0.000000E+00  0.571743E+02  0.320480E+05
  0.508975E+00  0.323090E+05  0.310230E+05  0.000000E+00  0.000000E+00  0.564693E+02  0.318719E+05
  0.510803E+00  0.321323E+05  0.308540E+05  0.000000E+00  0.000000E+00  0.557794E+02  0.316977E+05
  0.512631E+00  0.319573E+05  0.306868E+05  0.000000E+00  0.000000E+00  0.550889E+02  0.315252E+05
  0.514459E+00  0.317840E+05  0.305212E+05  0.000000E+00  0.000000E+00  0.544105E+02  0.313543E+05
  0.516287E+00  0.316123E+05  0.303571E+05  0.000000E+00  0.000000E+00  0.537549E+02  0.311850E+05
  0.518115E+00  0.314420E+05  0.301944E+05  0.000000E+00  0.000000E+00  0.530952E+02  0.310172E+05
  0.519943E+00  0.312731E+05  0.300330E+05  0.000000E+00  0.000000E+00  0.524461E+02  0.308507E+05
  0.521771E+00  0.311055E+05  0.298728E+05  0.000000E+00  0.000000E+00  0.518144E+02  0.306855E+05
  0.523599E+00  0.309393E+05  0.297137E+05  0.000000E+00  0.000000E+00  0.511926E+02  0.305216E+05
  0.525427E+00  0.307743E+05  0.295558E+05  0.000000E+00  0.000000E+00  0.505758E+02  0.303589E+05
  0.527255E+00  0.306105E+05  0.293990E+05  0.000000E+00  0.000000E+00  0.499648E+02  0.301974E+05
  0.529084E+00  0.304479E+05  0.292431E+05  0.000000E+00  0.000000E+00  0.493624E+02  0.300370E+05
  0.530912E+00  0.302864E+05  0.290883E+05  0.000000E+00  0.000000E+00  0.487762E+02  0.298778E+05
  0.532740E+00  0.301260E+05  0.289344E+05  0.000000E+00  0.000000E+00  0.481992E+02  0.297196E+05
  0.534568E+00  0.299668E+05  0.287814E+05  0.000000E+00  0.000000E+00  0.476225E+02  0.295624E+05
  0.536396E+00  0.298085E+05  0.286294E+05  0.000000E+00  0.000000E+00  0.470578E+02  0.294063E+05
  0.538224E+00  0.296514E+05  0.284783E+05  0.000000E+00  0.000000E+00  0.465014E+02  0.292513E+05
  0.540052E+00  0.294954E+05  0.283282E+05  0.000000E+00  0.000000E+00  0.459561E+02  0.290974E+05
  0.541880E+00  0.293405E+05  0.281792E+05  0.000000E+00  0.000000E+00  0.454138E+02  0.289445E+05
  0.543708E+00  0.291867E+05  0.280311E+05  0.000000E+00  0.000000E+00  0.448805E+02  0.287927E+05
  0.545536E+00  0.290341E+05  0.278841E+05  0.000000E+00  0.000000E+00  0.443595E+02  0.286421E+05
  0.547364E+00  0.288826E+05  0.277382E+05  0.000000E+00  0.000000E+00  0.438434E+02  0.284926E+05
  0.549192E+00  0.287323E+05  0.275934E+05  0.000000E+00  0.000000E+00  0.433277E+02  0.283443E+05
  0.551021E+00  0.285832E+05  0.274498E+05  0.000000E+00  0.000000E+00  0.428255E+02  0.281971E+05
  0.552849E+00  0.284352E+05  0.273073E+05  0.000000E+00  0.000000E+00  0.423331E+02  0.280510E+05
  0.554677E+00  0.282885E+05  0.271659E+05  0.000000E+00  0.000000E+00  0.418454E+02  0.279062E+05
  0.556505E+00  0.281430E+05  0.270259E+05  0.000000E+00  0.000000E+00  0.413667E+02  0.277627E+05
  0.558333E+00  0.279988E+05  0.268871E+05  0.000000E+00  0.000000E+00  0.408866E+02  0.276204E+05
  0.560161E+00  0.278559E+05  0.267495E+05  0.000000E+00  0.000000E+00  0.404189E+02  0.274793E+05
  0.561989E+00  0.277142E+05  0.266133E+05  0.000000E+00  0.000000E+00  0.399654E+02  0.273395E+05
  0.563817E+00  0.275738E+05  0.264783E+05  0.000000E+00  0.000000E+00  0.395111E+02  0.272010E+05
  0.565645E+00  0.274346E+05  0.263446E+05  0.000000E+00  0.000000E+00  0.390588E+02  0.270637E+05
  0.567473E+00  0.272967E+05  0.262121E+05  0.000000E+00  0.000000E+00  0.386243E+02  0.269276E+05
  0.569301E+00  0.271600E+05  0.260808E+05  0.000000E+00  0.000000E+00  0.381907E+02  0.267927E+05
  0.571130E+00  0.270245E+05  0.259507E+05  0.000000E+00  0.000000E+00  0.377607E+02  0.266591E+05
  0.572958E+00  0.268902E+05  0.258219E+05  0.000000E+00  0.000000E+00  0.373406E+02  0.265266E+05
  0.574786E+00  0.267571E+05  0.256942E+05  0.000000E+00  0.000000E+00  0.369248E+02  0.263953E+05
  0.576614E+00  0.266251E+05  0.255677E+05  0.000000E+00  0.000000E+00  0.365195E+02  0.262652E+05
  0.578442E+00  0.264943E+05  0.254423E+05  0.000000E+00  0.000000E+00  0.361174E+02  0.261362E+05
  0.580270E+00  0.263645E+05  0.253180E+05  0.000000E+00  0.000000E+00  0.357139E+02  0.260082E+05
  0.582098E+00  0.262358E+05  0.251946E+05  0.000000E+00  0.000000E+00  0.353221E+02  0.258813E+05
  0.701301E+00  0.195627E+05  0.187870E+05  0.000000E+00  0.000000E+00  0.182995E+02  0.192984E+05
  0.856572E+00  0.142040E+05  0.136411E+05  0.000000E+00  0.000000E+00  0.896413E+01  0.140121E+05
  0.104622E+01  0.102643E+05  0.985766E+04  0.000000E+00  0.000000E+00  0.436221E+01  0.101256E+05
  0.127786E+01  0.738568E+04  0.709312E+04  0.000000E+00  0.000000E+00  0.211094E+01  0.728589E+04
  0.156078E+01  0.529363E+04  0.508397E+04  0.000000E+00  0.000000E+00  0.140493E+01  0.522211E+04
  0.190633E+01  0.378067E+04  0.363096E+04  0.000000E+00  0.000000E+00  0.674700E+00  0.372960E+04
  0.232840E+01  0.269135E+04  0.258478E+04  0.000000E+00  0.000000E+00  0.322609E+00  0.265499E+04
  0.284392E+01  0.191018E+04  0.183454E+04  0.000000E+00  0.000000E+00  0.153729E+00  0.188437E+04
  0.347357E+01  0.135203E+04  0.129850E+04  0.000000E+00  0.000000E+00  0.730261E-01  0.133377E+04
  0.424263E+01  0.954565E+03  0.916760E+03  0.000000E+00  0.000000E+00  0.345774E-01  0.941668E+03
  0.518196E+01  0.672377E+03  0.645741E+03  0.000000E+00  0.000000E+00  0.163325E-01  0.663291E+03
  0.632926E+01  0.472591E+03  0.453861E+03  0.000000E+00  0.000000E+00  0.769711E-02  0.466204E+03
  0.773057E+01  0.331508E+03  0.318361E+03  0.000000E+00  0.000000E+00  0.361979E-02  0.327026E+03
  0.944214E+01  0.232114E+03  0.222898E+03  0.000000E+00  0.000000E+00  0.169885E-02  0.228974E+03
  0.115327E+02  0.162241E+03  0.155789E+03  0.000000E+00  0.000000E+00  0.796521E-03  0.160045E+03
  0.140860E+02  0.113221E+03  0.108707E+03  0.000000E+00  0.000000E+00  0.372160E-03  0.111686E+03
  0.172047E+02  0.788930E+02  0.757361E+02  0.000000E+00  0.000000E+00  0.173918E-03  0.778220E+02
  0.210139E+02  0.548960E+02  0.526871E+02  0.000000E+00  0.000000E+00  0.810835E-04  0.541489E+02
  0.256664E+02  0.381476E+02  0.365999E+02  0.000000E+00  0.000000E+00  0.377811E-04  0.376264E+02
  0.313490E+02  0.264757E+02  0.253883E+02  0.000000E+00  0.000000E+00  0.175878E-04  0.261119E+02
  0.382898E+02  0.183528E+02  0.175855E+02  0.000000E+00  0.000000E+00  0.815759E-05  0.180986E+02
  0.467672E+02  0.127074E+02  0.121620E+02  0.000000E+00  0.000000E+00  0.378573E-05  0.125291E+02
  0.571216E+02  0.878839E+01  0.839676E+01  0.000000E+00  0.000000E+00  0.175185E-05  0.866288E+01
  0.697686E+02  0.607103E+01  0.578564E+01  0.000000E+00  0.000000E+00  0.811671E-06  0.598203E+01
  0.852154E+02  0.418888E+01  0.397678E+01  0.000000E+00  0.000000E+00  0.375755E-06  0.412512E+01
  0.104082E+03  0.288651E+01  0.272488E+01  0.000000E+00  0.000000E+00  0.174023E-06  0.284018E+01
