  0.352787E-05  0.233650E+06  0.233650E+06  0.311533E+06  0.311533E+06  0.253110E+06  0.233816E+06
  0.364739E-05  0.233650E+06  0.233650E+06  0.311533E+06  0.311533E+06  0.253110E+06  0.233816E+06
  0.377095E-05  0.233650E+06  0.233650E+06  0.311533E+06  0.311533E+06  0.253110E+06  0.233816E+06
  0.389871E-05  0.233650E+06  0.233650E+06  0.311533E+06  0.311533E+06  0.253110E+06  0.233816E+06
  0.403079E-05  0.233650E+06  0.233650E+06  0.311533E+06  0.311533E+06  0.253110E+06  0.233816E+06
  0.416735E-05  0.233650E+06  0.233650E+06  0.311533E+06  0.311533E+06  0.253110E+06  0.233816E+06
  0.430853E-05  0.233650E+06  0.233650E+06  0.311533E+06  0.311532E+06  0.253110E+06  0.233816E+06
  0.445450E-05  0.233650E+06  0.233650E+06  0.311533E+06  0.311532E+06  0.253110E+06  0.233816E+06
  0.460541E-05  0.233650E+06  0.233650E+06  0.311532E+06  0.311532E+06  0.253110E+06  0.233816E+06
  0.476143E-05  0.233650E+06  0.233650E+06  0.311532E+06  0.311532E+06  0.253110E+06  0.233816E+06
  0.492274E-05  0.233650E+06  0.233650E+06  0.311532E+06  0.311532E+06  0.253110E+06  0.233816E+06
  0.508952E-05  0.233650E+06  0.233650E+06  0.311532E+06  0.311532E+06  0.253110E+06  0.233816E+06
  0.526194E-05  0.233650E+06  0.233650E+06  0.311532E+06  0.311532E+06  0.253110E+06  0.233816E+06
  0.544021E-05  0.233650E+06  0.233650E+06  0.311532E+06  0.311532E+06  0.253110E+06  0.233816E+06
  0.562451E-05  0.233650E+06  0.233650E+06  0.311532E+06  0.311532E+06  0.253110E+06  0.233816E+06
  0.581506E-05  0.233650E+06  0.233650E+06  0.311532E+06  0.311532E+06  0.253110E+06  0.233816E+06
  0.601207E-05  0.233650E+06  0.233650E+06  0.311532E+06  0.311532E+06  0.253110E+06  0.233816E+06
  0.621575E-05  0.233650E+06  0.233650E+06  0.311532E+06  0.311532E+06  0.253110E+06  0.233816E+06
  0.642633E-05  0.233650E+06  0.233650E+06  0.311532E+06  0.311532E+06  0.253110E+06  0.233816E+06
  0.664404E-05  0.233650E+06  0.233650E+06  0.311532E+06  0.311532E+06  0.253110E+06  0.233816E+06
  0.686913E-05  0.233650E+06  0.233650E+06  0.311532E+06  0.311532E+06  0.253110E+06  0.233816E+06
  0.710185E-05  0.233650E+06  0.233650E+06  0.311532E+06  0.311532E+06  0.253110E+06  0.233816E+06
  0.734245E-05  0.233650E+06  0.233650E+06  0.311532E+06  0.311532E+06  0.253110E+06  0.233816E+06
  0.759120E-05  0.233650E+06  0.233650E+06  0.311532E+06  0.311532E+06  0.253110E+06  0.233816E+06
  0.784838E-05  0.233650E+06  0.233650E+06  0.311532E+06  0.311532E+06  0.253110E+06  0.233816E+06
  0.811427E-05  0.233650E+06  0.233650E+06  0.311532E+06  0.311532E+06  0.253110E+06  0.233816E+06
  0.838917E-05  0.233650E+06  0.233650E+06  0.311532E+06  0.311532E+06  0.253110E+06  0.233816E+06
  0.867338E-05  0.233650E+06  0.233650E+06  0.311532E+06  0.311532E+06  0.253110E+06  0.233816E+06
  0.896722E-05  0.233650E+06  0.233650E+06  0.311532E+06  0.311532E+06  0.253110E+06  0.233816E+06
  0.927101E-05  0.233650E+06  0.233650E+06  0.311532E+06  0.311532E+06  0.253110E+06  0.233816E+06
  0.958510E-05  0.233650E+06  0.233650E+06  0.311532E+06  0.311532E+06  0.253110E+06  0.233816E+06
  0.990983E-05  0.233650E+06  0.233650E+06  0.311532E+06  0.311531E+06  0.253110E+06  0.233816E+06
  0.102456E-04  0.233650E+06  0.233650E+06  0.311531E+06  0.311531E+06  0.253110E+06  0.233816E+06
  0.105927E-04  0.233650E+06  0.233650E+06  0.311531E+06  0.311531E+06  0.253110E+06  0.233816E+06
  0.109515E-04  0.233650E+06  0.233650E+06  0.311531E+06  0.311531E+06  0.253110E+06  0.233816E+06
  0.113225E-04  0.233650E+06  0.233650E+06  0.311531E+06  0.311531E+06  0.253110E+06  0.233816E+06
  0.117061E-04  0.233650E+06  0.233649E+06  0.311531E+06  0.311531E+06  0.253109E+06  0.233816E+06
  0.121027E-04  0.233650E+06  0.233649E+06  0.311531E+06  0.311531E+06  0.253109E+06  0.233816E+06
  0.125127E-04  0.233649E+06  0.233649E+06  0.311531E+06  0.311531E+06  0.253109E+06  0.233816E+06
  0.129367E-04  0.233649E+06  0.233649E+06  0.311531E+06  0.311530E+06  0.253109E+06  0.233816E+06
  0.133749E-04  0.233649E+06  0.233649E+06  0.311531E+06  0.311530E+06  0.253109E+06  0.233816E+06
  0.138281E-04  0.233649E+06  0.233649E+06  0.311530E+06  0.311530E+06  0.253109E+06  0.233816E+06
  0.142965E-04  0.233649E+06  0.233649E+06  0.311530E+06  0.311530E+06  0.253109E+06  0.233816E+06
  0.147809E-04  0.233649E+06  0.233649E+06  0.311530E+06  0.311530E+06  0.253109E+06  0.233816E+06
  0.152816E-04  0.233649E+06  0.233649E+06  0.311530E+06  0.311530E+06  0.253109E+06  0.233816E+06
  0.157993E-04  0.233649E+06  0.233649E+06  0.311530E+06  0.311529E+06  0.253109E+06  0.233816E+06
  0.163346E-04  0.233649E+06  0.233649E+06  0.311530E+06  0.311529E+06  0.253109E+06  0.233816E+06
  0.168880E-04  0.233649E+06  0.233649E+06  0.311529E+06  0.311529E+06  0.253108E+06  0.233816E+06
  0.174601E-04  0.233649E+06  0.233649E+06  0.311529E+06  0.311529E+06  0.253108E+06  0.233816E+06
  0.180517E-04  0.233649E+06  0.233649E+06  0.311529E+06  0.311528E+06  0.253108E+06  0.233816E+06
  0.186632E-04  0.233649E+06  0.233649E+06  0.311528E+06  0.311528E+06  0.253108E+06  0.233816E+06
  0.192955E-04  0.233649E+06  0.233649E+06  0.311528E+06  0.311528E+06  0.253108E+06  0.233816E+06
  0.199492E-04  0.233649E+06  0.233649E+06  0.311528E+06  0.311527E+06  0.253108E+06  0.233816E+06
  0.206250E-04  0.233649E+06  0.233649E+06  0.311528E+06  0.311527E+06  0.253108E+06  0.233816E+06
  0.213238E-04  0.233649E+06  0.233649E+06  0.311527E+06  0.311527E+06  0.253107E+06  0.233816E+06
  0.220462E-04  0.233649E+06  0.233649E+06  0.311527E+06  0.311526E+06  0.253107E+06  0.233816E+06
  0.227931E-04  0.233649E+06  0.233649E+06  0.311526E+06  0.311526E+06  0.253107E+06  0.233816E+06
  0.235653E-04  0.233649E+06  0.233649E+06  0.311526E+06  0.311525E+06  0.253107E+06  0.233816E+06
  0.243637E-04  0.233649E+06  0.233649E+06  0.311525E+06  0.311525E+06  0.253106E+06  0.233816E+06
  0.251891E-04  0.233649E+06  0.233649E+06  0.311525E+06  0.311524E+06  0.253106E+06  0.233816E+06
  0.260424E-04  0.233649E+06  0.233649E+06  0.311524E+06  0.311524E+06  0.253106E+06  0.233816E+06
  0.269247E-04  0.233649E+06  0.233649E+06  0.311524E+06  0.311523E+06  0.253105E+06  0.233815E+06
  0.278369E-04  0.233649E+06  0.233649E+06  0.311523E+06  0.311522E+06  0.253105E+06  0.233815E+06
  0.287799E-04  0.233649E+06  0.233649E+06  0.311523E+06  0.311521E+06  0.253105E+06  0.233815E+06
  0.297550E-04  0.233649E+06  0.233649E+06  0.311522E+06  0.311521E+06  0.253104E+06  0.233815E+06
  0.307630E-04  0.233649E+06  0.233649E+06  0.311521E+06  0.311520E+06  0.253104E+06  0.233815E+06
  0.318052E-04  0.233649E+06  0.233649E+06  0.311520E+06  0.311519E+06  0.253103E+06  0.233815E+06
  0.328827E-04  0.233649E+06  0.233649E+06  0.311520E+06  0.311518E+06  0.253103E+06  0.233815E+06
  0.339967E-04  0.233649E+06  0.233649E+06  0.311519E+06  0.311517E+06  0.253102E+06  0.233815E+06
  0.351485E-04  0.233649E+06  0.233649E+06  0.311518E+06  0.311516E+06  0.253102E+06  0.233815E+06
  0.363393E-04  0.233649E+06  0.233649E+06  0.311517E+06  0.311515E+06  0.253101E+06  0.233815E+06
  0.375704E-04  0.233649E+06  0.233649E+06  0.311515E+06  0.311513E+06  0.253101E+06  0.233815E+06
  0.388432E-04  0.233649E+06  0.233649E+06  0.311514E+06  0.311512E+06  0.253100E+06  0.233815E+06
  0.401592E-04  0.233649E+06  0.233649E+06  0.311513E+06  0.311511E+06  0.253099E+06  0.233815E+06
  0.415197E-04  0.233649E+06  0.233649E+06  0.311512E+06  0.311509E+06  0.253099E+06  0.233815E+06
  0.429263E-04  0.233649E+06  0.233648E+06  0.311510E+06  0.311508E+06  0.253098E+06  0.233815E+06
  0.443806E-04  0.233649E+06  0.233648E+06  0.311509E+06  0.311506E+06  0.253097E+06  0.233815E+06
  0.458841E-04  0.233648E+06  0.233648E+06  0.311507E+06  0.311504E+06  0.253096E+06  0.233815E+06
  0.474386E-04  0.233648E+06  0.233648E+06  0.311505E+06  0.311502E+06  0.253095E+06  0.233815E+06
  0.490458E-04  0.233648E+06  0.233648E+06  0.311503E+06  0.311500E+06  0.253094E+06  0.233814E+06
  0.507074E-04  0.233648E+06  0.233648E+06  0.311501E+06  0.311498E+06  0.253093E+06  0.233814E+06
  0.524253E-04  0.233648E+06  0.233648E+06  0.311499E+06  0.311495E+06  0.253092E+06  0.233814E+06
  0.542013E-04  0.233648E+06  0.233648E+06  0.311497E+06  0.311493E+06  0.253090E+06  0.233814E+06
  0.560376E-04  0.233648E+06  0.233648E+06  0.311494E+06  0.311490E+06  0.253089E+06  0.233814E+06
  0.579361E-04  0.233648E+06  0.233648E+06  0.311492E+06  0.311487E+06  0.253087E+06  0.233814E+06
  0.598989E-04  0.233648E+06  0.233647E+06  0.311489E+06  0.311484E+06  0.253086E+06  0.233814E+06
  0.619281E-04  0.233648E+06  0.233647E+06  0.311486E+06  0.311480E+06  0.253084E+06  0.233814E+06
  0.640262E-04  0.233647E+06  0.233647E+06  0.311482E+06  0.311477E+06  0.253082E+06  0.233813E+06
  0.661953E-04  0.233647E+06  0.233647E+06  0.311479E+06  0.311473E+06  0.253080E+06  0.233813E+06
  0.684379E-04  0.233647E+06  0.233647E+06  0.311475E+06  0.311469E+06  0.253078E+06  0.233813E+06
  0.707564E-04  0.233647E+06  0.233647E+06  0.311471E+06  0.311464E+06  0.253076E+06  0.233813E+06
  0.731536E-04  0.233647E+06  0.233646E+06  0.311467E+06  0.311460E+06  0.253074E+06  0.233813E+06
  0.756319E-04  0.233647E+06  0.233646E+06  0.311463E+06  0.311455E+06  0.253071E+06  0.233813E+06
  0.781942E-04  0.233646E+06  0.233646E+06  0.311458E+06  0.311449E+06  0.253069E+06  0.233812E+06
  0.808433E-04  0.233646E+06  0.233646E+06  0.311453E+06  0.311444E+06  0.253066E+06  0.233812E+06
  0.835821E-04  0.233646E+06  0.233645E+06  0.311447E+06  0.311437E+06  0.253063E+06  0.233812E+06
  0.864138E-04  0.233646E+06  0.233645E+06  0.311441E+06  0.311431E+06  0.253059E+06  0.233811E+06
  0.893413E-04  0.233645E+06  0.233645E+06  0.311435E+06  0.311424E+06  0.253056E+06  0.233811E+06
  0.923681E-04  0.233645E+06  0.233644E+06  0.311428E+06  0.311416E+06  0.253052E+06  0.233811E+06
  0.954974E-04  0.233645E+06  0.233644E+06  0.311421E+06  0.311408E+06  0.253048E+06  0.233811E+06
  0.987327E-04  0.233644E+06  0.233644E+06  0.311413E+06  0.311400E+06  0.253044E+06  0.233810E+06
  0.102078E-03  0.233644E+06  0.233643E+06  0.311405E+06  0.311390E+06  0.253039E+06  0.233810E+06
  0.105536E-03  0.233644E+06  0.233643E+06  0.311396E+06  0.311381E+06  0.253034E+06  0.233809E+06
  0.109111E-03  0.233643E+06  0.233642E+06  0.311387E+06  0.311370E+06  0.253029E+06  0.233809E+06
  0.112808E-03  0.233643E+06  0.233642E+06  0.311377E+06  0.311359E+06  0.253023E+06  0.233808E+06
  0.116629E-03  0.233642E+06  0.233641E+06  0.311366E+06  0.311347E+06  0.253017E+06  0.233808E+06
  0.120581E-03  0.233642E+06  0.233641E+06  0.311354E+06  0.311334E+06  0.253011E+06  0.233807E+06
  0.124666E-03  0.233641E+06  0.233640E+06  0.311342E+06  0.311321E+06  0.253004E+06  0.233807E+06
  0.128889E-03  0.233641E+06  0.233640E+06  0.311329E+06  0.311306E+06  0.252997E+06  0.233806E+06
  0.133256E-03  0.233640E+06  0.233639E+06  0.311315E+06  0.311290E+06  0.252989E+06  0.233805E+06
  0.137770E-03  0.233640E+06  0.233638E+06  0.311300E+06  0.311274E+06  0.252980E+06  0.233805E+06
  0.142438E-03  0.233639E+06  0.233637E+06  0.311284E+06  0.311256E+06  0.252972E+06  0.233804E+06
  0.147263E-03  0.233638E+06  0.233637E+06  0.311267E+06  0.311237E+06  0.252962E+06  0.233803E+06
  0.152252E-03  0.233637E+06  0.233636E+06  0.311248E+06  0.311216E+06  0.252952E+06  0.233802E+06
  0.157410E-03  0.233637E+06  0.233635E+06  0.311229E+06  0.311194E+06  0.252941E+06  0.233801E+06
  0.162743E-03  0.233636E+06  0.233634E+06  0.311208E+06  0.311171E+06  0.252929E+06  0.233800E+06
  0.168257E-03  0.233635E+06  0.233633E+06  0.311185E+06  0.311146E+06  0.252917E+06  0.233799E+06
  0.173957E-03  0.233634E+06  0.233631E+06  0.311162E+06  0.311120E+06  0.252903E+06  0.233798E+06
  0.179850E-03  0.233633E+06  0.233630E+06  0.311136E+06  0.311091E+06  0.252889E+06  0.233797E+06
  0.185944E-03  0.233631E+06  0.233629E+06  0.311109E+06  0.311061E+06  0.252874E+06  0.233795E+06
  0.192243E-03  0.233630E+06  0.233627E+06  0.311079E+06  0.311028E+06  0.252857E+06  0.233794E+06
  0.198756E-03  0.233629E+06  0.233626E+06  0.311048E+06  0.310994E+06  0.252840E+06  0.233793E+06
  0.205489E-03  0.233627E+06  0.233624E+06  0.311015E+06  0.310956E+06  0.252821E+06  0.233791E+06
  0.212451E-03  0.233626E+06  0.233622E+06  0.310979E+06  0.310917E+06  0.252802E+06  0.233789E+06
  0.219649E-03  0.233624E+06  0.233621E+06  0.310941E+06  0.310874E+06  0.252780E+06  0.233787E+06
  0.227090E-03  0.233622E+06  0.233619E+06  0.310900E+06  0.310829E+06  0.252758E+06  0.233785E+06
  0.234783E-03  0.233621E+06  0.233616E+06  0.310857E+06  0.310781E+06  0.252733E+06  0.233783E+06
  0.242738E-03  0.233619E+06  0.233614E+06  0.310810E+06  0.310729E+06  0.252707E+06  0.233781E+06
  0.250961E-03  0.233616E+06  0.233612E+06  0.310760E+06  0.310674E+06  0.252680E+06  0.233779E+06
  0.259463E-03  0.233614E+06  0.233609E+06  0.310707E+06  0.310614E+06  0.252650E+06  0.233776E+06
  0.268253E-03  0.233612E+06  0.233606E+06  0.310650E+06  0.310551E+06  0.252618E+06  0.233773E+06
  0.277342E-03  0.233609E+06  0.233603E+06  0.310590E+06  0.310484E+06  0.252584E+06  0.233770E+06
  0.286737E-03  0.233606E+06  0.233600E+06  0.310525E+06  0.310412E+06  0.252548E+06  0.233767E+06
  0.296452E-03  0.233603E+06  0.233597E+06  0.310456E+06  0.310334E+06  0.252509E+06  0.233764E+06
  0.306495E-03  0.233600E+06  0.233593E+06  0.310381E+06  0.310252E+06  0.252468E+06  0.233760E+06
  0.316879E-03  0.233597E+06  0.233589E+06  0.310302E+06  0.310164E+06  0.252424E+06  0.233756E+06
  0.327614E-03  0.233593E+06  0.233585E+06  0.310218E+06  0.310070E+06  0.252377E+06  0.233752E+06
  0.338713E-03  0.233589E+06  0.233581E+06  0.310127E+06  0.309969E+06  0.252326E+06  0.233748E+06
  0.350188E-03  0.233585E+06  0.233576E+06  0.310031E+06  0.309862E+06  0.252272E+06  0.233743E+06
  0.362052E-03  0.233581E+06  0.233571E+06  0.309927E+06  0.309747E+06  0.252215E+06  0.233738E+06
  0.374318E-03  0.233576E+06  0.233565E+06  0.309817E+06  0.309624E+06  0.252153E+06  0.233733E+06
  0.386999E-03  0.233571E+06  0.233560E+06  0.309699E+06  0.309493E+06  0.252087E+06  0.233727E+06
  0.400110E-03  0.233565E+06  0.233553E+06  0.309573E+06  0.309353E+06  0.252017E+06  0.233721E+06
  0.413665E-03  0.233560E+06  0.233547E+06  0.309438E+06  0.309203E+06  0.251942E+06  0.233715E+06
  0.427679E-03  0.233553E+06  0.233540E+06  0.309294E+06  0.309043E+06  0.251861E+06  0.233708E+06
  0.442168E-03  0.233547E+06  0.233532E+06  0.309141E+06  0.308873E+06  0.251775E+06  0.233700E+06
  0.457148E-03  0.233540E+06  0.233524E+06  0.308977E+06  0.308690E+06  0.251684E+06  0.233692E+06
  0.472636E-03  0.233532E+06  0.233515E+06  0.308801E+06  0.308495E+06  0.251586E+06  0.233684E+06
  0.488648E-03  0.233524E+06  0.233506E+06  0.308614E+06  0.308287E+06  0.251481E+06  0.233675E+06
  0.505203E-03  0.233515E+06  0.233496E+06  0.308413E+06  0.308064E+06  0.251369E+06  0.233665E+06
  0.522318E-03  0.233506E+06  0.233486E+06  0.308199E+06  0.307826E+06  0.251250E+06  0.233655E+06
  0.540014E-03  0.233496E+06  0.233475E+06  0.307971E+06  0.307573E+06  0.251122E+06  0.233644E+06
  0.558308E-03  0.233486E+06  0.233463E+06  0.307727E+06  0.307301E+06  0.250986E+06  0.233632E+06
  0.577223E-03  0.233474E+06  0.233450E+06  0.307466E+06  0.307012E+06  0.250840E+06  0.233619E+06
  0.596778E-03  0.233462E+06  0.233436E+06  0.307187E+06  0.306702E+06  0.250684E+06  0.233605E+06
  0.616996E-03  0.233450E+06  0.233421E+06  0.306890E+06  0.306372E+06  0.250518E+06  0.233591E+06
  0.637899E-03  0.233436E+06  0.233405E+06  0.306572E+06  0.306019E+06  0.250340E+06  0.233576E+06
  0.659510E-03  0.233421E+06  0.233389E+06  0.306233E+06  0.305643E+06  0.250151E+06  0.233559E+06
  0.681853E-03  0.233405E+06  0.233371E+06  0.305871E+06  0.305241E+06  0.249948E+06  0.233541E+06
  0.704954E-03  0.233389E+06  0.233352E+06  0.305484E+06  0.304811E+06  0.249732E+06  0.233523E+06
  0.728836E-03  0.233371E+06  0.233331E+06  0.305071E+06  0.304353E+06  0.249501E+06  0.233502E+06
  0.753528E-03  0.233351E+06  0.233309E+06  0.304630E+06  0.303864E+06  0.249254E+06  0.233481E+06
  0.779057E-03  0.233331E+06  0.233286E+06  0.304159E+06  0.303342E+06  0.248991E+06  0.233458E+06
  0.805450E-03  0.233309E+06  0.233261E+06  0.303657E+06  0.302785E+06  0.248710E+06  0.233433E+06
  0.832737E-03  0.233286E+06  0.233234E+06  0.303120E+06  0.302190E+06  0.248410E+06  0.233407E+06
  0.860949E-03  0.233261E+06  0.233206E+06  0.302548E+06  0.301556E+06  0.248089E+06  0.233379E+06
  0.890117E-03  0.233234E+06  0.233175E+06  0.301937E+06  0.300879E+06  0.247747E+06  0.233349E+06
  0.920272E-03  0.233205E+06  0.233143E+06  0.301286E+06  0.300157E+06  0.247382E+06  0.233317E+06
  0.951450E-03  0.233175E+06  0.233108E+06  0.300591E+06  0.299387E+06  0.246992E+06  0.233283E+06
  0.983684E-03  0.233142E+06  0.233071E+06  0.299849E+06  0.298567E+06  0.246577E+06  0.233246E+06
  0.101701E-02  0.233108E+06  0.233031E+06  0.299058E+06  0.297691E+06  0.246133E+06  0.233207E+06
  0.105146E-02  0.233071E+06  0.232988E+06  0.298215E+06  0.296758E+06  0.245660E+06  0.233165E+06
  0.108709E-02  0.233031E+06  0.232943E+06  0.297316E+06  0.295764E+06  0.245155E+06  0.233121E+06
  0.112391E-02  0.232988E+06  0.232895E+06  0.296357E+06  0.294705E+06  0.244617E+06  0.233073E+06
  0.116199E-02  0.232943E+06  0.232843E+06  0.295335E+06  0.293576E+06  0.244043E+06  0.233023E+06
  0.120136E-02  0.232895E+06  0.232788E+06  0.294247E+06  0.292374E+06  0.243432E+06  0.232968E+06
  0.124206E-02  0.232843E+06  0.232729E+06  0.293087E+06  0.291094E+06  0.242780E+06  0.232910E+06
  0.128414E-02  0.232788E+06  0.232666E+06  0.291851E+06  0.289731E+06  0.242085E+06  0.232849E+06
  0.132764E-02  0.232729E+06  0.232598E+06  0.290536E+06  0.288281E+06  0.241344E+06  0.232783E+06
  0.137262E-02  0.232666E+06  0.232527E+06  0.289135E+06  0.286738E+06  0.240555E+06  0.232712E+06
  0.141912E-02  0.232599E+06  0.232450E+06  0.287645E+06  0.285097E+06  0.239715E+06  0.232637E+06
  0.146720E-02  0.232528E+06  0.232368E+06  0.286059E+06  0.283353E+06  0.238821E+06  0.232557E+06
  0.151691E-02  0.232451E+06  0.232280E+06  0.284372E+06  0.281499E+06  0.237869E+06  0.232471E+06
  0.156830E-02  0.232370E+06  0.232187E+06  0.282579E+06  0.279529E+06  0.236855E+06  0.232380E+06
  0.162143E-02  0.232283E+06  0.232088E+06  0.280673E+06  0.277438E+06  0.235777E+06  0.232282E+06
  0.167636E-02  0.232190E+06  0.231981E+06  0.278648E+06  0.275218E+06  0.234631E+06  0.232178E+06
  0.173315E-02  0.232091E+06  0.231868E+06  0.276497E+06  0.272863E+06  0.233413E+06  0.232067E+06
  0.179187E-02  0.231985E+06  0.231747E+06  0.274214E+06  0.270366E+06  0.232118E+06  0.231949E+06
  0.185257E-02  0.231872E+06  0.231617E+06  0.271792E+06  0.267719E+06  0.230742E+06  0.231823E+06
  0.191534E-02  0.231751E+06  0.231480E+06  0.269223E+06  0.264917E+06  0.229281E+06  0.231688E+06
  0.198023E-02  0.231623E+06  0.231333E+06  0.266501E+06  0.261951E+06  0.227731E+06  0.231545E+06
  0.204731E-02  0.231486E+06  0.231176E+06  0.263618E+06  0.258814E+06  0.226087E+06  0.231392E+06
  0.211667E-02  0.231340E+06  0.231009E+06  0.260566E+06  0.255498E+06  0.224343E+06  0.231229E+06
  0.218838E-02  0.231185E+06  0.230830E+06  0.257337E+06  0.251997E+06  0.222496E+06  0.231056E+06
  0.226252E-02  0.231019E+06  0.230640E+06  0.253925E+06  0.248302E+06  0.220540E+06  0.230871E+06
  0.233917E-02  0.230842E+06  0.230438E+06  0.250321E+06  0.244408E+06  0.218470E+06  0.230674E+06
  0.241842E-02  0.230654E+06  0.230222E+06  0.246517E+06  0.240307E+06  0.216281E+06  0.230464E+06
  0.250035E-02  0.230454E+06  0.229992E+06  0.242507E+06  0.235993E+06  0.213967E+06  0.230241E+06
  0.258506E-02  0.230240E+06  0.229747E+06  0.238284E+06  0.231460E+06  0.211524E+06  0.230004E+06
  0.267264E-02  0.230013E+06  0.229486E+06  0.233840E+06  0.226702E+06  0.208947E+06  0.229752E+06
  0.276318E-02  0.229772E+06  0.229208E+06  0.229170E+06  0.221716E+06  0.206231E+06  0.229483E+06
  0.285679E-02  0.229514E+06  0.228913E+06  0.224268E+06  0.216497E+06  0.203370E+06  0.229198E+06
  0.295358E-02  0.229241E+06  0.228598E+06  0.219129E+06  0.211044E+06  0.200362E+06  0.228894E+06
  0.305364E-02  0.228950E+06  0.228263E+06  0.213749E+06  0.205353E+06  0.197201E+06  0.228572E+06
  0.315709E-02  0.228641E+06  0.227907E+06  0.208126E+06  0.199427E+06  0.193883E+06  0.228230E+06
  0.326405E-02  0.228313E+06  0.227529E+06  0.202258E+06  0.193267E+06  0.190407E+06  0.227867E+06
  0.337463E-02  0.227964E+06  0.227127E+06  0.196145E+06  0.186877E+06  0.186768E+06  0.227482E+06
  0.348896E-02  0.227594E+06  0.226700E+06  0.189790E+06  0.180262E+06  0.182966E+06  0.227074E+06
  0.360716E-02  0.227201E+06  0.226247E+06  0.183196E+06  0.173432E+06  0.178998E+06  0.226641E+06
  0.372936E-02  0.226785E+06  0.225765E+06  0.176369E+06  0.166397E+06  0.174866E+06  0.226183E+06
  0.385571E-02  0.226343E+06  0.225254E+06  0.169319E+06  0.159172E+06  0.170570E+06  0.225698E+06
  0.398634E-02  0.225875E+06  0.224713E+06  0.162056E+06  0.151774E+06  0.166113E+06  0.225184E+06
  0.412139E-02  0.225380E+06  0.224139E+06  0.154595E+06  0.144222E+06  0.161498E+06  0.224641E+06
  0.426101E-02  0.224856E+06  0.223531E+06  0.146955E+06  0.136543E+06  0.156864E+06  0.224069E+06
  0.440537E-02  0.224301E+06  0.222887E+06  0.139156E+06  0.128762E+06  0.151969E+06  0.223464E+06
  0.455462E-02  0.223715E+06  0.222206E+06  0.131224E+06  0.120913E+06  0.146940E+06  0.222825E+06
  0.470892E-02  0.223096E+06  0.221485E+06  0.123190E+06  0.113030E+06  0.141788E+06  0.222152E+06
  0.486845E-02  0.222443E+06  0.220724E+06  0.115085E+06  0.105153E+06  0.136526E+06  0.221442E+06
  0.503339E-02  0.221754E+06  0.219920E+06  0.106948E+06  0.973249E+05  0.131171E+06  0.220695E+06
  0.520391E-02  0.221028E+06  0.219071E+06  0.988205E+05  0.895913E+05  0.125739E+06  0.219910E+06
  0.538021E-02  0.220264E+06  0.218176E+06  0.907488E+05  0.820014E+05  0.120250E+06  0.219085E+06
  0.556248E-02  0.219459E+06  0.217232E+06  0.827821E+05  0.746062E+05  0.114701E+06  0.218219E+06
  0.575093E-02  0.218614E+06  0.216239E+06  0.749733E+05  0.674584E+05  0.109165E+06  0.217311E+06
  0.594576E-02  0.217727E+06  0.215194E+06  0.673780E+05  0.606106E+05  0.103646E+06  0.216360E+06
  0.614720E-02  0.216796E+06  0.214096E+06  0.600534E+05  0.541149E+05  0.981717E+05  0.215364E+06
  0.635546E-02  0.215821E+06  0.212942E+06  0.530576E+05  0.480212E+05  0.927723E+05  0.214323E+06
  0.657077E-02  0.214800E+06  0.211732E+06  0.464484E+05  0.423753E+05  0.874784E+05  0.213237E+06
  0.679338E-02  0.213733E+06  0.210463E+06  0.402815E+05  0.372176E+05  0.823270E+05  0.212103E+06
  0.702352E-02  0.212618E+06  0.209134E+06  0.346090E+05  0.325813E+05  0.773388E+05  0.210922E+06
  0.726147E-02  0.211455E+06  0.207743E+06  0.294772E+05  0.284899E+05  0.725483E+05  0.209693E+06
  0.750748E-02  0.210243E+06  0.206290E+06  0.249250E+05  0.249562E+05  0.679836E+05  0.208415E+06
  0.776182E-02  0.208982E+06  0.204773E+06  0.209814E+05  0.219802E+05  0.636700E+05  0.207088E+06
  0.802478E-02  0.207671E+06  0.203190E+06  0.176635E+05  0.195478E+05  0.596273E+05  0.205712E+06
  0.829665E-02  0.206310E+06  0.201541E+06  0.149743E+05  0.176302E+05  0.558746E+05  0.204285E+06
  0.857772E-02  0.204898E+06  0.199824E+06  0.129013E+05  0.161836E+05  0.524216E+05  0.202809E+06
  0.886832E-02  0.203436E+06  0.198038E+06  0.114146E+05  0.151496E+05  0.492724E+05  0.201282E+06
  0.916877E-02  0.201923E+06  0.196183E+06  0.104670E+05  0.144571E+05  0.464243E+05  0.199705E+06
  0.947939E-02  0.200360E+06  0.194258E+06  0.999350E+04  0.140249E+05  0.438660E+05  0.198077E+06
  0.980054E-02  0.198746E+06  0.192261E+06  0.991286E+04  0.137651E+05  0.415791E+05  0.196398E+06
  0.101326E-01  0.197082E+06  0.190193E+06  0.101299E+05  0.135880E+05  0.395378E+05  0.194668E+06
  0.104758E-01  0.195367E+06  0.188052E+06  0.105391E+05  0.134079E+05  0.377096E+05  0.192887E+06
  0.108307E-01  0.193603E+06  0.185837E+06  0.110299E+05  0.131487E+05  0.360570E+05  0.191053E+06
  0.111977E-01  0.191788E+06  0.183549E+06  0.114925E+05  0.127504E+05  0.345393E+05  0.189168E+06
  0.115770E-01  0.189924E+06  0.181185E+06  0.118255E+05  0.121743E+05  0.331147E+05  0.187230E+06
  0.119692E-01  0.188009E+06  0.178745E+06  0.119431E+05  0.114073E+05  0.317432E+05  0.185239E+06
  0.123747E-01  0.186045E+06  0.176229E+06  0.117828E+05  0.104637E+05  0.303895E+05  0.183194E+06
  0.127940E-01  0.184031E+06  0.173635E+06  0.113121E+05  0.938430E+04  0.290257E+05  0.181095E+06
  0.132274E-01  0.181966E+06  0.170963E+06  0.105325E+05  0.823253E+04  0.276336E+05  0.178943E+06
  0.136756E-01  0.179851E+06  0.168212E+06  0.948180E+04  0.708643E+04  0.262061E+05  0.176735E+06
  0.141389E-01  0.177686E+06  0.165382E+06  0.823132E+04  0.602821E+04  0.247478E+05  0.174473E+06
  0.146179E-01  0.175470E+06  0.162471E+06  0.687986E+04  0.513176E+04  0.232746E+05  0.172155E+06
  0.151131E-01  0.173203E+06  0.159480E+06  0.554263E+04  0.445000E+04  0.218106E+05  0.169783E+06
  0.156251E-01  0.170885E+06  0.156408E+06  0.433667E+04  0.400438E+04  0.203851E+05  0.167356E+06
  0.161545E-01  0.168516E+06  0.153257E+06  0.336400E+04  0.377901E+04  0.190281E+05  0.164874E+06
  0.167017E-01  0.166096E+06  0.150026E+06  0.269494E+04  0.372160E+04  0.177646E+05  0.162339E+06
  0.172676E-01  0.163625E+06  0.146717E+06  0.235458E+04  0.375213E+04  0.166108E+05  0.159749E+06
  0.178526E-01  0.161105E+06  0.143332E+06  0.231566E+04  0.377908E+04  0.155706E+05  0.157108E+06
  0.184574E-01  0.158535E+06  0.139872E+06  0.250057E+04  0.372024E+04  0.146347E+05  0.154414E+06
  0.190827E-01  0.155916E+06  0.136340E+06  0.279405E+04  0.352360E+04  0.137825E+05  0.151669E+06
  0.197292E-01  0.153250E+06  0.132741E+06  0.306558E+04  0.318235E+04  0.129862E+05  0.148874E+06
  0.203976E-01  0.150536E+06  0.129078E+06  0.319812E+04  0.273816E+04  0.122182E+05  0.146030E+06
  0.210886E-01  0.147778E+06  0.125355E+06  0.311685E+04  0.226962E+04  0.114570E+05  0.143140E+06
  0.218031E-01  0.144977E+06  0.121580E+06  0.280984E+04  0.186696E+04  0.106935E+05  0.140204E+06
  0.225417E-01  0.142133E+06  0.117758E+06  0.233316E+04  0.159985E+04  0.993305E+04  0.137227E+06
  0.233054E-01  0.139250E+06  0.113898E+06  0.179582E+04  0.148973E+04  0.919295E+04  0.134211E+06
  0.240950E-01  0.136330E+06  0.110008E+06  0.132588E+04  0.149902E+04  0.849617E+04  0.131159E+06
  0.249113E-01  0.133375E+06  0.106098E+06  0.102665E+04  0.154511E+04  0.786220E+04  0.128077E+06
  0.257552E-01  0.130390E+06  0.102179E+06  0.937807E+03  0.153685E+04  0.729885E+04  0.124968E+06
  0.266278E-01  0.127378E+06  0.982649E+05  0.101830E+04  0.141895E+04  0.679837E+04  0.121837E+06
  0.275299E-01  0.124343E+06  0.943685E+05  0.116208E+04  0.120175E+04  0.634008E+04  0.118691E+06
  0.284625E-01  0.121290E+06  0.905052E+05  0.124484E+04  0.956744E+03  0.589923E+04  0.115535E+06
  0.294268E-01  0.118224E+06  0.866913E+05  0.118364E+04  0.774747E+03  0.545836E+04  0.112376E+06
  0.304237E-01  0.115152E+06  0.829443E+05  0.979899E+03  0.707897E+03  0.501564E+04  0.109221E+06
  0.314544E-01  0.112078E+06  0.792824E+05  0.719067E+03  0.732881E+03  0.458528E+04  0.106079E+06
  0.325201E-01  0.109011E+06  0.757251E+05  0.520211E+03  0.765946E+03  0.418909E+04  0.102958E+06
  0.336218E-01  0.105956E+06  0.722920E+05  0.460421E+03  0.726060E+03  0.384328E+04  0.998682E+05
  0.347609E-01  0.102922E+06  0.690034E+05  0.521816E+03  0.601063E+03  0.354839E+04  0.968180E+05
  0.359385E-01  0.999160E+05  0.658791E+05  0.603174E+03  0.458779E+03  0.328886E+04  0.938173E+05
  0.371560E-01  0.969465E+05  0.629387E+05  0.596662E+03  0.384534E+03  0.304274E+04  0.908756E+05
  0.384148E-01  0.940214E+05  0.602004E+05  0.475854E+03  0.396784E+03  0.279536E+04  0.880023E+05
  0.397163E-01  0.911489E+05  0.576808E+05  0.319469E+03  0.427055E+03  0.254749E+04  0.852069E+05
  0.410618E-01  0.883367E+05  0.553938E+05  0.239599E+03  0.395385E+03  0.231287E+04  0.824981E+05
  0.424529E-01  0.855923E+05  0.533504E+05  0.272035E+03  0.304120E+03  0.210747E+04  0.798840E+05
  0.438911E-01  0.829224E+05  0.515575E+05  0.338305E+03  0.234270E+03  0.193770E+04  0.773713E+05
  0.453542E-01  0.803733E+05  0.500395E+05  0.331794E+03  0.236941E+03  0.179731E+04  0.750025E+05
  0.468172E-01  0.779837E+05  0.487997E+05  0.243901E+03  0.262863E+03  0.166987E+04  0.728104E+05
  0.482803E-01  0.757443E+05  0.478063E+05  0.159998E+03  0.243304E+03  0.154125E+04  0.707821E+05
  0.497433E-01  0.736453E+05  0.470263E+05  0.148286E+03  0.185247E+03  0.141129E+04  0.689043E+05
  0.512063E-01  0.716768E+05  0.464266E+05  0.188522E+03  0.000000E+00  0.129131E+04  0.671636E+05
  0.526694E-01  0.698285E+05  0.459742E+05  0.209954E+03  0.000000E+00  0.119219E+04  0.655465E+05
  0.541324E-01  0.680904E+05  0.456370E+05  0.177707E+03  0.000000E+00  0.111296E+04  0.640395E+05
  0.555954E-01  0.664522E+05  0.453840E+05  0.124411E+03  0.000000E+00  0.104097E+04  0.626294E+05
  0.570585E-01  0.649042E+05  0.451858E+05  0.101672E+03  0.000000E+00  0.964342E+03  0.613031E+05
  0.585215E-01  0.634369E+05  0.450153E+05  0.118657E+03  0.000000E+00  0.883833E+03  0.600485E+05
  0.599846E-01  0.620411E+05  0.448477E+05  0.138524E+03  0.000000E+00  0.811322E+03  0.588542E+05
  0.614476E-01  0.607082E+05  0.446609E+05  0.127645E+03  0.000000E+00  0.756543E+03  0.577098E+05
  0.629106E-01  0.594303E+05  0.444357E+05  0.939262E+02  0.000000E+00  0.716612E+03  0.566055E+05
  0.643737E-01  0.582000E+05  0.441559E+05  0.720666E+02  0.000000E+00  0.679545E+03  0.555327E+05
  0.658367E-01  0.570107E+05  0.438085E+05  0.796891E+02  0.000000E+00  0.637088E+03  0.544836E+05
  0.672998E-01  0.558566E+05  0.433838E+05  0.984175E+02  0.000000E+00  0.592213E+03  0.534520E+05
  0.687628E-01  0.547324E+05  0.428749E+05  0.988156E+02  0.000000E+00  0.553648E+03  0.524324E+05
  0.702258E-01  0.536339E+05  0.422783E+05  0.756506E+02  0.000000E+00  0.524903E+03  0.514208E+05
  0.716889E-01  0.525574E+05  0.415930E+05  0.518269E+02  0.000000E+00  0.500666E+03  0.504139E+05
  0.731519E-01  0.515001E+05  0.408211E+05  0.496007E+02  0.000000E+00  0.473792E+03  0.494096E+05
  0.746149E-01  0.504597E+05  0.399667E+05  0.651756E+02  0.000000E+00  0.443623E+03  0.484067E+05
  0.760780E-01  0.494347E+05  0.390365E+05  0.120289E+03  0.000000E+00  0.415776E+03  0.474049E+05
  0.775410E-01  0.484236E+05  0.380381E+05  0.112406E+03  0.000000E+00  0.394386E+03  0.464042E+05
  0.790041E-01  0.474267E+05  0.369823E+05  0.654048E+02  0.000000E+00  0.376886E+03  0.454066E+05
  0.804671E-01  0.464441E+05  0.358801E+05  0.683792E+01  0.000000E+00  0.357215E+03  0.444136E+05
  0.819301E-01  0.454762E+05  0.347438E+05 -0.236824E+02  0.000000E+00  0.333348E+03  0.434278E+05
  0.833932E-01  0.445241E+05  0.335860E+05 -0.859211E+01  0.000000E+00  0.309744E+03  0.424517E+05
  0.848562E-01  0.435888E+05  0.324197E+05  0.354284E+02  0.000000E+00  0.292010E+03  0.414884E+05
  0.863192E-01  0.426716E+05  0.312577E+05  0.742382E+02  0.000000E+00  0.280339E+03  0.405411E+05
  0.877823E-01  0.417741E+05  0.301126E+05  0.831141E+02  0.000000E+00  0.269430E+03  0.396128E+05
  0.892453E-01  0.408977E+05  0.289963E+05  0.610661E+02  0.000000E+00  0.254643E+03  0.387066E+05
  0.907084E-01  0.400439E+05  0.279198E+05  0.256651E+02  0.000000E+00  0.237033E+03  0.378255E+05
  0.921714E-01  0.392143E+05  0.268931E+05 -0.236031E+01  0.000000E+00  0.221675E+03  0.369723E+05
  0.939995E-01  0.382136E+05  0.256934E+05 -0.114030E+02  0.000000E+00  0.209899E+03  0.359492E+05
  0.958276E-01  0.372548E+05  0.245990E+05  0.722427E+00  0.000000E+00  0.201440E+03  0.349775E+05
  0.976557E-01  0.363396E+05  0.236203E+05  0.104590E+02  0.000000E+00  0.188972E+03  0.340602E+05
  0.994837E-01  0.354693E+05  0.227639E+05  0.260078E+01  0.000000E+00  0.173972E+03  0.331994E+05
  0.101312E+00  0.346443E+05  0.220327E+05 -0.144699E+02  0.000000E+00  0.162810E+03  0.323959E+05
  0.103140E+00  0.338645E+05  0.214256E+05 -0.181459E+02  0.000000E+00  0.156170E+03  0.316494E+05
  0.104968E+00  0.331291E+05  0.209386E+05  0.239918E+01  0.000000E+00  0.149262E+03  0.309587E+05
  0.106796E+00  0.324367E+05  0.205640E+05  0.323788E+02  0.000000E+00  0.140176E+03  0.303214E+05
  0.108624E+00  0.317851E+05  0.202919E+05  0.466538E+02  0.000000E+00  0.131810E+03  0.297341E+05
  0.110452E+00  0.311720E+05  0.201097E+05  0.359513E+02  0.000000E+00  0.126039E+03  0.291929E+05
  0.112280E+00  0.305942E+05  0.200034E+05  0.137063E+02  0.000000E+00  0.121065E+03  0.286931E+05
  0.114108E+00  0.300486E+05  0.199577E+05 -0.885884E+00  0.000000E+00  0.115182E+03  0.282295E+05
  0.115936E+00  0.295316E+05  0.199568E+05 -0.901583E+00  0.000000E+00  0.109330E+03  0.277969E+05
  0.117765E+00  0.290397E+05  0.199848E+05  0.724533E+01  0.000000E+00  0.104767E+03  0.273897E+05
  0.119593E+00  0.285691E+05  0.200261E+05  0.147297E+02  0.000000E+00  0.100723E+03  0.270024E+05
  0.121421E+00  0.281161E+05  0.200658E+05  0.180884E+02  0.000000E+00  0.962623E+02  0.266295E+05
  0.123249E+00  0.276771E+05  0.200905E+05  0.177888E+02  0.000000E+00  0.917437E+02  0.262661E+05
  0.125077E+00  0.272491E+05  0.200884E+05  0.135704E+02  0.000000E+00  0.880168E+02  0.259076E+05
  0.126905E+00  0.268291E+05  0.200499E+05  0.445483E+01  0.000000E+00  0.849773E+02  0.255503E+05
  0.128733E+00  0.264148E+05  0.199672E+05 -0.656933E+01  0.000000E+00  0.818197E+02  0.251909E+05
  0.130561E+00  0.260042E+05  0.198350E+05 -0.114330E+02  0.000000E+00  0.781546E+02  0.248269E+05
  0.132389E+00  0.255957E+05  0.196498E+05 -0.485564E+01  0.000000E+00  0.743782E+02  0.244564E+05
  0.134217E+00  0.251880E+05  0.194105E+05  0.708722E+01  0.000000E+00  0.711855E+02  0.240783E+05
  0.136045E+00  0.247804E+05  0.191181E+05  0.117334E+02  0.000000E+00  0.687992E+02  0.236921E+05
  0.137874E+00  0.243726E+05  0.187755E+05  0.578454E+01  0.000000E+00  0.665492E+02  0.232977E+05
  0.139702E+00  0.239644E+05  0.183872E+05  0.119194E+01  0.000000E+00  0.635565E+02  0.228962E+05
  0.141530E+00  0.235566E+05  0.179594E+05  0.944230E+01  0.000000E+00  0.600402E+02  0.224887E+05
  0.143358E+00  0.231499E+05  0.174993E+05  0.237415E+02  0.000000E+00  0.572470E+02  0.220771E+05
  0.145186E+00  0.227453E+05  0.170151E+05  0.256031E+02  0.000000E+00  0.556175E+02  0.216637E+05
  0.147014E+00  0.223442E+05  0.165156E+05  0.947935E+01  0.000000E+00  0.539416E+02  0.212508E+05
  0.148842E+00  0.219479E+05  0.160094E+05 -0.832255E+01  0.000000E+00  0.511807E+02  0.208408E+05
  0.150670E+00  0.215578E+05  0.155054E+05 -0.974644E+01  0.000000E+00  0.481813E+02  0.204364E+05
  0.152498E+00  0.211752E+05  0.150119E+05  0.317967E+01  0.000000E+00  0.463263E+02  0.200398E+05
  0.154326E+00  0.208015E+05  0.145366E+05  0.136051E+02  0.000000E+00  0.452527E+02  0.196536E+05
  0.156154E+00  0.204379E+05  0.140864E+05  0.121686E+02  0.000000E+00  0.435000E+02  0.192797E+05
  0.157982E+00  0.200857E+05  0.136672E+05  0.499630E+01  0.000000E+00  0.409892E+02  0.189200E+05
  0.159811E+00  0.197456E+05  0.132839E+05  0.657236E+00  0.000000E+00  0.390760E+02  0.185762E+05
  0.161639E+00  0.194187E+05  0.129399E+05 -0.103414E+01  0.000000E+00  0.381680E+02  0.182494E+05
  0.163467E+00  0.191053E+05  0.126377E+05 -0.379948E+01  0.000000E+00  0.371030E+02  0.179404E+05
  0.165295E+00  0.188058E+05  0.123780E+05 -0.606240E+01  0.000000E+00  0.352629E+02  0.176496E+05
  0.167123E+00  0.185200E+05  0.121605E+05 -0.369164E+01  0.000000E+00  0.335929E+02  0.173768E+05
  0.168951E+00  0.182478E+05  0.119838E+05  0.205096E+01  0.000000E+00  0.328044E+02  0.171217E+05
  0.170779E+00  0.179887E+05  0.118451E+05  0.557455E+01  0.000000E+00  0.320953E+02  0.168835E+05
  0.172607E+00  0.177420E+05  0.117411E+05  0.498928E+01  0.000000E+00  0.306504E+02  0.166610E+05
  0.174435E+00  0.175069E+05  0.116676E+05  0.395649E+01  0.000000E+00  0.291353E+02  0.164529E+05
  0.176263E+00  0.172826E+05  0.116197E+05  0.530961E+01  0.000000E+00  0.286234E+02  0.162578E+05
  0.178091E+00  0.170678E+05  0.115923E+05  0.715829E+01  0.000000E+00  0.282457E+02  0.160740E+05
  0.179919E+00  0.168616E+05  0.115799E+05  0.651172E+01  0.000000E+00  0.271644E+02  0.158995E+05
  0.181748E+00  0.166627E+05  0.115769E+05  0.343437E+01  0.000000E+00  0.256365E+02  0.157327E+05
  0.183576E+00  0.164699E+05  0.115779E+05  0.894999E-01  0.000000E+00  0.247407E+02  0.155715E+05
  0.185404E+00  0.162819E+05  0.115779E+05 -0.175892E+01  0.000000E+00  0.246791E+02  0.154142E+05
  0.187232E+00  0.160976E+05  0.115722E+05 -0.904725E+00  0.000000E+00  0.244599E+02  0.152592E+05
  0.189060E+00  0.159161E+05  0.115565E+05  0.298131E+01  0.000000E+00  0.234332E+02  0.151049E+05
  0.190888E+00  0.157363E+05  0.115274E+05  0.726476E+01  0.000000E+00  0.222054E+02  0.149500E+05
  0.192716E+00  0.155575E+05  0.114823E+05  0.707991E+01  0.000000E+00  0.216074E+02  0.147934E+05
  0.194544E+00  0.153792E+05  0.114189E+05  0.100345E+01  0.000000E+00  0.214797E+02  0.146344E+05
  0.196372E+00  0.152007E+05  0.113362E+05 -0.558230E+01  0.000000E+00  0.210644E+02  0.144723E+05
  0.198200E+00  0.150218E+05  0.112335E+05 -0.600808E+01  0.000000E+00  0.201572E+02  0.143067E+05
  0.200028E+00  0.148422E+05  0.111111E+05 -0.526812E+00  0.000000E+00  0.192458E+02  0.141375E+05
  0.201856E+00  0.146618E+05  0.109698E+05  0.425685E+01  0.000000E+00  0.186912E+02  0.139647E+05
  0.203685E+00  0.144808E+05  0.108112E+05  0.416500E+01  0.000000E+00  0.183192E+02  0.137887E+05
  0.205513E+00  0.142994E+05  0.106373E+05  0.206609E+01  0.000000E+00  0.178374E+02  0.136100E+05
  0.207341E+00  0.141178E+05  0.104506E+05  0.245952E+01  0.000000E+00  0.172366E+02  0.134292E+05
  0.209169E+00  0.139367E+05  0.102539E+05  0.484065E+01  0.000000E+00  0.166572E+02  0.132472E+05
  0.210997E+00  0.137564E+05  0.100503E+05  0.534220E+01  0.000000E+00  0.161300E+02  0.130648E+05
  0.212825E+00  0.135775E+05  0.984289E+04  0.299242E+01  0.000000E+00  0.156155E+02  0.128830E+05
  0.214653E+00  0.134004E+05  0.963478E+04  0.763775E+00  0.000000E+00  0.151526E+02  0.127027E+05
  0.216481E+00  0.132258E+05  0.942899E+04  0.695895E+00  0.000000E+00  0.148024E+02  0.125247E+05
  0.218309E+00  0.130542E+05  0.922838E+04  0.127758E+01  0.000000E+00  0.144927E+02  0.123501E+05
  0.220137E+00  0.128860E+05  0.903556E+04  0.664344E+00  0.000000E+00  0.140630E+02  0.121795E+05
  0.221965E+00  0.127217E+05  0.885280E+04 -0.106498E+00  0.000000E+00  0.134971E+02  0.120138E+05
  0.223793E+00  0.125618E+05  0.868203E+04  0.941247E+00  0.000000E+00  0.130010E+02  0.118535E+05
  0.225622E+00  0.124065E+05  0.852474E+04  0.304036E+01  0.000000E+00  0.127438E+02  0.116992E+05
  0.227450E+00  0.122561E+05  0.838197E+04  0.324109E+01  0.000000E+00  0.125818E+02  0.115513E+05
  0.229278E+00  0.121107E+05  0.825430E+04  0.471171E+00  0.000000E+00  0.122116E+02  0.114099E+05
  0.231106E+00  0.119705E+05  0.814187E+04 -0.278038E+01  0.000000E+00  0.116166E+02  0.112751E+05
  0.232934E+00  0.118352E+05  0.804437E+04 -0.335786E+01  0.000000E+00  0.111484E+02  0.111469E+05
  0.234762E+00  0.117049E+05  0.796114E+04 -0.901290E+00  0.000000E+00  0.110375E+02  0.110250E+05
  0.236590E+00  0.115794E+05  0.789117E+04  0.220697E+01  0.000000E+00  0.110227E+02  0.109091E+05
  0.238418E+00  0.114583E+05  0.783316E+04  0.360782E+01  0.000000E+00  0.107105E+02  0.107989E+05
  0.240246E+00  0.113415E+05  0.778555E+04  0.296255E+01  0.000000E+00  0.101662E+02  0.106938E+05
  0.242074E+00  0.112285E+05  0.774661E+04  0.159638E+01  0.000000E+00  0.982113E+01  0.105933E+05
  0.243902E+00  0.111190E+05  0.771449E+04  0.915929E+00  0.000000E+00  0.981799E+01  0.104967E+05
  0.245730E+00  0.110126E+05  0.768724E+04  0.124008E+01  0.000000E+00  0.980919E+01  0.104034E+05
  0.247559E+00  0.109087E+05  0.766293E+04  0.176757E+01  0.000000E+00  0.950385E+01  0.103128E+05
  0.249387E+00  0.108070E+05  0.763971E+04  0.153318E+01  0.000000E+00  0.907975E+01  0.102241E+05
  0.251215E+00  0.107071E+05  0.761582E+04  0.506408E+00  0.000000E+00  0.884724E+01  0.101368E+05
  0.253043E+00  0.106086E+05  0.758969E+04 -0.305488E+00  0.000000E+00  0.877296E+01  0.100503E+05
  0.254871E+00  0.105111E+05  0.755995E+04  0.594625E-02  0.000000E+00  0.861477E+01  0.996414E+04
  0.256699E+00  0.104143E+05  0.752543E+04  0.113696E+01  0.000000E+00  0.834657E+01  0.987785E+04
  0.258527E+00  0.103181E+05  0.748525E+04  0.187492E+01  0.000000E+00  0.813715E+01  0.979111E+04
  0.260355E+00  0.102221E+05  0.743873E+04  0.147432E+01  0.000000E+00  0.800201E+01  0.970361E+04
  0.262183E+00  0.101262E+05  0.738548E+04  0.387493E+00  0.000000E+00  0.779322E+01  0.961516E+04
  0.264011E+00  0.100304E+05  0.732535E+04 -0.450713E+00  0.000000E+00  0.751761E+01  0.952564E+04
  0.265839E+00  0.993442E+04  0.725847E+04 -0.661266E+00  0.000000E+00  0.736097E+01  0.943502E+04
  0.267668E+00  0.983841E+04  0.718518E+04 -0.437529E+00  0.000000E+00  0.734570E+01  0.934336E+04
  0.269496E+00  0.974240E+04  0.710604E+04  0.140655E+00  0.000000E+00  0.724430E+01  0.925078E+04
  0.271324E+00  0.964646E+04  0.702178E+04  0.119357E+01  0.000000E+00  0.694442E+01  0.915747E+04
  0.273152E+00  0.955074E+04  0.693329E+04  0.237788E+01  0.000000E+00  0.665607E+01  0.906369E+04
  0.274980E+00  0.945538E+04  0.684153E+04  0.275263E+01  0.000000E+00  0.656430E+01  0.896969E+04
  0.276808E+00  0.936054E+04  0.674756E+04  0.180434E+01  0.000000E+00  0.649677E+01  0.887580E+04
  0.278636E+00  0.926641E+04  0.665246E+04  0.345797E+00  0.000000E+00  0.636381E+01  0.878233E+04
  0.280464E+00  0.917320E+04  0.655731E+04 -0.203809E+00  0.000000E+00  0.614229E+01  0.868961E+04
  0.282292E+00  0.908109E+04  0.646316E+04  0.504220E+00  0.000000E+00  0.595046E+01  0.859796E+04
  0.284120E+00  0.899027E+04  0.637100E+04  0.131321E+01  0.000000E+00  0.584230E+01  0.850771E+04
  0.285948E+00  0.890093E+04  0.628174E+04  0.106602E+01  0.000000E+00  0.573980E+01  0.841915E+04
  0.287776E+00  0.881325E+04  0.619617E+04  0.970048E-01  0.000000E+00  0.557815E+01  0.833254E+04
  0.289605E+00  0.872735E+04  0.611494E+04 -0.287475E+00  0.000000E+00  0.540748E+01  0.824810E+04
  0.291433E+00  0.864335E+04  0.603858E+04  0.400272E+00  0.000000E+00  0.530972E+01  0.816600E+04
  0.293261E+00  0.856133E+04  0.596742E+04  0.121202E+01  0.000000E+00  0.528007E+01  0.808636E+04
  0.295089E+00  0.848131E+04  0.590168E+04  0.106628E+01  0.000000E+00  0.523587E+01  0.800924E+04
  0.296917E+00  0.840333E+04  0.584140E+04  0.106028E+00  0.000000E+00  0.511666E+01  0.793466E+04
  0.298745E+00  0.832735E+04  0.578648E+04 -0.628316E+00  0.000000E+00  0.494788E+01  0.786260E+04
  0.300573E+00  0.825336E+04  0.573671E+04 -0.525048E+00  0.000000E+00  0.481064E+01  0.779299E+04
  0.302401E+00  0.818128E+04  0.569176E+04  0.103564E+00  0.000000E+00  0.475369E+01  0.772573E+04
  0.304229E+00  0.811104E+04  0.565118E+04  0.705663E+00  0.000000E+00  0.473553E+01  0.766069E+04
  0.306057E+00  0.804254E+04  0.561446E+04  0.110784E+01  0.000000E+00  0.466700E+01  0.759769E+04
  0.307885E+00  0.797564E+04  0.558099E+04  0.132851E+01  0.000000E+00  0.451516E+01  0.753654E+04
  0.309713E+00  0.791021E+04  0.555013E+04  0.124205E+01  0.000000E+00  0.434138E+01  0.747702E+04
  0.311542E+00  0.784609E+04  0.552124E+04  0.771525E+00  0.000000E+00  0.422578E+01  0.741891E+04
  0.313370E+00  0.778313E+04  0.549363E+04  0.204896E+00  0.000000E+00  0.418243E+01  0.736197E+04
  0.315198E+00  0.772119E+04  0.546669E+04 -0.176178E-01  0.000000E+00  0.416246E+01  0.730598E+04
  0.317026E+00  0.766013E+04  0.543980E+04  0.199163E+00  0.000000E+00  0.410746E+01  0.725073E+04
  0.318854E+00  0.759982E+04  0.541243E+04  0.534004E+00  0.000000E+00  0.398478E+01  0.719604E+04
  0.320682E+00  0.754015E+04  0.538409E+04  0.655234E+00  0.000000E+00  0.381361E+01  0.714173E+04
  0.322510E+00  0.748099E+04  0.535438E+04  0.524442E+00  0.000000E+00  0.367911E+01  0.708764E+04
  0.324338E+00  0.742225E+04  0.532294E+04  0.315662E+00  0.000000E+00  0.366578E+01  0.703363E+04
  0.326166E+00  0.736385E+04  0.528955E+04  0.210032E+00  0.000000E+00  0.373683E+01  0.697960E+04
  0.327994E+00  0.730572E+04  0.525402E+04  0.281891E+00  0.000000E+00  0.373817E+01  0.692547E+04
  0.329822E+00  0.724781E+04  0.521631E+04  0.430539E+00  0.000000E+00  0.358318E+01  0.687118E+04
  0.331650E+00  0.719010E+04  0.517642E+04  0.412947E+00  0.000000E+00  0.338088E+01  0.681673E+04
  0.333479E+00  0.713259E+04  0.513447E+04  0.116279E+00  0.000000E+00  0.329963E+01  0.676212E+04
  0.335307E+00  0.707530E+04  0.509062E+04 -0.176183E+00  0.000000E+00  0.334395E+01  0.670740E+04
  0.337135E+00  0.701824E+04  0.504511E+04 -0.830463E-02  0.000000E+00  0.336617E+01  0.665262E+04
  0.338963E+00  0.696146E+04  0.499821E+04  0.649083E+00  0.000000E+00  0.328154E+01  0.659785E+04
  0.340791E+00  0.690500E+04  0.495025E+04  0.122267E+01  0.000000E+00  0.315927E+01  0.654319E+04
  0.342619E+00  0.684891E+04  0.490157E+04  0.115651E+01  0.000000E+00  0.308692E+01  0.648872E+04
  0.344447E+00  0.679324E+04  0.485253E+04  0.576089E+00  0.000000E+00  0.305360E+01  0.643456E+04
  0.346275E+00  0.673807E+04  0.480349E+04  0.102922E+00  0.000000E+00  0.301174E+01  0.638081E+04
  0.348103E+00  0.668345E+04  0.475482E+04  0.831845E-01  0.000000E+00  0.296364E+01  0.632757E+04
  0.349931E+00  0.662946E+04  0.470685E+04  0.279446E+00  0.000000E+00  0.292483E+01  0.627498E+04
  0.351759E+00  0.657616E+04  0.465991E+04  0.344498E+00  0.000000E+00  0.286953E+01  0.622312E+04
  0.353587E+00  0.652360E+04  0.461428E+04  0.291185E+00  0.000000E+00  0.277967E+01  0.617208E+04
  0.355416E+00  0.647184E+04  0.457018E+04  0.320832E+00  0.000000E+00  0.269867E+01  0.612195E+04
  0.357244E+00  0.642091E+04  0.452781E+04  0.413586E+00  0.000000E+00  0.267006E+01  0.607278E+04
  0.359072E+00  0.637083E+04  0.448729E+04  0.366822E+00  0.000000E+00  0.266018E+01  0.602461E+04
  0.360900E+00  0.632162E+04  0.444872E+04  0.165621E+00  0.000000E+00  0.260681E+01  0.597747E+04
  0.362728E+00  0.627330E+04  0.441214E+04  0.427642E-01  0.000000E+00  0.251704E+01  0.593138E+04
  0.364556E+00  0.622586E+04  0.437753E+04  0.127354E+00  0.000000E+00  0.245047E+01  0.588634E+04
  0.366384E+00  0.617931E+04  0.434485E+04  0.249993E+00  0.000000E+00  0.242209E+01  0.584233E+04
  0.368212E+00  0.613362E+04  0.431400E+04  0.210844E+00  0.000000E+00  0.238937E+01  0.579933E+04
  0.370040E+00  0.608877E+04  0.428483E+04  0.917499E-01  0.000000E+00  0.233364E+01  0.575729E+04
  0.371868E+00  0.604472E+04  0.425720E+04  0.142035E+00  0.000000E+00  0.229019E+01  0.571616E+04
  0.373696E+00  0.600143E+04  0.423089E+04  0.414182E+00  0.000000E+00  0.228221E+01  0.567587E+04
  0.375524E+00  0.595883E+04  0.420570E+04  0.666930E+00  0.000000E+00  0.227654E+01  0.563633E+04
  0.377353E+00  0.591689E+04  0.418140E+04  0.646646E+00  0.000000E+00  0.223213E+01  0.559749E+04
  0.379181E+00  0.587555E+04  0.415778E+04  0.364431E+00  0.000000E+00  0.216118E+01  0.555924E+04
  0.381009E+00  0.583476E+04  0.413461E+04  0.597957E-01  0.000000E+00  0.211387E+01  0.552153E+04
  0.382837E+00  0.579448E+04  0.411170E+04 -0.446265E-01  0.000000E+00  0.211471E+01  0.548428E+04
  0.384665E+00  0.575464E+04  0.408885E+04  0.819254E-01  0.000000E+00  0.213276E+01  0.544742E+04
  0.386493E+00  0.571522E+04  0.406588E+04  0.293391E+00  0.000000E+00  0.211404E+01  0.541088E+04
  0.388321E+00  0.567615E+04  0.404264E+04  0.406763E+00  0.000000E+00  0.203962E+01  0.537460E+04
  0.390149E+00  0.563741E+04  0.401899E+04  0.348973E+00  0.000000E+00  0.195052E+01  0.533853E+04
  0.391977E+00  0.559896E+04  0.399484E+04  0.204277E+00  0.000000E+00  0.190699E+01  0.530262E+04
  0.393805E+00  0.556077E+04  0.397013E+04  0.116448E+00  0.000000E+00  0.191889E+01  0.526684E+04
  0.395633E+00  0.552282E+04  0.394480E+04  0.136461E+00  0.000000E+00  0.193201E+01  0.523118E+04
  0.397461E+00  0.548512E+04  0.391887E+04  0.186175E+00  0.000000E+00  0.189385E+01  0.519562E+04
  0.399290E+00  0.544764E+04  0.389234E+04  0.179632E+00  0.000000E+00  0.181477E+01  0.516016E+04
  0.401118E+00  0.541040E+04  0.386526E+04  0.138678E+00  0.000000E+00  0.174674E+01  0.512481E+04
  0.402946E+00  0.537340E+04  0.383769E+04  0.149856E+00  0.000000E+00  0.171987E+01  0.508958E+04
  0.404774E+00  0.533663E+04  0.380971E+04  0.235480E+00  0.000000E+00  0.172282E+01  0.505449E+04
  0.406602E+00  0.530011E+04  0.378142E+04  0.326442E+00  0.000000E+00  0.172885E+01  0.501956E+04
  0.408430E+00  0.526386E+04  0.375293E+04  0.361447E+00  0.000000E+00  0.171361E+01  0.498482E+04
  0.410258E+00  0.522788E+04  0.372434E+04  0.351920E+00  0.000000E+00  0.166244E+01  0.495029E+04
  0.412086E+00  0.519221E+04  0.369578E+04  0.324809E+00  0.000000E+00  0.159217E+01  0.491603E+04
  0.413914E+00  0.515687E+04  0.366738E+04  0.259228E+00  0.000000E+00  0.155303E+01  0.488206E+04
  0.415742E+00  0.512187E+04  0.363925E+04  0.137742E+00  0.000000E+00  0.157192E+01  0.484842E+04
  0.417570E+00  0.508723E+04  0.361149E+04  0.304734E-01  0.000000E+00  0.160299E+01  0.481515E+04
  0.419398E+00  0.505298E+04  0.358422E+04  0.490854E-01  0.000000E+00  0.157719E+01  0.478227E+04
  0.421227E+00  0.501912E+04  0.355749E+04  0.197627E+00  0.000000E+00  0.149815E+01  0.474980E+04
  0.423055E+00  0.498566E+04  0.353140E+04  0.329624E+00  0.000000E+00  0.144054E+01  0.471778E+04
  0.424883E+00  0.495262E+04  0.350599E+04  0.302162E+00  0.000000E+00  0.144557E+01  0.468620E+04
  0.426711E+00  0.492001E+04  0.348129E+04  0.144591E+00  0.000000E+00  0.146911E+01  0.465509E+04
  0.428539E+00  0.488782E+04  0.345735E+04  0.220483E-01  0.000000E+00  0.145470E+01  0.462445E+04
  0.430367E+00  0.485606E+04  0.343416E+04  0.389164E-01  0.000000E+00  0.141089E+01  0.459429E+04
  0.432195E+00  0.482473E+04  0.341171E+04  0.132949E+00  0.000000E+00  0.138054E+01  0.456461E+04
  0.434023E+00  0.479383E+04  0.338999E+04  0.179629E+00  0.000000E+00  0.136989E+01  0.453539E+04
  0.435851E+00  0.476334E+04  0.336895E+04  0.150360E+00  0.000000E+00  0.135291E+01  0.450662E+04
  0.437679E+00  0.473324E+04  0.334854E+04  0.122397E+00  0.000000E+00  0.132470E+01  0.447829E+04
  0.439507E+00  0.470353E+04  0.332871E+04  0.156892E+00  0.000000E+00  0.130456E+01  0.445036E+04
  0.441335E+00  0.467419E+04  0.330938E+04  0.223313E+00  0.000000E+00  0.129387E+01  0.442282E+04
  0.443164E+00  0.464521E+04  0.329050E+04  0.252872E+00  0.000000E+00  0.127191E+01  0.439565E+04
  0.444992E+00  0.461656E+04  0.327198E+04  0.223315E+00  0.000000E+00  0.123497E+01  0.436882E+04
  0.446820E+00  0.458824E+04  0.325377E+04  0.165471E+00  0.000000E+00  0.120498E+01  0.434231E+04
  0.448648E+00  0.456023E+04  0.323579E+04  0.113267E+00  0.000000E+00  0.119339E+01  0.431609E+04
  0.450476E+00  0.453251E+04  0.321797E+04  0.807149E-01  0.000000E+00  0.118539E+01  0.429014E+04
  0.452304E+00  0.450505E+04  0.320024E+04  0.775024E-01  0.000000E+00  0.116826E+01  0.426442E+04
  0.454132E+00  0.447785E+04  0.318256E+04  0.111747E+00  0.000000E+00  0.114965E+01  0.423893E+04
  0.455960E+00  0.445088E+04  0.316486E+04  0.167902E+00  0.000000E+00  0.113694E+01  0.421362E+04
  0.457788E+00  0.442414E+04  0.314711E+04  0.203978E+00  0.000000E+00  0.112151E+01  0.418850E+04
  0.459616E+00  0.439760E+04  0.312928E+04  0.187130E+00  0.000000E+00  0.109832E+01  0.416354E+04
  0.461444E+00  0.437128E+04  0.311135E+04  0.127105E+00  0.000000E+00  0.108278E+01  0.413874E+04
  0.463273E+00  0.434515E+04  0.309331E+04  0.681406E-01  0.000000E+00  0.108926E+01  0.411409E+04
  0.465101E+00  0.431921E+04  0.307515E+04  0.516705E-01  0.000000E+00  0.110329E+01  0.408958E+04
  0.466929E+00  0.429346E+04  0.305687E+04  0.863943E-01  0.000000E+00  0.109385E+01  0.406521E+04
  0.468757E+00  0.426789E+04  0.303850E+04  0.143913E+00  0.000000E+00  0.105236E+01  0.404097E+04
  0.470585E+00  0.424251E+04  0.302005E+04  0.179974E+00  0.000000E+00  0.100596E+01  0.401688E+04
  0.472413E+00  0.421731E+04  0.300154E+04  0.171843E+00  0.000000E+00  0.988381E+00  0.399293E+04
  0.474241E+00  0.419229E+04  0.298300E+04  0.142111E+00  0.000000E+00  0.100286E+01  0.396913E+04
  0.476069E+00  0.416747E+04  0.296448E+04  0.135073E+00  0.000000E+00  0.101773E+01  0.394550E+04
  0.477897E+00  0.414284E+04  0.294601E+04  0.161251E+00  0.000000E+00  0.100004E+01  0.392204E+04
  0.479725E+00  0.411843E+04  0.292763E+04  0.178805E+00  0.000000E+00  0.952709E+00  0.389876E+04
  0.481553E+00  0.409421E+04  0.290937E+04  0.146008E+00  0.000000E+00  0.920109E+00  0.387568E+04
  0.483381E+00  0.407022E+04  0.289127E+04  0.816766E-01  0.000000E+00  0.908379E+00  0.385280E+04
  0.485210E+00  0.404644E+04  0.287337E+04  0.488949E-01  0.000000E+00  0.917492E+00  0.383013E+04
  0.487038E+00  0.402288E+04  0.285569E+04  0.781174E-01  0.000000E+00  0.917854E+00  0.380768E+04
  0.488866E+00  0.399954E+04  0.283826E+04  0.131244E+00  0.000000E+00  0.897255E+00  0.378546E+04
  0.490694E+00  0.397644E+04  0.282109E+04  0.152022E+00  0.000000E+00  0.870845E+00  0.376348E+04
  0.492522E+00  0.395357E+04  0.280422E+04  0.130228E+00  0.000000E+00  0.855157E+00  0.374173E+04
  0.494350E+00  0.393093E+04  0.278766E+04  0.976501E-01  0.000000E+00  0.850110E+00  0.372023E+04
  0.496178E+00  0.390853E+04  0.277140E+04  0.774671E-01  0.000000E+00  0.848408E+00  0.369898E+04
  0.498006E+00  0.388637E+04  0.275545E+04  0.657069E-01  0.000000E+00  0.844692E+00  0.367797E+04
  0.499834E+00  0.386444E+04  0.273981E+04  0.589327E-01  0.000000E+00  0.831142E+00  0.365720E+04
  0.501662E+00  0.384274E+04  0.272447E+04  0.697070E-01  0.000000E+00  0.802923E+00  0.363667E+04
  0.503490E+00  0.382126E+04  0.270940E+04  0.101987E+00  0.000000E+00  0.774997E+00  0.361636E+04
  0.505318E+00  0.380000E+04  0.269461E+04  0.131673E+00  0.000000E+00  0.773145E+00  0.359629E+04
  0.507147E+00  0.377896E+04  0.268006E+04  0.131393E+00  0.000000E+00  0.796514E+00  0.357643E+04
  0.508975E+00  0.375812E+04  0.266574E+04  0.106426E+00  0.000000E+00  0.809228E+00  0.355678E+04
  0.510803E+00  0.373749E+04  0.265163E+04  0.880125E-01  0.000000E+00  0.786098E+00  0.353734E+04
  0.512631E+00  0.371706E+04  0.263770E+04  0.925532E-01  0.000000E+00  0.748680E+00  0.351809E+04
  0.514459E+00  0.369682E+04  0.262393E+04  0.103411E+00  0.000000E+00  0.734323E+00  0.349902E+04
  0.516287E+00  0.367676E+04  0.261030E+04  0.971183E-01  0.000000E+00  0.744387E+00  0.348013E+04
  0.518115E+00  0.365687E+04  0.259677E+04  0.750104E-01  0.000000E+00  0.749612E+00  0.346139E+04
  0.519943E+00  0.363715E+04  0.258333E+04  0.602610E-01  0.000000E+00  0.737239E+00  0.344281E+04
  0.521771E+00  0.361759E+04  0.256997E+04  0.694719E-01  0.000000E+00  0.722377E+00  0.342438E+04
  0.523599E+00  0.359819E+04  0.255666E+04  0.950325E-01  0.000000E+00  0.714021E+00  0.340609E+04
  0.525427E+00  0.357894E+04  0.254340E+04  0.113871E+00  0.000000E+00  0.700563E+00  0.338793E+04
  0.527255E+00  0.355984E+04  0.253017E+04  0.108794E+00  0.000000E+00  0.676702E+00  0.336991E+04
  0.529084E+00  0.354089E+04  0.251697E+04  0.826884E-01  0.000000E+00  0.658672E+00  0.335201E+04
  0.530912E+00  0.352209E+04  0.250379E+04  0.560150E-01  0.000000E+00  0.659162E+00  0.333424E+04
  0.532740E+00  0.350342E+04  0.249063E+04  0.496727E-01  0.000000E+00  0.666076E+00  0.331659E+04
  0.534568E+00  0.348489E+04  0.247749E+04  0.667444E-01  0.000000E+00  0.660751E+00  0.329905E+04
  0.536396E+00  0.346650E+04  0.246438E+04  0.907493E-01  0.000000E+00  0.643621E+00  0.328163E+04
  0.538224E+00  0.344824E+04  0.245129E+04  0.103201E+00  0.000000E+00  0.628165E+00  0.326433E+04
  0.540052E+00  0.343012E+04  0.243824E+04  0.100916E+00  0.000000E+00  0.620276E+00  0.324715E+04
  0.541880E+00  0.341214E+04  0.242524E+04  0.936729E-01  0.000000E+00  0.616961E+00  0.323010E+04
  0.543708E+00  0.339430E+04  0.241230E+04  0.885906E-01  0.000000E+00  0.616979E+00  0.321316E+04
  0.545536E+00  0.337659E+04  0.239942E+04  0.836595E-01  0.000000E+00  0.619263E+00  0.319635E+04
  0.547364E+00  0.335901E+04  0.238663E+04  0.763628E-01  0.000000E+00  0.616294E+00  0.317967E+04
  0.549192E+00  0.334158E+04  0.237391E+04  0.705170E-01  0.000000E+00  0.601837E+00  0.316312E+04
  0.551021E+00  0.332428E+04  0.236130E+04  0.700162E-01  0.000000E+00  0.582981E+00  0.314669E+04
  0.552849E+00  0.330712E+04  0.234879E+04  0.713123E-01  0.000000E+00  0.573696E+00  0.313040E+04
  0.554677E+00  0.329010E+04  0.233640E+04  0.687801E-01  0.000000E+00  0.576460E+00  0.311424E+04
  0.556505E+00  0.327322E+04  0.232414E+04  0.649228E-01  0.000000E+00  0.578432E+00  0.309822E+04
  0.558333E+00  0.325648E+04  0.231201E+04  0.674896E-01  0.000000E+00  0.567313E+00  0.308234E+04
  0.560161E+00  0.323988E+04  0.230002E+04  0.757401E-01  0.000000E+00  0.546136E+00  0.306660E+04
  0.561989E+00  0.322343E+04  0.228818E+04  0.773357E-01  0.000000E+00  0.530580E+00  0.305100E+04
  0.563817E+00  0.320712E+04  0.227647E+04  0.638263E-01  0.000000E+00  0.532404E+00  0.303554E+04
  0.565645E+00  0.319094E+04  0.226491E+04  0.446129E-01  0.000000E+00  0.545080E+00  0.302022E+04
  0.567473E+00  0.317490E+04  0.225349E+04  0.386067E-01  0.000000E+00  0.547822E+00  0.300503E+04
  0.569301E+00  0.315900E+04  0.224221E+04  0.524200E-01  0.000000E+00  0.528385E+00  0.298998E+04
  0.571130E+00  0.314323E+04  0.223106E+04  0.725760E-01  0.000000E+00  0.499918E+00  0.297506E+04
  0.572958E+00  0.312760E+04  0.222004E+04  0.810405E-01  0.000000E+00  0.487114E+00  0.296028E+04
  0.574786E+00  0.311211E+04  0.220915E+04  0.740189E-01  0.000000E+00  0.495879E+00  0.294563E+04
  0.576614E+00  0.309674E+04  0.219838E+04  0.622884E-01  0.000000E+00  0.507111E+00  0.293111E+04
  0.578442E+00  0.308150E+04  0.218772E+04  0.564037E-01  0.000000E+00  0.502721E+00  0.291671E+04
  0.580270E+00  0.306639E+04  0.217717E+04  0.567458E-01  0.000000E+00  0.485860E+00  0.290243E+04
  0.582098E+00  0.305139E+04  0.216670E+04  0.577262E-01  0.000000E+00  0.470170E+00  0.288826E+04
  0.701301E+00  0.227521E+04  0.161603E+04  0.348677E-01  0.000000E+00  0.238573E+00  0.215365E+04
  0.856572E+00  0.165194E+04  0.117355E+04  0.181063E-01  0.000000E+00  0.120069E+00  0.156372E+04
  0.104622E+01  0.119375E+04  0.848117E+03  0.881584E-02  0.000000E+00  0.606534E-01  0.113001E+04
  0.127786E+01  0.858959E+03  0.610298E+03  0.425979E-02  0.000000E+00  0.291489E-01  0.813097E+03
  0.156078E+01  0.615650E+03  0.437447E+03  0.204715E-02  0.000000E+00  0.174418E-01  0.582782E+03
  0.190633E+01  0.439692E+03  0.312435E+03  0.980029E-03  0.000000E+00  0.850876E-02  0.416220E+03
  0.232840E+01  0.313003E+03  0.222421E+03  0.467692E-03  0.000000E+00  0.395731E-02  0.296295E+03
  0.284392E+01  0.222153E+03  0.157867E+03  0.222539E-03  0.000000E+00  0.181907E-02  0.210295E+03
  0.347357E+01  0.157241E+03  0.111742E+03  0.105599E-03  0.000000E+00  0.925066E-03  0.148848E+03
  0.424263E+01  0.111015E+03  0.788933E+02  0.499740E-04  0.000000E+00  0.408144E-03  0.105090E+03
  0.518196E+01  0.781972E+02  0.555714E+02  0.235980E-04  0.000000E+00  0.209443E-03  0.740238E+02
  0.632926E+01  0.549623E+02  0.390593E+02  0.111192E-04  0.000000E+00  0.955700E-04  0.520290E+02
  0.773057E+01  0.385546E+02  0.273986E+02  0.522860E-05  0.000000E+00  0.412790E-04  0.364969E+02
  0.944214E+01  0.269952E+02  0.191833E+02  0.245418E-05  0.000000E+00  0.207591E-04  0.255543E+02
  0.115327E+02  0.188692E+02  0.134080E+02  0.114995E-05  0.000000E+00  0.982468E-05  0.178619E+02
  0.140860E+02  0.131682E+02  0.935605E+01  0.537964E-06  0.000000E+00  0.422028E-05  0.124651E+02
  0.172047E+02  0.917599E+01  0.651851E+01  0.251296E-06  0.000000E+00  0.251188E-05  0.868588E+01
  0.210139E+02  0.638522E+01  0.453485E+01  0.117220E-06  0.000000E+00  0.133573E-05  0.604400E+01
  0.256664E+02  0.443745E+01  0.315033E+01  0.546052E-07  0.000000E+00  0.399022E-06  0.420013E+01
  0.313490E+02  0.308007E+01  0.218542E+01  0.254064E-07  0.000000E+00  0.150732E-06  0.291515E+01
  0.382898E+02  0.213544E+01  0.151387E+01  0.118067E-07  0.000000E+00  0.737225E-07  0.202089E+01
  0.467672E+02  0.147891E+01  0.104709E+01  0.548088E-08  0.000000E+00  0.576069E-07  0.139938E+01
  0.571216E+02  0.102318E+01  0.723033E+00  0.254139E-08  0.000000E+00  0.179052E-07  0.967937E+00
  0.697686E+02  0.707190E+00  0.498302E+00  0.117716E-08  0.000000E+00  0.242618E-08  0.668785E+00
  0.852154E+02  0.488332E+00  0.342615E+00  0.544705E-09  0.000000E+00  0.855045E-08  0.461584E+00
  0.104082E+03  0.336898E+00  0.234858E+00  0.251769E-09  0.000000E+00  0.826449E-09  0.318211E+00
