  0.352787E-05  0.222497E+07  0.222497E+07  0.296661E+07  0.296661E+07  0.222838E+07  0.222499E+07
  0.364739E-05  0.222497E+07  0.222497E+07  0.296661E+07  0.296661E+07  0.222838E+07  0.222499E+07
  0.377095E-05  0.222497E+07  0.222497E+07  0.296661E+07  0.296661E+07  0.222838E+07  0.222499E+07
  0.389871E-05  0.222497E+07  0.222497E+07  0.296660E+07  0.296660E+07  0.222838E+07  0.222499E+07
  0.403079E-05  0.222497E+07  0.222497E+07  0.296660E+07  0.296660E+07  0.222838E+07  0.222499E+07
  0.416735E-05  0.222497E+07  0.222497E+07  0.296660E+07  0.296660E+07  0.222838E+07  0.222499E+07
  0.430853E-05  0.222497E+07  0.222497E+07  0.296660E+07  0.296660E+07  0.222838E+07  0.222499E+07
  0.445450E-05  0.222497E+07  0.222497E+07  0.296660E+07  0.296660E+07  0.222838E+07  0.222499E+07
  0.460541E-05  0.222497E+07  0.222497E+07  0.296660E+07  0.296660E+07  0.222838E+07  0.222499E+07
  0.476143E-05  0.222497E+07  0.222497E+07  0.296659E+07  0.296659E+07  0.222838E+07  0.222499E+07
  0.492274E-05  0.222497E+07  0.222497E+07  0.296659E+07  0.296659E+07  0.222838E+07  0.222499E+07
  0.508952E-05  0.222497E+07  0.222497E+07  0.296659E+07  0.296659E+07  0.222838E+07  0.222499E+07
  0.526194E-05  0.222497E+07  0.222497E+07  0.296659E+07  0.296659E+07  0.222838E+07  0.222499E+07
  0.544021E-05  0.222497E+07  0.222497E+07  0.296658E+07  0.296658E+07  0.222838E+07  0.222499E+07
  0.562451E-05  0.222497E+07  0.222497E+07  0.296658E+07  0.296658E+07  0.222838E+07  0.222499E+07
  0.581506E-05  0.222497E+07  0.222497E+07  0.296658E+07  0.296658E+07  0.222838E+07  0.222499E+07
  0.601207E-05  0.222497E+07  0.222497E+07  0.296658E+07  0.296657E+07  0.222838E+07  0.222499E+07
  0.621575E-05  0.222497E+07  0.222497E+07  0.296657E+07  0.296657E+07  0.222838E+07  0.222499E+07
  0.642633E-05  0.222497E+07  0.222497E+07  0.296657E+07  0.296657E+07  0.222838E+07  0.222499E+07
  0.664404E-05  0.222497E+07  0.222497E+07  0.296656E+07  0.296656E+07  0.222838E+07  0.222499E+07
  0.686913E-05  0.222497E+07  0.222497E+07  0.296656E+07  0.296656E+07  0.222838E+07  0.222499E+07
  0.710185E-05  0.222497E+07  0.222497E+07  0.296656E+07  0.296655E+07  0.222838E+07  0.222499E+07
  0.734245E-05  0.222497E+07  0.222497E+07  0.296655E+07  0.296655E+07  0.222838E+07  0.222499E+07
  0.759120E-05  0.222497E+07  0.222497E+07  0.296655E+07  0.296654E+07  0.222838E+07  0.222499E+07
  0.784838E-05  0.222497E+07  0.222497E+07  0.296654E+07  0.296654E+07  0.222838E+07  0.222499E+07
  0.811427E-05  0.222497E+07  0.222497E+07  0.296653E+07  0.296653E+07  0.222838E+07  0.222499E+07
  0.838917E-05  0.222497E+07  0.222497E+07  0.296653E+07  0.296653E+07  0.222838E+07  0.222499E+07
  0.867338E-05  0.222497E+07  0.222497E+07  0.296652E+07  0.296652E+07  0.222838E+07  0.222499E+07
  0.896722E-05  0.222497E+07  0.222497E+07  0.296651E+07  0.296651E+07  0.222838E+07  0.222499E+07
  0.927101E-05  0.222497E+07  0.222497E+07  0.296651E+07  0.296650E+07  0.222838E+07  0.222499E+07
  0.958510E-05  0.222497E+07  0.222497E+07  0.296650E+07  0.296650E+07  0.222838E+07  0.222499E+07
  0.990983E-05  0.222497E+07  0.222497E+07  0.296649E+07  0.296649E+07  0.222838E+07  0.222499E+07
  0.102456E-04  0.222497E+07  0.222497E+07  0.296648E+07  0.296648E+07  0.222838E+07  0.222499E+07
  0.105927E-04  0.222497E+07  0.222497E+07  0.296647E+07  0.296647E+07  0.222838E+07  0.222499E+07
  0.109515E-04  0.222497E+07  0.222497E+07  0.296646E+07  0.296646E+07  0.222838E+07  0.222499E+07
  0.113225E-04  0.222497E+07  0.222497E+07  0.296645E+07  0.296644E+07  0.222838E+07  0.222499E+07
  0.117061E-04  0.222497E+07  0.222497E+07  0.296643E+07  0.296643E+07  0.222838E+07  0.222499E+07
  0.121027E-04  0.222497E+07  0.222497E+07  0.296642E+07  0.296642E+07  0.222838E+07  0.222499E+07
  0.125127E-04  0.222497E+07  0.222497E+07  0.296641E+07  0.296640E+07  0.222837E+07  0.222499E+07
  0.129367E-04  0.222497E+07  0.222497E+07  0.296639E+07  0.296639E+07  0.222837E+07  0.222499E+07
  0.133749E-04  0.222497E+07  0.222497E+07  0.296638E+07  0.296637E+07  0.222837E+07  0.222499E+07
  0.138281E-04  0.222497E+07  0.222497E+07  0.296636E+07  0.296635E+07  0.222837E+07  0.222499E+07
  0.142965E-04  0.222497E+07  0.222497E+07  0.296634E+07  0.296634E+07  0.222837E+07  0.222499E+07
  0.147809E-04  0.222497E+07  0.222497E+07  0.296632E+07  0.296632E+07  0.222837E+07  0.222499E+07
  0.152816E-04  0.222497E+07  0.222497E+07  0.296630E+07  0.296629E+07  0.222837E+07  0.222499E+07
  0.157993E-04  0.222497E+07  0.222497E+07  0.296628E+07  0.296627E+07  0.222837E+07  0.222499E+07
  0.163346E-04  0.222497E+07  0.222497E+07  0.296625E+07  0.296625E+07  0.222837E+07  0.222499E+07
  0.168880E-04  0.222497E+07  0.222497E+07  0.296623E+07  0.296622E+07  0.222837E+07  0.222499E+07
  0.174601E-04  0.222497E+07  0.222497E+07  0.296620E+07  0.296619E+07  0.222836E+07  0.222499E+07
  0.180517E-04  0.222496E+07  0.222496E+07  0.296617E+07  0.296616E+07  0.222836E+07  0.222499E+07
  0.186632E-04  0.222496E+07  0.222496E+07  0.296614E+07  0.296613E+07  0.222836E+07  0.222499E+07
  0.192955E-04  0.222496E+07  0.222496E+07  0.296610E+07  0.296610E+07  0.222836E+07  0.222499E+07
  0.199492E-04  0.222496E+07  0.222496E+07  0.296607E+07  0.296606E+07  0.222836E+07  0.222499E+07
  0.206250E-04  0.222496E+07  0.222496E+07  0.296603E+07  0.296602E+07  0.222836E+07  0.222499E+07
  0.213238E-04  0.222496E+07  0.222496E+07  0.296599E+07  0.296598E+07  0.222835E+07  0.222499E+07
  0.220462E-04  0.222496E+07  0.222496E+07  0.296594E+07  0.296593E+07  0.222835E+07  0.222499E+07
  0.227931E-04  0.222496E+07  0.222496E+07  0.296590E+07  0.296589E+07  0.222835E+07  0.222499E+07
  0.235653E-04  0.222496E+07  0.222496E+07  0.296585E+07  0.296584E+07  0.222835E+07  0.222499E+07
  0.243637E-04  0.222496E+07  0.222496E+07  0.296579E+07  0.296578E+07  0.222834E+07  0.222499E+07
  0.251891E-04  0.222496E+07  0.222496E+07  0.296574E+07  0.296572E+07  0.222834E+07  0.222499E+07
  0.260424E-04  0.222496E+07  0.222496E+07  0.296568E+07  0.296566E+07  0.222834E+07  0.222498E+07
  0.269247E-04  0.222496E+07  0.222496E+07  0.296561E+07  0.296559E+07  0.222833E+07  0.222498E+07
  0.278369E-04  0.222496E+07  0.222496E+07  0.296554E+07  0.296552E+07  0.222833E+07  0.222498E+07
  0.287799E-04  0.222496E+07  0.222496E+07  0.296546E+07  0.296545E+07  0.222833E+07  0.222498E+07
  0.297550E-04  0.222496E+07  0.222496E+07  0.296538E+07  0.296537E+07  0.222832E+07  0.222498E+07
  0.307630E-04  0.222496E+07  0.222496E+07  0.296530E+07  0.296528E+07  0.222832E+07  0.222498E+07
  0.318052E-04  0.222496E+07  0.222496E+07  0.296521E+07  0.296519E+07  0.222831E+07  0.222498E+07
  0.328827E-04  0.222495E+07  0.222495E+07  0.296511E+07  0.296509E+07  0.222831E+07  0.222498E+07
  0.339967E-04  0.222495E+07  0.222495E+07  0.296501E+07  0.296498E+07  0.222830E+07  0.222498E+07
  0.351485E-04  0.222495E+07  0.222495E+07  0.296489E+07  0.296487E+07  0.222830E+07  0.222498E+07
  0.363393E-04  0.222495E+07  0.222495E+07  0.296478E+07  0.296475E+07  0.222829E+07  0.222498E+07
  0.375704E-04  0.222495E+07  0.222495E+07  0.296465E+07  0.296462E+07  0.222829E+07  0.222497E+07
  0.388432E-04  0.222495E+07  0.222495E+07  0.296451E+07  0.296448E+07  0.222828E+07  0.222497E+07
  0.401592E-04  0.222495E+07  0.222495E+07  0.296437E+07  0.296433E+07  0.222827E+07  0.222497E+07
  0.415197E-04  0.222494E+07  0.222494E+07  0.296421E+07  0.296417E+07  0.222826E+07  0.222497E+07
  0.429263E-04  0.222494E+07  0.222494E+07  0.296404E+07  0.296401E+07  0.222826E+07  0.222497E+07
  0.443806E-04  0.222494E+07  0.222494E+07  0.296387E+07  0.296382E+07  0.222825E+07  0.222497E+07
  0.458841E-04  0.222494E+07  0.222494E+07  0.296368E+07  0.296363E+07  0.222824E+07  0.222496E+07
  0.474386E-04  0.222494E+07  0.222494E+07  0.296347E+07  0.296343E+07  0.222823E+07  0.222496E+07
  0.490458E-04  0.222494E+07  0.222494E+07  0.296326E+07  0.296320E+07  0.222822E+07  0.222496E+07
  0.507074E-04  0.222493E+07  0.222493E+07  0.296302E+07  0.296297E+07  0.222821E+07  0.222496E+07
  0.524253E-04  0.222493E+07  0.222493E+07  0.296278E+07  0.296272E+07  0.222819E+07  0.222495E+07
  0.542013E-04  0.222493E+07  0.222493E+07  0.296251E+07  0.296245E+07  0.222818E+07  0.222495E+07
  0.560376E-04  0.222492E+07  0.222492E+07  0.296223E+07  0.296216E+07  0.222817E+07  0.222495E+07
  0.579361E-04  0.222492E+07  0.222492E+07  0.296192E+07  0.296185E+07  0.222815E+07  0.222495E+07
  0.598989E-04  0.222492E+07  0.222492E+07  0.296160E+07  0.296152E+07  0.222813E+07  0.222494E+07
  0.619281E-04  0.222492E+07  0.222491E+07  0.296125E+07  0.296117E+07  0.222812E+07  0.222494E+07
  0.640262E-04  0.222491E+07  0.222491E+07  0.296088E+07  0.296080E+07  0.222810E+07  0.222493E+07
  0.661953E-04  0.222491E+07  0.222491E+07  0.296049E+07  0.296040E+07  0.222808E+07  0.222493E+07
  0.684379E-04  0.222490E+07  0.222490E+07  0.296007E+07  0.295997E+07  0.222806E+07  0.222493E+07
  0.707564E-04  0.222490E+07  0.222490E+07  0.295961E+07  0.295951E+07  0.222804E+07  0.222492E+07
  0.731536E-04  0.222489E+07  0.222489E+07  0.295913E+07  0.295902E+07  0.222801E+07  0.222492E+07
  0.756319E-04  0.222489E+07  0.222489E+07  0.295862E+07  0.295850E+07  0.222799E+07  0.222491E+07
  0.781942E-04  0.222488E+07  0.222488E+07  0.295806E+07  0.295794E+07  0.222796E+07  0.222490E+07
  0.808433E-04  0.222488E+07  0.222488E+07  0.295748E+07  0.295734E+07  0.222793E+07  0.222490E+07
  0.835821E-04  0.222487E+07  0.222487E+07  0.295685E+07  0.295670E+07  0.222790E+07  0.222489E+07
  0.864138E-04  0.222486E+07  0.222486E+07  0.295617E+07  0.295602E+07  0.222786E+07  0.222489E+07
  0.893413E-04  0.222486E+07  0.222485E+07  0.295545E+07  0.295529E+07  0.222783E+07  0.222488E+07
  0.923681E-04  0.222485E+07  0.222485E+07  0.295469E+07  0.295451E+07  0.222779E+07  0.222487E+07
  0.954974E-04  0.222484E+07  0.222484E+07  0.295387E+07  0.295368E+07  0.222775E+07  0.222486E+07
  0.987327E-04  0.222483E+07  0.222483E+07  0.295299E+07  0.295279E+07  0.222770E+07  0.222485E+07
  0.102078E-03  0.222482E+07  0.222482E+07  0.295205E+07  0.295183E+07  0.222766E+07  0.222484E+07
  0.105536E-03  0.222481E+07  0.222481E+07  0.295105E+07  0.295082E+07  0.222761E+07  0.222483E+07
  0.109111E-03  0.222480E+07  0.222480E+07  0.294998E+07  0.294973E+07  0.222755E+07  0.222482E+07
  0.112808E-03  0.222479E+07  0.222479E+07  0.294883E+07  0.294857E+07  0.222750E+07  0.222481E+07
  0.116629E-03  0.222478E+07  0.222477E+07  0.294761E+07  0.294733E+07  0.222743E+07  0.222480E+07
  0.120581E-03  0.222476E+07  0.222476E+07  0.294631E+07  0.294600E+07  0.222737E+07  0.222478E+07
  0.124666E-03  0.222475E+07  0.222475E+07  0.294491E+07  0.294459E+07  0.222730E+07  0.222477E+07
  0.128889E-03  0.222473E+07  0.222473E+07  0.294342E+07  0.294308E+07  0.222722E+07  0.222475E+07
  0.133256E-03  0.222472E+07  0.222471E+07  0.294183E+07  0.294146E+07  0.222714E+07  0.222473E+07
  0.137770E-03  0.222470E+07  0.222470E+07  0.294012E+07  0.293973E+07  0.222706E+07  0.222472E+07
  0.142438E-03  0.222468E+07  0.222468E+07  0.293831E+07  0.293789E+07  0.222697E+07  0.222470E+07
  0.147263E-03  0.222466E+07  0.222466E+07  0.293636E+07  0.293592E+07  0.222687E+07  0.222468E+07
  0.152252E-03  0.222464E+07  0.222464E+07  0.293429E+07  0.293381E+07  0.222677E+07  0.222465E+07
  0.157410E-03  0.222462E+07  0.222461E+07  0.293207E+07  0.293156E+07  0.222665E+07  0.222463E+07
  0.162743E-03  0.222459E+07  0.222459E+07  0.292971E+07  0.292916E+07  0.222653E+07  0.222461E+07
  0.168257E-03  0.222457E+07  0.222456E+07  0.292718E+07  0.292660E+07  0.222641E+07  0.222458E+07
  0.173957E-03  0.222454E+07  0.222454E+07  0.292448E+07  0.292386E+07  0.222627E+07  0.222455E+07
  0.179850E-03  0.222451E+07  0.222450E+07  0.292159E+07  0.292093E+07  0.222613E+07  0.222452E+07
  0.185944E-03  0.222448E+07  0.222447E+07  0.291852E+07  0.291781E+07  0.222597E+07  0.222449E+07
  0.192243E-03  0.222444E+07  0.222444E+07  0.291523E+07  0.291447E+07  0.222580E+07  0.222445E+07
  0.198756E-03  0.222441E+07  0.222440E+07  0.291172E+07  0.291091E+07  0.222563E+07  0.222442E+07
  0.205489E-03  0.222437E+07  0.222436E+07  0.290797E+07  0.290711E+07  0.222544E+07  0.222438E+07
  0.212451E-03  0.222433E+07  0.222432E+07  0.290397E+07  0.290305E+07  0.222523E+07  0.222433E+07
  0.219649E-03  0.222428E+07  0.222428E+07  0.289969E+07  0.289871E+07  0.222502E+07  0.222429E+07
  0.227090E-03  0.222424E+07  0.222423E+07  0.289513E+07  0.289409E+07  0.222479E+07  0.222424E+07
  0.234783E-03  0.222419E+07  0.222418E+07  0.289027E+07  0.288915E+07  0.222454E+07  0.222419E+07
  0.242738E-03  0.222413E+07  0.222412E+07  0.288507E+07  0.288388E+07  0.222427E+07  0.222413E+07
  0.250961E-03  0.222407E+07  0.222407E+07  0.287953E+07  0.287826E+07  0.222399E+07  0.222407E+07
  0.259463E-03  0.222401E+07  0.222400E+07  0.287362E+07  0.287227E+07  0.222369E+07  0.222401E+07
  0.268253E-03  0.222395E+07  0.222394E+07  0.286731E+07  0.286587E+07  0.222337E+07  0.222394E+07
  0.277342E-03  0.222388E+07  0.222387E+07  0.286058E+07  0.285904E+07  0.222302E+07  0.222387E+07
  0.286737E-03  0.222380E+07  0.222379E+07  0.285340E+07  0.285177E+07  0.222265E+07  0.222379E+07
  0.296452E-03  0.222372E+07  0.222371E+07  0.284575E+07  0.284401E+07  0.222226E+07  0.222371E+07
  0.306495E-03  0.222364E+07  0.222362E+07  0.283760E+07  0.283574E+07  0.222184E+07  0.222362E+07
  0.316879E-03  0.222354E+07  0.222353E+07  0.282890E+07  0.282692E+07  0.222139E+07  0.222353E+07
  0.327614E-03  0.222345E+07  0.222343E+07  0.281963E+07  0.281752E+07  0.222091E+07  0.222343E+07
  0.338713E-03  0.222334E+07  0.222333E+07  0.280976E+07  0.280751E+07  0.222040E+07  0.222332E+07
  0.350188E-03  0.222323E+07  0.222322E+07  0.279924E+07  0.279685E+07  0.221985E+07  0.222320E+07
  0.362052E-03  0.222311E+07  0.222309E+07  0.278803E+07  0.278549E+07  0.221926E+07  0.222308E+07
  0.374318E-03  0.222298E+07  0.222297E+07  0.277610E+07  0.277340E+07  0.221864E+07  0.222295E+07
  0.386999E-03  0.222285E+07  0.222283E+07  0.276340E+07  0.276053E+07  0.221797E+07  0.222281E+07
  0.400110E-03  0.222270E+07  0.222268E+07  0.274989E+07  0.274683E+07  0.221726E+07  0.222266E+07
  0.413665E-03  0.222255E+07  0.222253E+07  0.273551E+07  0.273227E+07  0.221650E+07  0.222250E+07
  0.427679E-03  0.222238E+07  0.222236E+07  0.272022E+07  0.271677E+07  0.221569E+07  0.222233E+07
  0.442168E-03  0.222221E+07  0.222218E+07  0.270396E+07  0.270031E+07  0.221482E+07  0.222215E+07
  0.457148E-03  0.222202E+07  0.222199E+07  0.268668E+07  0.268281E+07  0.221389E+07  0.222195E+07
  0.472636E-03  0.222182E+07  0.222179E+07  0.266833E+07  0.266422E+07  0.221290E+07  0.222175E+07
  0.488648E-03  0.222160E+07  0.222157E+07  0.264884E+07  0.264448E+07  0.221184E+07  0.222152E+07
  0.505203E-03  0.222137E+07  0.222134E+07  0.262815E+07  0.262354E+07  0.221072E+07  0.222129E+07
  0.522318E-03  0.222113E+07  0.222109E+07  0.260621E+07  0.260133E+07  0.220951E+07  0.222104E+07
  0.540014E-03  0.222086E+07  0.222083E+07  0.258294E+07  0.257778E+07  0.220823E+07  0.222077E+07
  0.558308E-03  0.222058E+07  0.222054E+07  0.255828E+07  0.255284E+07  0.220686E+07  0.222048E+07
  0.577223E-03  0.222029E+07  0.222024E+07  0.253217E+07  0.252642E+07  0.220539E+07  0.222017E+07
  0.596778E-03  0.221997E+07  0.221992E+07  0.250454E+07  0.249847E+07  0.220383E+07  0.221984E+07
  0.616996E-03  0.221963E+07  0.221958E+07  0.247531E+07  0.246892E+07  0.220217E+07  0.221949E+07
  0.637899E-03  0.221927E+07  0.221921E+07  0.244443E+07  0.243770E+07  0.220039E+07  0.221912E+07
  0.659510E-03  0.221888E+07  0.221882E+07  0.241181E+07  0.240474E+07  0.219849E+07  0.221872E+07
  0.681853E-03  0.221847E+07  0.221841E+07  0.237741E+07  0.236997E+07  0.219647E+07  0.221830E+07
  0.704954E-03  0.221803E+07  0.221797E+07  0.234114E+07  0.233334E+07  0.219432E+07  0.221785E+07
  0.728836E-03  0.221756E+07  0.221749E+07  0.230294E+07  0.229478E+07  0.219202E+07  0.221736E+07
  0.753528E-03  0.221706E+07  0.221699E+07  0.226277E+07  0.225423E+07  0.218957E+07  0.221685E+07
  0.779057E-03  0.221653E+07  0.221645E+07  0.222056E+07  0.221164E+07  0.218696E+07  0.221630E+07
  0.805450E-03  0.221597E+07  0.221588E+07  0.217626E+07  0.216696E+07  0.218418E+07  0.221572E+07
  0.832737E-03  0.221536E+07  0.221527E+07  0.212984E+07  0.212016E+07  0.218122E+07  0.221510E+07
  0.860949E-03  0.221472E+07  0.221462E+07  0.208125E+07  0.207121E+07  0.217807E+07  0.221443E+07
  0.890117E-03  0.221404E+07  0.221393E+07  0.203049E+07  0.202008E+07  0.217471E+07  0.221373E+07
  0.920272E-03  0.221331E+07  0.221320E+07  0.197753E+07  0.196677E+07  0.217114E+07  0.221298E+07
  0.951450E-03  0.221253E+07  0.221242E+07  0.192238E+07  0.191129E+07  0.216734E+07  0.221218E+07
  0.983684E-03  0.221171E+07  0.221158E+07  0.186506E+07  0.185365E+07  0.216329E+07  0.221133E+07
  0.101701E-02  0.221083E+07  0.221070E+07  0.180560E+07  0.179391E+07  0.215899E+07  0.221043E+07
  0.105146E-02  0.220990E+07  0.220976E+07  0.174407E+07  0.173212E+07  0.215442E+07  0.220946E+07
  0.108709E-02  0.220890E+07  0.220876E+07  0.168054E+07  0.166838E+07  0.214956E+07  0.220844E+07
  0.112391E-02  0.220785E+07  0.220769E+07  0.161511E+07  0.160279E+07  0.214441E+07  0.220736E+07
  0.116199E-02  0.220673E+07  0.220656E+07  0.154793E+07  0.153548E+07  0.213893E+07  0.220620E+07
  0.120136E-02  0.220554E+07  0.220536E+07  0.147914E+07  0.146664E+07  0.213311E+07  0.220498E+07
  0.124206E-02  0.220428E+07  0.220409E+07  0.140895E+07  0.139645E+07  0.212695E+07  0.220368E+07
  0.128414E-02  0.220294E+07  0.220274E+07  0.133758E+07  0.132516E+07  0.212041E+07  0.220230E+07
  0.132764E-02  0.220152E+07  0.220131E+07  0.126528E+07  0.125302E+07  0.211348E+07  0.220084E+07
  0.137262E-02  0.220002E+07  0.219979E+07  0.119235E+07  0.118034E+07  0.210614E+07  0.219929E+07
  0.141912E-02  0.219842E+07  0.219818E+07  0.111913E+07  0.110745E+07  0.209838E+07  0.219765E+07
  0.146720E-02  0.219673E+07  0.219648E+07  0.104598E+07  0.103472E+07  0.209016E+07  0.219591E+07
  0.151691E-02  0.219495E+07  0.219467E+07  0.973283E+06  0.962556E+06  0.208148E+07  0.219407E+07
  0.156830E-02  0.219306E+07  0.219277E+07  0.901482E+06  0.891376E+06  0.207231E+07  0.219212E+07
  0.162143E-02  0.219106E+07  0.219075E+07  0.831022E+06  0.821633E+06  0.206263E+07  0.219007E+07
  0.167636E-02  0.218895E+07  0.218862E+07  0.762376E+06  0.753795E+06  0.205243E+07  0.218789E+07
  0.173315E-02  0.218672E+07  0.218638E+07  0.696026E+06  0.688334E+06  0.204168E+07  0.218560E+07
  0.179187E-02  0.218437E+07  0.218400E+07  0.632455E+06  0.625725E+06  0.203036E+07  0.218318E+07
  0.185257E-02  0.218189E+07  0.218150E+07  0.572139E+06  0.566426E+06  0.201846E+07  0.218063E+07
  0.191534E-02  0.217928E+07  0.217887E+07  0.515530E+06  0.510869E+06  0.200596E+07  0.217794E+07
  0.198023E-02  0.217653E+07  0.217609E+07  0.463043E+06  0.459447E+06  0.199285E+07  0.217511E+07
  0.204731E-02  0.217364E+07  0.217317E+07  0.415037E+06  0.412492E+06  0.197910E+07  0.217213E+07
  0.211667E-02  0.217060E+07  0.217010E+07  0.371805E+06  0.370262E+06  0.196471E+07  0.216900E+07
  0.218838E-02  0.216740E+07  0.216688E+07  0.333546E+06  0.332927E+06  0.194967E+07  0.216571E+07
  0.226252E-02  0.216404E+07  0.216349E+07  0.300359E+06  0.300548E+06  0.193396E+07  0.216226E+07
  0.233917E-02  0.216052E+07  0.215993E+07  0.272221E+06  0.273067E+06  0.191759E+07  0.215864E+07
  0.241842E-02  0.215683E+07  0.215621E+07  0.248980E+06  0.250301E+06  0.190055E+07  0.215485E+07
  0.250035E-02  0.215297E+07  0.215230E+07  0.230344E+06  0.231929E+06  0.188284E+07  0.215088E+07
  0.258506E-02  0.214892E+07  0.214821E+07  0.215885E+06  0.217503E+06  0.186447E+07  0.214672E+07
  0.267264E-02  0.214469E+07  0.214394E+07  0.205043E+06  0.206452E+06  0.184544E+07  0.214237E+07
  0.276318E-02  0.214027E+07  0.213947E+07  0.197142E+06  0.198106E+06  0.182576E+07  0.213783E+07
  0.285679E-02  0.213565E+07  0.213480E+07  0.191417E+06  0.191717E+06  0.180546E+07  0.213308E+07
  0.295358E-02  0.213083E+07  0.212992E+07  0.187052E+06  0.186507E+06  0.178454E+07  0.212813E+07
  0.305364E-02  0.212580E+07  0.212483E+07  0.183224E+06  0.181706E+06  0.176305E+07  0.212297E+07
  0.315709E-02  0.212055E+07  0.211953E+07  0.179154E+06  0.176607E+06  0.174100E+07  0.211760E+07
  0.326405E-02  0.211509E+07  0.211400E+07  0.174170E+06  0.170622E+06  0.171843E+07  0.211200E+07
  0.337463E-02  0.210941E+07  0.210824E+07  0.167761E+06  0.163329E+06  0.169538E+07  0.210617E+07
  0.348896E-02  0.210349E+07  0.210225E+07  0.159626E+06  0.154516E+06  0.167189E+07  0.210012E+07
  0.360716E-02  0.209733E+07  0.209601E+07  0.149712E+06  0.144210E+06  0.164801E+07  0.209382E+07
  0.372936E-02  0.209094E+07  0.208953E+07  0.138228E+06  0.132672E+06  0.162378E+07  0.208728E+07
  0.385571E-02  0.208429E+07  0.208279E+07  0.125633E+06  0.120381E+06  0.159925E+07  0.208049E+07
  0.398634E-02  0.207739E+07  0.207580E+07  0.112586E+06  0.107973E+06  0.157446E+07  0.207344E+07
  0.412139E-02  0.207023E+07  0.206853E+07  0.998727E+05  0.961580E+05  0.154948E+07  0.206613E+07
  0.426101E-02  0.206283E+07  0.206102E+07  0.882955E+05  0.856218E+05  0.152756E+07  0.205861E+07
  0.440537E-02  0.205514E+07  0.205321E+07  0.785428E+05  0.768995E+05  0.150243E+07  0.205076E+07
  0.455462E-02  0.204716E+07  0.204511E+07  0.710810E+05  0.702907E+05  0.147720E+07  0.204264E+07
  0.470892E-02  0.203890E+07  0.203671E+07  0.660460E+05  0.657799E+05  0.145191E+07  0.203423E+07
  0.486845E-02  0.203035E+07  0.202802E+07  0.631961E+05  0.630223E+05  0.142658E+07  0.202554E+07
  0.503339E-02  0.202150E+07  0.201903E+07  0.619317E+05  0.613947E+05  0.140122E+07  0.201655E+07
  0.520391E-02  0.201236E+07  0.200972E+07  0.613953E+05  0.601139E+05  0.137585E+07  0.200726E+07
  0.538021E-02  0.200290E+07  0.200010E+07  0.606435E+05  0.584085E+05  0.135047E+07  0.199766E+07
  0.556248E-02  0.199313E+07  0.199014E+07  0.588635E+05  0.557069E+05  0.132387E+07  0.198773E+07
  0.575093E-02  0.198305E+07  0.197987E+07  0.555868E+05  0.517967E+05  0.129830E+07  0.197751E+07
  0.594576E-02  0.197264E+07  0.196926E+07  0.508306E+05  0.468927E+05  0.127268E+07  0.196696E+07
  0.614720E-02  0.196191E+07  0.195831E+07  0.451185E+05  0.415859E+05  0.124698E+07  0.195608E+07
  0.635546E-02  0.195085E+07  0.194701E+07  0.393409E+05  0.366592E+05  0.122119E+07  0.194487E+07
  0.657077E-02  0.193944E+07  0.193536E+07  0.344737E+05  0.328162E+05  0.119528E+07  0.193333E+07
  0.679338E-02  0.192770E+07  0.192336E+07  0.312300E+05  0.304083E+05  0.116969E+07  0.192144E+07
  0.702352E-02  0.191560E+07  0.191099E+07  0.297679E+05  0.292753E+05  0.114359E+07  0.190920E+07
  0.726147E-02  0.190315E+07  0.189824E+07  0.295917E+05  0.287885E+05  0.111736E+07  0.189660E+07
  0.750748E-02  0.189034E+07  0.188512E+07  0.297259E+05  0.281136E+05  0.109102E+07  0.188364E+07
  0.776182E-02  0.187717E+07  0.187162E+07  0.291390E+05  0.266034E+05  0.106456E+07  0.187032E+07
  0.802478E-02  0.186362E+07  0.185772E+07  0.272487E+05  0.241348E+05  0.103788E+07  0.185662E+07
  0.829665E-02  0.184970E+07  0.184343E+07  0.242548E+05  0.211903E+05  0.101125E+07  0.184255E+07
  0.857772E-02  0.183539E+07  0.182874E+07  0.210710E+05  0.185900E+05  0.984599E+06  0.182809E+07
  0.886832E-02  0.182070E+07  0.181363E+07  0.180122E+05  0.169832E+05  0.957938E+06  0.181325E+07
  0.916877E-02  0.180562E+07  0.179811E+07  0.169299E+05  0.164048E+05  0.931346E+06  0.179801E+07
  0.947939E-02  0.179014E+07  0.178217E+07  0.170126E+05  0.162268E+05  0.904766E+06  0.178238E+07
  0.980054E-02  0.177426E+07  0.176580E+07  0.171911E+05  0.156094E+05  0.878261E+06  0.176634E+07
  0.101326E-01  0.175797E+07  0.174899E+07  0.164132E+05  0.141655E+05  0.851858E+06  0.174990E+07
  0.104758E-01  0.174126E+07  0.173174E+07  0.144992E+05  0.122978E+05  0.825572E+06  0.173304E+07
  0.108307E-01  0.172414E+07  0.171405E+07  0.123389E+05  0.108462E+05  0.799465E+06  0.171576E+07
  0.111977E-01  0.170659E+07  0.169590E+07  0.108437E+05  0.102812E+05  0.773565E+06  0.169806E+07
  0.115770E-01  0.168861E+07  0.167729E+07  0.107366E+05  0.102112E+05  0.747919E+06  0.167993E+07
  0.119692E-01  0.167020E+07  0.165821E+07  0.109949E+05  0.979021E+04  0.722556E+06  0.166136E+07
  0.123747E-01  0.165136E+07  0.163866E+07  0.104377E+05  0.868210E+04  0.697500E+06  0.164236E+07
  0.127940E-01  0.163207E+07  0.161864E+07  0.893533E+04  0.747072E+04  0.672750E+06  0.162292E+07
  0.132274E-01  0.161233E+07  0.159814E+07  0.759797E+04  0.690552E+04  0.648280E+06  0.160303E+07
  0.136756E-01  0.159215E+07  0.157715E+07  0.737273E+04  0.687221E+04  0.624050E+06  0.158269E+07
  0.141389E-01  0.157151E+07  0.155567E+07  0.747394E+04  0.655605E+04  0.600022E+06  0.156190E+07
  0.146179E-01  0.155042E+07  0.153371E+07  0.704413E+04  0.568754E+04  0.576189E+06  0.154065E+07
  0.151131E-01  0.152887E+07  0.151125E+07  0.586562E+04  0.000000E+00  0.552598E+06  0.151894E+07
  0.156251E-01  0.150686E+07  0.148829E+07  0.515074E+04  0.000000E+00  0.529353E+06  0.149678E+07
  0.161545E-01  0.148440E+07  0.146484E+07  0.533490E+04  0.000000E+00  0.506590E+06  0.147416E+07
  0.167017E-01  0.146148E+07  0.144090E+07  0.514918E+04  0.000000E+00  0.484432E+06  0.145108E+07
  0.172676E-01  0.143810E+07  0.141648E+07  0.428827E+04  0.000000E+00  0.462933E+06  0.142756E+07
  0.178526E-01  0.141427E+07  0.139157E+07  0.374669E+04  0.000000E+00  0.442054E+06  0.140359E+07
  0.184574E-01  0.139000E+07  0.136619E+07  0.391939E+04  0.000000E+00  0.421683E+06  0.137917E+07
  0.190827E-01  0.136529E+07  0.134034E+07  0.361394E+04  0.000000E+00  0.401696E+06  0.135432E+07
  0.197292E-01  0.134016E+07  0.131405E+07  0.292962E+04  0.000000E+00  0.382040E+06  0.132905E+07
  0.203976E-01  0.131461E+07  0.128732E+07  0.287032E+04  0.000000E+00  0.362764E+06  0.130336E+07
  0.210886E-01  0.128866E+07  0.126017E+07  0.287309E+04  0.000000E+00  0.343987E+06  0.127728E+07
  0.218031E-01  0.126233E+07  0.123264E+07  0.237749E+04  0.000000E+00  0.325830E+06  0.125082E+07
  0.225417E-01  0.123564E+07  0.120474E+07  0.234981E+04  0.000000E+00  0.308347E+06  0.122401E+07
  0.233054E-01  0.120861E+07  0.117651E+07  0.244847E+04  0.000000E+00  0.291516E+06  0.119688E+07
  0.240950E-01  0.118128E+07  0.114799E+07  0.212454E+04  0.000000E+00  0.275281E+06  0.116944E+07
  0.249113E-01  0.115368E+07  0.111923E+07  0.210038E+04  0.000000E+00  0.259597E+06  0.114175E+07
  0.257552E-01  0.112585E+07  0.109026E+07  0.174007E+04  0.000000E+00  0.244450E+06  0.111384E+07
  0.266278E-01  0.109783E+07  0.106115E+07  0.124290E+04  0.000000E+00  0.229851E+06  0.108574E+07
  0.275299E-01  0.106967E+07  0.103195E+07  0.124677E+04  0.000000E+00  0.215824E+06  0.105753E+07
  0.284625E-01  0.104142E+07  0.100274E+07  0.117190E+04  0.000000E+00  0.202393E+06  0.102924E+07
  0.294268E-01  0.101314E+07  0.973577E+06  0.122799E+04  0.000000E+00  0.189561E+06  0.100094E+07
  0.304237E-01  0.984902E+06  0.944553E+06  0.881544E+03  0.000000E+00  0.177297E+06  0.972693E+06
  0.314544E-01  0.956769E+06  0.915749E+06  0.899713E+03  0.000000E+00  0.165581E+06  0.944576E+06
  0.325201E-01  0.928815E+06  0.887254E+06  0.842706E+03  0.000000E+00  0.154460E+06  0.916663E+06
  0.336218E-01  0.901120E+06  0.859162E+06  0.716920E+03  0.000000E+00  0.143975E+06  0.889032E+06
  0.347609E-01  0.873763E+06  0.831570E+06  0.655564E+03  0.000000E+00  0.134068E+06  0.861768E+06
  0.359385E-01  0.846830E+06  0.804577E+06  0.638377E+03  0.000000E+00  0.124655E+06  0.834955E+06
  0.371560E-01  0.820404E+06  0.778281E+06  0.502685E+03  0.000000E+00  0.115764E+06  0.808678E+06
  0.384148E-01  0.794568E+06  0.752778E+06  0.538193E+03  0.000000E+00  0.107461E+06  0.783023E+06
  0.397163E-01  0.769405E+06  0.728159E+06  0.422334E+03  0.000000E+00  0.997235E+05  0.758073E+06
  0.410618E-01  0.744991E+06  0.704506E+06  0.410234E+03  0.000000E+00  0.924851E+05  0.733903E+06
  0.424529E-01  0.721395E+06  0.681895E+06  0.387541E+03  0.000000E+00  0.857549E+05  0.710585E+06
  0.438911E-01  0.698679E+06  0.660383E+06  0.315867E+03  0.000000E+00  0.795007E+05  0.688176E+06
  0.453542E-01  0.677226E+06  0.640325E+06  0.318792E+03  0.000000E+00  0.737840E+05  0.667056E+06
  0.468172E-01  0.657338E+06  0.621975E+06  0.277659E+03  0.000000E+00  0.686342E+05  0.647515E+06
  0.482803E-01  0.638906E+06  0.605193E+06  0.236255E+03  0.000000E+00  0.639810E+05  0.629440E+06
  0.497433E-01  0.621813E+06  0.589834E+06  0.210322E+03  0.000000E+00  0.597793E+05  0.612712E+06
  0.512063E-01  0.605944E+06  0.575750E+06  0.248524E+03  0.000000E+00  0.559572E+05  0.597208E+06
  0.526694E-01  0.591179E+06  0.562796E+06  0.199591E+03  0.000000E+00  0.524720E+05  0.582807E+06
  0.541324E-01  0.577401E+06  0.550824E+06  0.152405E+03  0.000000E+00  0.493205E+05  0.569388E+06
  0.555954E-01  0.564496E+06  0.539694E+06  0.201656E+03  0.000000E+00  0.464505E+05  0.556832E+06
  0.570585E-01  0.552353E+06  0.529271E+06  0.144763E+03  0.000000E+00  0.438026E+05  0.545025E+06
  0.585215E-01  0.540865E+06  0.519424E+06  0.137819E+03  0.000000E+00  0.413594E+05  0.533859E+06
  0.599846E-01  0.529932E+06  0.510037E+06  0.154550E+03  0.000000E+00  0.391055E+05  0.523230E+06
  0.614476E-01  0.519463E+06  0.500998E+06  0.114248E+03  0.000000E+00  0.370175E+05  0.513044E+06
  0.629106E-01  0.509371E+06  0.492210E+06  0.124233E+03  0.000000E+00  0.350721E+05  0.503214E+06
  0.643737E-01  0.499582E+06  0.483587E+06  0.109898E+03  0.000000E+00  0.332542E+05  0.493665E+06
  0.658367E-01  0.490029E+06  0.475054E+06  0.109606E+03  0.000000E+00  0.315533E+05  0.484328E+06
  0.672998E-01  0.480654E+06  0.466551E+06  0.841397E+02  0.000000E+00  0.299489E+05  0.475146E+06
  0.687628E-01  0.471411E+06  0.458029E+06  0.976507E+02  0.000000E+00  0.284348E+05  0.466071E+06
  0.702258E-01  0.462260E+06  0.449451E+06  0.710222E+02  0.000000E+00  0.270128E+05  0.457066E+06
  0.716889E-01  0.453173E+06  0.440794E+06  0.872422E+02  0.000000E+00  0.256660E+05  0.448103E+06
  0.731519E-01  0.444130E+06  0.432044E+06  0.822236E+02  0.000000E+00  0.243846E+05  0.439163E+06
  0.746149E-01  0.435120E+06  0.423200E+06  0.803986E+02  0.000000E+00  0.231720E+05  0.430235E+06
  0.760780E-01  0.426136E+06  0.414266E+06  0.490797E+02  0.000000E+00  0.220228E+05  0.421317E+06
  0.775410E-01  0.417179E+06  0.405255E+06  0.532331E+02  0.000000E+00  0.209301E+05  0.412409E+06
  0.790041E-01  0.408261E+06  0.396195E+06  0.790422E+02  0.000000E+00  0.198905E+05  0.403528E+06
  0.804671E-01  0.399398E+06  0.387115E+06  0.518098E+02  0.000000E+00  0.189035E+05  0.394689E+06
  0.819301E-01  0.390608E+06  0.378049E+06  0.626227E+02  0.000000E+00  0.179680E+05  0.385914E+06
  0.833932E-01  0.381913E+06  0.369035E+06  0.549924E+02  0.000000E+00  0.170788E+05  0.377227E+06
  0.848562E-01  0.373337E+06  0.360112E+06  0.732666E+02  0.000000E+00  0.162369E+05  0.368654E+06
  0.863192E-01  0.364906E+06  0.351321E+06  0.303899E+02  0.000000E+00  0.154424E+05  0.360223E+06
  0.877823E-01  0.356645E+06  0.342702E+06  0.423116E+02  0.000000E+00  0.146882E+05  0.351962E+06
  0.892453E-01  0.348581E+06  0.334296E+06  0.334880E+02  0.000000E+00  0.139751E+05  0.343899E+06
  0.907084E-01  0.340738E+06  0.326138E+06  0.302156E+02  0.000000E+00  0.133057E+05  0.336061E+06
  0.921714E-01  0.333140E+06  0.318263E+06  0.312035E+02  0.000000E+00  0.126751E+05  0.328471E+06
  0.939995E-01  0.324021E+06  0.308866E+06  0.242867E+02  0.000000E+00  0.119378E+05  0.319371E+06
  0.958276E-01  0.315350E+06  0.300006E+06  0.464557E+02  0.000000E+00  0.112567E+05  0.310729E+06
  0.976557E-01  0.307152E+06  0.291717E+06  0.272725E+02  0.000000E+00  0.106295E+05  0.302573E+06
  0.994837E-01  0.299444E+06  0.284025E+06  0.342671E+02  0.000000E+00  0.100508E+05  0.294920E+06
  0.101312E+00  0.292235E+06  0.276937E+06  0.340728E+02  0.000000E+00  0.951917E+04  0.287779E+06
  0.103140E+00  0.285520E+06  0.270450E+06  0.205481E+02  0.000000E+00  0.903002E+04  0.281145E+06
  0.104968E+00  0.279290E+06  0.264547E+06  0.227915E+02  0.000000E+00  0.857915E+04  0.275009E+06
  0.106796E+00  0.273525E+06  0.259200E+06  0.149930E+02  0.000000E+00  0.816689E+04  0.269347E+06
  0.108624E+00  0.268196E+06  0.254368E+06  0.266065E+02  0.000000E+00  0.778569E+04  0.264132E+06
  0.110452E+00  0.263269E+06  0.250005E+06  0.205738E+02  0.000000E+00  0.743379E+04  0.259326E+06
  0.112280E+00  0.258705E+06  0.246056E+06  0.178446E+02  0.000000E+00  0.710925E+04  0.254889E+06
  0.114108E+00  0.254460E+06  0.242460E+06  0.144179E+02  0.000000E+00  0.680792E+04  0.250774E+06
  0.115936E+00  0.250490E+06  0.239157E+06  0.211666E+02  0.000000E+00  0.652651E+04  0.246934E+06
  0.117765E+00  0.246747E+06  0.236084E+06  0.950748E+01  0.000000E+00  0.626404E+04  0.243321E+06
  0.119593E+00  0.243183E+06  0.233176E+06  0.190942E+02  0.000000E+00  0.601649E+04  0.239883E+06
  0.121421E+00  0.239752E+06  0.230373E+06  0.217440E+02  0.000000E+00  0.578315E+04  0.236573E+06
  0.123249E+00  0.236412E+06  0.227619E+06  0.929067E+01  0.000000E+00  0.556191E+04  0.233347E+06
  0.125077E+00  0.233124E+06  0.224866E+06  0.189068E+02  0.000000E+00  0.534953E+04  0.230164E+06
  0.126905E+00  0.229854E+06  0.222070E+06  0.154681E+02  0.000000E+00  0.514717E+04  0.226991E+06
  0.128733E+00  0.226575E+06  0.219199E+06  0.109706E+02  0.000000E+00  0.495249E+04  0.223798E+06
  0.130561E+00  0.223266E+06  0.216225E+06  0.730018E+01  0.000000E+00  0.476414E+04  0.220563E+06
  0.132389E+00  0.219909E+06  0.213132E+06  0.130856E+02  0.000000E+00  0.458224E+04  0.217271E+06
  0.134217E+00  0.216495E+06  0.209908E+06  0.652603E+01  0.000000E+00  0.440650E+04  0.213910E+06
  0.136045E+00  0.213017E+06  0.206551E+06  0.000000E+00  0.000000E+00  0.423553E+04  0.210476E+06
  0.137874E+00  0.209477E+06  0.203067E+06  0.000000E+00  0.000000E+00  0.407043E+04  0.206969E+06
  0.139702E+00  0.205882E+06  0.199470E+06  0.000000E+00  0.000000E+00  0.390987E+04  0.203399E+06
  0.141530E+00  0.202241E+06  0.195775E+06  0.000000E+00  0.000000E+00  0.375450E+04  0.199775E+06
  0.143358E+00  0.198569E+06  0.192008E+06  0.000000E+00  0.000000E+00  0.360495E+04  0.196115E+06
  0.145186E+00  0.194886E+06  0.188198E+06  0.000000E+00  0.000000E+00  0.346002E+04  0.192438E+06
  0.147014E+00  0.191211E+06  0.184372E+06  0.000000E+00  0.000000E+00  0.332062E+04  0.188765E+06
  0.148842E+00  0.187564E+06  0.180562E+06  0.000000E+00  0.000000E+00  0.318723E+04  0.185119E+06
  0.150670E+00  0.183967E+06  0.176800E+06  0.000000E+00  0.000000E+00  0.305934E+04  0.181523E+06
  0.152498E+00  0.180441E+06  0.173114E+06  0.000000E+00  0.000000E+00  0.293707E+04  0.177997E+06
  0.154326E+00  0.177005E+06  0.169532E+06  0.000000E+00  0.000000E+00  0.282105E+04  0.174562E+06
  0.156154E+00  0.173676E+06  0.166080E+06  0.000000E+00  0.000000E+00  0.271040E+04  0.171238E+06
  0.157982E+00  0.170471E+06  0.162779E+06  0.000000E+00  0.000000E+00  0.260616E+04  0.168041E+06
  0.159811E+00  0.167403E+06  0.159648E+06  0.000000E+00  0.000000E+00  0.250744E+04  0.164985E+06
  0.161639E+00  0.164482E+06  0.156700E+06  0.000000E+00  0.000000E+00  0.241408E+04  0.162081E+06
  0.163467E+00  0.161715E+06  0.153943E+06  0.000000E+00  0.000000E+00  0.232668E+04  0.159335E+06
  0.165295E+00  0.159106E+06  0.151383E+06  0.000000E+00  0.000000E+00  0.224449E+04  0.156752E+06
  0.167123E+00  0.156652E+06  0.149017E+06  0.000000E+00  0.000000E+00  0.216698E+04  0.154330E+06
  0.168951E+00  0.154351E+06  0.146839E+06  0.000000E+00  0.000000E+00  0.209441E+04  0.152064E+06
  0.170779E+00  0.152196E+06  0.144840E+06  0.000000E+00  0.000000E+00  0.202624E+04  0.149949E+06
  0.172607E+00  0.150179E+06  0.143007E+06  0.000000E+00  0.000000E+00  0.196191E+04  0.147974E+06
  0.174435E+00  0.148286E+06  0.141324E+06  0.000000E+00  0.000000E+00  0.190163E+04  0.146128E+06
  0.176263E+00  0.146507E+06  0.139773E+06  0.000000E+00  0.000000E+00  0.184425E+04  0.144396E+06
  0.178091E+00  0.144826E+06  0.138334E+06  0.000000E+00  0.000000E+00  0.179018E+04  0.142765E+06
  0.179919E+00  0.143228E+06  0.136985E+06  0.000000E+00  0.000000E+00  0.173893E+04  0.141217E+06
  0.181748E+00  0.141698E+06  0.135706E+06  0.000000E+00  0.000000E+00  0.168968E+04  0.139737E+06
  0.183576E+00  0.140220E+06  0.134475E+06  0.000000E+00  0.000000E+00  0.164266E+04  0.138307E+06
  0.185404E+00  0.138777E+06  0.133271E+06  0.000000E+00  0.000000E+00  0.159761E+04  0.136912E+06
  0.187232E+00  0.137356E+06  0.132076E+06  0.000000E+00  0.000000E+00  0.155381E+04  0.135536E+06
  0.189060E+00  0.135944E+06  0.130872E+06  0.000000E+00  0.000000E+00  0.151151E+04  0.134166E+06
  0.190888E+00  0.134529E+06  0.129645E+06  0.000000E+00  0.000000E+00  0.147041E+04  0.132791E+06
  0.192716E+00  0.133104E+06  0.128384E+06  0.000000E+00  0.000000E+00  0.143011E+04  0.131401E+06
  0.194544E+00  0.131660E+06  0.127079E+06  0.000000E+00  0.000000E+00  0.139103E+04  0.129989E+06
  0.196372E+00  0.130191E+06  0.125725E+06  0.000000E+00  0.000000E+00  0.135258E+04  0.128549E+06
  0.198200E+00  0.128695E+06  0.124317E+06  0.000000E+00  0.000000E+00  0.131474E+04  0.127078E+06
  0.200028E+00  0.127171E+06  0.122856E+06  0.000000E+00  0.000000E+00  0.127792E+04  0.125574E+06
  0.201856E+00  0.125618E+06  0.121343E+06  0.000000E+00  0.000000E+00  0.124173E+04  0.124039E+06
  0.203685E+00  0.124040E+06  0.119783E+06  0.000000E+00  0.000000E+00  0.120605E+04  0.122474E+06
  0.205513E+00  0.122439E+06  0.118181E+06  0.000000E+00  0.000000E+00  0.117135E+04  0.120885E+06
  0.207341E+00  0.120824E+06  0.116548E+06  0.000000E+00  0.000000E+00  0.113735E+04  0.119279E+06
  0.209169E+00  0.119198E+06  0.114893E+06  0.000000E+00  0.000000E+00  0.110414E+04  0.117660E+06
  0.210997E+00  0.117571E+06  0.113227E+06  0.000000E+00  0.000000E+00  0.107190E+04  0.116039E+06
  0.212825E+00  0.115950E+06  0.111560E+06  0.000000E+00  0.000000E+00  0.104043E+04  0.114423E+06
  0.214653E+00  0.114343E+06  0.109904E+06  0.000000E+00  0.000000E+00  0.101002E+04  0.112820E+06
  0.216481E+00  0.112757E+06  0.108271E+06  0.000000E+00  0.000000E+00  0.980658E+03  0.111238E+06
  0.218309E+00  0.111200E+06  0.106670E+06  0.000000E+00  0.000000E+00  0.952189E+03  0.109685E+06
  0.220137E+00  0.109679E+06  0.105111E+06  0.000000E+00  0.000000E+00  0.924811E+03  0.108169E+06
  0.221965E+00  0.108200E+06  0.103603E+06  0.000000E+00  0.000000E+00  0.898609E+03  0.106696E+06
  0.223793E+00  0.106768E+06  0.102153E+06  0.000000E+00  0.000000E+00  0.873374E+03  0.105272E+06
  0.225622E+00  0.105388E+06  0.100767E+06  0.000000E+00  0.000000E+00  0.849289E+03  0.103901E+06
  0.227450E+00  0.104064E+06  0.994488E+05  0.000000E+00  0.000000E+00  0.826208E+03  0.102587E+06
  0.229278E+00  0.102795E+06  0.982010E+05  0.000000E+00  0.000000E+00  0.804187E+03  0.101331E+06
  0.231106E+00  0.101584E+06  0.970240E+05  0.000000E+00  0.000000E+00  0.783264E+03  0.100134E+06
  0.232934E+00  0.100430E+06  0.959167E+05  0.000000E+00  0.000000E+00  0.763173E+03  0.989956E+05
  0.234762E+00  0.993306E+05  0.948767E+05  0.000000E+00  0.000000E+00  0.744039E+03  0.979133E+05
  0.236590E+00  0.982834E+05  0.939000E+05  0.000000E+00  0.000000E+00  0.725868E+03  0.968846E+05
  0.238418E+00  0.972849E+05  0.929818E+05  0.000000E+00  0.000000E+00  0.708405E+03  0.959058E+05
  0.240246E+00  0.963314E+05  0.921165E+05  0.000000E+00  0.000000E+00  0.691690E+03  0.949729E+05
  0.242074E+00  0.954180E+05  0.912974E+05  0.000000E+00  0.000000E+00  0.675752E+03  0.940807E+05
  0.243902E+00  0.945393E+05  0.905172E+05  0.000000E+00  0.000000E+00  0.660307E+03  0.932236E+05
  0.245730E+00  0.936897E+05  0.897682E+05  0.000000E+00  0.000000E+00  0.645528E+03  0.923958E+05
  0.247559E+00  0.928637E+05  0.890429E+05  0.000000E+00  0.000000E+00  0.631239E+03  0.915914E+05
  0.249387E+00  0.920556E+05  0.883338E+05  0.000000E+00  0.000000E+00  0.617295E+03  0.908045E+05
  0.251215E+00  0.912602E+05  0.876340E+05  0.000000E+00  0.000000E+00  0.603870E+03  0.900297E+05
  0.253043E+00  0.904729E+05  0.869371E+05  0.000000E+00  0.000000E+00  0.590776E+03  0.892621E+05
  0.254871E+00  0.896892E+05  0.862376E+05  0.000000E+00  0.000000E+00  0.577871E+03  0.884972E+05
  0.256699E+00  0.889056E+05  0.855306E+05  0.000000E+00  0.000000E+00  0.565374E+03  0.877311E+05
  0.258527E+00  0.881190E+05  0.848124E+05  0.000000E+00  0.000000E+00  0.553128E+03  0.869608E+05
  0.260355E+00  0.873270E+05  0.840800E+05  0.000000E+00  0.000000E+00  0.541001E+03  0.861838E+05
  0.262183E+00  0.865277E+05  0.833313E+05  0.000000E+00  0.000000E+00  0.529196E+03  0.853982E+05
  0.264011E+00  0.857202E+05  0.825652E+05  0.000000E+00  0.000000E+00  0.517534E+03  0.846030E+05
  0.265839E+00  0.849041E+05  0.817819E+05  0.000000E+00  0.000000E+00  0.506064E+03  0.837979E+05
  0.267668E+00  0.840799E+05  0.809822E+05  0.000000E+00  0.000000E+00  0.494848E+03  0.829835E+05
  0.269496E+00  0.832486E+05  0.801679E+05  0.000000E+00  0.000000E+00  0.483758E+03  0.821609E+05
  0.271324E+00  0.824118E+05  0.793414E+05  0.000000E+00  0.000000E+00  0.472861E+03  0.813317E+05
  0.273152E+00  0.815715E+05  0.785058E+05  0.000000E+00  0.000000E+00  0.462264E+03  0.804983E+05
  0.274980E+00  0.807300E+05  0.776644E+05  0.000000E+00  0.000000E+00  0.451794E+03  0.796630E+05
  0.276808E+00  0.798900E+05  0.768212E+05  0.000000E+00  0.000000E+00  0.441520E+03  0.788286E+05
  0.278636E+00  0.790541E+05  0.759799E+05  0.000000E+00  0.000000E+00  0.431575E+03  0.779979E+05
  0.280464E+00  0.782251E+05  0.751445E+05  0.000000E+00  0.000000E+00  0.421858E+03  0.771739E+05
  0.282292E+00  0.774057E+05  0.743189E+05  0.000000E+00  0.000000E+00  0.412357E+03  0.763596E+05
  0.284120E+00  0.765986E+05  0.735068E+05  0.000000E+00  0.000000E+00  0.403102E+03  0.755576E+05
  0.285948E+00  0.758064E+05  0.727116E+05  0.000000E+00  0.000000E+00  0.394168E+03  0.747707E+05
  0.287776E+00  0.750312E+05  0.719363E+05  0.000000E+00  0.000000E+00  0.385518E+03  0.740011E+05
  0.289605E+00  0.742749E+05  0.711836E+05  0.000000E+00  0.000000E+00  0.377107E+03  0.732509E+05
  0.291433E+00  0.735390E+05  0.704553E+05  0.000000E+00  0.000000E+00  0.368942E+03  0.725216E+05
  0.293261E+00  0.728245E+05  0.697528E+05  0.000000E+00  0.000000E+00  0.361125E+03  0.718141E+05
  0.295089E+00  0.721320E+05  0.690768E+05  0.000000E+00  0.000000E+00  0.353567E+03  0.711292E+05
  0.296917E+00  0.714614E+05  0.684275E+05  0.000000E+00  0.000000E+00  0.346236E+03  0.704668E+05
  0.298745E+00  0.708127E+05  0.678044E+05  0.000000E+00  0.000000E+00  0.339148E+03  0.698268E+05
  0.300573E+00  0.701854E+05  0.672069E+05  0.000000E+00  0.000000E+00  0.332313E+03  0.692087E+05
  0.302401E+00  0.695786E+05  0.666337E+05  0.000000E+00  0.000000E+00  0.325761E+03  0.686115E+05
  0.304229E+00  0.689911E+05  0.660832E+05  0.000000E+00  0.000000E+00  0.319384E+03  0.680340E+05
  0.306057E+00  0.684215E+05  0.655532E+05  0.000000E+00  0.000000E+00  0.313166E+03  0.674747E+05
  0.307885E+00  0.678681E+05  0.650417E+05  0.000000E+00  0.000000E+00  0.307199E+03  0.669319E+05
  0.309713E+00  0.673291E+05  0.645459E+05  0.000000E+00  0.000000E+00  0.301449E+03  0.664035E+05
  0.311542E+00  0.668026E+05  0.640634E+05  0.000000E+00  0.000000E+00  0.295768E+03  0.658876E+05
  0.313370E+00  0.662865E+05  0.635913E+05  0.000000E+00  0.000000E+00  0.290263E+03  0.653821E+05
  0.315198E+00  0.657789E+05  0.631273E+05  0.000000E+00  0.000000E+00  0.284938E+03  0.648850E+05
  0.317026E+00  0.652783E+05  0.626690E+05  0.000000E+00  0.000000E+00  0.279730E+03  0.643946E+05
  0.318854E+00  0.647828E+05  0.622142E+05  0.000000E+00  0.000000E+00  0.274628E+03  0.639090E+05
  0.320682E+00  0.642910E+05  0.617609E+05  0.000000E+00  0.000000E+00  0.269606E+03  0.634268E+05
  0.322510E+00  0.638016E+05  0.613073E+05  0.000000E+00  0.000000E+00  0.264703E+03  0.629465E+05
  0.324338E+00  0.633134E+05  0.608521E+05  0.000000E+00  0.000000E+00  0.259945E+03  0.624670E+05
  0.326166E+00  0.628253E+05  0.603941E+05  0.000000E+00  0.000000E+00  0.255226E+03  0.619871E+05
  0.327994E+00  0.623368E+05  0.599324E+05  0.000000E+00  0.000000E+00  0.250537E+03  0.615064E+05
  0.329822E+00  0.618474E+05  0.594667E+05  0.000000E+00  0.000000E+00  0.246008E+03  0.610242E+05
  0.331650E+00  0.613570E+05  0.589968E+05  0.000000E+00  0.000000E+00  0.241548E+03  0.605405E+05
  0.333479E+00  0.608656E+05  0.585230E+05  0.000000E+00  0.000000E+00  0.237116E+03  0.600554E+05
  0.335307E+00  0.603735E+05  0.580459E+05  0.000000E+00  0.000000E+00  0.232757E+03  0.595693E+05
  0.337135E+00  0.598813E+05  0.575662E+05  0.000000E+00  0.000000E+00  0.228507E+03  0.590827E+05
  0.338963E+00  0.593896E+05  0.570848E+05  0.000000E+00  0.000000E+00  0.224338E+03  0.585961E+05
  0.340791E+00  0.588990E+05  0.566029E+05  0.000000E+00  0.000000E+00  0.220226E+03  0.581105E+05
  0.342619E+00  0.584104E+05  0.561216E+05  0.000000E+00  0.000000E+00  0.216160E+03  0.576266E+05
  0.344447E+00  0.579247E+05  0.556422E+05  0.000000E+00  0.000000E+00  0.212208E+03  0.571454E+05
  0.346275E+00  0.574427E+05  0.551660E+05  0.000000E+00  0.000000E+00  0.208368E+03  0.566678E+05
  0.348103E+00  0.569654E+05  0.546944E+05  0.000000E+00  0.000000E+00  0.204565E+03  0.561949E+05
  0.349931E+00  0.564938E+05  0.542286E+05  0.000000E+00  0.000000E+00  0.200840E+03  0.557276E+05
  0.351759E+00  0.560287E+05  0.537699E+05  0.000000E+00  0.000000E+00  0.197221E+03  0.552669E+05
  0.353587E+00  0.555708E+05  0.533193E+05  0.000000E+00  0.000000E+00  0.193714E+03  0.548135E+05
  0.355416E+00  0.551210E+05  0.528777E+05  0.000000E+00  0.000000E+00  0.190263E+03  0.543682E+05
  0.357244E+00  0.546795E+05  0.524457E+05  0.000000E+00  0.000000E+00  0.186878E+03  0.539315E+05
  0.359072E+00  0.542468E+05  0.520239E+05  0.000000E+00  0.000000E+00  0.183607E+03  0.535036E+05
  0.360900E+00  0.538231E+05  0.516126E+05  0.000000E+00  0.000000E+00  0.180448E+03  0.530849E+05
  0.362728E+00  0.534085E+05  0.512119E+05  0.000000E+00  0.000000E+00  0.177329E+03  0.526756E+05
  0.364556E+00  0.530031E+05  0.508218E+05  0.000000E+00  0.000000E+00  0.174289E+03  0.522755E+05
  0.366384E+00  0.526068E+05  0.504422E+05  0.000000E+00  0.000000E+00  0.171356E+03  0.518847E+05
  0.368212E+00  0.522194E+05  0.500727E+05  0.000000E+00  0.000000E+00  0.168496E+03  0.515028E+05
  0.370040E+00  0.518404E+05  0.497128E+05  0.000000E+00  0.000000E+00  0.165713E+03  0.511296E+05
  0.371868E+00  0.514693E+05  0.493618E+05  0.000000E+00  0.000000E+00  0.162979E+03  0.507644E+05
  0.373696E+00  0.511056E+05  0.490189E+05  0.000000E+00  0.000000E+00  0.160316E+03  0.504066E+05
  0.375524E+00  0.507487E+05  0.486833E+05  0.000000E+00  0.000000E+00  0.157749E+03  0.500555E+05
  0.377353E+00  0.503978E+05  0.483541E+05  0.000000E+00  0.000000E+00  0.155232E+03  0.497106E+05
  0.379181E+00  0.500524E+05  0.480303E+05  0.000000E+00  0.000000E+00  0.152727E+03  0.493710E+05
  0.381009E+00  0.497117E+05  0.477112E+05  0.000000E+00  0.000000E+00  0.150318E+03  0.490362E+05
  0.382837E+00  0.493752E+05  0.473959E+05  0.000000E+00  0.000000E+00  0.147965E+03  0.487054E+05
  0.384665E+00  0.490422E+05  0.470836E+05  0.000000E+00  0.000000E+00  0.145632E+03  0.483781E+05
  0.386493E+00  0.487123E+05  0.467736E+05  0.000000E+00  0.000000E+00  0.143348E+03  0.480537E+05
  0.388321E+00  0.483848E+05  0.464652E+05  0.000000E+00  0.000000E+00  0.141106E+03  0.477315E+05
  0.390149E+00  0.480592E+05  0.461578E+05  0.000000E+00  0.000000E+00  0.138911E+03  0.474112E+05
  0.391977E+00  0.477353E+05  0.458509E+05  0.000000E+00  0.000000E+00  0.136760E+03  0.470923E+05
  0.393805E+00  0.474127E+05  0.455444E+05  0.000000E+00  0.000000E+00  0.134622E+03  0.467746E+05
  0.395633E+00  0.470913E+05  0.452378E+05  0.000000E+00  0.000000E+00  0.132517E+03  0.464578E+05
  0.397461E+00  0.467710E+05  0.449313E+05  0.000000E+00  0.000000E+00  0.130482E+03  0.461420E+05
  0.399290E+00  0.464518E+05  0.446248E+05  0.000000E+00  0.000000E+00  0.128458E+03  0.458270E+05
  0.401118E+00  0.461336E+05  0.443183E+05  0.000000E+00  0.000000E+00  0.126453E+03  0.455130E+05
  0.402946E+00  0.458167E+05  0.440122E+05  0.000000E+00  0.000000E+00  0.124494E+03  0.452001E+05
  0.404774E+00  0.455012E+05  0.437066E+05  0.000000E+00  0.000000E+00  0.122581E+03  0.448885E+05
  0.406602E+00  0.451872E+05  0.434019E+05  0.000000E+00  0.000000E+00  0.120690E+03  0.445782E+05
  0.408430E+00  0.448749E+05  0.430983E+05  0.000000E+00  0.000000E+00  0.118818E+03  0.442696E+05
  0.410258E+00  0.445647E+05  0.427963E+05  0.000000E+00  0.000000E+00  0.116984E+03  0.439629E+05
  0.412086E+00  0.442569E+05  0.424964E+05  0.000000E+00  0.000000E+00  0.115202E+03  0.436585E+05
  0.413914E+00  0.439517E+05  0.421989E+05  0.000000E+00  0.000000E+00  0.113446E+03  0.433568E+05
  0.415742E+00  0.436495E+05  0.419044E+05  0.000000E+00  0.000000E+00  0.111702E+03  0.430580E+05
  0.417570E+00  0.433506E+05  0.416131E+05  0.000000E+00  0.000000E+00  0.110005E+03  0.427625E+05
  0.419398E+00  0.430552E+05  0.413256E+05  0.000000E+00  0.000000E+00  0.108347E+03  0.424704E+05
  0.421227E+00  0.427634E+05  0.410419E+05  0.000000E+00  0.000000E+00  0.106727E+03  0.421821E+05
  0.423055E+00  0.424755E+05  0.407625E+05  0.000000E+00  0.000000E+00  0.105122E+03  0.418976E+05
  0.424883E+00  0.421916E+05  0.404874E+05  0.000000E+00  0.000000E+00  0.103549E+03  0.416171E+05
  0.426711E+00  0.419118E+05  0.402168E+05  0.000000E+00  0.000000E+00  0.102030E+03  0.413408E+05
  0.428539E+00  0.416362E+05  0.399509E+05  0.000000E+00  0.000000E+00  0.100539E+03  0.410687E+05
  0.430367E+00  0.413648E+05  0.396896E+05  0.000000E+00  0.000000E+00  0.990524E+02  0.408009E+05
  0.432195E+00  0.410976E+05  0.394329E+05  0.000000E+00  0.000000E+00  0.976138E+02  0.405372E+05
  0.434023E+00  0.408345E+05  0.391807E+05  0.000000E+00  0.000000E+00  0.962200E+02  0.402778E+05
  0.435851E+00  0.405754E+05  0.389329E+05  0.000000E+00  0.000000E+00  0.948358E+02  0.400223E+05
  0.437679E+00  0.403200E+05  0.386892E+05  0.000000E+00  0.000000E+00  0.934822E+02  0.397707E+05
  0.439507E+00  0.400684E+05  0.384494E+05  0.000000E+00  0.000000E+00  0.921524E+02  0.395227E+05
  0.441335E+00  0.398201E+05  0.382132E+05  0.000000E+00  0.000000E+00  0.908528E+02  0.392781E+05
  0.443164E+00  0.395752E+05  0.379804E+05  0.000000E+00  0.000000E+00  0.895866E+02  0.390368E+05
  0.444992E+00  0.393332E+05  0.377507E+05  0.000000E+00  0.000000E+00  0.883337E+02  0.387986E+05
  0.446820E+00  0.390942E+05  0.375238E+05  0.000000E+00  0.000000E+00  0.870935E+02  0.385632E+05
  0.448648E+00  0.388577E+05  0.372994E+05  0.000000E+00  0.000000E+00  0.859023E+02  0.383303E+05
  0.450476E+00  0.386237E+05  0.370773E+05  0.000000E+00  0.000000E+00  0.847219E+02  0.380999E+05
  0.452304E+00  0.383919E+05  0.368571E+05  0.000000E+00  0.000000E+00  0.835487E+02  0.378715E+05
  0.454132E+00  0.381620E+05  0.366387E+05  0.000000E+00  0.000000E+00  0.824094E+02  0.376451E+05
  0.455960E+00  0.379339E+05  0.364216E+05  0.000000E+00  0.000000E+00  0.812899E+02  0.374204E+05
  0.457788E+00  0.377075E+05  0.362059E+05  0.000000E+00  0.000000E+00  0.801861E+02  0.371973E+05
  0.459616E+00  0.374826E+05  0.359913E+05  0.000000E+00  0.000000E+00  0.790995E+02  0.369757E+05
  0.461444E+00  0.372591E+05  0.357778E+05  0.000000E+00  0.000000E+00  0.780269E+02  0.367554E+05
  0.463273E+00  0.370371E+05  0.355653E+05  0.000000E+00  0.000000E+00  0.769710E+02  0.365364E+05
  0.465101E+00  0.368164E+05  0.353537E+05  0.000000E+00  0.000000E+00  0.759422E+02  0.363188E+05
  0.466929E+00  0.365970E+05  0.351430E+05  0.000000E+00  0.000000E+00  0.749171E+02  0.361023E+05
  0.468757E+00  0.363788E+05  0.349333E+05  0.000000E+00  0.000000E+00  0.739096E+02  0.358871E+05
  0.470585E+00  0.361620E+05  0.347245E+05  0.000000E+00  0.000000E+00  0.729203E+02  0.356731E+05
  0.472413E+00  0.359465E+05  0.345167E+05  0.000000E+00  0.000000E+00  0.719467E+02  0.354604E+05
  0.474241E+00  0.357324E+05  0.343101E+05  0.000000E+00  0.000000E+00  0.709850E+02  0.352490E+05
  0.476069E+00  0.355198E+05  0.341048E+05  0.000000E+00  0.000000E+00  0.700353E+02  0.350391E+05
  0.477897E+00  0.353088E+05  0.339008E+05  0.000000E+00  0.000000E+00  0.691057E+02  0.348307E+05
  0.479725E+00  0.350994E+05  0.336984E+05  0.000000E+00  0.000000E+00  0.681951E+02  0.346240E+05
  0.481553E+00  0.348918E+05  0.334977E+05  0.000000E+00  0.000000E+00  0.672965E+02  0.344190E+05
  0.483381E+00  0.346861E+05  0.332987E+05  0.000000E+00  0.000000E+00  0.664047E+02  0.342158E+05
  0.485210E+00  0.344822E+05  0.331017E+05  0.000000E+00  0.000000E+00  0.655334E+02  0.340144E+05
  0.487038E+00  0.342803E+05  0.329066E+05  0.000000E+00  0.000000E+00  0.646739E+02  0.338151E+05
  0.488866E+00  0.340804E+05  0.327135E+05  0.000000E+00  0.000000E+00  0.638384E+02  0.336177E+05
  0.490694E+00  0.338826E+05  0.325227E+05  0.000000E+00  0.000000E+00  0.630101E+02  0.334224E+05
  0.492522E+00  0.336869E+05  0.323340E+05  0.000000E+00  0.000000E+00  0.621923E+02  0.332293E+05
  0.494350E+00  0.334935E+05  0.321477E+05  0.000000E+00  0.000000E+00  0.613986E+02  0.330384E+05
  0.496178E+00  0.333022E+05  0.319636E+05  0.000000E+00  0.000000E+00  0.606144E+02  0.328496E+05
  0.498006E+00  0.331131E+05  0.317818E+05  0.000000E+00  0.000000E+00  0.598313E+02  0.326630E+05
  0.499834E+00  0.329261E+05  0.316023E+05  0.000000E+00  0.000000E+00  0.590767E+02  0.324786E+05
  0.501662E+00  0.327412E+05  0.314249E+05  0.000000E+00  0.000000E+00  0.583411E+02  0.322962E+05
  0.503490E+00  0.325584E+05  0.312497E+05  0.000000E+00  0.000000E+00  0.576045E+02  0.321159E+05
  0.505318E+00  0.323776E+05  0.310766E+05  0.000000E+00  0.000000E+00  0.568837E+02  0.319376E+05
  0.507147E+00  0.321987E+05  0.309054E+05  0.000000E+00  0.000000E+00  0.561711E+02  0.317613E+05
  0.508975E+00  0.320218E+05  0.307362E+05  0.000000E+00  0.000000E+00  0.554758E+02  0.315868E+05
  0.510803E+00  0.318466E+05  0.305688E+05  0.000000E+00  0.000000E+00  0.547988E+02  0.314141E+05
  0.512631E+00  0.316732E+05  0.304031E+05  0.000000E+00  0.000000E+00  0.541241E+02  0.312432E+05
  0.514459E+00  0.315014E+05  0.302391E+05  0.000000E+00  0.000000E+00  0.534538E+02  0.310739E+05
  0.516287E+00  0.313312E+05  0.300765E+05  0.000000E+00  0.000000E+00  0.528087E+02  0.309061E+05
  0.518115E+00  0.311624E+05  0.299153E+05  0.000000E+00  0.000000E+00  0.521652E+02  0.307397E+05
  0.519943E+00  0.309950E+05  0.297553E+05  0.000000E+00  0.000000E+00  0.515245E+02  0.305747E+05
  0.521771E+00  0.308290E+05  0.295966E+05  0.000000E+00  0.000000E+00  0.509030E+02  0.304110E+05
  0.523599E+00  0.306642E+05  0.294391E+05  0.000000E+00  0.000000E+00  0.502922E+02  0.302486E+05
  0.525427E+00  0.305006E+05  0.292826E+05  0.000000E+00  0.000000E+00  0.496880E+02  0.300873E+05
  0.527255E+00  0.303383E+05  0.291272E+05  0.000000E+00  0.000000E+00  0.490871E+02  0.299273E+05
  0.529084E+00  0.301771E+05  0.289728E+05  0.000000E+00  0.000000E+00  0.484954E+02  0.297683E+05
  0.530912E+00  0.300171E+05  0.288194E+05  0.000000E+00  0.000000E+00  0.479170E+02  0.296105E+05
  0.532740E+00  0.298582E+05  0.286670E+05  0.000000E+00  0.000000E+00  0.473520E+02  0.294537E+05
  0.534568E+00  0.297003E+05  0.285154E+05  0.000000E+00  0.000000E+00  0.467863E+02  0.292980E+05
  0.536396E+00  0.295435E+05  0.283648E+05  0.000000E+00  0.000000E+00  0.462301E+02  0.291433E+05
  0.538224E+00  0.293877E+05  0.282151E+05  0.000000E+00  0.000000E+00  0.456834E+02  0.289896E+05
  0.540052E+00  0.292331E+05  0.280664E+05  0.000000E+00  0.000000E+00  0.451473E+02  0.288371E+05
  0.541880E+00  0.290796E+05  0.279187E+05  0.000000E+00  0.000000E+00  0.446167E+02  0.286856E+05
  0.543708E+00  0.289272E+05  0.277720E+05  0.000000E+00  0.000000E+00  0.440904E+02  0.285352E+05
  0.545536E+00  0.287759E+05  0.276264E+05  0.000000E+00  0.000000E+00  0.435785E+02  0.283859E+05
  0.547364E+00  0.286258E+05  0.274818E+05  0.000000E+00  0.000000E+00  0.430728E+02  0.282377E+05
  0.549192E+00  0.284768E+05  0.273384E+05  0.000000E+00  0.000000E+00  0.425668E+02  0.280907E+05
  0.551021E+00  0.283290E+05  0.271960E+05  0.000000E+00  0.000000E+00  0.420708E+02  0.279448E+05
  0.552849E+00  0.281824E+05  0.270548E+05  0.000000E+00  0.000000E+00  0.415887E+02  0.278001E+05
  0.554677E+00  0.280370E+05  0.269148E+05  0.000000E+00  0.000000E+00  0.411086E+02  0.276566E+05
  0.556505E+00  0.278928E+05  0.267761E+05  0.000000E+00  0.000000E+00  0.406387E+02  0.275143E+05
  0.558333E+00  0.277498E+05  0.266385E+05  0.000000E+00  0.000000E+00  0.401690E+02  0.273733E+05
  0.560161E+00  0.276082E+05  0.265023E+05  0.000000E+00  0.000000E+00  0.397063E+02  0.272335E+05
  0.561989E+00  0.274678E+05  0.263673E+05  0.000000E+00  0.000000E+00  0.392606E+02  0.270950E+05
  0.563817E+00  0.273286E+05  0.262335E+05  0.000000E+00  0.000000E+00  0.388175E+02  0.269577E+05
  0.565645E+00  0.271907E+05  0.261010E+05  0.000000E+00  0.000000E+00  0.383720E+02  0.268216E+05
  0.567473E+00  0.270540E+05  0.259698E+05  0.000000E+00  0.000000E+00  0.379421E+02  0.266867E+05
  0.569301E+00  0.269185E+05  0.258397E+05  0.000000E+00  0.000000E+00  0.375198E+02  0.265531E+05
  0.571130E+00  0.267842E+05  0.257109E+05  0.000000E+00  0.000000E+00  0.370956E+02  0.264206E+05
  0.572958E+00  0.266511E+05  0.255832E+05  0.000000E+00  0.000000E+00  0.366832E+02  0.262893E+05
  0.574786E+00  0.265191E+05  0.254567E+05  0.000000E+00  0.000000E+00  0.362748E+02  0.261592E+05
  0.576614E+00  0.263884E+05  0.253314E+05  0.000000E+00  0.000000E+00  0.358753E+02  0.260302E+05
  0.578442E+00  0.262587E+05  0.252071E+05  0.000000E+00  0.000000E+00  0.354817E+02  0.259024E+05
  0.580270E+00  0.261301E+05  0.250839E+05  0.000000E+00  0.000000E+00  0.350868E+02  0.257755E+05
  0.582098E+00  0.260025E+05  0.249617E+05  0.000000E+00  0.000000E+00  0.346986E+02  0.256497E+05
  0.701301E+00  0.193888E+05  0.186134E+05  0.000000E+00  0.000000E+00  0.179745E+02  0.191258E+05
  0.856572E+00  0.140777E+05  0.135150E+05  0.000000E+00  0.000000E+00  0.880498E+01  0.138867E+05
  0.104622E+01  0.101731E+05  0.976654E+04  0.000000E+00  0.000000E+00  0.428500E+01  0.100351E+05
  0.127786E+01  0.732000E+04  0.702756E+04  0.000000E+00  0.000000E+00  0.207349E+01  0.722072E+04
  0.156078E+01  0.524656E+04  0.503698E+04  0.000000E+00  0.000000E+00  0.137986E+01  0.517540E+04
  0.190633E+01  0.374705E+04  0.359739E+04  0.000000E+00  0.000000E+00  0.662681E+00  0.369623E+04
  0.232840E+01  0.266742E+04  0.256089E+04  0.000000E+00  0.000000E+00  0.316932E+00  0.263124E+04
  0.284392E+01  0.189319E+04  0.181759E+04  0.000000E+00  0.000000E+00  0.150976E+00  0.186752E+04
  0.347357E+01  0.134001E+04  0.128649E+04  0.000000E+00  0.000000E+00  0.717035E-01  0.132184E+04
  0.424263E+01  0.946077E+03  0.908287E+03  0.000000E+00  0.000000E+00  0.339486E-01  0.933244E+03
  0.518196E+01  0.666398E+03  0.639772E+03  0.000000E+00  0.000000E+00  0.160401E-01  0.657358E+03
  0.632926E+01  0.468389E+03  0.449666E+03  0.000000E+00  0.000000E+00  0.756141E-02  0.462033E+03
  0.773057E+01  0.328561E+03  0.315418E+03  0.000000E+00  0.000000E+00  0.355427E-02  0.324101E+03
  0.944214E+01  0.230050E+03  0.220838E+03  0.000000E+00  0.000000E+00  0.166994E-02  0.226926E+03
  0.115327E+02  0.160799E+03  0.154349E+03  0.000000E+00  0.000000E+00  0.782148E-03  0.158614E+03
  0.140860E+02  0.112214E+03  0.107702E+03  0.000000E+00  0.000000E+00  0.366014E-03  0.110687E+03
  0.172047E+02  0.781915E+02  0.750359E+02  0.000000E+00  0.000000E+00  0.170787E-03  0.771259E+02
  0.210139E+02  0.544079E+02  0.522000E+02  0.000000E+00  0.000000E+00  0.797356E-04  0.536645E+02
  0.256664E+02  0.378084E+02  0.362615E+02  0.000000E+00  0.000000E+00  0.371267E-04  0.372899E+02
  0.313490E+02  0.262403E+02  0.251535E+02  0.000000E+00  0.000000E+00  0.172584E-04  0.258783E+02
  0.382898E+02  0.181897E+02  0.174228E+02  0.000000E+00  0.000000E+00  0.803052E-05  0.179367E+02
  0.467672E+02  0.125944E+02  0.120494E+02  0.000000E+00  0.000000E+00  0.372652E-05  0.124171E+02
  0.571216E+02  0.871028E+01  0.831897E+01  0.000000E+00  0.000000E+00  0.172482E-05  0.858540E+01
  0.697686E+02  0.601709E+01  0.573198E+01  0.000000E+00  0.000000E+00  0.797420E-06  0.592852E+01
  0.852154E+02  0.415168E+01  0.393983E+01  0.000000E+00  0.000000E+00  0.369235E-06  0.408822E+01
  0.104082E+03  0.286089E+01  0.269950E+01  0.000000E+00  0.000000E+00  0.170597E-06  0.281478E+01
