  0.352787E-05  0.118792E+08  0.118792E+08  0.158384E+08  0.158384E+08  0.118799E+08  0.118792E+08
  0.364739E-05  0.118792E+08  0.118792E+08  0.158384E+08  0.158384E+08  0.118799E+08  0.118792E+08
  0.377095E-05  0.118792E+08  0.118792E+08  0.158384E+08  0.158383E+08  0.118799E+08  0.118792E+08
  0.389871E-05  0.118792E+08  0.118792E+08  0.158383E+08  0.158383E+08  0.118799E+08  0.118792E+08
  0.403079E-05  0.118792E+08  0.118792E+08  0.158383E+08  0.158383E+08  0.118799E+08  0.118792E+08
  0.416735E-05  0.118792E+08  0.118792E+08  0.158382E+08  0.158382E+08  0.118799E+08  0.118792E+08
  0.430853E-05  0.118792E+08  0.118792E+08  0.158382E+08  0.158382E+08  0.118799E+08  0.118792E+08
  0.445450E-05  0.118792E+08  0.118792E+08  0.158381E+08  0.158381E+08  0.118799E+08  0.118792E+08
  0.460541E-05  0.118792E+08  0.118792E+08  0.158381E+08  0.158380E+08  0.118799E+08  0.118792E+08
  0.476143E-05  0.118792E+08  0.118792E+08  0.158380E+08  0.158380E+08  0.118799E+08  0.118792E+08
  0.492274E-05  0.118792E+08  0.118792E+08  0.158380E+08  0.158379E+08  0.118799E+08  0.118792E+08
  0.508952E-05  0.118792E+08  0.118792E+08  0.158379E+08  0.158378E+08  0.118799E+08  0.118792E+08
  0.526194E-05  0.118792E+08  0.118792E+08  0.158378E+08  0.158378E+08  0.118799E+08  0.118792E+08
  0.544021E-05  0.118792E+08  0.118792E+08  0.158377E+08  0.158377E+08  0.118799E+08  0.118792E+08
  0.562451E-05  0.118792E+08  0.118792E+08  0.158376E+08  0.158376E+08  0.118799E+08  0.118792E+08
  0.581506E-05  0.118792E+08  0.118792E+08  0.158376E+08  0.158375E+08  0.118799E+08  0.118792E+08
  0.601207E-05  0.118792E+08  0.118792E+08  0.158375E+08  0.158374E+08  0.118799E+08  0.118792E+08
  0.621575E-05  0.118792E+08  0.118792E+08  0.158374E+08  0.158373E+08  0.118799E+08  0.118792E+08
  0.642633E-05  0.118792E+08  0.118792E+08  0.158373E+08  0.158372E+08  0.118799E+08  0.118792E+08
  0.664404E-05  0.118792E+08  0.118792E+08  0.158371E+08  0.158371E+08  0.118799E+08  0.118792E+08
  0.686913E-05  0.118792E+08  0.118792E+08  0.158370E+08  0.158369E+08  0.118799E+08  0.118792E+08
  0.710185E-05  0.118792E+08  0.118792E+08  0.158369E+08  0.158368E+08  0.118798E+08  0.118792E+08
  0.734245E-05  0.118792E+08  0.118792E+08  0.158367E+08  0.158367E+08  0.118798E+08  0.118792E+08
  0.759120E-05  0.118792E+08  0.118792E+08  0.158366E+08  0.158365E+08  0.118798E+08  0.118792E+08
  0.784838E-05  0.118792E+08  0.118792E+08  0.158364E+08  0.158363E+08  0.118798E+08  0.118792E+08
  0.811427E-05  0.118792E+08  0.118792E+08  0.158362E+08  0.158361E+08  0.118798E+08  0.118792E+08
  0.838917E-05  0.118792E+08  0.118792E+08  0.158361E+08  0.158360E+08  0.118798E+08  0.118792E+08
  0.867338E-05  0.118792E+08  0.118792E+08  0.158359E+08  0.158358E+08  0.118798E+08  0.118792E+08
  0.896722E-05  0.118792E+08  0.118792E+08  0.158357E+08  0.158355E+08  0.118798E+08  0.118792E+08
  0.927101E-05  0.118792E+08  0.118792E+08  0.158354E+08  0.158353E+08  0.118798E+08  0.118792E+08
  0.958510E-05  0.118792E+08  0.118792E+08  0.158352E+08  0.158350E+08  0.118798E+08  0.118792E+08
  0.990983E-05  0.118792E+08  0.118792E+08  0.158349E+08  0.158348E+08  0.118798E+08  0.118792E+08
  0.102456E-04  0.118792E+08  0.118792E+08  0.158346E+08  0.158345E+08  0.118798E+08  0.118792E+08
  0.105927E-04  0.118792E+08  0.118792E+08  0.158343E+08  0.158342E+08  0.118798E+08  0.118792E+08
  0.109515E-04  0.118792E+08  0.118792E+08  0.158340E+08  0.158339E+08  0.118798E+08  0.118792E+08
  0.113225E-04  0.118792E+08  0.118792E+08  0.158337E+08  0.158335E+08  0.118798E+08  0.118792E+08
  0.117061E-04  0.118792E+08  0.118792E+08  0.158333E+08  0.158331E+08  0.118798E+08  0.118792E+08
  0.121027E-04  0.118792E+08  0.118792E+08  0.158329E+08  0.158327E+08  0.118798E+08  0.118792E+08
  0.125127E-04  0.118792E+08  0.118792E+08  0.158325E+08  0.158323E+08  0.118798E+08  0.118792E+08
  0.129367E-04  0.118792E+08  0.118792E+08  0.158321E+08  0.158318E+08  0.118798E+08  0.118792E+08
  0.133749E-04  0.118792E+08  0.118792E+08  0.158316E+08  0.158313E+08  0.118798E+08  0.118792E+08
  0.138281E-04  0.118792E+08  0.118792E+08  0.158311E+08  0.158308E+08  0.118798E+08  0.118792E+08
  0.142965E-04  0.118792E+08  0.118792E+08  0.158306E+08  0.158303E+08  0.118798E+08  0.118792E+08
  0.147809E-04  0.118792E+08  0.118792E+08  0.158300E+08  0.158297E+08  0.118798E+08  0.118792E+08
  0.152816E-04  0.118792E+08  0.118792E+08  0.158294E+08  0.158290E+08  0.118798E+08  0.118792E+08
  0.157993E-04  0.118792E+08  0.118792E+08  0.158287E+08  0.158283E+08  0.118798E+08  0.118792E+08
  0.163346E-04  0.118792E+08  0.118792E+08  0.158280E+08  0.158276E+08  0.118798E+08  0.118792E+08
  0.168880E-04  0.118792E+08  0.118792E+08  0.158273E+08  0.158268E+08  0.118798E+08  0.118792E+08
  0.174601E-04  0.118792E+08  0.118792E+08  0.158265E+08  0.158260E+08  0.118798E+08  0.118792E+08
  0.180517E-04  0.118792E+08  0.118792E+08  0.158256E+08  0.158251E+08  0.118798E+08  0.118792E+08
  0.186632E-04  0.118792E+08  0.118792E+08  0.158247E+08  0.158242E+08  0.118798E+08  0.118792E+08
  0.192955E-04  0.118792E+08  0.118792E+08  0.158237E+08  0.158231E+08  0.118798E+08  0.118792E+08
  0.199492E-04  0.118792E+08  0.118792E+08  0.158226E+08  0.158220E+08  0.118798E+08  0.118792E+08
  0.206250E-04  0.118792E+08  0.118792E+08  0.158215E+08  0.158209E+08  0.118798E+08  0.118792E+08
  0.213238E-04  0.118792E+08  0.118792E+08  0.158203E+08  0.158196E+08  0.118798E+08  0.118792E+08
  0.220462E-04  0.118792E+08  0.118792E+08  0.158190E+08  0.158183E+08  0.118797E+08  0.118792E+08
  0.227931E-04  0.118791E+08  0.118791E+08  0.158177E+08  0.158169E+08  0.118797E+08  0.118792E+08
  0.235653E-04  0.118791E+08  0.118791E+08  0.158162E+08  0.158154E+08  0.118797E+08  0.118791E+08
  0.243637E-04  0.118791E+08  0.118791E+08  0.158146E+08  0.158137E+08  0.118797E+08  0.118791E+08
  0.251891E-04  0.118791E+08  0.118791E+08  0.158130E+08  0.158120E+08  0.118797E+08  0.118791E+08
  0.260424E-04  0.118791E+08  0.118791E+08  0.158112E+08  0.158102E+08  0.118797E+08  0.118791E+08
  0.269247E-04  0.118791E+08  0.118791E+08  0.158093E+08  0.158082E+08  0.118797E+08  0.118791E+08
  0.278369E-04  0.118791E+08  0.118791E+08  0.158072E+08  0.158061E+08  0.118797E+08  0.118791E+08
  0.287799E-04  0.118791E+08  0.118791E+08  0.158050E+08  0.158038E+08  0.118797E+08  0.118791E+08
  0.297550E-04  0.118791E+08  0.118791E+08  0.158027E+08  0.158014E+08  0.118796E+08  0.118791E+08
  0.307630E-04  0.118791E+08  0.118791E+08  0.158002E+08  0.157988E+08  0.118796E+08  0.118791E+08
  0.318052E-04  0.118791E+08  0.118791E+08  0.157975E+08  0.157960E+08  0.118796E+08  0.118791E+08
  0.328827E-04  0.118791E+08  0.118791E+08  0.157947E+08  0.157931E+08  0.118796E+08  0.118791E+08
  0.339967E-04  0.118791E+08  0.118791E+08  0.157917E+08  0.157899E+08  0.118796E+08  0.118791E+08
  0.351485E-04  0.118791E+08  0.118791E+08  0.157884E+08  0.157865E+08  0.118796E+08  0.118791E+08
  0.363393E-04  0.118791E+08  0.118790E+08  0.157849E+08  0.157829E+08  0.118795E+08  0.118791E+08
  0.375704E-04  0.118790E+08  0.118790E+08  0.157812E+08  0.157791E+08  0.118795E+08  0.118790E+08
  0.388432E-04  0.118790E+08  0.118790E+08  0.157772E+08  0.157750E+08  0.118795E+08  0.118790E+08
  0.401592E-04  0.118790E+08  0.118790E+08  0.157730E+08  0.157706E+08  0.118795E+08  0.118790E+08
  0.415197E-04  0.118790E+08  0.118790E+08  0.157685E+08  0.157659E+08  0.118794E+08  0.118790E+08
  0.429263E-04  0.118790E+08  0.118790E+08  0.157636E+08  0.157608E+08  0.118794E+08  0.118790E+08
  0.443806E-04  0.118790E+08  0.118790E+08  0.157584E+08  0.157555E+08  0.118794E+08  0.118790E+08
  0.458841E-04  0.118790E+08  0.118790E+08  0.157529E+08  0.157497E+08  0.118794E+08  0.118790E+08
  0.474386E-04  0.118789E+08  0.118789E+08  0.157470E+08  0.157436E+08  0.118793E+08  0.118789E+08
  0.490458E-04  0.118789E+08  0.118789E+08  0.157407E+08  0.157370E+08  0.118793E+08  0.118789E+08
  0.507074E-04  0.118789E+08  0.118789E+08  0.157339E+08  0.157300E+08  0.118792E+08  0.118789E+08
  0.524253E-04  0.118789E+08  0.118789E+08  0.157267E+08  0.157226E+08  0.118792E+08  0.118789E+08
  0.542013E-04  0.118789E+08  0.118788E+08  0.157190E+08  0.157146E+08  0.118792E+08  0.118789E+08
  0.560376E-04  0.118788E+08  0.118788E+08  0.157108E+08  0.157060E+08  0.118791E+08  0.118788E+08
  0.579361E-04  0.118788E+08  0.118788E+08  0.157020E+08  0.156969E+08  0.118791E+08  0.118788E+08
  0.598989E-04  0.118788E+08  0.118788E+08  0.156926E+08  0.156872E+08  0.118790E+08  0.118788E+08
  0.619281E-04  0.118788E+08  0.118787E+08  0.156825E+08  0.156768E+08  0.118789E+08  0.118788E+08
  0.640262E-04  0.118787E+08  0.118787E+08  0.156718E+08  0.156657E+08  0.118789E+08  0.118787E+08
  0.661953E-04  0.118787E+08  0.118787E+08  0.156604E+08  0.156538E+08  0.118788E+08  0.118787E+08
  0.684379E-04  0.118787E+08  0.118786E+08  0.156481E+08  0.156411E+08  0.118787E+08  0.118786E+08
  0.707564E-04  0.118786E+08  0.118786E+08  0.156351E+08  0.156276E+08  0.118787E+08  0.118786E+08
  0.731536E-04  0.118786E+08  0.118786E+08  0.156211E+08  0.156131E+08  0.118786E+08  0.118786E+08
  0.756319E-04  0.118785E+08  0.118785E+08  0.156062E+08  0.155976E+08  0.118785E+08  0.118785E+08
  0.781942E-04  0.118785E+08  0.118785E+08  0.155903E+08  0.155811E+08  0.118784E+08  0.118785E+08
  0.808433E-04  0.118784E+08  0.118784E+08  0.155733E+08  0.155635E+08  0.118783E+08  0.118784E+08
  0.835821E-04  0.118784E+08  0.118784E+08  0.155551E+08  0.155447E+08  0.118782E+08  0.118784E+08
  0.864138E-04  0.118783E+08  0.118783E+08  0.155358E+08  0.155246E+08  0.118781E+08  0.118783E+08
  0.893413E-04  0.118783E+08  0.118782E+08  0.155151E+08  0.155032E+08  0.118779E+08  0.118783E+08
  0.923681E-04  0.118782E+08  0.118782E+08  0.154930E+08  0.154803E+08  0.118778E+08  0.118782E+08
  0.954974E-04  0.118781E+08  0.118781E+08  0.154694E+08  0.154559E+08  0.118777E+08  0.118781E+08
  0.987327E-04  0.118780E+08  0.118780E+08  0.154443E+08  0.154298E+08  0.118775E+08  0.118780E+08
  0.102078E-03  0.118780E+08  0.118779E+08  0.154174E+08  0.154020E+08  0.118773E+08  0.118780E+08
  0.105536E-03  0.118779E+08  0.118778E+08  0.153888E+08  0.153723E+08  0.118772E+08  0.118779E+08
  0.109111E-03  0.118778E+08  0.118777E+08  0.153582E+08  0.153406E+08  0.118770E+08  0.118778E+08
  0.112808E-03  0.118777E+08  0.118776E+08  0.153256E+08  0.153068E+08  0.118768E+08  0.118777E+08
  0.116629E-03  0.118776E+08  0.118775E+08  0.152908E+08  0.152708E+08  0.118766E+08  0.118776E+08
  0.120581E-03  0.118775E+08  0.118774E+08  0.152537E+08  0.152323E+08  0.118764E+08  0.118775E+08
  0.124666E-03  0.118774E+08  0.118773E+08  0.152142E+08  0.151913E+08  0.118761E+08  0.118773E+08
  0.128889E-03  0.118772E+08  0.118772E+08  0.151720E+08  0.151477E+08  0.118759E+08  0.118772E+08
  0.133256E-03  0.118771E+08  0.118770E+08  0.151271E+08  0.151011E+08  0.118756E+08  0.118771E+08
  0.137770E-03  0.118770E+08  0.118769E+08  0.150791E+08  0.150515E+08  0.118753E+08  0.118769E+08
  0.142438E-03  0.118768E+08  0.118767E+08  0.150281E+08  0.149986E+08  0.118750E+08  0.118768E+08
  0.147263E-03  0.118766E+08  0.118765E+08  0.149737E+08  0.149422E+08  0.118746E+08  0.118766E+08
  0.152252E-03  0.118765E+08  0.118764E+08  0.149158E+08  0.148822E+08  0.118743E+08  0.118764E+08
  0.157410E-03  0.118763E+08  0.118762E+08  0.148541E+08  0.148184E+08  0.118739E+08  0.118762E+08
  0.162743E-03  0.118761E+08  0.118760E+08  0.147884E+08  0.147504E+08  0.118735E+08  0.118760E+08
  0.168257E-03  0.118758E+08  0.118757E+08  0.147186E+08  0.146780E+08  0.118730E+08  0.118758E+08
  0.173957E-03  0.118756E+08  0.118755E+08  0.146442E+08  0.146011E+08  0.118726E+08  0.118756E+08
  0.179850E-03  0.118754E+08  0.118752E+08  0.145652E+08  0.145192E+08  0.118721E+08  0.118753E+08
  0.185944E-03  0.118751E+08  0.118750E+08  0.144811E+08  0.144322E+08  0.118715E+08  0.118751E+08
  0.192243E-03  0.118748E+08  0.118747E+08  0.143917E+08  0.143398E+08  0.118710E+08  0.118748E+08
  0.198756E-03  0.118745E+08  0.118744E+08  0.142968E+08  0.142415E+08  0.118704E+08  0.118745E+08
  0.205489E-03  0.118742E+08  0.118740E+08  0.141960E+08  0.141373E+08  0.118697E+08  0.118742E+08
  0.212451E-03  0.118739E+08  0.118737E+08  0.140891E+08  0.140266E+08  0.118690E+08  0.118738E+08
  0.219649E-03  0.118735E+08  0.118733E+08  0.139756E+08  0.139092E+08  0.118683E+08  0.118734E+08
  0.227090E-03  0.118731E+08  0.118729E+08  0.138552E+08  0.137848E+08  0.118675E+08  0.118730E+08
  0.234783E-03  0.118727E+08  0.118725E+08  0.137277E+08  0.136530E+08  0.118666E+08  0.118726E+08
  0.242738E-03  0.118723E+08  0.118720E+08  0.135926E+08  0.135134E+08  0.118657E+08  0.118722E+08
  0.250961E-03  0.118718E+08  0.118715E+08  0.134497E+08  0.133656E+08  0.118648E+08  0.118717E+08
  0.259463E-03  0.118713E+08  0.118710E+08  0.132985E+08  0.132094E+08  0.118637E+08  0.118712E+08
  0.268253E-03  0.118707E+08  0.118705E+08  0.131386E+08  0.130444E+08  0.118626E+08  0.118706E+08
  0.277342E-03  0.118702E+08  0.118699E+08  0.129699E+08  0.128701E+08  0.118614E+08  0.118700E+08
  0.286737E-03  0.118695E+08  0.118692E+08  0.127918E+08  0.126863E+08  0.118602E+08  0.118694E+08
  0.296452E-03  0.118689E+08  0.118685E+08  0.126041E+08  0.124926E+08  0.118588E+08  0.118688E+08
  0.306495E-03  0.118682E+08  0.118678E+08  0.124063E+08  0.122887E+08  0.118574E+08  0.118680E+08
  0.316879E-03  0.118674E+08  0.118671E+08  0.121983E+08  0.120742E+08  0.118559E+08  0.118673E+08
  0.327614E-03  0.118666E+08  0.118662E+08  0.119797E+08  0.118490E+08  0.118542E+08  0.118665E+08
  0.338713E-03  0.118658E+08  0.118654E+08  0.117503E+08  0.116126E+08  0.118525E+08  0.118656E+08
  0.350188E-03  0.118649E+08  0.118644E+08  0.115098E+08  0.113650E+08  0.118506E+08  0.118647E+08
  0.362052E-03  0.118639E+08  0.118634E+08  0.112581E+08  0.111060E+08  0.118486E+08  0.118637E+08
  0.374318E-03  0.118629E+08  0.118624E+08  0.109950E+08  0.108354E+08  0.118465E+08  0.118627E+08
  0.386999E-03  0.118618E+08  0.118612E+08  0.107204E+08  0.105532E+08  0.118443E+08  0.118616E+08
  0.400110E-03  0.118606E+08  0.118600E+08  0.104344E+08  0.102595E+08  0.118418E+08  0.118604E+08
  0.413665E-03  0.118594E+08  0.118588E+08  0.101370E+08  0.995432E+07  0.118393E+08  0.118591E+08
  0.427679E-03  0.118580E+08  0.118574E+08  0.982843E+07  0.963790E+07  0.118365E+08  0.118578E+08
  0.442168E-03  0.118566E+08  0.118559E+08  0.950893E+07  0.931057E+07  0.118336E+08  0.118564E+08
  0.457148E-03  0.118551E+08  0.118544E+08  0.917889E+07  0.897276E+07  0.118305E+08  0.118548E+08
  0.472636E-03  0.118535E+08  0.118528E+08  0.883881E+07  0.862505E+07  0.118272E+08  0.118532E+08
  0.488648E-03  0.118518E+08  0.118510E+08  0.848936E+07  0.826816E+07  0.118236E+08  0.118515E+08
  0.505203E-03  0.118500E+08  0.118491E+08  0.813130E+07  0.790296E+07  0.118198E+08  0.118497E+08
  0.522318E-03  0.118481E+08  0.118472E+08  0.776561E+07  0.753048E+07  0.118158E+08  0.118477E+08
  0.540014E-03  0.118460E+08  0.118451E+08  0.739340E+07  0.715193E+07  0.118115E+08  0.118456E+08
  0.558308E-03  0.118439E+08  0.118428E+08  0.701595E+07  0.676870E+07  0.118070E+08  0.118434E+08
  0.577223E-03  0.118416E+08  0.118405E+08  0.663473E+07  0.638236E+07  0.118021E+08  0.118411E+08
  0.596778E-03  0.118391E+08  0.118380E+08  0.625137E+07  0.599466E+07  0.117969E+08  0.118386E+08
  0.616996E-03  0.118365E+08  0.118353E+08  0.586769E+07  0.560752E+07  0.117914E+08  0.118360E+08
  0.637899E-03  0.118337E+08  0.118325E+08  0.548567E+07  0.522304E+07  0.117856E+08  0.118332E+08
  0.659510E-03  0.118308E+08  0.118295E+08  0.510741E+07  0.484344E+07  0.117793E+08  0.118302E+08
  0.681853E-03  0.118277E+08  0.118263E+08  0.473518E+07  0.447109E+07  0.117727E+08  0.118271E+08
  0.704954E-03  0.118244E+08  0.118229E+08  0.437131E+07  0.410844E+07  0.117657E+08  0.118237E+08
  0.728836E-03  0.118209E+08  0.118193E+08  0.401820E+07  0.375797E+07  0.117582E+08  0.118202E+08
  0.753528E-03  0.118172E+08  0.118156E+08  0.367826E+07  0.342217E+07  0.117502E+08  0.118165E+08
  0.779057E-03  0.118133E+08  0.118116E+08  0.335385E+07  0.310348E+07  0.117418E+08  0.118125E+08
  0.805450E-03  0.118092E+08  0.118074E+08  0.304723E+07  0.280416E+07  0.117328E+08  0.118083E+08
  0.832737E-03  0.118048E+08  0.118029E+08  0.276046E+07  0.252631E+07  0.117233E+08  0.118039E+08
  0.860949E-03  0.118002E+08  0.117982E+08  0.249536E+07  0.227169E+07  0.117132E+08  0.117992E+08
  0.890117E-03  0.117953E+08  0.117932E+08  0.225339E+07  0.204172E+07  0.117024E+08  0.117943E+08
  0.920272E-03  0.117901E+08  0.117880E+08  0.203559E+07  0.183731E+07  0.116911E+08  0.117891E+08
  0.951450E-03  0.117847E+08  0.117825E+08  0.184250E+07  0.165885E+07  0.116790E+08  0.117836E+08
  0.983684E-03  0.117789E+08  0.117766E+08  0.167410E+07  0.150612E+07  0.116663E+08  0.117778E+08
  0.101701E-02  0.117729E+08  0.117705E+08  0.152974E+07  0.137822E+07  0.116528E+08  0.117716E+08
  0.105146E-02  0.117665E+08  0.117640E+08  0.140811E+07  0.127356E+07  0.116385E+08  0.117652E+08
  0.108709E-02  0.117598E+08  0.117573E+08  0.130729E+07  0.118990E+07  0.116233E+08  0.117584E+08
  0.112391E-02  0.117527E+08  0.117501E+08  0.122474E+07  0.112433E+07  0.116073E+08  0.117512E+08
  0.116199E-02  0.117453E+08  0.117426E+08  0.115738E+07  0.107345E+07  0.115904E+08  0.117437E+08
  0.120136E-02  0.117374E+08  0.117347E+08  0.110178E+07  0.103345E+07  0.115725E+08  0.117358E+08
  0.124206E-02  0.117292E+08  0.117264E+08  0.105427E+07  0.100034E+07  0.115536E+08  0.117275E+08
  0.128414E-02  0.117206E+08  0.117177E+08  0.101119E+07  0.970182E+06  0.115337E+08  0.117188E+08
  0.132764E-02  0.117115E+08  0.117085E+08  0.969128E+06  0.939327E+06  0.115126E+08  0.117096E+08
  0.137262E-02  0.117019E+08  0.116990E+08  0.925190E+06  0.904728E+06  0.114904E+08  0.116999E+08
  0.141912E-02  0.116919E+08  0.116889E+08  0.877228E+06  0.864180E+06  0.114670E+08  0.116898E+08
  0.146720E-02  0.116814E+08  0.116783E+08  0.824063E+06  0.816534E+06  0.114424E+08  0.116792E+08
  0.151691E-02  0.116704E+08  0.116673E+08  0.765608E+06  0.761832E+06  0.114165E+08  0.116681E+08
  0.156830E-02  0.116588E+08  0.116557E+08  0.702901E+06  0.701315E+06  0.113892E+08  0.116564E+08
  0.162143E-02  0.116467E+08  0.116436E+08  0.637993E+06  0.637305E+06  0.113604E+08  0.116441E+08
  0.167636E-02  0.116340E+08  0.116309E+08  0.573705E+06  0.572916E+06  0.113303E+08  0.116313E+08
  0.173315E-02  0.116207E+08  0.116175E+08  0.513233E+06  0.511646E+06  0.112986E+08  0.116179E+08
  0.179187E-02  0.116068E+08  0.116036E+08  0.459663E+06  0.456842E+06  0.112653E+08  0.116038E+08
  0.185257E-02  0.115922E+08  0.115890E+08  0.415431E+06  0.411148E+06  0.112304E+08  0.115891E+08
  0.191534E-02  0.115770E+08  0.115738E+08  0.381834E+06  0.376000E+06  0.111938E+08  0.115737E+08
  0.198023E-02  0.115610E+08  0.115578E+08  0.358693E+06  0.351291E+06  0.111556E+08  0.115575E+08
  0.204731E-02  0.115443E+08  0.115411E+08  0.344257E+06  0.335299E+06  0.111155E+08  0.115407E+08
  0.211667E-02  0.115269E+08  0.115237E+08  0.335432E+06  0.324954E+06  0.110736E+08  0.115231E+08
  0.218838E-02  0.115087E+08  0.115054E+08  0.328338E+06  0.316432E+06  0.110299E+08  0.115046E+08
  0.226252E-02  0.114896E+08  0.114864E+08  0.319131E+06  0.306004E+06  0.109842E+08  0.114854E+08
  0.233917E-02  0.114697E+08  0.114665E+08  0.304913E+06  0.290959E+06  0.109366E+08  0.114653E+08
  0.241842E-02  0.114490E+08  0.114457E+08  0.284509E+06  0.270343E+06  0.108871E+08  0.114443E+08
  0.250035E-02  0.114273E+08  0.114240E+08  0.258847E+06  0.245270E+06  0.108355E+08  0.114224E+08
  0.258506E-02  0.114047E+08  0.114014E+08  0.230737E+06  0.218625E+06  0.107819E+08  0.113996E+08
  0.267264E-02  0.113811E+08  0.113778E+08  0.204018E+06  0.194129E+06  0.107263E+08  0.113758E+08
  0.276318E-02  0.113566E+08  0.113532E+08  0.182262E+06  0.175023E+06  0.106686E+08  0.113510E+08
  0.285679E-02  0.113310E+08  0.113276E+08  0.167444E+06  0.162788E+06  0.106088E+08  0.113252E+08
  0.295358E-02  0.113044E+08  0.113009E+08  0.159110E+06  0.156457E+06  0.105470E+08  0.112983E+08
  0.305364E-02  0.112766E+08  0.112731E+08  0.154512E+06  0.152924E+06  0.104831E+08  0.112703E+08
  0.315709E-02  0.112478E+08  0.112441E+08  0.149802E+06  0.148278E+06  0.104171E+08  0.112411E+08
  0.326405E-02  0.112178E+08  0.112141E+08  0.141875E+06  0.139684E+06  0.103490E+08  0.112108E+08
  0.337463E-02  0.111866E+08  0.111828E+08  0.130001E+06  0.126869E+06  0.102788E+08  0.111793E+08
  0.348896E-02  0.111542E+08  0.111503E+08  0.116273E+06  0.112330E+06  0.102067E+08  0.111466E+08
  0.360716E-02  0.111206E+08  0.111166E+08  0.104382E+06  0.998871E+05  0.101324E+08  0.111127E+08
  0.372936E-02  0.110856E+08  0.110815E+08  0.972235E+05  0.922636E+05  0.100561E+08  0.110774E+08
  0.385571E-02  0.110494E+08  0.110452E+08  0.947718E+05  0.891797E+05  0.997784E+07  0.110409E+08
  0.398634E-02  0.110118E+08  0.110075E+08  0.938290E+05  0.874520E+05  0.989751E+07  0.110029E+08
  0.412139E-02  0.109728E+08  0.109685E+08  0.902053E+05  0.833430E+05  0.981516E+07  0.109637E+08
  0.426101E-02  0.109328E+08  0.109283E+08  0.819824E+05  0.755792E+05  0.973726E+07  0.109233E+08
  0.440537E-02  0.108910E+08  0.108864E+08  0.712151E+05  0.664750E+05  0.965077E+07  0.108811E+08
  0.455462E-02  0.108477E+08  0.108430E+08  0.622658E+05  0.598473E+05  0.956212E+07  0.108376E+08
  0.470892E-02  0.108030E+08  0.107982E+08  0.578099E+05  0.572640E+05  0.947131E+07  0.107925E+08
  0.486845E-02  0.107567E+08  0.107518E+08  0.562733E+05  0.563525E+05  0.937828E+07  0.107458E+08
  0.503339E-02  0.107089E+08  0.107038E+08  0.536641E+05  0.533446E+05  0.928301E+07  0.106977E+08
  0.520391E-02  0.106595E+08  0.106543E+08  0.482329E+05  0.474517E+05  0.918545E+07  0.106479E+08
  0.538021E-02  0.106085E+08  0.106031E+08  0.425276E+05  0.418438E+05  0.908557E+07  0.105965E+08
  0.556248E-02  0.105558E+08  0.105501E+08  0.397883E+05  0.394787E+05  0.898158E+07  0.105433E+08
  0.575093E-02  0.105014E+08  0.104956E+08  0.390751E+05  0.389638E+05  0.887684E+07  0.104886E+08
  0.594576E-02  0.104454E+08  0.104393E+08  0.364154E+05  0.369592E+05  0.876970E+07  0.104321E+08
  0.614720E-02  0.103876E+08  0.103814E+08  0.311900E+05  0.335290E+05  0.866017E+07  0.103739E+08
  0.635546E-02  0.103281E+08  0.103216E+08  0.277649E+05  0.000000E+00  0.854826E+07  0.103140E+08
  0.657077E-02  0.102667E+08  0.102600E+08  0.283967E+05  0.000000E+00  0.843397E+07  0.102522E+08
  0.679338E-02  0.102036E+08  0.101966E+08  0.288871E+05  0.000000E+00  0.831789E+07  0.101887E+08
  0.702352E-02  0.101386E+08  0.101313E+08  0.259142E+05  0.000000E+00  0.819902E+07  0.101232E+08
  0.726147E-02  0.100717E+08  0.100642E+08  0.232520E+05  0.000000E+00  0.807790E+07  0.100559E+08
  0.750748E-02  0.100029E+08  0.999507E+07  0.238155E+05  0.000000E+00  0.795456E+07  0.998667E+07
  0.776182E-02  0.993223E+07  0.992402E+07  0.232184E+05  0.000000E+00  0.782905E+07  0.991549E+07
  0.802478E-02  0.985953E+07  0.985096E+07  0.195127E+05  0.000000E+00  0.770127E+07  0.984233E+07
  0.829665E-02  0.978485E+07  0.977590E+07  0.173802E+05  0.000000E+00  0.757154E+07  0.976718E+07
  0.857772E-02  0.970814E+07  0.969880E+07  0.166000E+05  0.000000E+00  0.743978E+07  0.969001E+07
  0.886832E-02  0.962937E+07  0.961961E+07  0.143434E+05  0.000000E+00  0.730605E+07  0.961077E+07
  0.916877E-02  0.954853E+07  0.953833E+07  0.140100E+05  0.000000E+00  0.717048E+07  0.952946E+07
  0.947939E-02  0.946558E+07  0.945490E+07  0.141298E+05  0.000000E+00  0.703310E+07  0.944604E+07
  0.980054E-02  0.938049E+07  0.936932E+07  0.122173E+05  0.000000E+00  0.689409E+07  0.936048E+07
  0.101326E-01  0.929324E+07  0.928153E+07  0.119042E+05  0.000000E+00  0.675359E+07  0.927275E+07
  0.104758E-01  0.920379E+07  0.919153E+07  0.108646E+05  0.000000E+00  0.661175E+07  0.918283E+07
  0.108307E-01  0.911212E+07  0.909928E+07  0.874304E+04  0.000000E+00  0.646871E+07  0.909069E+07
  0.111977E-01  0.901821E+07  0.900474E+07  0.916370E+04  0.000000E+00  0.632455E+07  0.899631E+07
  0.115770E-01  0.892203E+07  0.890791E+07  0.827261E+04  0.000000E+00  0.617931E+07  0.889967E+07
  0.119692E-01  0.882355E+07  0.880875E+07  0.788079E+04  0.000000E+00  0.603297E+07  0.880074E+07
  0.123747E-01  0.872275E+07  0.870724E+07  0.724427E+04  0.000000E+00  0.588552E+07  0.869948E+07
  0.127940E-01  0.861961E+07  0.860334E+07  0.659692E+04  0.000000E+00  0.573696E+07  0.859589E+07
  0.132274E-01  0.851411E+07  0.849705E+07  0.577613E+04  0.000000E+00  0.558743E+07  0.848994E+07
  0.136756E-01  0.840622E+07  0.838834E+07  0.522161E+04  0.000000E+00  0.543712E+07  0.838162E+07
  0.141389E-01  0.829593E+07  0.827719E+07  0.525921E+04  0.000000E+00  0.528635E+07  0.827090E+07
  0.146179E-01  0.818323E+07  0.816358E+07  0.479902E+04  0.000000E+00  0.513545E+07  0.815777E+07
  0.151131E-01  0.806811E+07  0.804752E+07  0.439188E+04  0.000000E+00  0.498468E+07  0.804224E+07
  0.156251E-01  0.795056E+07  0.792900E+07  0.395388E+04  0.000000E+00  0.483421E+07  0.792431E+07
  0.161545E-01  0.783060E+07  0.780803E+07  0.330043E+04  0.000000E+00  0.468409E+07  0.780396E+07
  0.167017E-01  0.770822E+07  0.768460E+07  0.354582E+04  0.000000E+00  0.453432E+07  0.768122E+07
  0.172676E-01  0.758345E+07  0.755875E+07  0.326117E+04  0.000000E+00  0.438491E+07  0.755610E+07
  0.178526E-01  0.745630E+07  0.743049E+07  0.265726E+04  0.000000E+00  0.423597E+07  0.742862E+07
  0.184574E-01  0.732681E+07  0.729986E+07  0.255130E+04  0.000000E+00  0.408769E+07  0.729882E+07
  0.190827E-01  0.719502E+07  0.716689E+07  0.250670E+04  0.000000E+00  0.394034E+07  0.716673E+07
  0.197292E-01  0.706098E+07  0.703166E+07  0.224043E+04  0.000000E+00  0.379415E+07  0.703241E+07
  0.203976E-01  0.692476E+07  0.689423E+07  0.186475E+04  0.000000E+00  0.364936E+07  0.689594E+07
  0.210886E-01  0.678644E+07  0.675468E+07  0.181417E+04  0.000000E+00  0.350613E+07  0.675740E+07
  0.218031E-01  0.664613E+07  0.661313E+07  0.177977E+04  0.000000E+00  0.336465E+07  0.661689E+07
  0.225417E-01  0.650394E+07  0.646971E+07  0.139726E+04  0.000000E+00  0.322503E+07  0.647452E+07
  0.233054E-01  0.636002E+07  0.632455E+07  0.135030E+04  0.000000E+00  0.308739E+07  0.633046E+07
  0.240950E-01  0.621452E+07  0.617784E+07  0.115461E+04  0.000000E+00  0.295192E+07  0.618484E+07
  0.249113E-01  0.606763E+07  0.602976E+07  0.114765E+04  0.000000E+00  0.281886E+07  0.603787E+07
  0.257552E-01  0.591957E+07  0.588053E+07  0.105277E+04  0.000000E+00  0.268844E+07  0.588975E+07
  0.266278E-01  0.577055E+07  0.573041E+07  0.928549E+03  0.000000E+00  0.256081E+07  0.574073E+07
  0.275299E-01  0.562086E+07  0.557967E+07  0.895989E+03  0.000000E+00  0.243606E+07  0.559106E+07
  0.284625E-01  0.547078E+07  0.542861E+07  0.864471E+03  0.000000E+00  0.231440E+07  0.544103E+07
  0.294268E-01  0.532064E+07  0.527758E+07  0.717193E+03  0.000000E+00  0.219611E+07  0.529099E+07
  0.304237E-01  0.517078E+07  0.512694E+07  0.584403E+03  0.000000E+00  0.208138E+07  0.514126E+07
  0.314544E-01  0.502157E+07  0.497708E+07  0.593857E+03  0.000000E+00  0.197029E+07  0.499223E+07
  0.325201E-01  0.487342E+07  0.482841E+07  0.536024E+03  0.000000E+00  0.186293E+07  0.484431E+07
  0.336218E-01  0.472676E+07  0.468137E+07  0.478721E+03  0.000000E+00  0.175943E+07  0.469790E+07
  0.347609E-01  0.458201E+07  0.453643E+07  0.437353E+03  0.000000E+00  0.165994E+07  0.455346E+07
  0.359385E-01  0.443963E+07  0.439404E+07  0.423646E+03  0.000000E+00  0.156460E+07  0.441142E+07
  0.371560E-01  0.430007E+07  0.425467E+07  0.394777E+03  0.000000E+00  0.147344E+07  0.427224E+07
  0.384148E-01  0.416378E+07  0.411878E+07  0.330864E+03  0.000000E+00  0.138650E+07  0.413638E+07
  0.397163E-01  0.403120E+07  0.398683E+07  0.302424E+03  0.000000E+00  0.130383E+07  0.400426E+07
  0.410618E-01  0.390272E+07  0.385921E+07  0.268854E+03  0.000000E+00  0.122545E+07  0.387629E+07
  0.424529E-01  0.377873E+07  0.373631E+07  0.258167E+03  0.000000E+00  0.115127E+07  0.375283E+07
  0.438911E-01  0.365954E+07  0.361844E+07  0.215976E+03  0.000000E+00  0.108128E+07  0.363420E+07
  0.453542E-01  0.354715E+07  0.350758E+07  0.187412E+03  0.000000E+00  0.101642E+07  0.352240E+07
  0.468172E-01  0.344313E+07  0.340524E+07  0.192912E+03  0.000000E+00  0.957287E+06  0.341898E+07
  0.482803E-01  0.334688E+07  0.331077E+07  0.155900E+03  0.000000E+00  0.903305E+06  0.332331E+07
  0.497433E-01  0.325776E+07  0.322352E+07  0.159841E+03  0.000000E+00  0.853946E+06  0.323478E+07
  0.512063E-01  0.317514E+07  0.314282E+07  0.150612E+03  0.000000E+00  0.808704E+06  0.315273E+07
  0.526694E-01  0.309837E+07  0.306800E+07  0.121830E+03  0.000000E+00  0.767113E+06  0.307652E+07
  0.541324E-01  0.302682E+07  0.299838E+07  0.118033E+03  0.000000E+00  0.728783E+06  0.300551E+07
  0.555954E-01  0.295985E+07  0.293332E+07  0.109746E+03  0.000000E+00  0.693333E+06  0.293907E+07
  0.570585E-01  0.289688E+07  0.287218E+07  0.948139E+02  0.000000E+00  0.660434E+06  0.287660E+07
  0.585215E-01  0.283731E+07  0.281437E+07  0.110078E+03  0.000000E+00  0.629806E+06  0.281752E+07
  0.599846E-01  0.278062E+07  0.275932E+07  0.844372E+02  0.000000E+00  0.601175E+06  0.276129E+07
  0.614476E-01  0.272630E+07  0.270652E+07  0.838037E+02  0.000000E+00  0.574303E+06  0.270741E+07
  0.629106E-01  0.267389E+07  0.265550E+07  0.830237E+02  0.000000E+00  0.548995E+06  0.265542E+07
  0.643737E-01  0.262300E+07  0.260585E+07  0.686698E+02  0.000000E+00  0.525086E+06  0.260491E+07
  0.658367E-01  0.257325E+07  0.255718E+07  0.567734E+02  0.000000E+00  0.502412E+06  0.255553E+07
  0.672998E-01  0.252436E+07  0.250921E+07  0.680031E+02  0.000000E+00  0.480848E+06  0.250698E+07
  0.687628E-01  0.247606E+07  0.246168E+07  0.565118E+02  0.000000E+00  0.460290E+06  0.245901E+07
  0.702258E-01  0.242816E+07  0.241438E+07  0.589872E+02  0.000000E+00  0.440643E+06  0.241140E+07
  0.716889E-01  0.238050E+07  0.236717E+07  0.483867E+02  0.000000E+00  0.421836E+06  0.236403E+07
  0.731519E-01  0.233299E+07  0.231997E+07  0.456289E+02  0.000000E+00  0.403810E+06  0.231678E+07
  0.746149E-01  0.228557E+07  0.227272E+07  0.472426E+02  0.000000E+00  0.386512E+06  0.226961E+07
  0.760780E-01  0.223822E+07  0.222541E+07  0.421619E+02  0.000000E+00  0.369903E+06  0.222249E+07
  0.775410E-01  0.219094E+07  0.217807E+07  0.394473E+02  0.000000E+00  0.353956E+06  0.217543E+07
  0.790041E-01  0.214381E+07  0.213079E+07  0.393275E+02  0.000000E+00  0.338650E+06  0.212852E+07
  0.804671E-01  0.209693E+07  0.208368E+07  0.376189E+02  0.000000E+00  0.323964E+06  0.208184E+07
  0.819301E-01  0.205039E+07  0.203685E+07  0.271903E+02  0.000000E+00  0.309889E+06  0.203549E+07
  0.833932E-01  0.200433E+07  0.199044E+07  0.271878E+02  0.000000E+00  0.296413E+06  0.198962E+07
  0.848562E-01  0.195888E+07  0.194462E+07  0.294730E+02  0.000000E+00  0.283527E+06  0.194435E+07
  0.863192E-01  0.191418E+07  0.189955E+07  0.257500E+02  0.000000E+00  0.271226E+06  0.189983E+07
  0.877823E-01  0.187039E+07  0.185538E+07  0.287549E+02  0.000000E+00  0.259500E+06  0.185622E+07
  0.892453E-01  0.182765E+07  0.181227E+07  0.173665E+02  0.000000E+00  0.248342E+06  0.181365E+07
  0.907084E-01  0.178609E+07  0.177038E+07  0.223380E+02  0.000000E+00  0.237743E+06  0.177227E+07
  0.921714E-01  0.174585E+07  0.172985E+07  0.299088E+02  0.000000E+00  0.227696E+06  0.173220E+07
  0.939995E-01  0.169759E+07  0.168130E+07  0.207773E+02  0.000000E+00  0.215893E+06  0.168416E+07
  0.958276E-01  0.165174E+07  0.163526E+07  0.121616E+02  0.000000E+00  0.204904E+06  0.163855E+07
  0.976557E-01  0.160846E+07  0.159189E+07  0.175987E+02  0.000000E+00  0.194696E+06  0.159550E+07
  0.994837E-01  0.156784E+07  0.155129E+07  0.204347E+02  0.000000E+00  0.185235E+06  0.155511E+07
  0.101312E+00  0.152991E+07  0.151350E+07  0.153061E+02  0.000000E+00  0.176479E+06  0.151741E+07
  0.103140E+00  0.149466E+07  0.147851E+07  0.152686E+02  0.000000E+00  0.168386E+06  0.148240E+07
  0.104968E+00  0.146203E+07  0.144623E+07  0.157322E+02  0.000000E+00  0.160910E+06  0.145001E+07
  0.106796E+00  0.143191E+07  0.141656E+07  0.112502E+02  0.000000E+00  0.154004E+06  0.142013E+07
  0.108624E+00  0.140414E+07  0.138933E+07  0.116071E+02  0.000000E+00  0.147616E+06  0.139261E+07
  0.110452E+00  0.137854E+07  0.136434E+07  0.145115E+02  0.000000E+00  0.141700E+06  0.136724E+07
  0.112280E+00  0.135488E+07  0.134134E+07  0.126955E+02  0.000000E+00  0.136205E+06  0.134382E+07
  0.114108E+00  0.133293E+07  0.132009E+07  0.128613E+02  0.000000E+00  0.131084E+06  0.132210E+07
  0.115936E+00  0.131244E+07  0.130031E+07  0.143101E+02  0.000000E+00  0.126294E+06  0.130183E+07
  0.117765E+00  0.129314E+07  0.128173E+07  0.985824E+01  0.000000E+00  0.121790E+06  0.128276E+07
  0.119593E+00  0.127479E+07  0.126407E+07  0.755307E+01  0.000000E+00  0.117536E+06  0.126462E+07
  0.121421E+00  0.125712E+07  0.124707E+07  0.114635E+02  0.000000E+00  0.113493E+06  0.124715E+07
  0.123249E+00  0.123989E+07  0.123047E+07  0.110751E+02  0.000000E+00  0.109631E+06  0.123012E+07
  0.125077E+00  0.122291E+07  0.121406E+07  0.780578E+01  0.000000E+00  0.105924E+06  0.121332E+07
  0.126905E+00  0.120598E+07  0.119764E+07  0.928703E+01  0.000000E+00  0.102348E+06  0.119657E+07
  0.128733E+00  0.118897E+07  0.118106E+07  0.875599E+01  0.000000E+00  0.988861E+05  0.117973E+07
  0.130561E+00  0.117175E+07  0.116419E+07  0.453745E+01  0.000000E+00  0.955230E+05  0.116266E+07
  0.132389E+00  0.115423E+07  0.114695E+07  0.575719E+01  0.000000E+00  0.922482E+05  0.114529E+07
  0.134217E+00  0.113636E+07  0.112928E+07  0.867669E+01  0.000000E+00  0.890545E+05  0.112756E+07
  0.136045E+00  0.111811E+07  0.111116E+07  0.000000E+00  0.000000E+00  0.859359E+05  0.110944E+07
  0.137874E+00  0.109949E+07  0.109260E+07  0.000000E+00  0.000000E+00  0.828917E+05  0.109094E+07
  0.139702E+00  0.108054E+07  0.107364E+07  0.000000E+00  0.000000E+00  0.799220E+05  0.107211E+07
  0.141530E+00  0.106131E+07  0.105436E+07  0.000000E+00  0.000000E+00  0.770281E+05  0.105300E+07
  0.143358E+00  0.104190E+07  0.103484E+07  0.000000E+00  0.000000E+00  0.742139E+05  0.103369E+07
  0.145186E+00  0.102241E+07  0.101521E+07  0.000000E+00  0.000000E+00  0.714839E+05  0.101430E+07
  0.147014E+00  0.100294E+07  0.995587E+06  0.000000E+00  0.000000E+00  0.688427E+05  0.994933E+06
  0.148842E+00  0.983618E+06  0.976089E+06  0.000000E+00  0.000000E+00  0.662945E+05  0.975705E+06
  0.150670E+00  0.964555E+06  0.956851E+06  0.000000E+00  0.000000E+00  0.638435E+05  0.956737E+06
  0.152498E+00  0.945868E+06  0.937995E+06  0.000000E+00  0.000000E+00  0.614937E+05  0.938144E+06
  0.154326E+00  0.927664E+06  0.919637E+06  0.000000E+00  0.000000E+00  0.592474E+05  0.920033E+06
  0.156154E+00  0.910041E+06  0.901884E+06  0.000000E+00  0.000000E+00  0.571067E+05  0.902504E+06
  0.157982E+00  0.893090E+06  0.884833E+06  0.000000E+00  0.000000E+00  0.550729E+05  0.885647E+06
  0.159811E+00  0.876880E+06  0.868558E+06  0.000000E+00  0.000000E+00  0.531455E+05  0.869533E+06
  0.161639E+00  0.861469E+06  0.853120E+06  0.000000E+00  0.000000E+00  0.513237E+05  0.854217E+06
  0.163467E+00  0.846895E+06  0.838561E+06  0.000000E+00  0.000000E+00  0.496050E+05  0.839740E+06
  0.165295E+00  0.833176E+06  0.824897E+06  0.000000E+00  0.000000E+00  0.479862E+05  0.826119E+06
  0.167123E+00  0.820306E+06  0.812122E+06  0.000000E+00  0.000000E+00  0.464627E+05  0.813347E+06
  0.168951E+00  0.808262E+06  0.800212E+06  0.000000E+00  0.000000E+00  0.450289E+05  0.801402E+06
  0.170779E+00  0.797009E+06  0.789127E+06  0.000000E+00  0.000000E+00  0.436795E+05  0.790247E+06
  0.172607E+00  0.786496E+06  0.778814E+06  0.000000E+00  0.000000E+00  0.424079E+05  0.779833E+06
  0.174435E+00  0.776662E+06  0.769205E+06  0.000000E+00  0.000000E+00  0.412078E+05  0.770098E+06
  0.176263E+00  0.767435E+06  0.760222E+06  0.000000E+00  0.000000E+00  0.400722E+05  0.760968E+06
  0.178091E+00  0.758735E+06  0.751781E+06  0.000000E+00  0.000000E+00  0.389945E+05  0.752364E+06
  0.179919E+00  0.750480E+06  0.743793E+06  0.000000E+00  0.000000E+00  0.379683E+05  0.744204E+06
  0.181748E+00  0.742583E+06  0.736164E+06  0.000000E+00  0.000000E+00  0.369871E+05  0.736399E+06
  0.183576E+00  0.734953E+06  0.728799E+06  0.000000E+00  0.000000E+00  0.360444E+05  0.728859E+06
  0.185404E+00  0.727506E+06  0.721607E+06  0.000000E+00  0.000000E+00  0.351353E+05  0.721500E+06
  0.187232E+00  0.720166E+06  0.714507E+06  0.000000E+00  0.000000E+00  0.342544E+05  0.714245E+06
  0.189060E+00  0.712861E+06  0.707424E+06  0.000000E+00  0.000000E+00  0.333975E+05  0.707022E+06
  0.190888E+00  0.705532E+06  0.700295E+06  0.000000E+00  0.000000E+00  0.325612E+05  0.699772E+06
  0.192716E+00  0.698129E+06  0.693066E+06  0.000000E+00  0.000000E+00  0.317423E+05  0.692444E+06
  0.194544E+00  0.690611E+06  0.685697E+06  0.000000E+00  0.000000E+00  0.309388E+05  0.684998E+06
  0.196372E+00  0.682949E+06  0.678155E+06  0.000000E+00  0.000000E+00  0.301486E+05  0.677405E+06
  0.198200E+00  0.675126E+06  0.670426E+06  0.000000E+00  0.000000E+00  0.293710E+05  0.669648E+06
  0.200028E+00  0.667135E+06  0.662502E+06  0.000000E+00  0.000000E+00  0.286053E+05  0.661721E+06
  0.201856E+00  0.658979E+06  0.654388E+06  0.000000E+00  0.000000E+00  0.278512E+05  0.653626E+06
  0.203685E+00  0.650673E+06  0.646100E+06  0.000000E+00  0.000000E+00  0.271092E+05  0.645378E+06
  0.205513E+00  0.642241E+06  0.637667E+06  0.000000E+00  0.000000E+00  0.263801E+05  0.637004E+06
  0.207341E+00  0.633717E+06  0.629124E+06  0.000000E+00  0.000000E+00  0.256649E+05  0.628533E+06
  0.209169E+00  0.625134E+06  0.620509E+06  0.000000E+00  0.000000E+00  0.249646E+05  0.620004E+06
  0.210997E+00  0.616536E+06  0.611869E+06  0.000000E+00  0.000000E+00  0.242804E+05  0.611457E+06
  0.212825E+00  0.607965E+06  0.603249E+06  0.000000E+00  0.000000E+00  0.236137E+05  0.602937E+06
  0.214653E+00  0.599465E+06  0.594698E+06  0.000000E+00  0.000000E+00  0.229656E+05  0.594486E+06
  0.216481E+00  0.591078E+06  0.586261E+06  0.000000E+00  0.000000E+00  0.223372E+05  0.586149E+06
  0.218309E+00  0.582846E+06  0.577982E+06  0.000000E+00  0.000000E+00  0.217293E+05  0.577966E+06
  0.220137E+00  0.574806E+06  0.569903E+06  0.000000E+00  0.000000E+00  0.211428E+05  0.569975E+06
  0.221965E+00  0.566994E+06  0.562060E+06  0.000000E+00  0.000000E+00  0.205782E+05  0.562211E+06
  0.223793E+00  0.559438E+06  0.554486E+06  0.000000E+00  0.000000E+00  0.200360E+05  0.554704E+06
  0.225622E+00  0.552165E+06  0.547207E+06  0.000000E+00  0.000000E+00  0.195161E+05  0.547479E+06
  0.227450E+00  0.545189E+06  0.540239E+06  0.000000E+00  0.000000E+00  0.190187E+05  0.540552E+06
  0.229278E+00  0.538520E+06  0.533594E+06  0.000000E+00  0.000000E+00  0.185430E+05  0.533933E+06
  0.231106E+00  0.532162E+06  0.527273E+06  0.000000E+00  0.000000E+00  0.180887E+05  0.527624E+06
  0.232934E+00  0.526111E+06  0.521273E+06  0.000000E+00  0.000000E+00  0.176548E+05  0.521622E+06
  0.234762E+00  0.520357E+06  0.515583E+06  0.000000E+00  0.000000E+00  0.172404E+05  0.515917E+06
  0.236590E+00  0.514886E+06  0.510188E+06  0.000000E+00  0.000000E+00  0.168444E+05  0.510495E+06
  0.238418E+00  0.509678E+06  0.505066E+06  0.000000E+00  0.000000E+00  0.164654E+05  0.505336E+06
  0.240246E+00  0.504712E+06  0.500195E+06  0.000000E+00  0.000000E+00  0.161024E+05  0.500418E+06
  0.242074E+00  0.499961E+06  0.495545E+06  0.000000E+00  0.000000E+00  0.157538E+05  0.495716E+06
  0.243902E+00  0.495396E+06  0.491086E+06  0.000000E+00  0.000000E+00  0.154184E+05  0.491198E+06
  0.245730E+00  0.490986E+06  0.486783E+06  0.000000E+00  0.000000E+00  0.150949E+05  0.486835E+06
  0.247559E+00  0.486700E+06  0.482605E+06  0.000000E+00  0.000000E+00  0.147818E+05  0.482595E+06
  0.249387E+00  0.482508E+06  0.478518E+06  0.000000E+00  0.000000E+00  0.144779E+05  0.478447E+06
  0.251215E+00  0.478380E+06  0.474492E+06  0.000000E+00  0.000000E+00  0.141822E+05  0.474364E+06
  0.253043E+00  0.474291E+06  0.470500E+06  0.000000E+00  0.000000E+00  0.138935E+05  0.470317E+06
  0.254871E+00  0.470217E+06  0.466516E+06  0.000000E+00  0.000000E+00  0.136112E+05  0.466286E+06
  0.256699E+00  0.466139E+06  0.462519E+06  0.000000E+00  0.000000E+00  0.133343E+05  0.462248E+06
  0.258527E+00  0.462040E+06  0.458493E+06  0.000000E+00  0.000000E+00  0.130624E+05  0.458188E+06
  0.260355E+00  0.457906E+06  0.454423E+06  0.000000E+00  0.000000E+00  0.127949E+05  0.454093E+06
  0.262183E+00  0.453728E+06  0.450299E+06  0.000000E+00  0.000000E+00  0.125314E+05  0.449952E+06
  0.264011E+00  0.449501E+06  0.446116E+06  0.000000E+00  0.000000E+00  0.122718E+05  0.445761E+06
  0.265839E+00  0.445223E+06  0.441872E+06  0.000000E+00  0.000000E+00  0.120158E+05  0.441518E+06
  0.267668E+00  0.440897E+06  0.437572E+06  0.000000E+00  0.000000E+00  0.117636E+05  0.437226E+06
  0.269496E+00  0.436529E+06  0.433222E+06  0.000000E+00  0.000000E+00  0.115151E+05  0.432891E+06
  0.271324E+00  0.432127E+06  0.428831E+06  0.000000E+00  0.000000E+00  0.112706E+05  0.428521E+06
  0.273152E+00  0.427703E+06  0.424412E+06  0.000000E+00  0.000000E+00  0.110302E+05  0.424129E+06
  0.274980E+00  0.423270E+06  0.419979E+06  0.000000E+00  0.000000E+00  0.107943E+05  0.419726E+06
  0.276808E+00  0.418842E+06  0.415548E+06  0.000000E+00  0.000000E+00  0.105629E+05  0.415329E+06
  0.278636E+00  0.414435E+06  0.411135E+06  0.000000E+00  0.000000E+00  0.103366E+05  0.410952E+06
  0.280464E+00  0.410063E+06  0.406757E+06  0.000000E+00  0.000000E+00  0.101154E+05  0.406609E+06
  0.282292E+00  0.405742E+06  0.402430E+06  0.000000E+00  0.000000E+00  0.989966E+04  0.402318E+06
  0.284120E+00  0.401487E+06  0.398169E+06  0.000000E+00  0.000000E+00  0.968958E+04  0.398091E+06
  0.285948E+00  0.397311E+06  0.393990E+06  0.000000E+00  0.000000E+00  0.948535E+04  0.393944E+06
  0.287776E+00  0.393227E+06  0.389907E+06  0.000000E+00  0.000000E+00  0.928715E+04  0.389889E+06
  0.289605E+00  0.389245E+06  0.385929E+06  0.000000E+00  0.000000E+00  0.909500E+04  0.385936E+06
  0.291433E+00  0.385373E+06  0.382065E+06  0.000000E+00  0.000000E+00  0.890895E+04  0.382092E+06
  0.293261E+00  0.381617E+06  0.378322E+06  0.000000E+00  0.000000E+00  0.872902E+04  0.378364E+06
  0.295089E+00  0.377979E+06  0.374703E+06  0.000000E+00  0.000000E+00  0.855506E+04  0.374754E+06
  0.296917E+00  0.374460E+06  0.371207E+06  0.000000E+00  0.000000E+00  0.838691E+04  0.371264E+06
  0.298745E+00  0.371059E+06  0.367834E+06  0.000000E+00  0.000000E+00  0.822445E+04  0.367891E+06
  0.300573E+00  0.367774E+06  0.364580E+06  0.000000E+00  0.000000E+00  0.806745E+04  0.364634E+06
  0.302401E+00  0.364599E+06  0.361442E+06  0.000000E+00  0.000000E+00  0.791564E+04  0.361487E+06
  0.304229E+00  0.361528E+06  0.358411E+06  0.000000E+00  0.000000E+00  0.776874E+04  0.358444E+06
  0.306057E+00  0.358554E+06  0.355478E+06  0.000000E+00  0.000000E+00  0.762651E+04  0.355496E+06
  0.307885E+00  0.355666E+06  0.352635E+06  0.000000E+00  0.000000E+00  0.748858E+04  0.352636E+06
  0.309713E+00  0.352855E+06  0.349871E+06  0.000000E+00  0.000000E+00  0.735463E+04  0.349851E+06
  0.311542E+00  0.350109E+06  0.347172E+06  0.000000E+00  0.000000E+00  0.722435E+04  0.347133E+06
  0.313370E+00  0.347419E+06  0.344530E+06  0.000000E+00  0.000000E+00  0.709745E+04  0.344469E+06
  0.315198E+00  0.344774E+06  0.341931E+06  0.000000E+00  0.000000E+00  0.697361E+04  0.341849E+06
  0.317026E+00  0.342164E+06  0.339366E+06  0.000000E+00  0.000000E+00  0.685255E+04  0.339265E+06
  0.318854E+00  0.339581E+06  0.336826E+06  0.000000E+00  0.000000E+00  0.673406E+04  0.336706E+06
  0.320682E+00  0.337015E+06  0.334302E+06  0.000000E+00  0.000000E+00  0.661792E+04  0.334165E+06
  0.322510E+00  0.334460E+06  0.331785E+06  0.000000E+00  0.000000E+00  0.650389E+04  0.331634E+06
  0.324338E+00  0.331910E+06  0.329270E+06  0.000000E+00  0.000000E+00  0.639184E+04  0.329107E+06
  0.326166E+00  0.329358E+06  0.326751E+06  0.000000E+00  0.000000E+00  0.628163E+04  0.326578E+06
  0.327994E+00  0.326803E+06  0.324223E+06  0.000000E+00  0.000000E+00  0.617313E+04  0.324045E+06
  0.329822E+00  0.324240E+06  0.321686E+06  0.000000E+00  0.000000E+00  0.606628E+04  0.321504E+06
  0.331650E+00  0.321670E+06  0.319138E+06  0.000000E+00  0.000000E+00  0.596101E+04  0.318955E+06
  0.333479E+00  0.319092E+06  0.316579E+06  0.000000E+00  0.000000E+00  0.585735E+04  0.316399E+06
  0.335307E+00  0.316510E+06  0.314013E+06  0.000000E+00  0.000000E+00  0.575526E+04  0.313838E+06
  0.337135E+00  0.313925E+06  0.311441E+06  0.000000E+00  0.000000E+00  0.565476E+04  0.311273E+06
  0.338963E+00  0.311342E+06  0.308869E+06  0.000000E+00  0.000000E+00  0.555591E+04  0.308710E+06
  0.340791E+00  0.308763E+06  0.306299E+06  0.000000E+00  0.000000E+00  0.545873E+04  0.306150E+06
  0.342619E+00  0.306194E+06  0.303738E+06  0.000000E+00  0.000000E+00  0.536327E+04  0.303601E+06
  0.344447E+00  0.303639E+06  0.301190E+06  0.000000E+00  0.000000E+00  0.526957E+04  0.301065E+06
  0.346275E+00  0.301104E+06  0.298661E+06  0.000000E+00  0.000000E+00  0.517769E+04  0.298549E+06
  0.348103E+00  0.298593E+06  0.296156E+06  0.000000E+00  0.000000E+00  0.508771E+04  0.296057E+06
  0.349931E+00  0.296112E+06  0.293682E+06  0.000000E+00  0.000000E+00  0.499962E+04  0.293595E+06
  0.351759E+00  0.293666E+06  0.291243E+06  0.000000E+00  0.000000E+00  0.491350E+04  0.291167E+06
  0.353587E+00  0.291259E+06  0.288844E+06  0.000000E+00  0.000000E+00  0.482940E+04  0.288778E+06
  0.355416E+00  0.288894E+06  0.286488E+06  0.000000E+00  0.000000E+00  0.474729E+04  0.286432E+06
  0.357244E+00  0.286575E+06  0.284179E+06  0.000000E+00  0.000000E+00  0.466718E+04  0.284130E+06
  0.359072E+00  0.284302E+06  0.281918E+06  0.000000E+00  0.000000E+00  0.458908E+04  0.281876E+06
  0.360900E+00  0.282078E+06  0.279707E+06  0.000000E+00  0.000000E+00  0.451296E+04  0.279670E+06
  0.362728E+00  0.279904E+06  0.277548E+06  0.000000E+00  0.000000E+00  0.443878E+04  0.277513E+06
  0.364556E+00  0.277778E+06  0.275439E+06  0.000000E+00  0.000000E+00  0.436649E+04  0.275405E+06
  0.366384E+00  0.275701E+06  0.273380E+06  0.000000E+00  0.000000E+00  0.429606E+04  0.273345E+06
  0.368212E+00  0.273672E+06  0.271370E+06  0.000000E+00  0.000000E+00  0.422744E+04  0.271333E+06
  0.370040E+00  0.271688E+06  0.269406E+06  0.000000E+00  0.000000E+00  0.416052E+04  0.269367E+06
  0.371868E+00  0.269746E+06  0.267486E+06  0.000000E+00  0.000000E+00  0.409525E+04  0.267442E+06
  0.373696E+00  0.267844E+06  0.265606E+06  0.000000E+00  0.000000E+00  0.403155E+04  0.265557E+06
  0.375524E+00  0.265978E+06  0.263763E+06  0.000000E+00  0.000000E+00  0.396932E+04  0.263707E+06
  0.377353E+00  0.264143E+06  0.261952E+06  0.000000E+00  0.000000E+00  0.390846E+04  0.261890E+06
  0.379181E+00  0.262338E+06  0.260169E+06  0.000000E+00  0.000000E+00  0.384892E+04  0.260101E+06
  0.381009E+00  0.260557E+06  0.258412E+06  0.000000E+00  0.000000E+00  0.379061E+04  0.258336E+06
  0.382837E+00  0.258798E+06  0.256676E+06  0.000000E+00  0.000000E+00  0.373345E+04  0.256594E+06
  0.384665E+00  0.257058E+06  0.254957E+06  0.000000E+00  0.000000E+00  0.367737E+04  0.254869E+06
  0.386493E+00  0.255333E+06  0.253253E+06  0.000000E+00  0.000000E+00  0.362232E+04  0.253159E+06
  0.388321E+00  0.253620E+06  0.251561E+06  0.000000E+00  0.000000E+00  0.356822E+04  0.251462E+06
  0.390149E+00  0.251917E+06  0.249877E+06  0.000000E+00  0.000000E+00  0.351502E+04  0.249774E+06
  0.391977E+00  0.250222E+06  0.248201E+06  0.000000E+00  0.000000E+00  0.346267E+04  0.248094E+06
  0.393805E+00  0.248533E+06  0.246529E+06  0.000000E+00  0.000000E+00  0.341116E+04  0.246420E+06
  0.395633E+00  0.246849E+06  0.244861E+06  0.000000E+00  0.000000E+00  0.336044E+04  0.244751E+06
  0.397461E+00  0.245171E+06  0.243198E+06  0.000000E+00  0.000000E+00  0.331049E+04  0.243087E+06
  0.399290E+00  0.243498E+06  0.241538E+06  0.000000E+00  0.000000E+00  0.326130E+04  0.241427E+06
  0.401118E+00  0.241829E+06  0.239882E+06  0.000000E+00  0.000000E+00  0.321287E+04  0.239773E+06
  0.402946E+00  0.240167E+06  0.238231E+06  0.000000E+00  0.000000E+00  0.316519E+04  0.238124E+06
  0.404774E+00  0.238511E+06  0.236586E+06  0.000000E+00  0.000000E+00  0.311823E+04  0.236482E+06
  0.406602E+00  0.236863E+06  0.234948E+06  0.000000E+00  0.000000E+00  0.307203E+04  0.234847E+06
  0.408430E+00  0.235224E+06  0.233318E+06  0.000000E+00  0.000000E+00  0.302659E+04  0.233221E+06
  0.410258E+00  0.233595E+06  0.231698E+06  0.000000E+00  0.000000E+00  0.298188E+04  0.231605E+06
  0.412086E+00  0.231979E+06  0.230090E+06  0.000000E+00  0.000000E+00  0.293794E+04  0.230002E+06
  0.413914E+00  0.230376E+06  0.228496E+06  0.000000E+00  0.000000E+00  0.289478E+04  0.228412E+06
  0.415742E+00  0.228789E+06  0.226917E+06  0.000000E+00  0.000000E+00  0.285239E+04  0.226838E+06
  0.417570E+00  0.227220E+06  0.225356E+06  0.000000E+00  0.000000E+00  0.281078E+04  0.225280E+06
  0.419398E+00  0.225668E+06  0.223813E+06  0.000000E+00  0.000000E+00  0.276996E+04  0.223742E+06
  0.421227E+00  0.224137E+06  0.222290E+06  0.000000E+00  0.000000E+00  0.272993E+04  0.222222E+06
  0.423055E+00  0.222626E+06  0.220788E+06  0.000000E+00  0.000000E+00  0.269068E+04  0.220724E+06
  0.424883E+00  0.221136E+06  0.219308E+06  0.000000E+00  0.000000E+00  0.265220E+04  0.219246E+06
  0.426711E+00  0.219668E+06  0.217850E+06  0.000000E+00  0.000000E+00  0.261450E+04  0.217790E+06
  0.428539E+00  0.218222E+06  0.216415E+06  0.000000E+00  0.000000E+00  0.257756E+04  0.216356E+06
  0.430367E+00  0.216799E+06  0.215002E+06  0.000000E+00  0.000000E+00  0.254135E+04  0.214945E+06
  0.432195E+00  0.215398E+06  0.213613E+06  0.000000E+00  0.000000E+00  0.250589E+04  0.213556E+06
  0.434023E+00  0.214020E+06  0.212246E+06  0.000000E+00  0.000000E+00  0.247114E+04  0.212189E+06
  0.435851E+00  0.212662E+06  0.210901E+06  0.000000E+00  0.000000E+00  0.243709E+04  0.210843E+06
  0.437679E+00  0.211325E+06  0.209576E+06  0.000000E+00  0.000000E+00  0.240370E+04  0.209517E+06
  0.439507E+00  0.210007E+06  0.208270E+06  0.000000E+00  0.000000E+00  0.237095E+04  0.208211E+06
  0.441335E+00  0.208707E+06  0.206984E+06  0.000000E+00  0.000000E+00  0.233884E+04  0.206922E+06
  0.443164E+00  0.207424E+06  0.205714E+06  0.000000E+00  0.000000E+00  0.230733E+04  0.205651E+06
  0.444992E+00  0.206158E+06  0.204461E+06  0.000000E+00  0.000000E+00  0.227638E+04  0.204396E+06
  0.446820E+00  0.204907E+06  0.203222E+06  0.000000E+00  0.000000E+00  0.224600E+04  0.203155E+06
  0.448648E+00  0.203669E+06  0.201998E+06  0.000000E+00  0.000000E+00  0.221615E+04  0.201928E+06
  0.450476E+00  0.202444E+06  0.200785E+06  0.000000E+00  0.000000E+00  0.218681E+04  0.200714E+06
  0.452304E+00  0.201230E+06  0.199584E+06  0.000000E+00  0.000000E+00  0.215796E+04  0.199511E+06
  0.454132E+00  0.200027E+06  0.198393E+06  0.000000E+00  0.000000E+00  0.212957E+04  0.198318E+06
  0.455960E+00  0.198833E+06  0.197211E+06  0.000000E+00  0.000000E+00  0.210164E+04  0.197134E+06
  0.457788E+00  0.197647E+06  0.196036E+06  0.000000E+00  0.000000E+00  0.207413E+04  0.195959E+06
  0.459616E+00  0.196469E+06  0.194869E+06  0.000000E+00  0.000000E+00  0.204705E+04  0.194791E+06
  0.461444E+00  0.195298E+06  0.193709E+06  0.000000E+00  0.000000E+00  0.202038E+04  0.193631E+06
  0.463273E+00  0.194135E+06  0.192556E+06  0.000000E+00  0.000000E+00  0.199410E+04  0.192477E+06
  0.465101E+00  0.192978E+06  0.191409E+06  0.000000E+00  0.000000E+00  0.196821E+04  0.191330E+06
  0.466929E+00  0.191828E+06  0.190268E+06  0.000000E+00  0.000000E+00  0.194270E+04  0.190190E+06
  0.468757E+00  0.190684E+06  0.189134E+06  0.000000E+00  0.000000E+00  0.191757E+04  0.189056E+06
  0.470585E+00  0.189547E+06  0.188005E+06  0.000000E+00  0.000000E+00  0.189280E+04  0.187928E+06
  0.472413E+00  0.188417E+06  0.186884E+06  0.000000E+00  0.000000E+00  0.186840E+04  0.186808E+06
  0.474241E+00  0.187294E+06  0.185769E+06  0.000000E+00  0.000000E+00  0.184437E+04  0.185694E+06
  0.476069E+00  0.186179E+06  0.184661E+06  0.000000E+00  0.000000E+00  0.182069E+04  0.184588E+06
  0.477897E+00  0.185072E+06  0.183562E+06  0.000000E+00  0.000000E+00  0.179738E+04  0.183490E+06
  0.479725E+00  0.183974E+06  0.182471E+06  0.000000E+00  0.000000E+00  0.177443E+04  0.182401E+06
  0.481553E+00  0.182885E+06  0.181389E+06  0.000000E+00  0.000000E+00  0.175184E+04  0.181321E+06
  0.483381E+00  0.181805E+06  0.180317E+06  0.000000E+00  0.000000E+00  0.172961E+04  0.180250E+06
  0.485210E+00  0.180736E+06  0.179255E+06  0.000000E+00  0.000000E+00  0.170773E+04  0.179190E+06
  0.487038E+00  0.179677E+06  0.178203E+06  0.000000E+00  0.000000E+00  0.168621E+04  0.178139E+06
  0.488866E+00  0.178628E+06  0.177162E+06  0.000000E+00  0.000000E+00  0.166504E+04  0.177100E+06
  0.490694E+00  0.177591E+06  0.176132E+06  0.000000E+00  0.000000E+00  0.164421E+04  0.176071E+06
  0.492522E+00  0.176565E+06  0.175114E+06  0.000000E+00  0.000000E+00  0.162373E+04  0.175053E+06
  0.494350E+00  0.175550E+06  0.174107E+06  0.000000E+00  0.000000E+00  0.160360E+04  0.174047E+06
  0.496178E+00  0.174547E+06  0.173111E+06  0.000000E+00  0.000000E+00  0.158380E+04  0.173053E+06
  0.498006E+00  0.173556E+06  0.172128E+06  0.000000E+00  0.000000E+00  0.156434E+04  0.172070E+06
  0.499834E+00  0.172576E+06  0.171156E+06  0.000000E+00  0.000000E+00  0.154519E+04  0.171098E+06
  0.501662E+00  0.171607E+06  0.170195E+06  0.000000E+00  0.000000E+00  0.152637E+04  0.170137E+06
  0.503490E+00  0.170649E+06  0.169245E+06  0.000000E+00  0.000000E+00  0.150786E+04  0.169187E+06
  0.505318E+00  0.169701E+06  0.168306E+06  0.000000E+00  0.000000E+00  0.148965E+04  0.168248E+06
  0.507147E+00  0.168764E+06  0.167377E+06  0.000000E+00  0.000000E+00  0.147174E+04  0.167319E+06
  0.508975E+00  0.167837E+06  0.166458E+06  0.000000E+00  0.000000E+00  0.145411E+04  0.166400E+06
  0.510803E+00  0.166919E+06  0.165549E+06  0.000000E+00  0.000000E+00  0.143676E+04  0.165490E+06
  0.512631E+00  0.166011E+06  0.164649E+06  0.000000E+00  0.000000E+00  0.141969E+04  0.164589E+06
  0.514459E+00  0.165111E+06  0.163757E+06  0.000000E+00  0.000000E+00  0.140287E+04  0.163697E+06
  0.516287E+00  0.164219E+06  0.162874E+06  0.000000E+00  0.000000E+00  0.138632E+04  0.162813E+06
  0.518115E+00  0.163335E+06  0.161998E+06  0.000000E+00  0.000000E+00  0.137001E+04  0.161937E+06
  0.519943E+00  0.162458E+06  0.161129E+06  0.000000E+00  0.000000E+00  0.135394E+04  0.161068E+06
  0.521771E+00  0.161588E+06  0.160267E+06  0.000000E+00  0.000000E+00  0.133811E+04  0.160205E+06
  0.523599E+00  0.160725E+06  0.159411E+06  0.000000E+00  0.000000E+00  0.132250E+04  0.159349E+06
  0.525427E+00  0.159868E+06  0.158562E+06  0.000000E+00  0.000000E+00  0.130712E+04  0.158500E+06
  0.527255E+00  0.159018E+06  0.157719E+06  0.000000E+00  0.000000E+00  0.129195E+04  0.157656E+06
  0.529084E+00  0.158173E+06  0.156881E+06  0.000000E+00  0.000000E+00  0.127700E+04  0.156819E+06
  0.530912E+00  0.157334E+06  0.156050E+06  0.000000E+00  0.000000E+00  0.126226E+04  0.155988E+06
  0.532740E+00  0.156501E+06  0.155224E+06  0.000000E+00  0.000000E+00  0.124771E+04  0.155162E+06
  0.534568E+00  0.155674E+06  0.154403E+06  0.000000E+00  0.000000E+00  0.123338E+04  0.154341E+06
  0.536396E+00  0.154852E+06  0.153588E+06  0.000000E+00  0.000000E+00  0.121924E+04  0.153526E+06
  0.538224E+00  0.154036E+06  0.152778E+06  0.000000E+00  0.000000E+00  0.120529E+04  0.152717E+06
  0.540052E+00  0.153225E+06  0.151973E+06  0.000000E+00  0.000000E+00  0.119154E+04  0.151913E+06
  0.541880E+00  0.152420E+06  0.151175E+06  0.000000E+00  0.000000E+00  0.117797E+04  0.151115E+06
  0.543708E+00  0.151621E+06  0.150382E+06  0.000000E+00  0.000000E+00  0.116460E+04  0.150322E+06
  0.545536E+00  0.150828E+06  0.149595E+06  0.000000E+00  0.000000E+00  0.115141E+04  0.149536E+06
  0.547364E+00  0.150041E+06  0.148814E+06  0.000000E+00  0.000000E+00  0.113841E+04  0.148755E+06
  0.549192E+00  0.149259E+06  0.148038E+06  0.000000E+00  0.000000E+00  0.112559E+04  0.147981E+06
  0.551021E+00  0.148484E+06  0.147269E+06  0.000000E+00  0.000000E+00  0.111295E+04  0.147212E+06
  0.552849E+00  0.147715E+06  0.146506E+06  0.000000E+00  0.000000E+00  0.110048E+04  0.146450E+06
  0.554677E+00  0.146953E+06  0.145749E+06  0.000000E+00  0.000000E+00  0.108820E+04  0.145694E+06
  0.556505E+00  0.146197E+06  0.144999E+06  0.000000E+00  0.000000E+00  0.107609E+04  0.144944E+06
  0.558333E+00  0.145448E+06  0.144256E+06  0.000000E+00  0.000000E+00  0.106415E+04  0.144201E+06
  0.560161E+00  0.144705E+06  0.143519E+06  0.000000E+00  0.000000E+00  0.105238E+04  0.143465E+06
  0.561989E+00  0.143969E+06  0.142788E+06  0.000000E+00  0.000000E+00  0.104079E+04  0.142735E+06
  0.563817E+00  0.143239E+06  0.142065E+06  0.000000E+00  0.000000E+00  0.102936E+04  0.142011E+06
  0.565645E+00  0.142516E+06  0.141348E+06  0.000000E+00  0.000000E+00  0.101809E+04  0.141295E+06
  0.567473E+00  0.141800E+06  0.140637E+06  0.000000E+00  0.000000E+00  0.100699E+04  0.140584E+06
  0.569301E+00  0.141089E+06  0.139932E+06  0.000000E+00  0.000000E+00  0.996041E+03  0.139880E+06
  0.571130E+00  0.140386E+06  0.139234E+06  0.000000E+00  0.000000E+00  0.985250E+03  0.139182E+06
  0.572958E+00  0.139688E+06  0.138543E+06  0.000000E+00  0.000000E+00  0.974608E+03  0.138490E+06
  0.574786E+00  0.138997E+06  0.137857E+06  0.000000E+00  0.000000E+00  0.964121E+03  0.137805E+06
  0.576614E+00  0.138311E+06  0.137178E+06  0.000000E+00  0.000000E+00  0.953782E+03  0.137125E+06
  0.578442E+00  0.137632E+06  0.136504E+06  0.000000E+00  0.000000E+00  0.943581E+03  0.136452E+06
  0.580270E+00  0.136958E+06  0.135836E+06  0.000000E+00  0.000000E+00  0.933523E+03  0.135784E+06
  0.582098E+00  0.136289E+06  0.135173E+06  0.000000E+00  0.000000E+00  0.923605E+03  0.135121E+06
  0.701301E+00  0.101624E+06  0.100792E+06  0.000000E+00  0.000000E+00  0.487334E+03  0.100751E+06
  0.856572E+00  0.737863E+05  0.731827E+05  0.000000E+00  0.000000E+00  0.242732E+03  0.731519E+05
  0.104622E+01  0.533208E+05  0.528846E+05  0.000000E+00  0.000000E+00  0.119728E+03  0.528619E+05
  0.127786E+01  0.383668E+05  0.380530E+05  0.000000E+00  0.000000E+00  0.585570E+02  0.380365E+05
  0.156078E+01  0.274991E+05  0.272741E+05  0.000000E+00  0.000000E+00  0.388480E+02  0.272623E+05
  0.190633E+01  0.196397E+05  0.194789E+05  0.000000E+00  0.000000E+00  0.188414E+02  0.194705E+05
  0.232840E+01  0.139809E+05  0.138664E+05  0.000000E+00  0.000000E+00  0.907933E+01  0.138604E+05
  0.284392E+01  0.992291E+04  0.984153E+04  0.000000E+00  0.000000E+00  0.435096E+01  0.983735E+04
  0.347357E+01  0.702347E+04  0.696577E+04  0.000000E+00  0.000000E+00  0.207521E+01  0.696289E+04
  0.424263E+01  0.495871E+04  0.491786E+04  0.000000E+00  0.000000E+00  0.985787E+00  0.491592E+04
  0.518196E+01  0.349281E+04  0.346392E+04  0.000000E+00  0.000000E+00  0.466673E+00  0.346265E+04
  0.632926E+01  0.245497E+04  0.243453E+04  0.000000E+00  0.000000E+00  0.220271E+00  0.243375E+04
  0.773057E+01  0.172208E+04  0.170761E+04  0.000000E+00  0.000000E+00  0.103701E+00  0.170717E+04
  0.944214E+01  0.120574E+04  0.119547E+04  0.000000E+00  0.000000E+00  0.487116E-01  0.119529E+04
  0.115327E+02  0.842770E+03  0.835447E+03  0.000000E+00  0.000000E+00  0.228356E-01  0.835437E+03
  0.140860E+02  0.588117E+03  0.582856E+03  0.000000E+00  0.000000E+00  0.106857E-01  0.582977E+03
  0.172047E+02  0.409791E+03  0.405967E+03  0.000000E+00  0.000000E+00  0.499196E-02  0.406185E+03
  0.210139E+02  0.285130E+03  0.282306E+03  0.000000E+00  0.000000E+00  0.232850E-02  0.282596E+03
  0.256664E+02  0.198125E+03  0.195993E+03  0.000000E+00  0.000000E+00  0.108453E-02  0.196337E+03
  0.313490E+02  0.137490E+03  0.135835E+03  0.000000E+00  0.000000E+00  0.504428E-03  0.136222E+03
  0.382898E+02  0.952924E+02  0.939645E+02  0.000000E+00  0.000000E+00  0.234298E-03  0.943857E+02
  0.467672E+02  0.659639E+02  0.648583E+02  0.000000E+00  0.000000E+00  0.108673E-03  0.653074E+02
  0.571216E+02  0.456042E+02  0.446483E+02  0.000000E+00  0.000000E+00  0.503308E-04  0.451207E+02
  0.697686E+02  0.314868E+02  0.306306E+02  0.000000E+00  0.000000E+00  0.232710E-04  0.311225E+02
  0.852154E+02  0.217082E+02  0.209178E+02  0.000000E+00  0.000000E+00  0.107395E-04  0.214260E+02
  0.104082E+03  0.149415E+02  0.141945E+02  0.000000E+00  0.000000E+00  0.494434E-05  0.147158E+02
