  0.352787E-05  0.226599E+07  0.226599E+07  0.302130E+07  0.302130E+07  0.226934E+07  0.226601E+07
  0.364739E-05  0.226599E+07  0.226599E+07  0.302130E+07  0.302130E+07  0.226934E+07  0.226601E+07
  0.377095E-05  0.226599E+07  0.226599E+07  0.302130E+07  0.302130E+07  0.226934E+07  0.226601E+07
  0.389871E-05  0.226599E+07  0.226599E+07  0.302130E+07  0.302130E+07  0.226934E+07  0.226601E+07
  0.403079E-05  0.226599E+07  0.226599E+07  0.302130E+07  0.302129E+07  0.226934E+07  0.226601E+07
  0.416735E-05  0.226599E+07  0.226599E+07  0.302129E+07  0.302129E+07  0.226934E+07  0.226601E+07
  0.430853E-05  0.226599E+07  0.226599E+07  0.302129E+07  0.302129E+07  0.226934E+07  0.226601E+07
  0.445450E-05  0.226599E+07  0.226599E+07  0.302129E+07  0.302129E+07  0.226934E+07  0.226601E+07
  0.460541E-05  0.226599E+07  0.226599E+07  0.302129E+07  0.302129E+07  0.226934E+07  0.226601E+07
  0.476143E-05  0.226599E+07  0.226599E+07  0.302129E+07  0.302129E+07  0.226934E+07  0.226601E+07
  0.492274E-05  0.226599E+07  0.226599E+07  0.302128E+07  0.302128E+07  0.226934E+07  0.226601E+07
  0.508952E-05  0.226599E+07  0.226599E+07  0.302128E+07  0.302128E+07  0.226934E+07  0.226601E+07
  0.526194E-05  0.226599E+07  0.226599E+07  0.302128E+07  0.302128E+07  0.226934E+07  0.226601E+07
  0.544021E-05  0.226599E+07  0.226599E+07  0.302128E+07  0.302128E+07  0.226934E+07  0.226601E+07
  0.562451E-05  0.226599E+07  0.226599E+07  0.302127E+07  0.302127E+07  0.226934E+07  0.226601E+07
  0.581506E-05  0.226599E+07  0.226599E+07  0.302127E+07  0.302127E+07  0.226934E+07  0.226601E+07
  0.601207E-05  0.226599E+07  0.226599E+07  0.302127E+07  0.302127E+07  0.226934E+07  0.226601E+07
  0.621575E-05  0.226599E+07  0.226599E+07  0.302126E+07  0.302126E+07  0.226934E+07  0.226601E+07
  0.642633E-05  0.226599E+07  0.226599E+07  0.302126E+07  0.302126E+07  0.226934E+07  0.226601E+07
  0.664404E-05  0.226599E+07  0.226599E+07  0.302125E+07  0.302125E+07  0.226934E+07  0.226601E+07
  0.686913E-05  0.226599E+07  0.226599E+07  0.302125E+07  0.302125E+07  0.226934E+07  0.226601E+07
  0.710185E-05  0.226599E+07  0.226599E+07  0.302125E+07  0.302124E+07  0.226934E+07  0.226601E+07
  0.734245E-05  0.226599E+07  0.226599E+07  0.302124E+07  0.302124E+07  0.226934E+07  0.226601E+07
  0.759120E-05  0.226599E+07  0.226599E+07  0.302123E+07  0.302123E+07  0.226934E+07  0.226601E+07
  0.784838E-05  0.226599E+07  0.226599E+07  0.302123E+07  0.302123E+07  0.226934E+07  0.226601E+07
  0.811427E-05  0.226599E+07  0.226599E+07  0.302122E+07  0.302122E+07  0.226934E+07  0.226601E+07
  0.838917E-05  0.226599E+07  0.226599E+07  0.302122E+07  0.302121E+07  0.226934E+07  0.226601E+07
  0.867338E-05  0.226599E+07  0.226599E+07  0.302121E+07  0.302121E+07  0.226934E+07  0.226601E+07
  0.896722E-05  0.226599E+07  0.226599E+07  0.302120E+07  0.302120E+07  0.226934E+07  0.226601E+07
  0.927101E-05  0.226599E+07  0.226599E+07  0.302119E+07  0.302119E+07  0.226934E+07  0.226601E+07
  0.958510E-05  0.226599E+07  0.226599E+07  0.302118E+07  0.302118E+07  0.226934E+07  0.226601E+07
  0.990983E-05  0.226599E+07  0.226599E+07  0.302118E+07  0.302117E+07  0.226934E+07  0.226601E+07
  0.102456E-04  0.226599E+07  0.226599E+07  0.302117E+07  0.302116E+07  0.226934E+07  0.226601E+07
  0.105927E-04  0.226599E+07  0.226599E+07  0.302116E+07  0.302115E+07  0.226934E+07  0.226601E+07
  0.109515E-04  0.226599E+07  0.226599E+07  0.302114E+07  0.302114E+07  0.226934E+07  0.226601E+07
  0.113225E-04  0.226599E+07  0.226599E+07  0.302113E+07  0.302113E+07  0.226934E+07  0.226601E+07
  0.117061E-04  0.226599E+07  0.226599E+07  0.302112E+07  0.302112E+07  0.226934E+07  0.226601E+07
  0.121027E-04  0.226599E+07  0.226599E+07  0.302111E+07  0.302110E+07  0.226933E+07  0.226601E+07
  0.125127E-04  0.226599E+07  0.226599E+07  0.302109E+07  0.302109E+07  0.226933E+07  0.226601E+07
  0.129367E-04  0.226599E+07  0.226599E+07  0.302108E+07  0.302107E+07  0.226933E+07  0.226601E+07
  0.133749E-04  0.226599E+07  0.226599E+07  0.302106E+07  0.302105E+07  0.226933E+07  0.226601E+07
  0.138281E-04  0.226599E+07  0.226599E+07  0.302104E+07  0.302104E+07  0.226933E+07  0.226601E+07
  0.142965E-04  0.226599E+07  0.226599E+07  0.302102E+07  0.302102E+07  0.226933E+07  0.226601E+07
  0.147809E-04  0.226599E+07  0.226599E+07  0.302100E+07  0.302100E+07  0.226933E+07  0.226601E+07
  0.152816E-04  0.226599E+07  0.226599E+07  0.302098E+07  0.302097E+07  0.226933E+07  0.226601E+07
  0.157993E-04  0.226599E+07  0.226599E+07  0.302096E+07  0.302095E+07  0.226933E+07  0.226601E+07
  0.163346E-04  0.226598E+07  0.226598E+07  0.302093E+07  0.302092E+07  0.226933E+07  0.226601E+07
  0.168880E-04  0.226598E+07  0.226598E+07  0.302090E+07  0.302090E+07  0.226932E+07  0.226601E+07
  0.174601E-04  0.226598E+07  0.226598E+07  0.302088E+07  0.302087E+07  0.226932E+07  0.226601E+07
  0.180517E-04  0.226598E+07  0.226598E+07  0.302084E+07  0.302084E+07  0.226932E+07  0.226601E+07
  0.186632E-04  0.226598E+07  0.226598E+07  0.302081E+07  0.302080E+07  0.226932E+07  0.226601E+07
  0.192955E-04  0.226598E+07  0.226598E+07  0.302078E+07  0.302077E+07  0.226932E+07  0.226601E+07
  0.199492E-04  0.226598E+07  0.226598E+07  0.302074E+07  0.302073E+07  0.226932E+07  0.226601E+07
  0.206250E-04  0.226598E+07  0.226598E+07  0.302070E+07  0.302069E+07  0.226931E+07  0.226601E+07
  0.213238E-04  0.226598E+07  0.226598E+07  0.302066E+07  0.302065E+07  0.226931E+07  0.226601E+07
  0.220462E-04  0.226598E+07  0.226598E+07  0.302061E+07  0.302060E+07  0.226931E+07  0.226601E+07
  0.227931E-04  0.226598E+07  0.226598E+07  0.302056E+07  0.302055E+07  0.226931E+07  0.226601E+07
  0.235653E-04  0.226598E+07  0.226598E+07  0.302051E+07  0.302050E+07  0.226931E+07  0.226601E+07
  0.243637E-04  0.226598E+07  0.226598E+07  0.302046E+07  0.302044E+07  0.226930E+07  0.226600E+07
  0.251891E-04  0.226598E+07  0.226598E+07  0.302040E+07  0.302038E+07  0.226930E+07  0.226600E+07
  0.260424E-04  0.226598E+07  0.226598E+07  0.302033E+07  0.302032E+07  0.226930E+07  0.226600E+07
  0.269247E-04  0.226598E+07  0.226598E+07  0.302026E+07  0.302025E+07  0.226929E+07  0.226600E+07
  0.278369E-04  0.226598E+07  0.226598E+07  0.302019E+07  0.302017E+07  0.226929E+07  0.226600E+07
  0.287799E-04  0.226598E+07  0.226598E+07  0.302011E+07  0.302010E+07  0.226929E+07  0.226600E+07
  0.297550E-04  0.226598E+07  0.226598E+07  0.302003E+07  0.302001E+07  0.226928E+07  0.226600E+07
  0.307630E-04  0.226598E+07  0.226598E+07  0.301994E+07  0.301992E+07  0.226928E+07  0.226600E+07
  0.318052E-04  0.226597E+07  0.226597E+07  0.301985E+07  0.301983E+07  0.226927E+07  0.226600E+07
  0.328827E-04  0.226597E+07  0.226597E+07  0.301975E+07  0.301972E+07  0.226927E+07  0.226600E+07
  0.339967E-04  0.226597E+07  0.226597E+07  0.301964E+07  0.301961E+07  0.226926E+07  0.226600E+07
  0.351485E-04  0.226597E+07  0.226597E+07  0.301952E+07  0.301949E+07  0.226926E+07  0.226600E+07
  0.363393E-04  0.226597E+07  0.226597E+07  0.301940E+07  0.301937E+07  0.226925E+07  0.226599E+07
  0.375704E-04  0.226597E+07  0.226597E+07  0.301927E+07  0.301924E+07  0.226924E+07  0.226599E+07
  0.388432E-04  0.226597E+07  0.226597E+07  0.301912E+07  0.301909E+07  0.226924E+07  0.226599E+07
  0.401592E-04  0.226597E+07  0.226597E+07  0.301897E+07  0.301894E+07  0.226923E+07  0.226599E+07
  0.415197E-04  0.226596E+07  0.226596E+07  0.301881E+07  0.301877E+07  0.226922E+07  0.226599E+07
  0.429263E-04  0.226596E+07  0.226596E+07  0.301864E+07  0.301860E+07  0.226921E+07  0.226599E+07
  0.443806E-04  0.226596E+07  0.226596E+07  0.301845E+07  0.301841E+07  0.226921E+07  0.226598E+07
  0.458841E-04  0.226596E+07  0.226596E+07  0.301826E+07  0.301821E+07  0.226920E+07  0.226598E+07
  0.474386E-04  0.226596E+07  0.226596E+07  0.301805E+07  0.301800E+07  0.226919E+07  0.226598E+07
  0.490458E-04  0.226595E+07  0.226595E+07  0.301782E+07  0.301777E+07  0.226917E+07  0.226598E+07
  0.507074E-04  0.226595E+07  0.226595E+07  0.301758E+07  0.301752E+07  0.226916E+07  0.226598E+07
  0.524253E-04  0.226595E+07  0.226595E+07  0.301732E+07  0.301726E+07  0.226915E+07  0.226597E+07
  0.542013E-04  0.226595E+07  0.226595E+07  0.301705E+07  0.301698E+07  0.226914E+07  0.226597E+07
  0.560376E-04  0.226594E+07  0.226594E+07  0.301675E+07  0.301668E+07  0.226912E+07  0.226597E+07
  0.579361E-04  0.226594E+07  0.226594E+07  0.301644E+07  0.301637E+07  0.226911E+07  0.226596E+07
  0.598989E-04  0.226594E+07  0.226594E+07  0.301610E+07  0.301602E+07  0.226909E+07  0.226596E+07
  0.619281E-04  0.226593E+07  0.226593E+07  0.301574E+07  0.301566E+07  0.226907E+07  0.226596E+07
  0.640262E-04  0.226593E+07  0.226593E+07  0.301536E+07  0.301527E+07  0.226905E+07  0.226595E+07
  0.661953E-04  0.226592E+07  0.226592E+07  0.301495E+07  0.301485E+07  0.226903E+07  0.226595E+07
  0.684379E-04  0.226592E+07  0.226592E+07  0.301451E+07  0.301441E+07  0.226901E+07  0.226594E+07
  0.707564E-04  0.226592E+07  0.226592E+07  0.301404E+07  0.301393E+07  0.226899E+07  0.226594E+07
  0.731536E-04  0.226591E+07  0.226591E+07  0.301354E+07  0.301343E+07  0.226897E+07  0.226593E+07
  0.756319E-04  0.226591E+07  0.226590E+07  0.301301E+07  0.301288E+07  0.226894E+07  0.226593E+07
  0.781942E-04  0.226590E+07  0.226590E+07  0.301244E+07  0.301230E+07  0.226891E+07  0.226592E+07
  0.808433E-04  0.226589E+07  0.226589E+07  0.301182E+07  0.301168E+07  0.226888E+07  0.226592E+07
  0.835821E-04  0.226589E+07  0.226589E+07  0.301117E+07  0.301102E+07  0.226885E+07  0.226591E+07
  0.864138E-04  0.226588E+07  0.226588E+07  0.301047E+07  0.301031E+07  0.226882E+07  0.226590E+07
  0.893413E-04  0.226587E+07  0.226587E+07  0.300973E+07  0.300955E+07  0.226878E+07  0.226589E+07
  0.923681E-04  0.226586E+07  0.226586E+07  0.300893E+07  0.300874E+07  0.226874E+07  0.226589E+07
  0.954974E-04  0.226586E+07  0.226585E+07  0.300808E+07  0.300788E+07  0.226870E+07  0.226588E+07
  0.987327E-04  0.226585E+07  0.226585E+07  0.300717E+07  0.300696E+07  0.226865E+07  0.226587E+07
  0.102078E-03  0.226584E+07  0.226584E+07  0.300620E+07  0.300597E+07  0.226861E+07  0.226586E+07
  0.105536E-03  0.226583E+07  0.226582E+07  0.300516E+07  0.300491E+07  0.226856E+07  0.226585E+07
  0.109111E-03  0.226582E+07  0.226581E+07  0.300404E+07  0.300379E+07  0.226850E+07  0.226583E+07
  0.112808E-03  0.226580E+07  0.226580E+07  0.300286E+07  0.300258E+07  0.226844E+07  0.226582E+07
  0.116629E-03  0.226579E+07  0.226579E+07  0.300159E+07  0.300129E+07  0.226838E+07  0.226581E+07
  0.120581E-03  0.226578E+07  0.226577E+07  0.300023E+07  0.299992E+07  0.226831E+07  0.226580E+07
  0.124666E-03  0.226576E+07  0.226576E+07  0.299879E+07  0.299845E+07  0.226824E+07  0.226578E+07
  0.128889E-03  0.226575E+07  0.226574E+07  0.299724E+07  0.299688E+07  0.226817E+07  0.226576E+07
  0.133256E-03  0.226573E+07  0.226573E+07  0.299559E+07  0.299520E+07  0.226809E+07  0.226575E+07
  0.137770E-03  0.226571E+07  0.226571E+07  0.299382E+07  0.299341E+07  0.226800E+07  0.226573E+07
  0.142438E-03  0.226569E+07  0.226569E+07  0.299194E+07  0.299150E+07  0.226791E+07  0.226571E+07
  0.147263E-03  0.226567E+07  0.226567E+07  0.298992E+07  0.298945E+07  0.226781E+07  0.226569E+07
  0.152252E-03  0.226565E+07  0.226565E+07  0.298777E+07  0.298727E+07  0.226770E+07  0.226567E+07
  0.157410E-03  0.226563E+07  0.226562E+07  0.298547E+07  0.298494E+07  0.226759E+07  0.226564E+07
  0.162743E-03  0.226560E+07  0.226560E+07  0.298301E+07  0.298244E+07  0.226747E+07  0.226562E+07
  0.168257E-03  0.226558E+07  0.226557E+07  0.298039E+07  0.297978E+07  0.226734E+07  0.226559E+07
  0.173957E-03  0.226555E+07  0.226554E+07  0.297759E+07  0.297694E+07  0.226720E+07  0.226556E+07
  0.179850E-03  0.226552E+07  0.226551E+07  0.297460E+07  0.297390E+07  0.226705E+07  0.226553E+07
  0.185944E-03  0.226548E+07  0.226548E+07  0.297141E+07  0.297066E+07  0.226690E+07  0.226549E+07
  0.192243E-03  0.226545E+07  0.226544E+07  0.296799E+07  0.296720E+07  0.226673E+07  0.226546E+07
  0.198756E-03  0.226541E+07  0.226541E+07  0.296435E+07  0.296351E+07  0.226655E+07  0.226542E+07
  0.205489E-03  0.226537E+07  0.226537E+07  0.296046E+07  0.295956E+07  0.226636E+07  0.226538E+07
  0.212451E-03  0.226533E+07  0.226532E+07  0.295631E+07  0.295535E+07  0.226615E+07  0.226534E+07
  0.219649E-03  0.226529E+07  0.226528E+07  0.295188E+07  0.295086E+07  0.226593E+07  0.226529E+07
  0.227090E-03  0.226524E+07  0.226523E+07  0.294715E+07  0.294606E+07  0.226569E+07  0.226524E+07
  0.234783E-03  0.226519E+07  0.226518E+07  0.294210E+07  0.294094E+07  0.226544E+07  0.226519E+07
  0.242738E-03  0.226513E+07  0.226512E+07  0.293672E+07  0.293547E+07  0.226518E+07  0.226513E+07
  0.250961E-03  0.226507E+07  0.226506E+07  0.293097E+07  0.292964E+07  0.226489E+07  0.226507E+07
  0.259463E-03  0.226501E+07  0.226500E+07  0.292484E+07  0.292342E+07  0.226458E+07  0.226500E+07
  0.268253E-03  0.226494E+07  0.226493E+07  0.291830E+07  0.291679E+07  0.226426E+07  0.226494E+07
  0.277342E-03  0.226487E+07  0.226486E+07  0.291132E+07  0.290971E+07  0.226391E+07  0.226486E+07
  0.286737E-03  0.226479E+07  0.226478E+07  0.290388E+07  0.290216E+07  0.226353E+07  0.226478E+07
  0.296452E-03  0.226471E+07  0.226470E+07  0.289595E+07  0.289412E+07  0.226313E+07  0.226470E+07
  0.306495E-03  0.226462E+07  0.226461E+07  0.288749E+07  0.288554E+07  0.226271E+07  0.226461E+07
  0.316879E-03  0.226453E+07  0.226452E+07  0.287847E+07  0.287640E+07  0.226225E+07  0.226451E+07
  0.327614E-03  0.226443E+07  0.226441E+07  0.286886E+07  0.286665E+07  0.226177E+07  0.226441E+07
  0.338713E-03  0.226432E+07  0.226431E+07  0.285863E+07  0.285628E+07  0.226125E+07  0.226430E+07
  0.350188E-03  0.226421E+07  0.226419E+07  0.284772E+07  0.284522E+07  0.226069E+07  0.226418E+07
  0.362052E-03  0.226409E+07  0.226407E+07  0.283611E+07  0.283345E+07  0.226010E+07  0.226405E+07
  0.374318E-03  0.226396E+07  0.226394E+07  0.282374E+07  0.282091E+07  0.225946E+07  0.226392E+07
  0.386999E-03  0.226382E+07  0.226380E+07  0.281058E+07  0.280757E+07  0.225879E+07  0.226378E+07
  0.400110E-03  0.226367E+07  0.226365E+07  0.279658E+07  0.279338E+07  0.225806E+07  0.226362E+07
  0.413665E-03  0.226351E+07  0.226348E+07  0.278168E+07  0.277828E+07  0.225729E+07  0.226346E+07
  0.427679E-03  0.226334E+07  0.226331E+07  0.276584E+07  0.276223E+07  0.225647E+07  0.226328E+07
  0.442168E-03  0.226316E+07  0.226313E+07  0.274899E+07  0.274517E+07  0.225559E+07  0.226310E+07
  0.457148E-03  0.226296E+07  0.226294E+07  0.273110E+07  0.272704E+07  0.225465E+07  0.226290E+07
  0.472636E-03  0.226276E+07  0.226273E+07  0.271209E+07  0.270779E+07  0.225365E+07  0.226269E+07
  0.488648E-03  0.226254E+07  0.226250E+07  0.269191E+07  0.268735E+07  0.225257E+07  0.226246E+07
  0.505203E-03  0.226230E+07  0.226227E+07  0.267049E+07  0.266566E+07  0.225143E+07  0.226222E+07
  0.522318E-03  0.226205E+07  0.226201E+07  0.264777E+07  0.264266E+07  0.225021E+07  0.226196E+07
  0.540014E-03  0.226178E+07  0.226174E+07  0.262369E+07  0.261829E+07  0.224891E+07  0.226168E+07
  0.558308E-03  0.226150E+07  0.226145E+07  0.259817E+07  0.259247E+07  0.224752E+07  0.226139E+07
  0.577223E-03  0.226119E+07  0.226115E+07  0.257115E+07  0.256513E+07  0.224603E+07  0.226107E+07
  0.596778E-03  0.226087E+07  0.226082E+07  0.254257E+07  0.253621E+07  0.224445E+07  0.226074E+07
  0.616996E-03  0.226052E+07  0.226047E+07  0.251234E+07  0.250564E+07  0.224276E+07  0.226038E+07
  0.637899E-03  0.226015E+07  0.226009E+07  0.248040E+07  0.247336E+07  0.224096E+07  0.226000E+07
  0.659510E-03  0.225975E+07  0.225969E+07  0.244668E+07  0.243928E+07  0.223904E+07  0.225959E+07
  0.681853E-03  0.225933E+07  0.225927E+07  0.241112E+07  0.240334E+07  0.223699E+07  0.225916E+07
  0.704954E-03  0.225888E+07  0.225881E+07  0.237364E+07  0.236548E+07  0.223481E+07  0.225869E+07
  0.728836E-03  0.225840E+07  0.225833E+07  0.233419E+07  0.232565E+07  0.223248E+07  0.225820E+07
  0.753528E-03  0.225789E+07  0.225781E+07  0.229271E+07  0.228377E+07  0.223000E+07  0.225767E+07
  0.779057E-03  0.225735E+07  0.225726E+07  0.224913E+07  0.223980E+07  0.222735E+07  0.225711E+07
  0.805450E-03  0.225677E+07  0.225668E+07  0.220342E+07  0.219370E+07  0.222453E+07  0.225652E+07
  0.832737E-03  0.225615E+07  0.225606E+07  0.215554E+07  0.214542E+07  0.222153E+07  0.225588E+07
  0.860949E-03  0.225549E+07  0.225539E+07  0.210545E+07  0.209494E+07  0.221834E+07  0.225520E+07
  0.890117E-03  0.225479E+07  0.225468E+07  0.205313E+07  0.204225E+07  0.221493E+07  0.225448E+07
  0.920272E-03  0.225405E+07  0.225393E+07  0.199858E+07  0.198733E+07  0.221131E+07  0.225371E+07
  0.951450E-03  0.225325E+07  0.225313E+07  0.194181E+07  0.193021E+07  0.220746E+07  0.225290E+07
  0.983684E-03  0.225241E+07  0.225228E+07  0.188283E+07  0.187091E+07  0.220336E+07  0.225203E+07
  0.101701E-02  0.225151E+07  0.225137E+07  0.182169E+07  0.180948E+07  0.219900E+07  0.225110E+07
  0.105146E-02  0.225055E+07  0.225041E+07  0.175846E+07  0.174598E+07  0.219437E+07  0.225012E+07
  0.108709E-02  0.224954E+07  0.224939E+07  0.169323E+07  0.168053E+07  0.218944E+07  0.224907E+07
  0.112391E-02  0.224846E+07  0.224830E+07  0.162610E+07  0.161322E+07  0.218422E+07  0.224796E+07
  0.116199E-02  0.224732E+07  0.224714E+07  0.155722E+07  0.154423E+07  0.217866E+07  0.224678E+07
  0.120136E-02  0.224610E+07  0.224591E+07  0.148677E+07  0.147371E+07  0.217277E+07  0.224553E+07
  0.124206E-02  0.224481E+07  0.224461E+07  0.141495E+07  0.140190E+07  0.216652E+07  0.224420E+07
  0.128414E-02  0.224344E+07  0.224323E+07  0.134200E+07  0.132903E+07  0.215990E+07  0.224279E+07
  0.132764E-02  0.224199E+07  0.224177E+07  0.126818E+07  0.125538E+07  0.215288E+07  0.224130E+07
  0.137262E-02  0.224045E+07  0.224021E+07  0.119383E+07  0.118127E+07  0.214544E+07  0.223971E+07
  0.141912E-02  0.223882E+07  0.223857E+07  0.111927E+07  0.110706E+07  0.213757E+07  0.223803E+07
  0.146720E-02  0.223709E+07  0.223683E+07  0.104489E+07  0.103312E+07  0.212925E+07  0.223626E+07
  0.151691E-02  0.223527E+07  0.223499E+07  0.971109E+06  0.959878E+06  0.212046E+07  0.223438E+07
  0.156830E-02  0.223334E+07  0.223304E+07  0.898360E+06  0.887766E+06  0.211117E+07  0.223239E+07
  0.162143E-02  0.223130E+07  0.223098E+07  0.827112E+06  0.817251E+06  0.210136E+07  0.223029E+07
  0.167636E-02  0.222914E+07  0.222880E+07  0.757849E+06  0.748811E+06  0.209103E+07  0.222807E+07
  0.173315E-02  0.222686E+07  0.222651E+07  0.691062E+06  0.682930E+06  0.208014E+07  0.222573E+07
  0.179187E-02  0.222446E+07  0.222409E+07  0.627244E+06  0.620086E+06  0.206868E+07  0.222326E+07
  0.185257E-02  0.222193E+07  0.222153E+07  0.566872E+06  0.560741E+06  0.205663E+07  0.222065E+07
  0.191534E-02  0.221926E+07  0.221884E+07  0.510397E+06  0.505325E+06  0.204397E+07  0.221791E+07
  0.198023E-02  0.221646E+07  0.221601E+07  0.458227E+06  0.454220E+06  0.203069E+07  0.221502E+07
  0.204731E-02  0.221350E+07  0.221303E+07  0.410709E+06  0.407746E+06  0.201677E+07  0.221198E+07
  0.211667E-02  0.221040E+07  0.220990E+07  0.368115E+06  0.366142E+06  0.200220E+07  0.220879E+07
  0.218838E-02  0.220714E+07  0.220660E+07  0.330621E+06  0.329550E+06  0.198697E+07  0.220543E+07
  0.226252E-02  0.220371E+07  0.220315E+07  0.298292E+06  0.297998E+06  0.197107E+07  0.220191E+07
  0.233917E-02  0.220012E+07  0.219952E+07  0.271069E+06  0.271394E+06  0.195450E+07  0.219822E+07
  0.241842E-02  0.219636E+07  0.219572E+07  0.248756E+06  0.249509E+06  0.193724E+07  0.219435E+07
  0.250035E-02  0.219242E+07  0.219174E+07  0.231017E+06  0.231981E+06  0.191932E+07  0.219030E+07
  0.258506E-02  0.218829E+07  0.218757E+07  0.217377E+06  0.218316E+06  0.190072E+07  0.218606E+07
  0.267264E-02  0.218397E+07  0.218321E+07  0.207228E+06  0.207902E+06  0.188145E+07  0.218163E+07
  0.276318E-02  0.217947E+07  0.217866E+07  0.199857E+06  0.200030E+06  0.186154E+07  0.217700E+07
  0.285679E-02  0.217476E+07  0.217390E+07  0.194465E+06  0.193928E+06  0.184099E+07  0.217216E+07
  0.295358E-02  0.216984E+07  0.216893E+07  0.190216E+06  0.188799E+06  0.181982E+07  0.216712E+07
  0.305364E-02  0.216471E+07  0.216374E+07  0.186280E+06  0.183873E+06  0.179807E+07  0.216186E+07
  0.315709E-02  0.215937E+07  0.215834E+07  0.181891E+06  0.178459E+06  0.177576E+07  0.215638E+07
  0.326405E-02  0.215380E+07  0.215270E+07  0.176408E+06  0.172003E+06  0.175292E+07  0.215068E+07
  0.337463E-02  0.214801E+07  0.214684E+07  0.169368E+06  0.164132E+06  0.172959E+07  0.214474E+07
  0.348896E-02  0.214198E+07  0.214073E+07  0.160535E+06  0.154699E+06  0.170581E+07  0.213857E+07
  0.360716E-02  0.213571E+07  0.213438E+07  0.149933E+06  0.143800E+06  0.168164E+07  0.213216E+07
  0.372936E-02  0.212919E+07  0.212777E+07  0.137849E+06  0.131768E+06  0.165711E+07  0.212549E+07
  0.385571E-02  0.212242E+07  0.212091E+07  0.124815E+06  0.119142E+06  0.163227E+07  0.211857E+07
  0.398634E-02  0.211539E+07  0.211378E+07  0.111548E+06  0.106601E+06  0.160718E+07  0.211140E+07
  0.412139E-02  0.210809E+07  0.210638E+07  0.988596E+05  0.948715E+05  0.158188E+07  0.210395E+07
  0.426101E-02  0.210056E+07  0.209874E+07  0.875476E+05  0.846208E+05  0.155968E+07  0.209629E+07
  0.440537E-02  0.209271E+07  0.209078E+07  0.782544E+05  0.763317E+05  0.153421E+07  0.208830E+07
  0.455462E-02  0.208459E+07  0.208253E+07  0.713648E+05  0.702231E+05  0.150865E+07  0.208002E+07
  0.470892E-02  0.207617E+07  0.207398E+07  0.669069E+05  0.661819E+05  0.148301E+07  0.207146E+07
  0.486845E-02  0.206746E+07  0.206513E+07  0.645236E+05  0.637678E+05  0.145732E+07  0.206260E+07
  0.503339E-02  0.205845E+07  0.205596E+07  0.635162E+05  0.622848E+05  0.143160E+07  0.205345E+07
  0.520391E-02  0.204913E+07  0.204649E+07  0.629681E+05  0.609205E+05  0.140585E+07  0.204398E+07
  0.538021E-02  0.203951E+07  0.203669E+07  0.619379E+05  0.589293E+05  0.138008E+07  0.203421E+07
  0.556248E-02  0.202955E+07  0.202655E+07  0.596828E+05  0.558211E+05  0.135308E+07  0.202410E+07
  0.575093E-02  0.201928E+07  0.201609E+07  0.558623E+05  0.515025E+05  0.132710E+07  0.201368E+07
  0.594576E-02  0.200868E+07  0.200528E+07  0.506494E+05  0.463135E+05  0.130106E+07  0.200294E+07
  0.614720E-02  0.199775E+07  0.199413E+07  0.447063E+05  0.409354E+05  0.127493E+07  0.199186E+07
  0.635546E-02  0.198648E+07  0.198263E+07  0.389955E+05  0.361715E+05  0.124870E+07  0.198045E+07
  0.657077E-02  0.197486E+07  0.197077E+07  0.344644E+05  0.326595E+05  0.122234E+07  0.196868E+07
  0.679338E-02  0.196290E+07  0.195855E+07  0.316941E+05  0.306163E+05  0.119629E+07  0.195658E+07
  0.702352E-02  0.195058E+07  0.194595E+07  0.306478E+05  0.297267E+05  0.116972E+07  0.194411E+07
  0.726147E-02  0.193790E+07  0.193298E+07  0.306478E+05  0.292554E+05  0.114301E+07  0.193128E+07
  0.750748E-02  0.192486E+07  0.191962E+07  0.306362E+05  0.283662E+05  0.111618E+07  0.191808E+07
  0.776182E-02  0.191144E+07  0.190587E+07  0.296515E+05  0.265274E+05  0.108924E+07  0.190452E+07
  0.802478E-02  0.189764E+07  0.189173E+07  0.273184E+05  0.237982E+05  0.106205E+07  0.189056E+07
  0.829665E-02  0.188346E+07  0.187718E+07  0.240827E+05  0.208108E+05  0.103493E+07  0.187623E+07
  0.857772E-02  0.186889E+07  0.186222E+07  0.210016E+05  0.184062E+05  0.100777E+07  0.186151E+07
  0.886832E-02  0.185393E+07  0.184684E+07  0.182173E+05  0.170984E+05  0.980594E+06  0.184640E+07
  0.916877E-02  0.183857E+07  0.183104E+07  0.175250E+05  0.167101E+05  0.953485E+06  0.183088E+07
  0.947939E-02  0.182280E+07  0.181482E+07  0.177449E+05  0.164749E+05  0.926386E+06  0.181496E+07
  0.980054E-02  0.180663E+07  0.179815E+07  0.176986E+05  0.156061E+05  0.899357E+06  0.179863E+07
  0.101326E-01  0.179004E+07  0.178104E+07  0.165097E+05  0.139346E+05  0.872427E+06  0.178188E+07
  0.104758E-01  0.177302E+07  0.176349E+07  0.143434E+05  0.120662E+05  0.845612E+06  0.176471E+07
  0.108307E-01  0.175558E+07  0.174547E+07  0.123116E+05  0.108336E+05  0.818975E+06  0.174711E+07
  0.111977E-01  0.173771E+07  0.172700E+07  0.111431E+05  0.104784E+05  0.792545E+06  0.172908E+07
  0.115770E-01  0.171940E+07  0.170806E+07  0.112609E+05  0.103850E+05  0.766369E+06  0.171062E+07
  0.119692E-01  0.170065E+07  0.168864E+07  0.113562E+05  0.974338E+04  0.740478E+06  0.169172E+07
  0.123747E-01  0.168146E+07  0.166875E+07  0.104306E+05  0.849143E+04  0.714896E+06  0.167237E+07
  0.127940E-01  0.166182E+07  0.164837E+07  0.879321E+04  0.739293E+04  0.689619E+06  0.165257E+07
  0.132274E-01  0.164172E+07  0.162750E+07  0.771259E+04  0.703303E+04  0.664621E+06  0.163231E+07
  0.136756E-01  0.162116E+07  0.160614E+07  0.777504E+04  0.700002E+04  0.639860E+06  0.161160E+07
  0.141389E-01  0.160014E+07  0.158428E+07  0.773544E+04  0.649004E+04  0.615299E+06  0.159043E+07
  0.146179E-01  0.157866E+07  0.156193E+07  0.698136E+04  0.555338E+04  0.590934E+06  0.156879E+07
  0.151131E-01  0.155672E+07  0.153907E+07  0.577395E+04  0.000000E+00  0.566816E+06  0.154668E+07
  0.156251E-01  0.153430E+07  0.151571E+07  0.535027E+04  0.000000E+00  0.543053E+06  0.152412E+07
  0.161545E-01  0.151142E+07  0.149184E+07  0.561151E+04  0.000000E+00  0.519784E+06  0.150108E+07
  0.167017E-01  0.148808E+07  0.146748E+07  0.512674E+04  0.000000E+00  0.497131E+06  0.147758E+07
  0.172676E-01  0.146427E+07  0.144262E+07  0.419668E+04  0.000000E+00  0.475145E+06  0.145363E+07
  0.178526E-01  0.144001E+07  0.141728E+07  0.391007E+04  0.000000E+00  0.453780E+06  0.142921E+07
  0.184574E-01  0.141529E+07  0.139145E+07  0.408328E+04  0.000000E+00  0.432921E+06  0.140435E+07
  0.190827E-01  0.139013E+07  0.136514E+07  0.352558E+04  0.000000E+00  0.412448E+06  0.137905E+07
  0.197292E-01  0.136453E+07  0.133839E+07  0.294378E+04  0.000000E+00  0.392314E+06  0.135331E+07
  0.203976E-01  0.133851E+07  0.131119E+07  0.303419E+04  0.000000E+00  0.372572E+06  0.132715E+07
  0.210886E-01  0.131208E+07  0.128356E+07  0.284349E+04  0.000000E+00  0.353345E+06  0.130060E+07
  0.218031E-01  0.128527E+07  0.125554E+07  0.237622E+04  0.000000E+00  0.334752E+06  0.127365E+07
  0.225417E-01  0.125809E+07  0.122715E+07  0.250977E+04  0.000000E+00  0.316842E+06  0.124635E+07
  0.233054E-01  0.123057E+07  0.119843E+07  0.244150E+04  0.000000E+00  0.299592E+06  0.121872E+07
  0.240950E-01  0.120273E+07  0.116941E+07  0.215186E+04  0.000000E+00  0.282945E+06  0.119079E+07
  0.249113E-01  0.117463E+07  0.114013E+07  0.213741E+04  0.000000E+00  0.266860E+06  0.116259E+07
  0.257552E-01  0.114628E+07  0.111065E+07  0.159809E+04  0.000000E+00  0.251324E+06  0.113416E+07
  0.266278E-01  0.111775E+07  0.108102E+07  0.127184E+04  0.000000E+00  0.236347E+06  0.110556E+07
  0.275299E-01  0.108907E+07  0.105131E+07  0.127267E+04  0.000000E+00  0.221954E+06  0.107682E+07
  0.284625E-01  0.106030E+07  0.102158E+07  0.123404E+04  0.000000E+00  0.208172E+06  0.104801E+07
  0.294268E-01  0.103150E+07  0.991900E+06  0.120543E+04  0.000000E+00  0.195001E+06  0.101920E+07
  0.304237E-01  0.100275E+07  0.962358E+06  0.849319E+03  0.000000E+00  0.182407E+06  0.990438E+06
  0.314544E-01  0.974099E+06  0.933038E+06  0.974064E+03  0.000000E+00  0.170376E+06  0.961808E+06
  0.325201E-01  0.945634E+06  0.904031E+06  0.801753E+03  0.000000E+00  0.158957E+06  0.933384E+06
  0.336218E-01  0.917432E+06  0.875433E+06  0.737316E+03  0.000000E+00  0.148190E+06  0.905249E+06
  0.347609E-01  0.889576E+06  0.847342E+06  0.670597E+03  0.000000E+00  0.138008E+06  0.877487E+06
  0.359385E-01  0.862151E+06  0.819858E+06  0.615958E+03  0.000000E+00  0.128334E+06  0.850184E+06
  0.371560E-01  0.835243E+06  0.793080E+06  0.546868E+03  0.000000E+00  0.119201E+06  0.823427E+06
  0.384148E-01  0.808937E+06  0.767108E+06  0.491465E+03  0.000000E+00  0.110670E+06  0.797304E+06
  0.397163E-01  0.783316E+06  0.742032E+06  0.477773E+03  0.000000E+00  0.102717E+06  0.771898E+06
  0.410618E-01  0.758459E+06  0.717938E+06  0.373828E+03  0.000000E+00  0.952766E+05  0.747287E+06
  0.424529E-01  0.734435E+06  0.694900E+06  0.404007E+03  0.000000E+00  0.883564E+05  0.723543E+06
  0.438911E-01  0.711308E+06  0.672978E+06  0.330533E+03  0.000000E+00  0.819230E+05  0.700725E+06
  0.453542E-01  0.689467E+06  0.652534E+06  0.309282E+03  0.000000E+00  0.760416E+05  0.679219E+06
  0.468172E-01  0.669222E+06  0.633828E+06  0.274715E+03  0.000000E+00  0.707419E+05  0.659322E+06
  0.482803E-01  0.650457E+06  0.616716E+06  0.244107E+03  0.000000E+00  0.659535E+05  0.640917E+06
  0.497433E-01  0.633058E+06  0.601051E+06  0.227273E+03  0.000000E+00  0.616296E+05  0.623883E+06
  0.512063E-01  0.616903E+06  0.586685E+06  0.232201E+03  0.000000E+00  0.576944E+05  0.608096E+06
  0.526694E-01  0.601874E+06  0.573468E+06  0.203947E+03  0.000000E+00  0.541084E+05  0.593432E+06
  0.541324E-01  0.587850E+06  0.561252E+06  0.166340E+03  0.000000E+00  0.508658E+05  0.579768E+06
  0.555954E-01  0.574715E+06  0.549894E+06  0.182715E+03  0.000000E+00  0.479098E+05  0.566983E+06
  0.570585E-01  0.562355E+06  0.539255E+06  0.156125E+03  0.000000E+00  0.451825E+05  0.554961E+06
  0.585215E-01  0.550662E+06  0.529206E+06  0.149308E+03  0.000000E+00  0.426667E+05  0.543591E+06
  0.599846E-01  0.539534E+06  0.519624E+06  0.128513E+03  0.000000E+00  0.403455E+05  0.532768E+06
  0.614476E-01  0.528877E+06  0.510400E+06  0.141052E+03  0.000000E+00  0.381947E+05  0.522396E+06
  0.629106E-01  0.518606E+06  0.501433E+06  0.112592E+03  0.000000E+00  0.361902E+05  0.512387E+06
  0.643737E-01  0.508641E+06  0.492635E+06  0.110690E+03  0.000000E+00  0.343174E+05  0.502664E+06
  0.658367E-01  0.498917E+06  0.483932E+06  0.108978E+03  0.000000E+00  0.325648E+05  0.493156E+06
  0.672998E-01  0.489373E+06  0.475261E+06  0.915491E+02  0.000000E+00  0.309106E+05  0.483806E+06
  0.687628E-01  0.479963E+06  0.466573E+06  0.815057E+02  0.000000E+00  0.293507E+05  0.474566E+06
  0.702258E-01  0.470647E+06  0.457830E+06  0.864949E+02  0.000000E+00  0.278853E+05  0.465397E+06
  0.716889E-01  0.461396E+06  0.449009E+06  0.838413E+02  0.000000E+00  0.264962E+05  0.456270E+06
  0.731519E-01  0.452189E+06  0.440095E+06  0.889876E+02  0.000000E+00  0.251752E+05  0.447167E+06
  0.746149E-01  0.443015E+06  0.431087E+06  0.639933E+02  0.000000E+00  0.239252E+05  0.438077E+06
  0.760780E-01  0.433868E+06  0.421989E+06  0.569401E+02  0.000000E+00  0.227400E+05  0.428996E+06
  0.775410E-01  0.424747E+06  0.412814E+06  0.657269E+02  0.000000E+00  0.216129E+05  0.419926E+06
  0.790041E-01  0.415667E+06  0.403591E+06  0.672542E+02  0.000000E+00  0.205406E+05  0.410882E+06
  0.804671E-01  0.406642E+06  0.394349E+06  0.610700E+02  0.000000E+00  0.195226E+05  0.401883E+06
  0.819301E-01  0.397691E+06  0.385122E+06  0.611779E+02  0.000000E+00  0.185575E+05  0.392948E+06
  0.833932E-01  0.388836E+06  0.375948E+06  0.585376E+02  0.000000E+00  0.176399E+05  0.384102E+06
  0.848562E-01  0.380103E+06  0.366867E+06  0.670998E+02  0.000000E+00  0.167717E+05  0.375373E+06
  0.863192E-01  0.371517E+06  0.357921E+06  0.264299E+02  0.000000E+00  0.159517E+05  0.366788E+06
  0.877823E-01  0.363105E+06  0.349151E+06  0.379268E+02  0.000000E+00  0.151730E+05  0.358377E+06
  0.892453E-01  0.354893E+06  0.340596E+06  0.435844E+02  0.000000E+00  0.144375E+05  0.350167E+06
  0.907084E-01  0.346906E+06  0.332294E+06  0.230945E+02  0.000000E+00  0.137467E+05  0.342185E+06
  0.921714E-01  0.339169E+06  0.324280E+06  0.252843E+02  0.000000E+00  0.130955E+05  0.334457E+06
  0.939995E-01  0.329883E+06  0.314715E+06  0.512858E+02  0.000000E+00  0.123345E+05  0.325191E+06
  0.958276E-01  0.321053E+06  0.305696E+06  0.308000E+02  0.000000E+00  0.116315E+05  0.316391E+06
  0.976557E-01  0.312706E+06  0.297258E+06  0.417633E+02  0.000000E+00  0.109841E+05  0.308087E+06
  0.994837E-01  0.304858E+06  0.289425E+06  0.344078E+02  0.000000E+00  0.103865E+05  0.300294E+06
  0.101312E+00  0.297517E+06  0.282207E+06  0.224170E+02  0.000000E+00  0.983780E+04  0.293023E+06
  0.103140E+00  0.290681E+06  0.275598E+06  0.158178E+02  0.000000E+00  0.933243E+04  0.286269E+06
  0.104968E+00  0.284339E+06  0.269583E+06  0.313277E+02  0.000000E+00  0.886714E+04  0.280020E+06
  0.106796E+00  0.278469E+06  0.264132E+06  0.169998E+02  0.000000E+00  0.844141E+04  0.274255E+06
  0.108624E+00  0.273044E+06  0.259205E+06  0.192975E+02  0.000000E+00  0.804759E+04  0.268945E+06
  0.110452E+00  0.268029E+06  0.254755E+06  0.259289E+02  0.000000E+00  0.768434E+04  0.264052E+06
  0.112280E+00  0.263384E+06  0.250724E+06  0.155359E+02  0.000000E+00  0.734918E+04  0.259534E+06
  0.114108E+00  0.259064E+06  0.247054E+06  0.208904E+02  0.000000E+00  0.703789E+04  0.255344E+06
  0.115936E+00  0.255022E+06  0.243681E+06  0.112392E+02  0.000000E+00  0.674729E+04  0.251434E+06
  0.117765E+00  0.251213E+06  0.240542E+06  0.184171E+02  0.000000E+00  0.647623E+04  0.247754E+06
  0.119593E+00  0.247586E+06  0.237571E+06  0.157291E+02  0.000000E+00  0.622041E+04  0.244254E+06
  0.121421E+00  0.244094E+06  0.234708E+06  0.176260E+02  0.000000E+00  0.597960E+04  0.240884E+06
  0.123249E+00  0.240695E+06  0.231896E+06  0.193514E+02  0.000000E+00  0.575083E+04  0.237599E+06
  0.125077E+00  0.237348E+06  0.229084E+06  0.190646E+02  0.000000E+00  0.553154E+04  0.234358E+06
  0.126905E+00  0.234020E+06  0.226231E+06  0.651576E+01  0.000000E+00  0.532252E+04  0.231127E+06
  0.128733E+00  0.230683E+06  0.223301E+06  0.802804E+01  0.000000E+00  0.512132E+04  0.227876E+06
  0.130561E+00  0.227314E+06  0.220268E+06  0.150728E+02  0.000000E+00  0.492668E+04  0.224582E+06
  0.132389E+00  0.223897E+06  0.217115E+06  0.542946E+01  0.000000E+00  0.473884E+04  0.221230E+06
  0.134217E+00  0.220421E+06  0.213829E+06  0.169816E+02  0.000000E+00  0.455715E+04  0.217808E+06
  0.136045E+00  0.216880E+06  0.210410E+06  0.000000E+00  0.000000E+00  0.438049E+04  0.214311E+06
  0.137874E+00  0.213276E+06  0.206862E+06  0.000000E+00  0.000000E+00  0.420992E+04  0.210740E+06
  0.139702E+00  0.209615E+06  0.203198E+06  0.000000E+00  0.000000E+00  0.404384E+04  0.207105E+06
  0.141530E+00  0.205907E+06  0.199437E+06  0.000000E+00  0.000000E+00  0.388343E+04  0.203415E+06
  0.143358E+00  0.202169E+06  0.195603E+06  0.000000E+00  0.000000E+00  0.372875E+04  0.199688E+06
  0.145186E+00  0.198418E+06  0.191725E+06  0.000000E+00  0.000000E+00  0.357893E+04  0.195944E+06
  0.147014E+00  0.194675E+06  0.187832E+06  0.000000E+00  0.000000E+00  0.343487E+04  0.192205E+06
  0.148842E+00  0.190962E+06  0.183955E+06  0.000000E+00  0.000000E+00  0.329701E+04  0.188492E+06
  0.150670E+00  0.187299E+06  0.180126E+06  0.000000E+00  0.000000E+00  0.316470E+04  0.184830E+06
  0.152498E+00  0.183709E+06  0.176375E+06  0.000000E+00  0.000000E+00  0.303840E+04  0.181240E+06
  0.154326E+00  0.180209E+06  0.172730E+06  0.000000E+00  0.000000E+00  0.291837E+04  0.177743E+06
  0.156154E+00  0.176819E+06  0.169217E+06  0.000000E+00  0.000000E+00  0.280399E+04  0.174358E+06
  0.157982E+00  0.173556E+06  0.165858E+06  0.000000E+00  0.000000E+00  0.269628E+04  0.171103E+06
  0.159811E+00  0.170432E+06  0.162670E+06  0.000000E+00  0.000000E+00  0.259409E+04  0.167991E+06
  0.161639E+00  0.167457E+06  0.159668E+06  0.000000E+00  0.000000E+00  0.249765E+04  0.165034E+06
  0.163467E+00  0.164640E+06  0.156862E+06  0.000000E+00  0.000000E+00  0.240727E+04  0.162238E+06
  0.165295E+00  0.161983E+06  0.154254E+06  0.000000E+00  0.000000E+00  0.232226E+04  0.159608E+06
  0.167123E+00  0.159485E+06  0.151844E+06  0.000000E+00  0.000000E+00  0.224209E+04  0.157142E+06
  0.168951E+00  0.157143E+06  0.149625E+06  0.000000E+00  0.000000E+00  0.216713E+04  0.154835E+06
  0.170779E+00  0.154949E+06  0.147587E+06  0.000000E+00  0.000000E+00  0.209654E+04  0.152681E+06
  0.172607E+00  0.152895E+06  0.145718E+06  0.000000E+00  0.000000E+00  0.203011E+04  0.150670E+06
  0.174435E+00  0.150969E+06  0.144001E+06  0.000000E+00  0.000000E+00  0.196772E+04  0.148790E+06
  0.176263E+00  0.149158E+06  0.142418E+06  0.000000E+00  0.000000E+00  0.190837E+04  0.147027E+06
  0.178091E+00  0.147447E+06  0.140949E+06  0.000000E+00  0.000000E+00  0.185254E+04  0.145366E+06
  0.179919E+00  0.145821E+06  0.139573E+06  0.000000E+00  0.000000E+00  0.179947E+04  0.143790E+06
  0.181748E+00  0.144263E+06  0.138267E+06  0.000000E+00  0.000000E+00  0.174853E+04  0.142283E+06
  0.183576E+00  0.142758E+06  0.137010E+06  0.000000E+00  0.000000E+00  0.169996E+04  0.140827E+06
  0.185404E+00  0.141290E+06  0.135780E+06  0.000000E+00  0.000000E+00  0.165332E+04  0.139406E+06
  0.187232E+00  0.139844E+06  0.134560E+06  0.000000E+00  0.000000E+00  0.160801E+04  0.138005E+06
  0.189060E+00  0.138406E+06  0.133330E+06  0.000000E+00  0.000000E+00  0.156433E+04  0.136611E+06
  0.190888E+00  0.136967E+06  0.132079E+06  0.000000E+00  0.000000E+00  0.152174E+04  0.135210E+06
  0.192716E+00  0.135516E+06  0.130792E+06  0.000000E+00  0.000000E+00  0.148011E+04  0.133795E+06
  0.194544E+00  0.134046E+06  0.129462E+06  0.000000E+00  0.000000E+00  0.143970E+04  0.132358E+06
  0.196372E+00  0.132551E+06  0.128081E+06  0.000000E+00  0.000000E+00  0.139986E+04  0.130891E+06
  0.198200E+00  0.131028E+06  0.126647E+06  0.000000E+00  0.000000E+00  0.136077E+04  0.129393E+06
  0.200028E+00  0.129476E+06  0.125158E+06  0.000000E+00  0.000000E+00  0.132271E+04  0.127862E+06
  0.201856E+00  0.127895E+06  0.123617E+06  0.000000E+00  0.000000E+00  0.128521E+04  0.126298E+06
  0.203685E+00  0.126288E+06  0.122027E+06  0.000000E+00  0.000000E+00  0.124832E+04  0.124705E+06
  0.205513E+00  0.124658E+06  0.120397E+06  0.000000E+00  0.000000E+00  0.121245E+04  0.123088E+06
  0.207341E+00  0.123013E+06  0.118735E+06  0.000000E+00  0.000000E+00  0.117723E+04  0.121452E+06
  0.209169E+00  0.121358E+06  0.117050E+06  0.000000E+00  0.000000E+00  0.114292E+04  0.119804E+06
  0.210997E+00  0.119701E+06  0.115353E+06  0.000000E+00  0.000000E+00  0.110953E+04  0.118153E+06
  0.212825E+00  0.118051E+06  0.113657E+06  0.000000E+00  0.000000E+00  0.107697E+04  0.116507E+06
  0.214653E+00  0.116414E+06  0.111972E+06  0.000000E+00  0.000000E+00  0.104553E+04  0.114875E+06
  0.216481E+00  0.114799E+06  0.110309E+06  0.000000E+00  0.000000E+00  0.101514E+04  0.113264E+06
  0.218309E+00  0.113214E+06  0.108680E+06  0.000000E+00  0.000000E+00  0.985661E+03  0.111684E+06
  0.220137E+00  0.111665E+06  0.107093E+06  0.000000E+00  0.000000E+00  0.957369E+03  0.110140E+06
  0.221965E+00  0.110159E+06  0.105558E+06  0.000000E+00  0.000000E+00  0.930237E+03  0.108640E+06
  0.223793E+00  0.108701E+06  0.104081E+06  0.000000E+00  0.000000E+00  0.904125E+03  0.107190E+06
  0.225622E+00  0.107296E+06  0.102670E+06  0.000000E+00  0.000000E+00  0.879214E+03  0.105794E+06
  0.227450E+00  0.105947E+06  0.101328E+06  0.000000E+00  0.000000E+00  0.855308E+03  0.104456E+06
  0.229278E+00  0.104656E+06  0.100057E+06  0.000000E+00  0.000000E+00  0.832558E+03  0.103177E+06
  0.231106E+00  0.103423E+06  0.988585E+05  0.000000E+00  0.000000E+00  0.810881E+03  0.101959E+06
  0.232934E+00  0.102247E+06  0.977303E+05  0.000000E+00  0.000000E+00  0.790086E+03  0.100799E+06
  0.234762E+00  0.101128E+06  0.966705E+05  0.000000E+00  0.000000E+00  0.770310E+03  0.996971E+05
  0.236590E+00  0.100062E+06  0.956750E+05  0.000000E+00  0.000000E+00  0.751500E+03  0.986497E+05
  0.238418E+00  0.990454E+05  0.947389E+05  0.000000E+00  0.000000E+00  0.733406E+03  0.976531E+05
  0.240246E+00  0.980748E+05  0.938565E+05  0.000000E+00  0.000000E+00  0.716148E+03  0.967031E+05
  0.242074E+00  0.971450E+05  0.930212E+05  0.000000E+00  0.000000E+00  0.699622E+03  0.957947E+05
  0.243902E+00  0.962505E+05  0.922253E+05  0.000000E+00  0.000000E+00  0.683644E+03  0.949220E+05
  0.245730E+00  0.953858E+05  0.914612E+05  0.000000E+00  0.000000E+00  0.668379E+03  0.940791E+05
  0.247559E+00  0.945450E+05  0.907212E+05  0.000000E+00  0.000000E+00  0.653550E+03  0.932600E+05
  0.249387E+00  0.937224E+05  0.899978E+05  0.000000E+00  0.000000E+00  0.639141E+03  0.924588E+05
  0.251215E+00  0.929128E+05  0.892838E+05  0.000000E+00  0.000000E+00  0.625264E+03  0.916699E+05
  0.253043E+00  0.921113E+05  0.885729E+05  0.000000E+00  0.000000E+00  0.611677E+03  0.908883E+05
  0.254871E+00  0.913136E+05  0.878594E+05  0.000000E+00  0.000000E+00  0.598333E+03  0.901094E+05
  0.256699E+00  0.905159E+05  0.871384E+05  0.000000E+00  0.000000E+00  0.585434E+03  0.893294E+05
  0.258527E+00  0.897152E+05  0.864061E+05  0.000000E+00  0.000000E+00  0.572709E+03  0.885451E+05
  0.260355E+00  0.889089E+05  0.856595E+05  0.000000E+00  0.000000E+00  0.560188E+03  0.877539E+05
  0.262183E+00  0.880952E+05  0.848964E+05  0.000000E+00  0.000000E+00  0.547971E+03  0.869540E+05
  0.264011E+00  0.872731E+05  0.841158E+05  0.000000E+00  0.000000E+00  0.535878E+03  0.861443E+05
  0.265839E+00  0.864422E+05  0.833178E+05  0.000000E+00  0.000000E+00  0.524032E+03  0.853245E+05
  0.267668E+00  0.856031E+05  0.825031E+05  0.000000E+00  0.000000E+00  0.512416E+03  0.844953E+05
  0.269496E+00  0.847567E+05  0.816737E+05  0.000000E+00  0.000000E+00  0.500919E+03  0.836577E+05
  0.271324E+00  0.839047E+05  0.808320E+05  0.000000E+00  0.000000E+00  0.489665E+03  0.828134E+05
  0.273152E+00  0.830491E+05  0.799811E+05  0.000000E+00  0.000000E+00  0.478693E+03  0.819648E+05
  0.274980E+00  0.821923E+05  0.791244E+05  0.000000E+00  0.000000E+00  0.467825E+03  0.811143E+05
  0.276808E+00  0.813370E+05  0.782658E+05  0.000000E+00  0.000000E+00  0.457222E+03  0.802647E+05
  0.278636E+00  0.804858E+05  0.774093E+05  0.000000E+00  0.000000E+00  0.446927E+03  0.794189E+05
  0.280464E+00  0.796417E+05  0.765588E+05  0.000000E+00  0.000000E+00  0.436859E+03  0.785799E+05
  0.282292E+00  0.788074E+05  0.757182E+05  0.000000E+00  0.000000E+00  0.427015E+03  0.777507E+05
  0.284120E+00  0.779856E+05  0.748913E+05  0.000000E+00  0.000000E+00  0.417448E+03  0.769341E+05
  0.285948E+00  0.771789E+05  0.740817E+05  0.000000E+00  0.000000E+00  0.408203E+03  0.761328E+05
  0.287776E+00  0.763896E+05  0.732923E+05  0.000000E+00  0.000000E+00  0.399244E+03  0.753493E+05
  0.289605E+00  0.756196E+05  0.725258E+05  0.000000E+00  0.000000E+00  0.390522E+03  0.745854E+05
  0.291433E+00  0.748703E+05  0.717841E+05  0.000000E+00  0.000000E+00  0.382083E+03  0.738428E+05
  0.293261E+00  0.741428E+05  0.710686E+05  0.000000E+00  0.000000E+00  0.374000E+03  0.731224E+05
  0.295089E+00  0.734377E+05  0.703801E+05  0.000000E+00  0.000000E+00  0.366162E+03  0.724250E+05
  0.296917E+00  0.727550E+05  0.697186E+05  0.000000E+00  0.000000E+00  0.358574E+03  0.717506E+05
  0.298745E+00  0.720945E+05  0.690838E+05  0.000000E+00  0.000000E+00  0.351228E+03  0.710989E+05
  0.300573E+00  0.714558E+05  0.684750E+05  0.000000E+00  0.000000E+00  0.344173E+03  0.704695E+05
  0.302401E+00  0.708380E+05  0.678909E+05  0.000000E+00  0.000000E+00  0.337384E+03  0.698614E+05
  0.304229E+00  0.702399E+05  0.673298E+05  0.000000E+00  0.000000E+00  0.330766E+03  0.692734E+05
  0.306057E+00  0.696601E+05  0.667896E+05  0.000000E+00  0.000000E+00  0.324333E+03  0.687040E+05
  0.307885E+00  0.690968E+05  0.662681E+05  0.000000E+00  0.000000E+00  0.318182E+03  0.681512E+05
  0.309713E+00  0.685481E+05  0.657627E+05  0.000000E+00  0.000000E+00  0.312202E+03  0.676133E+05
  0.311542E+00  0.680120E+05  0.652707E+05  0.000000E+00  0.000000E+00  0.306316E+03  0.670879E+05
  0.313370E+00  0.674866E+05  0.647894E+05  0.000000E+00  0.000000E+00  0.300638E+03  0.665732E+05
  0.315198E+00  0.669700E+05  0.643163E+05  0.000000E+00  0.000000E+00  0.295118E+03  0.660671E+05
  0.317026E+00  0.664603E+05  0.638490E+05  0.000000E+00  0.000000E+00  0.289729E+03  0.655677E+05
  0.318854E+00  0.659559E+05  0.633853E+05  0.000000E+00  0.000000E+00  0.284436E+03  0.650733E+05
  0.320682E+00  0.654553E+05  0.629232E+05  0.000000E+00  0.000000E+00  0.279236E+03  0.645823E+05
  0.322510E+00  0.649571E+05  0.624609E+05  0.000000E+00  0.000000E+00  0.274176E+03  0.640933E+05
  0.324338E+00  0.644600E+05  0.619969E+05  0.000000E+00  0.000000E+00  0.269252E+03  0.636050E+05
  0.326166E+00  0.639632E+05  0.615301E+05  0.000000E+00  0.000000E+00  0.264333E+03  0.631164E+05
  0.327994E+00  0.634658E+05  0.610596E+05  0.000000E+00  0.000000E+00  0.259503E+03  0.626269E+05
  0.329822E+00  0.629676E+05  0.605851E+05  0.000000E+00  0.000000E+00  0.254823E+03  0.621360E+05
  0.331650E+00  0.624683E+05  0.601063E+05  0.000000E+00  0.000000E+00  0.250187E+03  0.616435E+05
  0.333479E+00  0.619679E+05  0.596236E+05  0.000000E+00  0.000000E+00  0.245595E+03  0.611495E+05
  0.335307E+00  0.614670E+05  0.591376E+05  0.000000E+00  0.000000E+00  0.241092E+03  0.606545E+05
  0.337135E+00  0.609659E+05  0.586489E+05  0.000000E+00  0.000000E+00  0.236695E+03  0.601590E+05
  0.338963E+00  0.604652E+05  0.581586E+05  0.000000E+00  0.000000E+00  0.232374E+03  0.596636E+05
  0.340791E+00  0.599657E+05  0.576678E+05  0.000000E+00  0.000000E+00  0.228108E+03  0.591691E+05
  0.342619E+00  0.594682E+05  0.571776E+05  0.000000E+00  0.000000E+00  0.223897E+03  0.586764E+05
  0.344447E+00  0.589737E+05  0.566894E+05  0.000000E+00  0.000000E+00  0.219826E+03  0.581864E+05
  0.346275E+00  0.584829E+05  0.562045E+05  0.000000E+00  0.000000E+00  0.215834E+03  0.577002E+05
  0.348103E+00  0.579969E+05  0.557242E+05  0.000000E+00  0.000000E+00  0.211891E+03  0.572186E+05
  0.349931E+00  0.575167E+05  0.552498E+05  0.000000E+00  0.000000E+00  0.208037E+03  0.567428E+05
  0.351759E+00  0.570432E+05  0.547826E+05  0.000000E+00  0.000000E+00  0.204302E+03  0.562737E+05
  0.353587E+00  0.565770E+05  0.543237E+05  0.000000E+00  0.000000E+00  0.200663E+03  0.558121E+05
  0.355416E+00  0.561190E+05  0.538739E+05  0.000000E+00  0.000000E+00  0.197080E+03  0.553587E+05
  0.357244E+00  0.556695E+05  0.534340E+05  0.000000E+00  0.000000E+00  0.193579E+03  0.549140E+05
  0.359072E+00  0.552289E+05  0.530043E+05  0.000000E+00  0.000000E+00  0.190204E+03  0.544783E+05
  0.360900E+00  0.547975E+05  0.525853E+05  0.000000E+00  0.000000E+00  0.186924E+03  0.540520E+05
  0.362728E+00  0.543755E+05  0.521771E+05  0.000000E+00  0.000000E+00  0.183685E+03  0.536352E+05
  0.364556E+00  0.539627E+05  0.517797E+05  0.000000E+00  0.000000E+00  0.180551E+03  0.532279E+05
  0.366384E+00  0.535593E+05  0.513929E+05  0.000000E+00  0.000000E+00  0.177508E+03  0.528299E+05
  0.368212E+00  0.531648E+05  0.510165E+05  0.000000E+00  0.000000E+00  0.174551E+03  0.524411E+05
  0.370040E+00  0.527789E+05  0.506497E+05  0.000000E+00  0.000000E+00  0.171663E+03  0.520610E+05
  0.371868E+00  0.524012E+05  0.502921E+05  0.000000E+00  0.000000E+00  0.168828E+03  0.516892E+05
  0.373696E+00  0.520309E+05  0.499426E+05  0.000000E+00  0.000000E+00  0.166080E+03  0.513249E+05
  0.375524E+00  0.516675E+05  0.496006E+05  0.000000E+00  0.000000E+00  0.163428E+03  0.509674E+05
  0.377353E+00  0.513103E+05  0.492650E+05  0.000000E+00  0.000000E+00  0.160799E+03  0.506162E+05
  0.379181E+00  0.509587E+05  0.489350E+05  0.000000E+00  0.000000E+00  0.158214E+03  0.502705E+05
  0.381009E+00  0.506118E+05  0.486098E+05  0.000000E+00  0.000000E+00  0.155731E+03  0.499295E+05
  0.382837E+00  0.502693E+05  0.482884E+05  0.000000E+00  0.000000E+00  0.153281E+03  0.495927E+05
  0.384665E+00  0.499303E+05  0.479701E+05  0.000000E+00  0.000000E+00  0.150869E+03  0.492595E+05
  0.386493E+00  0.495944E+05  0.476542E+05  0.000000E+00  0.000000E+00  0.148502E+03  0.489291E+05
  0.388321E+00  0.492609E+05  0.473399E+05  0.000000E+00  0.000000E+00  0.146181E+03  0.486011E+05
  0.390149E+00  0.489295E+05  0.470266E+05  0.000000E+00  0.000000E+00  0.143913E+03  0.482749E+05
  0.391977E+00  0.485998E+05  0.467139E+05  0.000000E+00  0.000000E+00  0.141682E+03  0.479502E+05
  0.393805E+00  0.482713E+05  0.464015E+05  0.000000E+00  0.000000E+00  0.139456E+03  0.476267E+05
  0.395633E+00  0.479441E+05  0.460892E+05  0.000000E+00  0.000000E+00  0.137294E+03  0.473042E+05
  0.397461E+00  0.476180E+05  0.457769E+05  0.000000E+00  0.000000E+00  0.135184E+03  0.469826E+05
  0.399290E+00  0.472930E+05  0.454646E+05  0.000000E+00  0.000000E+00  0.133077E+03  0.466619E+05
  0.401118E+00  0.469691E+05  0.451524E+05  0.000000E+00  0.000000E+00  0.131003E+03  0.463422E+05
  0.402946E+00  0.466464E+05  0.448405E+05  0.000000E+00  0.000000E+00  0.128982E+03  0.460236E+05
  0.404774E+00  0.463252E+05  0.445292E+05  0.000000E+00  0.000000E+00  0.126999E+03  0.457062E+05
  0.406602E+00  0.460055E+05  0.442188E+05  0.000000E+00  0.000000E+00  0.125034E+03  0.453903E+05
  0.408430E+00  0.456876E+05  0.439096E+05  0.000000E+00  0.000000E+00  0.123096E+03  0.450760E+05
  0.410258E+00  0.453717E+05  0.436019E+05  0.000000E+00  0.000000E+00  0.121201E+03  0.447638E+05
  0.412086E+00  0.450583E+05  0.432964E+05  0.000000E+00  0.000000E+00  0.119360E+03  0.444539E+05
  0.413914E+00  0.447476E+05  0.429934E+05  0.000000E+00  0.000000E+00  0.117529E+03  0.441467E+05
  0.415742E+00  0.444399E+05  0.426934E+05  0.000000E+00  0.000000E+00  0.115726E+03  0.438424E+05
  0.417570E+00  0.441356E+05  0.423968E+05  0.000000E+00  0.000000E+00  0.113971E+03  0.435415E+05
  0.419398E+00  0.438348E+05  0.421038E+05  0.000000E+00  0.000000E+00  0.112259E+03  0.432441E+05
  0.421227E+00  0.435377E+05  0.418149E+05  0.000000E+00  0.000000E+00  0.110574E+03  0.429505E+05
  0.423055E+00  0.432446E+05  0.415302E+05  0.000000E+00  0.000000E+00  0.108907E+03  0.426609E+05
  0.424883E+00  0.429556E+05  0.412500E+05  0.000000E+00  0.000000E+00  0.107287E+03  0.423753E+05
  0.426711E+00  0.426707E+05  0.409744E+05  0.000000E+00  0.000000E+00  0.105716E+03  0.420939E+05
  0.428539E+00  0.423901E+05  0.407034E+05  0.000000E+00  0.000000E+00  0.104160E+03  0.418169E+05
  0.430367E+00  0.421137E+05  0.404372E+05  0.000000E+00  0.000000E+00  0.102622E+03  0.415441E+05
  0.432195E+00  0.418417E+05  0.401757E+05  0.000000E+00  0.000000E+00  0.101144E+03  0.412757E+05
  0.434023E+00  0.415738E+05  0.399188E+05  0.000000E+00  0.000000E+00  0.996905E+02  0.410115E+05
  0.435851E+00  0.413100E+05  0.396663E+05  0.000000E+00  0.000000E+00  0.982581E+02  0.407514E+05
  0.437679E+00  0.410501E+05  0.394180E+05  0.000000E+00  0.000000E+00  0.968546E+02  0.404952E+05
  0.439507E+00  0.407939E+05  0.391737E+05  0.000000E+00  0.000000E+00  0.954779E+02  0.402427E+05
  0.441335E+00  0.405412E+05  0.389330E+05  0.000000E+00  0.000000E+00  0.941367E+02  0.399937E+05
  0.443164E+00  0.402917E+05  0.386958E+05  0.000000E+00  0.000000E+00  0.928241E+02  0.397480E+05
  0.444992E+00  0.400454E+05  0.384617E+05  0.000000E+00  0.000000E+00  0.915157E+02  0.395054E+05
  0.446820E+00  0.398020E+05  0.382305E+05  0.000000E+00  0.000000E+00  0.902430E+02  0.392657E+05
  0.448648E+00  0.395613E+05  0.380018E+05  0.000000E+00  0.000000E+00  0.890101E+02  0.390286E+05
  0.450476E+00  0.393231E+05  0.377755E+05  0.000000E+00  0.000000E+00  0.877765E+02  0.387939E+05
  0.452304E+00  0.390870E+05  0.375511E+05  0.000000E+00  0.000000E+00  0.865683E+02  0.385614E+05
  0.454132E+00  0.388530E+05  0.373285E+05  0.000000E+00  0.000000E+00  0.853888E+02  0.383309E+05
  0.455960E+00  0.386208E+05  0.371074E+05  0.000000E+00  0.000000E+00  0.842278E+02  0.381021E+05
  0.457788E+00  0.383903E+05  0.368876E+05  0.000000E+00  0.000000E+00  0.830841E+02  0.378749E+05
  0.459616E+00  0.381613E+05  0.366689E+05  0.000000E+00  0.000000E+00  0.819589E+02  0.376493E+05
  0.461444E+00  0.379338E+05  0.364514E+05  0.000000E+00  0.000000E+00  0.808434E+02  0.374250E+05
  0.463273E+00  0.377078E+05  0.362348E+05  0.000000E+00  0.000000E+00  0.797583E+02  0.372020E+05
  0.465101E+00  0.374830E+05  0.360192E+05  0.000000E+00  0.000000E+00  0.786875E+02  0.369804E+05
  0.466929E+00  0.372597E+05  0.358046E+05  0.000000E+00  0.000000E+00  0.776237E+02  0.367600E+05
  0.468757E+00  0.370376E+05  0.355909E+05  0.000000E+00  0.000000E+00  0.765827E+02  0.365408E+05
  0.470585E+00  0.368168E+05  0.353782E+05  0.000000E+00  0.000000E+00  0.755587E+02  0.363230E+05
  0.472413E+00  0.365974E+05  0.351666E+05  0.000000E+00  0.000000E+00  0.745494E+02  0.361064E+05
  0.474241E+00  0.363794E+05  0.349561E+05  0.000000E+00  0.000000E+00  0.735504E+02  0.358911E+05
  0.476069E+00  0.361630E+05  0.347469E+05  0.000000E+00  0.000000E+00  0.725689E+02  0.356774E+05
  0.477897E+00  0.359481E+05  0.345391E+05  0.000000E+00  0.000000E+00  0.716075E+02  0.354652E+05
  0.479725E+00  0.357350E+05  0.343329E+05  0.000000E+00  0.000000E+00  0.706643E+02  0.352547E+05
  0.481553E+00  0.355236E+05  0.341284E+05  0.000000E+00  0.000000E+00  0.697284E+02  0.350460E+05
  0.483381E+00  0.353141E+05  0.339258E+05  0.000000E+00  0.000000E+00  0.688081E+02  0.348391E+05
  0.485210E+00  0.351066E+05  0.337250E+05  0.000000E+00  0.000000E+00  0.679033E+02  0.346341E+05
  0.487038E+00  0.349010E+05  0.335262E+05  0.000000E+00  0.000000E+00  0.670184E+02  0.344311E+05
  0.488866E+00  0.346975E+05  0.333296E+05  0.000000E+00  0.000000E+00  0.661500E+02  0.342302E+05
  0.490694E+00  0.344961E+05  0.331351E+05  0.000000E+00  0.000000E+00  0.652879E+02  0.340313E+05
  0.492522E+00  0.342969E+05  0.329429E+05  0.000000E+00  0.000000E+00  0.644467E+02  0.338347E+05
  0.494350E+00  0.340999E+05  0.327531E+05  0.000000E+00  0.000000E+00  0.636247E+02  0.336402E+05
  0.496178E+00  0.339052E+05  0.325655E+05  0.000000E+00  0.000000E+00  0.628042E+02  0.334480E+05
  0.498006E+00  0.337126E+05  0.323803E+05  0.000000E+00  0.000000E+00  0.619974E+02  0.332580E+05
  0.499834E+00  0.335223E+05  0.321974E+05  0.000000E+00  0.000000E+00  0.612232E+02  0.330702E+05
  0.501662E+00  0.333341E+05  0.320168E+05  0.000000E+00  0.000000E+00  0.604522E+02  0.328846E+05
  0.503490E+00  0.331480E+05  0.318382E+05  0.000000E+00  0.000000E+00  0.596913E+02  0.327010E+05
  0.505318E+00  0.329639E+05  0.316618E+05  0.000000E+00  0.000000E+00  0.589424E+02  0.325195E+05
  0.507147E+00  0.327818E+05  0.314875E+05  0.000000E+00  0.000000E+00  0.582056E+02  0.323399E+05
  0.508975E+00  0.326016E+05  0.313150E+05  0.000000E+00  0.000000E+00  0.574898E+02  0.321622E+05
  0.510803E+00  0.324233E+05  0.311445E+05  0.000000E+00  0.000000E+00  0.567856E+02  0.319864E+05
  0.512631E+00  0.322467E+05  0.309757E+05  0.000000E+00  0.000000E+00  0.560800E+02  0.318124E+05
  0.514459E+00  0.320718E+05  0.308085E+05  0.000000E+00  0.000000E+00  0.553948E+02  0.316399E+05
  0.516287E+00  0.318985E+05  0.306428E+05  0.000000E+00  0.000000E+00  0.547250E+02  0.314691E+05
  0.518115E+00  0.317267E+05  0.304786E+05  0.000000E+00  0.000000E+00  0.540509E+02  0.312997E+05
  0.519943E+00  0.315563E+05  0.303156E+05  0.000000E+00  0.000000E+00  0.533933E+02  0.311317E+05
  0.521771E+00  0.313872E+05  0.301539E+05  0.000000E+00  0.000000E+00  0.527507E+02  0.309650E+05
  0.523599E+00  0.312194E+05  0.299934E+05  0.000000E+00  0.000000E+00  0.521169E+02  0.307996E+05
  0.525427E+00  0.310529E+05  0.298340E+05  0.000000E+00  0.000000E+00  0.514880E+02  0.306354E+05
  0.527255E+00  0.308877E+05  0.296757E+05  0.000000E+00  0.000000E+00  0.508663E+02  0.304725E+05
  0.529084E+00  0.307236E+05  0.295184E+05  0.000000E+00  0.000000E+00  0.502533E+02  0.303106E+05
  0.530912E+00  0.305606E+05  0.293621E+05  0.000000E+00  0.000000E+00  0.496589E+02  0.301499E+05
  0.532740E+00  0.303988E+05  0.292067E+05  0.000000E+00  0.000000E+00  0.490684E+02  0.299903E+05
  0.534568E+00  0.302381E+05  0.290523E+05  0.000000E+00  0.000000E+00  0.484822E+02  0.298317E+05
  0.536396E+00  0.300784E+05  0.288988E+05  0.000000E+00  0.000000E+00  0.479077E+02  0.296742E+05
  0.538224E+00  0.299199E+05  0.287464E+05  0.000000E+00  0.000000E+00  0.473420E+02  0.295178E+05
  0.540052E+00  0.297625E+05  0.285949E+05  0.000000E+00  0.000000E+00  0.467859E+02  0.293624E+05
  0.541880E+00  0.296062E+05  0.284444E+05  0.000000E+00  0.000000E+00  0.462333E+02  0.292081E+05
  0.543708E+00  0.294510E+05  0.282949E+05  0.000000E+00  0.000000E+00  0.456922E+02  0.290550E+05
  0.545536E+00  0.292970E+05  0.281466E+05  0.000000E+00  0.000000E+00  0.451617E+02  0.289030E+05
  0.547364E+00  0.291441E+05  0.279993E+05  0.000000E+00  0.000000E+00  0.446345E+02  0.287522E+05
  0.549192E+00  0.289925E+05  0.278532E+05  0.000000E+00  0.000000E+00  0.441098E+02  0.286024E+05
  0.551021E+00  0.288420E+05  0.277081E+05  0.000000E+00  0.000000E+00  0.436005E+02  0.284539E+05
  0.552849E+00  0.286927E+05  0.275643E+05  0.000000E+00  0.000000E+00  0.430974E+02  0.283066E+05
  0.554677E+00  0.285446E+05  0.274217E+05  0.000000E+00  0.000000E+00  0.426029E+02  0.281604E+05
  0.556505E+00  0.283978E+05  0.272803E+05  0.000000E+00  0.000000E+00  0.421133E+02  0.280156E+05
  0.558333E+00  0.282523E+05  0.271402E+05  0.000000E+00  0.000000E+00  0.416246E+02  0.278720E+05
  0.560161E+00  0.281081E+05  0.270013E+05  0.000000E+00  0.000000E+00  0.411511E+02  0.277296E+05
  0.561989E+00  0.279651E+05  0.268638E+05  0.000000E+00  0.000000E+00  0.406887E+02  0.275886E+05
  0.563817E+00  0.278235E+05  0.267275E+05  0.000000E+00  0.000000E+00  0.402231E+02  0.274488E+05
  0.565645E+00  0.276830E+05  0.265925E+05  0.000000E+00  0.000000E+00  0.397659E+02  0.273102E+05
  0.567473E+00  0.275438E+05  0.264588E+05  0.000000E+00  0.000000E+00  0.393240E+02  0.271729E+05
  0.569301E+00  0.274059E+05  0.263263E+05  0.000000E+00  0.000000E+00  0.388798E+02  0.270368E+05
  0.571130E+00  0.272692E+05  0.261950E+05  0.000000E+00  0.000000E+00  0.384442E+02  0.269019E+05
  0.572958E+00  0.271336E+05  0.260650E+05  0.000000E+00  0.000000E+00  0.380152E+02  0.267682E+05
  0.574786E+00  0.269993E+05  0.259361E+05  0.000000E+00  0.000000E+00  0.375933E+02  0.266358E+05
  0.576614E+00  0.268662E+05  0.258084E+05  0.000000E+00  0.000000E+00  0.371811E+02  0.265044E+05
  0.578442E+00  0.267342E+05  0.256818E+05  0.000000E+00  0.000000E+00  0.367697E+02  0.263742E+05
  0.580270E+00  0.266032E+05  0.255563E+05  0.000000E+00  0.000000E+00  0.363584E+02  0.262451E+05
  0.582098E+00  0.264734E+05  0.254318E+05  0.000000E+00  0.000000E+00  0.359637E+02  0.261170E+05
  0.701301E+00  0.197399E+05  0.189638E+05  0.000000E+00  0.000000E+00  0.186334E+02  0.194742E+05
  0.856572E+00  0.143326E+05  0.137694E+05  0.000000E+00  0.000000E+00  0.912795E+01  0.141397E+05
  0.104622E+01  0.103573E+05  0.995044E+04  0.000000E+00  0.000000E+00  0.444157E+01  0.102179E+05
  0.127786E+01  0.745255E+04  0.715988E+04  0.000000E+00  0.000000E+00  0.214952E+01  0.735226E+04
  0.156078E+01  0.534156E+04  0.513182E+04  0.000000E+00  0.000000E+00  0.143065E+01  0.526968E+04
  0.190633E+01  0.381490E+04  0.366513E+04  0.000000E+00  0.000000E+00  0.687068E+00  0.376357E+04
  0.232840E+01  0.271572E+04  0.260910E+04  0.000000E+00  0.000000E+00  0.328512E+00  0.267917E+04
  0.284392E+01  0.192748E+04  0.185181E+04  0.000000E+00  0.000000E+00  0.156501E+00  0.190154E+04
  0.347357E+01  0.136428E+04  0.131072E+04  0.000000E+00  0.000000E+00  0.743201E-01  0.134592E+04
  0.424263E+01  0.963208E+03  0.925389E+03  0.000000E+00  0.000000E+00  0.352051E-01  0.950245E+03
  0.518196E+01  0.678465E+03  0.651819E+03  0.000000E+00  0.000000E+00  0.166386E-01  0.669333E+03
  0.632926E+01  0.476870E+03  0.458133E+03  0.000000E+00  0.000000E+00  0.783958E-02  0.470450E+03
  0.773057E+01  0.334510E+03  0.321357E+03  0.000000E+00  0.000000E+00  0.368827E-02  0.330005E+03
  0.944214E+01  0.234216E+03  0.224996E+03  0.000000E+00  0.000000E+00  0.172979E-02  0.231060E+03
  0.115327E+02  0.163710E+03  0.157256E+03  0.000000E+00  0.000000E+00  0.811040E-03  0.161503E+03
  0.140860E+02  0.114246E+03  0.109730E+03  0.000000E+00  0.000000E+00  0.379186E-03  0.112704E+03
  0.172047E+02  0.796073E+02  0.764491E+02  0.000000E+00  0.000000E+00  0.177115E-03  0.785309E+02
  0.210139E+02  0.553930E+02  0.531831E+02  0.000000E+00  0.000000E+00  0.826542E-04  0.546421E+02
  0.256664E+02  0.384930E+02  0.369445E+02  0.000000E+00  0.000000E+00  0.384728E-04  0.379691E+02
  0.313490E+02  0.267153E+02  0.256275E+02  0.000000E+00  0.000000E+00  0.179093E-04  0.263498E+02
  0.382898E+02  0.185190E+02  0.177512E+02  0.000000E+00  0.000000E+00  0.831249E-05  0.182634E+02
  0.467672E+02  0.128224E+02  0.122767E+02  0.000000E+00  0.000000E+00  0.386218E-05  0.126433E+02
  0.571216E+02  0.886792E+01  0.847597E+01  0.000000E+00  0.000000E+00  0.178721E-05  0.874178E+01
  0.697686E+02  0.612595E+01  0.584028E+01  0.000000E+00  0.000000E+00  0.827923E-06  0.603651E+01
  0.852154E+02  0.422676E+01  0.401440E+01  0.000000E+00  0.000000E+00  0.382892E-06  0.416268E+01
  0.104082E+03  0.291260E+01  0.275072E+01  0.000000E+00  0.000000E+00  0.177733E-06  0.286604E+01
