  0.352787E-05  0.121460E+08  0.121460E+08  0.161941E+08  0.161941E+08  0.121466E+08  0.121460E+08
  0.364739E-05  0.121460E+08  0.121460E+08  0.161941E+08  0.161941E+08  0.121466E+08  0.121460E+08
  0.377095E-05  0.121460E+08  0.121460E+08  0.161940E+08  0.161940E+08  0.121466E+08  0.121460E+08
  0.389871E-05  0.121460E+08  0.121460E+08  0.161940E+08  0.161940E+08  0.121466E+08  0.121460E+08
  0.403079E-05  0.121460E+08  0.121460E+08  0.161940E+08  0.161939E+08  0.121466E+08  0.121460E+08
  0.416735E-05  0.121460E+08  0.121460E+08  0.161939E+08  0.161939E+08  0.121466E+08  0.121460E+08
  0.430853E-05  0.121460E+08  0.121460E+08  0.161939E+08  0.161938E+08  0.121466E+08  0.121460E+08
  0.445450E-05  0.121460E+08  0.121460E+08  0.161938E+08  0.161938E+08  0.121466E+08  0.121460E+08
  0.460541E-05  0.121460E+08  0.121460E+08  0.161937E+08  0.161937E+08  0.121466E+08  0.121460E+08
  0.476143E-05  0.121460E+08  0.121460E+08  0.161937E+08  0.161936E+08  0.121466E+08  0.121460E+08
  0.492274E-05  0.121460E+08  0.121460E+08  0.161936E+08  0.161936E+08  0.121466E+08  0.121460E+08
  0.508952E-05  0.121460E+08  0.121460E+08  0.161935E+08  0.161935E+08  0.121466E+08  0.121460E+08
  0.526194E-05  0.121460E+08  0.121460E+08  0.161935E+08  0.161934E+08  0.121466E+08  0.121460E+08
  0.544021E-05  0.121460E+08  0.121460E+08  0.161934E+08  0.161933E+08  0.121466E+08  0.121460E+08
  0.562451E-05  0.121460E+08  0.121460E+08  0.161933E+08  0.161932E+08  0.121466E+08  0.121460E+08
  0.581506E-05  0.121460E+08  0.121460E+08  0.161932E+08  0.161932E+08  0.121466E+08  0.121460E+08
  0.601207E-05  0.121460E+08  0.121460E+08  0.161931E+08  0.161930E+08  0.121466E+08  0.121460E+08
  0.621575E-05  0.121460E+08  0.121460E+08  0.161930E+08  0.161929E+08  0.121466E+08  0.121460E+08
  0.642633E-05  0.121460E+08  0.121460E+08  0.161929E+08  0.161928E+08  0.121466E+08  0.121460E+08
  0.664404E-05  0.121460E+08  0.121460E+08  0.161928E+08  0.161927E+08  0.121466E+08  0.121460E+08
  0.686913E-05  0.121460E+08  0.121460E+08  0.161926E+08  0.161926E+08  0.121466E+08  0.121460E+08
  0.710185E-05  0.121460E+08  0.121460E+08  0.161925E+08  0.161924E+08  0.121466E+08  0.121460E+08
  0.734245E-05  0.121460E+08  0.121460E+08  0.161923E+08  0.161923E+08  0.121466E+08  0.121460E+08
  0.759120E-05  0.121460E+08  0.121460E+08  0.161922E+08  0.161921E+08  0.121466E+08  0.121460E+08
  0.784838E-05  0.121460E+08  0.121460E+08  0.161920E+08  0.161919E+08  0.121466E+08  0.121460E+08
  0.811427E-05  0.121460E+08  0.121460E+08  0.161918E+08  0.161917E+08  0.121466E+08  0.121460E+08
  0.838917E-05  0.121460E+08  0.121460E+08  0.161916E+08  0.161915E+08  0.121466E+08  0.121460E+08
  0.867338E-05  0.121460E+08  0.121460E+08  0.161914E+08  0.161913E+08  0.121466E+08  0.121460E+08
  0.896722E-05  0.121460E+08  0.121460E+08  0.161912E+08  0.161911E+08  0.121466E+08  0.121460E+08
  0.927101E-05  0.121460E+08  0.121460E+08  0.161910E+08  0.161908E+08  0.121466E+08  0.121460E+08
  0.958510E-05  0.121460E+08  0.121460E+08  0.161907E+08  0.161906E+08  0.121466E+08  0.121460E+08
  0.990983E-05  0.121460E+08  0.121460E+08  0.161904E+08  0.161903E+08  0.121466E+08  0.121460E+08
  0.102456E-04  0.121460E+08  0.121460E+08  0.161902E+08  0.161900E+08  0.121466E+08  0.121460E+08
  0.105927E-04  0.121460E+08  0.121460E+08  0.161898E+08  0.161897E+08  0.121466E+08  0.121460E+08
  0.109515E-04  0.121460E+08  0.121460E+08  0.161895E+08  0.161893E+08  0.121466E+08  0.121460E+08
  0.113225E-04  0.121460E+08  0.121460E+08  0.161892E+08  0.161890E+08  0.121466E+08  0.121460E+08
  0.117061E-04  0.121460E+08  0.121460E+08  0.161888E+08  0.161886E+08  0.121466E+08  0.121460E+08
  0.121027E-04  0.121460E+08  0.121460E+08  0.161884E+08  0.161881E+08  0.121466E+08  0.121460E+08
  0.125127E-04  0.121460E+08  0.121460E+08  0.161879E+08  0.161877E+08  0.121466E+08  0.121460E+08
  0.129367E-04  0.121460E+08  0.121460E+08  0.161875E+08  0.161872E+08  0.121466E+08  0.121460E+08
  0.133749E-04  0.121460E+08  0.121460E+08  0.161870E+08  0.161867E+08  0.121466E+08  0.121460E+08
  0.138281E-04  0.121460E+08  0.121460E+08  0.161865E+08  0.161862E+08  0.121466E+08  0.121460E+08
  0.142965E-04  0.121460E+08  0.121460E+08  0.161859E+08  0.161856E+08  0.121466E+08  0.121460E+08
  0.147809E-04  0.121460E+08  0.121460E+08  0.161853E+08  0.161849E+08  0.121466E+08  0.121460E+08
  0.152816E-04  0.121460E+08  0.121460E+08  0.161846E+08  0.161843E+08  0.121466E+08  0.121460E+08
  0.157993E-04  0.121460E+08  0.121460E+08  0.161839E+08  0.161836E+08  0.121466E+08  0.121460E+08
  0.163346E-04  0.121460E+08  0.121460E+08  0.161832E+08  0.161828E+08  0.121466E+08  0.121460E+08
  0.168880E-04  0.121460E+08  0.121460E+08  0.161824E+08  0.161820E+08  0.121466E+08  0.121460E+08
  0.174601E-04  0.121460E+08  0.121460E+08  0.161816E+08  0.161811E+08  0.121466E+08  0.121460E+08
  0.180517E-04  0.121460E+08  0.121460E+08  0.161807E+08  0.161802E+08  0.121465E+08  0.121460E+08
  0.186632E-04  0.121459E+08  0.121459E+08  0.161797E+08  0.161792E+08  0.121465E+08  0.121460E+08
  0.192955E-04  0.121459E+08  0.121459E+08  0.161787E+08  0.161781E+08  0.121465E+08  0.121460E+08
  0.199492E-04  0.121459E+08  0.121459E+08  0.161776E+08  0.161770E+08  0.121465E+08  0.121459E+08
  0.206250E-04  0.121459E+08  0.121459E+08  0.161764E+08  0.161757E+08  0.121465E+08  0.121459E+08
  0.213238E-04  0.121459E+08  0.121459E+08  0.161752E+08  0.161744E+08  0.121465E+08  0.121459E+08
  0.220462E-04  0.121459E+08  0.121459E+08  0.161738E+08  0.161730E+08  0.121465E+08  0.121459E+08
  0.227931E-04  0.121459E+08  0.121459E+08  0.161724E+08  0.161716E+08  0.121465E+08  0.121459E+08
  0.235653E-04  0.121459E+08  0.121459E+08  0.161708E+08  0.161700E+08  0.121465E+08  0.121459E+08
  0.243637E-04  0.121459E+08  0.121459E+08  0.161692E+08  0.161683E+08  0.121465E+08  0.121459E+08
  0.251891E-04  0.121459E+08  0.121459E+08  0.161675E+08  0.161665E+08  0.121465E+08  0.121459E+08
  0.260424E-04  0.121459E+08  0.121459E+08  0.161656E+08  0.161645E+08  0.121465E+08  0.121459E+08
  0.269247E-04  0.121459E+08  0.121459E+08  0.161636E+08  0.161624E+08  0.121464E+08  0.121459E+08
  0.278369E-04  0.121459E+08  0.121459E+08  0.161614E+08  0.161602E+08  0.121464E+08  0.121459E+08
  0.287799E-04  0.121459E+08  0.121459E+08  0.161592E+08  0.161578E+08  0.121464E+08  0.121459E+08
  0.297550E-04  0.121459E+08  0.121459E+08  0.161567E+08  0.161553E+08  0.121464E+08  0.121459E+08
  0.307630E-04  0.121459E+08  0.121459E+08  0.161541E+08  0.161526E+08  0.121464E+08  0.121459E+08
  0.318052E-04  0.121459E+08  0.121459E+08  0.161513E+08  0.161497E+08  0.121464E+08  0.121459E+08
  0.328827E-04  0.121459E+08  0.121459E+08  0.161483E+08  0.161466E+08  0.121464E+08  0.121459E+08
  0.339967E-04  0.121458E+08  0.121458E+08  0.161451E+08  0.161433E+08  0.121463E+08  0.121459E+08
  0.351485E-04  0.121458E+08  0.121458E+08  0.161417E+08  0.161398E+08  0.121463E+08  0.121458E+08
  0.363393E-04  0.121458E+08  0.121458E+08  0.161381E+08  0.161360E+08  0.121463E+08  0.121458E+08
  0.375704E-04  0.121458E+08  0.121458E+08  0.161342E+08  0.161320E+08  0.121463E+08  0.121458E+08
  0.388432E-04  0.121458E+08  0.121458E+08  0.161300E+08  0.161277E+08  0.121463E+08  0.121458E+08
  0.401592E-04  0.121458E+08  0.121458E+08  0.161256E+08  0.161231E+08  0.121462E+08  0.121458E+08
  0.415197E-04  0.121458E+08  0.121458E+08  0.161208E+08  0.161181E+08  0.121462E+08  0.121458E+08
  0.429263E-04  0.121458E+08  0.121458E+08  0.161158E+08  0.161129E+08  0.121462E+08  0.121458E+08
  0.443806E-04  0.121458E+08  0.121457E+08  0.161104E+08  0.161073E+08  0.121461E+08  0.121458E+08
  0.458841E-04  0.121457E+08  0.121457E+08  0.161046E+08  0.161013E+08  0.121461E+08  0.121457E+08
  0.474386E-04  0.121457E+08  0.121457E+08  0.160984E+08  0.160948E+08  0.121461E+08  0.121457E+08
  0.490458E-04  0.121457E+08  0.121457E+08  0.160918E+08  0.160880E+08  0.121460E+08  0.121457E+08
  0.507074E-04  0.121457E+08  0.121457E+08  0.160847E+08  0.160807E+08  0.121460E+08  0.121457E+08
  0.524253E-04  0.121457E+08  0.121456E+08  0.160771E+08  0.160728E+08  0.121460E+08  0.121457E+08
  0.542013E-04  0.121456E+08  0.121456E+08  0.160691E+08  0.160645E+08  0.121459E+08  0.121456E+08
  0.560376E-04  0.121456E+08  0.121456E+08  0.160604E+08  0.160555E+08  0.121459E+08  0.121456E+08
  0.579361E-04  0.121456E+08  0.121456E+08  0.160512E+08  0.160460E+08  0.121458E+08  0.121456E+08
  0.598989E-04  0.121456E+08  0.121455E+08  0.160414E+08  0.160358E+08  0.121457E+08  0.121456E+08
  0.619281E-04  0.121455E+08  0.121455E+08  0.160309E+08  0.160249E+08  0.121457E+08  0.121455E+08
  0.640262E-04  0.121455E+08  0.121455E+08  0.160197E+08  0.160133E+08  0.121456E+08  0.121455E+08
  0.661953E-04  0.121455E+08  0.121454E+08  0.160077E+08  0.160008E+08  0.121456E+08  0.121455E+08
  0.684379E-04  0.121454E+08  0.121454E+08  0.159949E+08  0.159876E+08  0.121455E+08  0.121454E+08
  0.707564E-04  0.121454E+08  0.121454E+08  0.159812E+08  0.159734E+08  0.121454E+08  0.121454E+08
  0.731536E-04  0.121453E+08  0.121453E+08  0.159666E+08  0.159582E+08  0.121453E+08  0.121453E+08
  0.756319E-04  0.121453E+08  0.121453E+08  0.159510E+08  0.159421E+08  0.121452E+08  0.121453E+08
  0.781942E-04  0.121452E+08  0.121452E+08  0.159343E+08  0.159248E+08  0.121451E+08  0.121452E+08
  0.808433E-04  0.121452E+08  0.121452E+08  0.159165E+08  0.159064E+08  0.121450E+08  0.121452E+08
  0.835821E-04  0.121451E+08  0.121451E+08  0.158975E+08  0.158867E+08  0.121449E+08  0.121451E+08
  0.864138E-04  0.121451E+08  0.121450E+08  0.158772E+08  0.158657E+08  0.121448E+08  0.121451E+08
  0.893413E-04  0.121450E+08  0.121450E+08  0.158556E+08  0.158432E+08  0.121447E+08  0.121450E+08
  0.923681E-04  0.121449E+08  0.121449E+08  0.158325E+08  0.158193E+08  0.121445E+08  0.121449E+08
  0.954974E-04  0.121449E+08  0.121448E+08  0.158078E+08  0.157937E+08  0.121444E+08  0.121449E+08
  0.987327E-04  0.121448E+08  0.121448E+08  0.157815E+08  0.157664E+08  0.121442E+08  0.121448E+08
  0.102078E-03  0.121447E+08  0.121447E+08  0.157534E+08  0.157373E+08  0.121441E+08  0.121447E+08
  0.105536E-03  0.121446E+08  0.121446E+08  0.157234E+08  0.157062E+08  0.121439E+08  0.121446E+08
  0.109111E-03  0.121445E+08  0.121445E+08  0.156914E+08  0.156731E+08  0.121437E+08  0.121445E+08
  0.112808E-03  0.121444E+08  0.121444E+08  0.156573E+08  0.156378E+08  0.121435E+08  0.121444E+08
  0.116629E-03  0.121443E+08  0.121443E+08  0.156209E+08  0.156001E+08  0.121433E+08  0.121443E+08
  0.120581E-03  0.121442E+08  0.121442E+08  0.155821E+08  0.155599E+08  0.121431E+08  0.121442E+08
  0.124666E-03  0.121441E+08  0.121440E+08  0.155407E+08  0.155170E+08  0.121428E+08  0.121441E+08
  0.128889E-03  0.121440E+08  0.121439E+08  0.154966E+08  0.154713E+08  0.121426E+08  0.121439E+08
  0.133256E-03  0.121438E+08  0.121438E+08  0.154496E+08  0.154226E+08  0.121423E+08  0.121438E+08
  0.137770E-03  0.121437E+08  0.121436E+08  0.153994E+08  0.153707E+08  0.121420E+08  0.121436E+08
  0.142438E-03  0.121435E+08  0.121434E+08  0.153460E+08  0.153154E+08  0.121417E+08  0.121435E+08
  0.147263E-03  0.121433E+08  0.121433E+08  0.152892E+08  0.152565E+08  0.121413E+08  0.121433E+08
  0.152252E-03  0.121432E+08  0.121431E+08  0.152286E+08  0.151938E+08  0.121409E+08  0.121431E+08
  0.157410E-03  0.121430E+08  0.121429E+08  0.151641E+08  0.151270E+08  0.121406E+08  0.121429E+08
  0.162743E-03  0.121428E+08  0.121427E+08  0.150954E+08  0.150559E+08  0.121401E+08  0.121427E+08
  0.168257E-03  0.121425E+08  0.121424E+08  0.150224E+08  0.149803E+08  0.121397E+08  0.121425E+08
  0.173957E-03  0.121423E+08  0.121422E+08  0.149446E+08  0.148999E+08  0.121392E+08  0.121423E+08
  0.179850E-03  0.121420E+08  0.121419E+08  0.148620E+08  0.148143E+08  0.121387E+08  0.121420E+08
  0.185944E-03  0.121418E+08  0.121416E+08  0.147741E+08  0.147234E+08  0.121382E+08  0.121417E+08
  0.192243E-03  0.121415E+08  0.121413E+08  0.146808E+08  0.146268E+08  0.121376E+08  0.121414E+08
  0.198756E-03  0.121412E+08  0.121410E+08  0.145816E+08  0.145243E+08  0.121370E+08  0.121411E+08
  0.205489E-03  0.121409E+08  0.121407E+08  0.144763E+08  0.144154E+08  0.121363E+08  0.121408E+08
  0.212451E-03  0.121405E+08  0.121403E+08  0.143646E+08  0.142998E+08  0.121356E+08  0.121404E+08
  0.219649E-03  0.121401E+08  0.121399E+08  0.142460E+08  0.141773E+08  0.121348E+08  0.121401E+08
  0.227090E-03  0.121397E+08  0.121395E+08  0.141204E+08  0.140474E+08  0.121340E+08  0.121397E+08
  0.234783E-03  0.121393E+08  0.121391E+08  0.139873E+08  0.139098E+08  0.121332E+08  0.121392E+08
  0.242738E-03  0.121388E+08  0.121386E+08  0.138463E+08  0.137642E+08  0.121322E+08  0.121388E+08
  0.250961E-03  0.121384E+08  0.121381E+08  0.136971E+08  0.136101E+08  0.121313E+08  0.121383E+08
  0.259463E-03  0.121378E+08  0.121376E+08  0.135394E+08  0.134472E+08  0.121302E+08  0.121377E+08
  0.268253E-03  0.121373E+08  0.121370E+08  0.133727E+08  0.132751E+08  0.121291E+08  0.121372E+08
  0.277342E-03  0.121367E+08  0.121364E+08  0.131968E+08  0.130935E+08  0.121279E+08  0.121366E+08
  0.286737E-03  0.121361E+08  0.121357E+08  0.130112E+08  0.129020E+08  0.121266E+08  0.121359E+08
  0.296452E-03  0.121354E+08  0.121350E+08  0.128156E+08  0.127003E+08  0.121252E+08  0.121353E+08
  0.306495E-03  0.121347E+08  0.121343E+08  0.126096E+08  0.124880E+08  0.121238E+08  0.121345E+08
  0.316879E-03  0.121339E+08  0.121335E+08  0.123931E+08  0.122648E+08  0.121222E+08  0.121338E+08
  0.327614E-03  0.121331E+08  0.121327E+08  0.121656E+08  0.120305E+08  0.121206E+08  0.121329E+08
  0.338713E-03  0.121322E+08  0.121318E+08  0.119269E+08  0.117847E+08  0.121188E+08  0.121320E+08
  0.350188E-03  0.121313E+08  0.121308E+08  0.116769E+08  0.115274E+08  0.121169E+08  0.121311E+08
  0.362052E-03  0.121303E+08  0.121298E+08  0.114153E+08  0.112583E+08  0.121149E+08  0.121301E+08
  0.374318E-03  0.121292E+08  0.121287E+08  0.111420E+08  0.109774E+08  0.121127E+08  0.121290E+08
  0.386999E-03  0.121281E+08  0.121275E+08  0.108570E+08  0.106847E+08  0.121104E+08  0.121279E+08
  0.400110E-03  0.121269E+08  0.121263E+08  0.105603E+08  0.103801E+08  0.121080E+08  0.121267E+08
  0.413665E-03  0.121256E+08  0.121250E+08  0.102520E+08  0.100639E+08  0.121053E+08  0.121254E+08
  0.427679E-03  0.121243E+08  0.121236E+08  0.993233E+07  0.973632E+07  0.121026E+08  0.121240E+08
  0.442168E-03  0.121228E+08  0.121221E+08  0.960162E+07  0.939771E+07  0.120996E+08  0.121225E+08
  0.457148E-03  0.121213E+08  0.121205E+08  0.926029E+07  0.904858E+07  0.120964E+08  0.121210E+08
  0.472636E-03  0.121196E+08  0.121188E+08  0.890891E+07  0.868955E+07  0.120930E+08  0.121193E+08
  0.488648E-03  0.121179E+08  0.121170E+08  0.854820E+07  0.832143E+07  0.120894E+08  0.121175E+08
  0.505203E-03  0.121160E+08  0.121151E+08  0.817901E+07  0.794515E+07  0.120856E+08  0.121157E+08
  0.522318E-03  0.121140E+08  0.121131E+08  0.780239E+07  0.756184E+07  0.120815E+08  0.121137E+08
  0.540014E-03  0.121120E+08  0.121110E+08  0.741953E+07  0.717280E+07  0.120771E+08  0.121115E+08
  0.558308E-03  0.121097E+08  0.121087E+08  0.703181E+07  0.677951E+07  0.120725E+08  0.121093E+08
  0.577223E-03  0.121074E+08  0.121062E+08  0.664080E+07  0.638365E+07  0.120676E+08  0.121069E+08
  0.596778E-03  0.121048E+08  0.121037E+08  0.624824E+07  0.598705E+07  0.120623E+08  0.121043E+08
  0.616996E-03  0.121022E+08  0.121009E+08  0.585603E+07  0.559176E+07  0.120567E+08  0.121016E+08
  0.637899E-03  0.120993E+08  0.120980E+08  0.546625E+07  0.519997E+07  0.120507E+08  0.120988E+08
  0.659510E-03  0.120963E+08  0.120949E+08  0.508112E+07  0.481400E+07  0.120444E+08  0.120957E+08
  0.681853E-03  0.120931E+08  0.120917E+08  0.470297E+07  0.443632E+07  0.120377E+08  0.120925E+08
  0.704954E-03  0.120898E+08  0.120882E+08  0.433424E+07  0.406944E+07  0.120305E+08  0.120891E+08
  0.728836E-03  0.120862E+08  0.120846E+08  0.397737E+07  0.371591E+07  0.120229E+08  0.120855E+08
  0.753528E-03  0.120824E+08  0.120807E+08  0.363483E+07  0.337827E+07  0.120148E+08  0.120816E+08
  0.779057E-03  0.120784E+08  0.120766E+08  0.330902E+07  0.305896E+07  0.120063E+08  0.120776E+08
  0.805450E-03  0.120742E+08  0.120723E+08  0.300216E+07  0.276024E+07  0.119971E+08  0.120733E+08
  0.832737E-03  0.120697E+08  0.120678E+08  0.271631E+07  0.248416E+07  0.119875E+08  0.120688E+08
  0.860949E-03  0.120649E+08  0.120629E+08  0.245319E+07  0.223239E+07  0.119772E+08  0.120640E+08
  0.890117E-03  0.120599E+08  0.120578E+08  0.221418E+07  0.200622E+07  0.119663E+08  0.120589E+08
  0.920272E-03  0.120546E+08  0.120525E+08  0.200016E+07  0.180641E+07  0.119548E+08  0.120536E+08
  0.951450E-03  0.120491E+08  0.120468E+08  0.181151E+07  0.163315E+07  0.119426E+08  0.120479E+08
  0.983684E-03  0.120432E+08  0.120409E+08  0.164797E+07  0.148596E+07  0.119296E+08  0.120420E+08
  0.101701E-02  0.120370E+08  0.120346E+08  0.150866E+07  0.136369E+07  0.119159E+08  0.120357E+08
  0.105146E-02  0.120305E+08  0.120280E+08  0.139202E+07  0.126448E+07  0.119014E+08  0.120291E+08
  0.108709E-02  0.120236E+08  0.120210E+08  0.129585E+07  0.118578E+07  0.118860E+08  0.120222E+08
  0.112391E-02  0.120164E+08  0.120137E+08  0.121737E+07  0.112445E+07  0.118698E+08  0.120149E+08
  0.116199E-02  0.120087E+08  0.120060E+08  0.115328E+07  0.107682E+07  0.118526E+08  0.120072E+08
  0.120136E-02  0.120007E+08  0.119979E+08  0.109997E+07  0.103893E+07  0.118345E+08  0.119991E+08
  0.124206E-02  0.119923E+08  0.119894E+08  0.105366E+07  0.100667E+07  0.118153E+08  0.119906E+08
  0.128414E-02  0.119835E+08  0.119805E+08  0.101066E+07  0.976079E+06  0.117951E+08  0.119816E+08
  0.132764E-02  0.119742E+08  0.119712E+08  0.967652E+06  0.943625E+06  0.117737E+08  0.119722E+08
  0.137262E-02  0.119644E+08  0.119614E+08  0.921897E+06  0.906456E+06  0.117512E+08  0.119624E+08
  0.141912E-02  0.119542E+08  0.119511E+08  0.871525E+06  0.862671E+06  0.117275E+08  0.119520E+08
  0.146720E-02  0.119434E+08  0.119403E+08  0.815700E+06  0.811508E+06  0.117025E+08  0.119412E+08
  0.151691E-02  0.119321E+08  0.119290E+08  0.754731E+06  0.753442E+06  0.116762E+08  0.119298E+08
  0.156830E-02  0.119203E+08  0.119171E+08  0.690049E+06  0.690148E+06  0.116485E+08  0.119178E+08
  0.162143E-02  0.119079E+08  0.119047E+08  0.624049E+06  0.624321E+06  0.116193E+08  0.119053E+08
  0.167636E-02  0.118950E+08  0.118917E+08  0.559786E+06  0.559336E+06  0.115887E+08  0.118922E+08
  0.173315E-02  0.118814E+08  0.118781E+08  0.500536E+06  0.498778E+06  0.115566E+08  0.118785E+08
  0.179187E-02  0.118671E+08  0.118639E+08  0.449266E+06  0.445882E+06  0.115228E+08  0.118641E+08
  0.185257E-02  0.118522E+08  0.118489E+08  0.408100E+06  0.402971E+06  0.114874E+08  0.118490E+08
  0.191534E-02  0.118366E+08  0.118333E+08  0.377855E+06  0.370990E+06  0.114504E+08  0.118333E+08
  0.198023E-02  0.118203E+08  0.118170E+08  0.357778E+06  0.349245E+06  0.114115E+08  0.118168E+08
  0.204731E-02  0.118032E+08  0.117999E+08  0.345554E+06  0.335447E+06  0.113709E+08  0.117995E+08
  0.211667E-02  0.117854E+08  0.117821E+08  0.337666E+06  0.326103E+06  0.113284E+08  0.117815E+08
  0.218838E-02  0.117667E+08  0.117634E+08  0.330070E+06  0.317232E+06  0.112840E+08  0.117627E+08
  0.226252E-02  0.117472E+08  0.117440E+08  0.319087E+06  0.305284E+06  0.112377E+08  0.117430E+08
  0.233917E-02  0.117269E+08  0.117236E+08  0.302318E+06  0.288044E+06  0.111894E+08  0.117224E+08
  0.241842E-02  0.117057E+08  0.117024E+08  0.279321E+06  0.265268E+06  0.111392E+08  0.117010E+08
  0.250035E-02  0.116835E+08  0.116802E+08  0.251794E+06  0.238796E+06  0.110869E+08  0.116786E+08
  0.258506E-02  0.116604E+08  0.116570E+08  0.223119E+06  0.212009E+06  0.110325E+08  0.116553E+08
  0.267264E-02  0.116363E+08  0.116329E+08  0.197297E+06  0.188700E+06  0.109760E+08  0.116309E+08
  0.276318E-02  0.116112E+08  0.116078E+08  0.177546E+06  0.171682E+06  0.109175E+08  0.116056E+08
  0.285679E-02  0.115850E+08  0.115816E+08  0.165062E+06  0.161626E+06  0.108569E+08  0.115792E+08
  0.295358E-02  0.115578E+08  0.115543E+08  0.158479E+06  0.156687E+06  0.107941E+08  0.115516E+08
  0.305364E-02  0.115294E+08  0.115258E+08  0.154398E+06  0.153207E+06  0.107292E+08  0.115230E+08
  0.315709E-02  0.114999E+08  0.114963E+08  0.148912E+06  0.147355E+06  0.106622E+08  0.114932E+08
  0.326405E-02  0.114693E+08  0.114655E+08  0.139538E+06  0.137026E+06  0.105931E+08  0.114622E+08
  0.337463E-02  0.114374E+08  0.114335E+08  0.126555E+06  0.122995E+06  0.105219E+08  0.114300E+08
  0.348896E-02  0.114042E+08  0.114003E+08  0.112878E+06  0.108529E+06  0.104486E+08  0.113966E+08
  0.360716E-02  0.113698E+08  0.113658E+08  0.102281E+06  0.974294E+05  0.103732E+08  0.113619E+08
  0.372936E-02  0.113341E+08  0.113300E+08  0.968507E+05  0.915454E+05  0.102957E+08  0.113258E+08
  0.385571E-02  0.112970E+08  0.112928E+08  0.953356E+05  0.894114E+05  0.102162E+08  0.112884E+08
  0.398634E-02  0.112586E+08  0.112543E+08  0.937914E+05  0.872198E+05  0.101345E+08  0.112497E+08
  0.412139E-02  0.112188E+08  0.112144E+08  0.884383E+05  0.817283E+05  0.100508E+08  0.112095E+08
  0.426101E-02  0.111778E+08  0.111733E+08  0.787376E+05  0.729556E+05  0.997160E+07  0.111682E+08
  0.440537E-02  0.111351E+08  0.111305E+08  0.679910E+05  0.641960E+05  0.988365E+07  0.111251E+08
  0.455462E-02  0.110909E+08  0.110861E+08  0.605017E+05  0.589546E+05  0.979351E+07  0.110806E+08
  0.470892E-02  0.110451E+08  0.110403E+08  0.575296E+05  0.574055E+05  0.970114E+07  0.110345E+08
  0.486845E-02  0.109978E+08  0.109928E+08  0.561130E+05  0.561345E+05  0.960650E+07  0.109868E+08
  0.503339E-02  0.109489E+08  0.109438E+08  0.524386E+05  0.519208E+05  0.950956E+07  0.109375E+08
  0.520391E-02  0.108984E+08  0.108931E+08  0.463365E+05  0.455655E+05  0.941028E+07  0.108866E+08
  0.538021E-02  0.108462E+08  0.108408E+08  0.413358E+05  0.408810E+05  0.930862E+07  0.108341E+08
  0.556248E-02  0.107923E+08  0.107866E+08  0.396430E+05  0.395648E+05  0.920278E+07  0.107797E+08
  0.575093E-02  0.107367E+08  0.107309E+08  0.386855E+05  0.388088E+05  0.909614E+07  0.107238E+08
  0.594576E-02  0.106794E+08  0.106733E+08  0.348945E+05  0.361312E+05  0.898704E+07  0.106660E+08
  0.614720E-02  0.106203E+08  0.106140E+08  0.297563E+05  0.328511E+05  0.887549E+07  0.106065E+08
  0.635546E-02  0.105595E+08  0.105529E+08  0.279442E+05  0.000000E+00  0.876149E+07  0.105452E+08
  0.657077E-02  0.104967E+08  0.104900E+08  0.292782E+05  0.000000E+00  0.864507E+07  0.104821E+08
  0.679338E-02  0.104322E+08  0.104252E+08  0.285375E+05  0.000000E+00  0.852678E+07  0.104171E+08
  0.702352E-02  0.103657E+08  0.103584E+08  0.249168E+05  0.000000E+00  0.840565E+07  0.103502E+08
  0.726147E-02  0.102973E+08  0.102898E+08  0.234090E+05  0.000000E+00  0.828221E+07  0.102814E+08
  0.750748E-02  0.102270E+08  0.102191E+08  0.241971E+05  0.000000E+00  0.815648E+07  0.102106E+08
  0.776182E-02  0.101547E+08  0.101465E+08  0.221502E+05  0.000000E+00  0.802853E+07  0.101378E+08
  0.802478E-02  0.100804E+08  0.100718E+08  0.183953E+05  0.000000E+00  0.789824E+07  0.100630E+08
  0.829665E-02  0.100040E+08  0.999502E+07  0.172446E+05  0.000000E+00  0.776594E+07  0.998615E+07
  0.857772E-02  0.992556E+07  0.991618E+07  0.159070E+05  0.000000E+00  0.763155E+07  0.990724E+07
  0.886832E-02  0.984502E+07  0.983522E+07  0.140982E+05  0.000000E+00  0.749513E+07  0.982622E+07
  0.916877E-02  0.976236E+07  0.975212E+07  0.144419E+05  0.000000E+00  0.735681E+07  0.974308E+07
  0.947939E-02  0.967754E+07  0.966683E+07  0.136384E+05  0.000000E+00  0.721662E+07  0.965779E+07
  0.980054E-02  0.959054E+07  0.957933E+07  0.118523E+05  0.000000E+00  0.707474E+07  0.957030E+07
  0.101326E-01  0.950132E+07  0.948958E+07  0.119017E+05  0.000000E+00  0.693132E+07  0.948060E+07
  0.104758E-01  0.940986E+07  0.939756E+07  0.994473E+04  0.000000E+00  0.678651E+07  0.938866E+07
  0.108307E-01  0.931613E+07  0.930324E+07  0.878563E+04  0.000000E+00  0.664044E+07  0.929445E+07
  0.111977E-01  0.922010E+07  0.920660E+07  0.916216E+04  0.000000E+00  0.649321E+07  0.919795E+07
  0.115770E-01  0.912175E+07  0.910760E+07  0.795385E+04  0.000000E+00  0.634483E+07  0.909914E+07
  0.119692E-01  0.902106E+07  0.900623E+07  0.787361E+04  0.000000E+00  0.619530E+07  0.899798E+07
  0.123747E-01  0.891799E+07  0.890244E+07  0.685748E+04  0.000000E+00  0.604460E+07  0.889446E+07
  0.127940E-01  0.881254E+07  0.879623E+07  0.655645E+04  0.000000E+00  0.589276E+07  0.878854E+07
  0.132274E-01  0.870466E+07  0.868756E+07  0.538231E+04  0.000000E+00  0.573989E+07  0.868021E+07
  0.136756E-01  0.859434E+07  0.857643E+07  0.534569E+04  0.000000E+00  0.558621E+07  0.856945E+07
  0.141389E-01  0.848157E+07  0.846279E+07  0.482223E+04  0.000000E+00  0.543203E+07  0.845624E+07
  0.146179E-01  0.836634E+07  0.834666E+07  0.495141E+04  0.000000E+00  0.527768E+07  0.834058E+07
  0.151131E-01  0.824863E+07  0.822801E+07  0.408721E+04  0.000000E+00  0.512344E+07  0.822245E+07
  0.156251E-01  0.812844E+07  0.810685E+07  0.383130E+04  0.000000E+00  0.496947E+07  0.810186E+07
  0.161545E-01  0.800578E+07  0.798317E+07  0.333704E+04  0.000000E+00  0.481582E+07  0.797882E+07
  0.167017E-01  0.788065E+07  0.785700E+07  0.327087E+04  0.000000E+00  0.466248E+07  0.785332E+07
  0.172676E-01  0.775308E+07  0.772834E+07  0.332258E+04  0.000000E+00  0.450948E+07  0.772539E+07
  0.178526E-01  0.762307E+07  0.759722E+07  0.253663E+04  0.000000E+00  0.435694E+07  0.759505E+07
  0.184574E-01  0.749067E+07  0.746368E+07  0.233968E+04  0.000000E+00  0.420504E+07  0.746233E+07
  0.190827E-01  0.735592E+07  0.732776E+07  0.252263E+04  0.000000E+00  0.405407E+07  0.732727E+07
  0.197292E-01  0.721887E+07  0.718951E+07  0.222985E+04  0.000000E+00  0.390426E+07  0.718994E+07
  0.203976E-01  0.707959E+07  0.704902E+07  0.173390E+04  0.000000E+00  0.375583E+07  0.705041E+07
  0.210886E-01  0.693817E+07  0.690637E+07  0.172135E+04  0.000000E+00  0.360899E+07  0.690876E+07
  0.218031E-01  0.679471E+07  0.676167E+07  0.166654E+04  0.000000E+00  0.346389E+07  0.676509E+07
  0.225417E-01  0.664933E+07  0.661505E+07  0.151538E+04  0.000000E+00  0.332068E+07  0.661954E+07
  0.233054E-01  0.650217E+07  0.646667E+07  0.138934E+04  0.000000E+00  0.317946E+07  0.647223E+07
  0.240950E-01  0.635341E+07  0.631668E+07  0.120631E+04  0.000000E+00  0.304044E+07  0.632335E+07
  0.249113E-01  0.620322E+07  0.616531E+07  0.104886E+04  0.000000E+00  0.290387E+07  0.617308E+07
  0.257552E-01  0.605183E+07  0.601276E+07  0.101169E+04  0.000000E+00  0.276998E+07  0.602164E+07
  0.266278E-01  0.589948E+07  0.585930E+07  0.902627E+03  0.000000E+00  0.263891E+07  0.586927E+07
  0.275299E-01  0.574643E+07  0.570520E+07  0.840519E+03  0.000000E+00  0.251079E+07  0.571624E+07
  0.284625E-01  0.559299E+07  0.555078E+07  0.816630E+03  0.000000E+00  0.238580E+07  0.556286E+07
  0.294268E-01  0.543947E+07  0.539638E+07  0.679104E+03  0.000000E+00  0.226425E+07  0.540944E+07
  0.304237E-01  0.528625E+07  0.524238E+07  0.652228E+03  0.000000E+00  0.214634E+07  0.525636E+07
  0.314544E-01  0.513370E+07  0.508917E+07  0.585941E+03  0.000000E+00  0.203214E+07  0.510399E+07
  0.325201E-01  0.498224E+07  0.493719E+07  0.545331E+03  0.000000E+00  0.192174E+07  0.495275E+07
  0.336218E-01  0.483229E+07  0.478687E+07  0.462709E+03  0.000000E+00  0.181530E+07  0.480306E+07
  0.347609E-01  0.468430E+07  0.463868E+07  0.439910E+03  0.000000E+00  0.171295E+07  0.465538E+07
  0.359385E-01  0.453873E+07  0.449311E+07  0.392369E+03  0.000000E+00  0.161485E+07  0.451015E+07
  0.371560E-01  0.439605E+07  0.435061E+07  0.366749E+03  0.000000E+00  0.152104E+07  0.436786E+07
  0.384148E-01  0.425671E+07  0.421168E+07  0.337110E+03  0.000000E+00  0.143155E+07  0.422895E+07
  0.397163E-01  0.412116E+07  0.407676E+07  0.286833E+03  0.000000E+00  0.134645E+07  0.409387E+07
  0.410618E-01  0.398981E+07  0.394627E+07  0.256235E+03  0.000000E+00  0.126573E+07  0.396303E+07
  0.424529E-01  0.386305E+07  0.382060E+07  0.227562E+03  0.000000E+00  0.118933E+07  0.383681E+07
  0.438911E-01  0.374119E+07  0.370007E+07  0.211735E+03  0.000000E+00  0.111724E+07  0.371552E+07
  0.453542E-01  0.362630E+07  0.358670E+07  0.210454E+03  0.000000E+00  0.105041E+07  0.360122E+07
  0.468172E-01  0.351996E+07  0.348203E+07  0.166222E+03  0.000000E+00  0.989480E+06  0.349547E+07
  0.482803E-01  0.342156E+07  0.338542E+07  0.170203E+03  0.000000E+00  0.933846E+06  0.339766E+07
  0.497433E-01  0.333045E+07  0.329619E+07  0.148262E+03  0.000000E+00  0.882968E+06  0.330714E+07
  0.512063E-01  0.324599E+07  0.321365E+07  0.134302E+03  0.000000E+00  0.836325E+06  0.322325E+07
  0.526694E-01  0.316751E+07  0.313711E+07  0.126581E+03  0.000000E+00  0.793441E+06  0.314534E+07
  0.541324E-01  0.309436E+07  0.306590E+07  0.116799E+03  0.000000E+00  0.753914E+06  0.307273E+07
  0.555954E-01  0.302590E+07  0.299935E+07  0.996305E+02  0.000000E+00  0.717350E+06  0.300481E+07
  0.570585E-01  0.296152E+07  0.293681E+07  0.909431E+02  0.000000E+00  0.683414E+06  0.294094E+07
  0.585215E-01  0.290063E+07  0.287767E+07  0.935991E+02  0.000000E+00  0.651815E+06  0.288053E+07
  0.599846E-01  0.284268E+07  0.282136E+07  0.841362E+02  0.000000E+00  0.622272E+06  0.282304E+07
  0.614476E-01  0.278714E+07  0.276736E+07  0.765472E+02  0.000000E+00  0.594539E+06  0.276795E+07
  0.629106E-01  0.273357E+07  0.271517E+07  0.761095E+02  0.000000E+00  0.568417E+06  0.271480E+07
  0.643737E-01  0.268154E+07  0.266438E+07  0.736492E+02  0.000000E+00  0.543733E+06  0.266316E+07
  0.658367E-01  0.263069E+07  0.261461E+07  0.665864E+02  0.000000E+00  0.520321E+06  0.261268E+07
  0.672998E-01  0.258070E+07  0.256555E+07  0.689221E+02  0.000000E+00  0.498052E+06  0.256304E+07
  0.687628E-01  0.253133E+07  0.251693E+07  0.580332E+02  0.000000E+00  0.476818E+06  0.251399E+07
  0.702258E-01  0.248236E+07  0.246857E+07  0.572687E+02  0.000000E+00  0.456521E+06  0.246532E+07
  0.716889E-01  0.243364E+07  0.242030E+07  0.584720E+02  0.000000E+00  0.437088E+06  0.241689E+07
  0.731519E-01  0.238506E+07  0.237203E+07  0.481356E+02  0.000000E+00  0.418459E+06  0.236858E+07
  0.746149E-01  0.233658E+07  0.232372E+07  0.445888E+02  0.000000E+00  0.400579E+06  0.232035E+07
  0.760780E-01  0.228817E+07  0.227536E+07  0.472232E+02  0.000000E+00  0.383408E+06  0.227218E+07
  0.775410E-01  0.223984E+07  0.222696E+07  0.447367E+02  0.000000E+00  0.366919E+06  0.222407E+07
  0.790041E-01  0.219166E+07  0.217863E+07  0.386923E+02  0.000000E+00  0.351090E+06  0.217610E+07
  0.804671E-01  0.214373E+07  0.213046E+07  0.462306E+02  0.000000E+00  0.335900E+06  0.212838E+07
  0.819301E-01  0.209615E+07  0.208259E+07  0.307579E+02  0.000000E+00  0.321340E+06  0.208100E+07
  0.833932E-01  0.204906E+07  0.203516E+07  0.272572E+02  0.000000E+00  0.307397E+06  0.203409E+07
  0.848562E-01  0.200259E+07  0.198832E+07  0.431724E+02  0.000000E+00  0.294063E+06  0.198781E+07
  0.863192E-01  0.195689E+07  0.194224E+07  0.233957E+02  0.000000E+00  0.281332E+06  0.194230E+07
  0.877823E-01  0.191212E+07  0.189709E+07  0.193566E+02  0.000000E+00  0.269195E+06  0.189771E+07
  0.892453E-01  0.186842E+07  0.185303E+07  0.268234E+02  0.000000E+00  0.257644E+06  0.185419E+07
  0.907084E-01  0.182593E+07  0.181021E+07  0.204133E+02  0.000000E+00  0.246671E+06  0.181188E+07
  0.921714E-01  0.178479E+07  0.176878E+07  0.213757E+02  0.000000E+00  0.236268E+06  0.177092E+07
  0.939995E-01  0.173545E+07  0.171915E+07  0.184461E+02  0.000000E+00  0.224046E+06  0.172181E+07
  0.958276E-01  0.168858E+07  0.167209E+07  0.222887E+02  0.000000E+00  0.212665E+06  0.167517E+07
  0.976557E-01  0.164434E+07  0.162775E+07  0.223464E+02  0.000000E+00  0.202092E+06  0.163116E+07
  0.994837E-01  0.160280E+07  0.158625E+07  0.166950E+02  0.000000E+00  0.192291E+06  0.158986E+07
  0.101312E+00  0.156403E+07  0.154761E+07  0.123403E+02  0.000000E+00  0.183221E+06  0.155133E+07
  0.103140E+00  0.152799E+07  0.151182E+07  0.140984E+02  0.000000E+00  0.174836E+06  0.151553E+07
  0.104968E+00  0.149463E+07  0.147882E+07  0.162806E+02  0.000000E+00  0.167090E+06  0.148242E+07
  0.106796E+00  0.146384E+07  0.144848E+07  0.134728E+02  0.000000E+00  0.159934E+06  0.145187E+07
  0.108624E+00  0.143545E+07  0.142063E+07  0.128507E+02  0.000000E+00  0.153315E+06  0.142373E+07
  0.110452E+00  0.140928E+07  0.139507E+07  0.145350E+02  0.000000E+00  0.147184E+06  0.139780E+07
  0.112280E+00  0.138510E+07  0.137155E+07  0.105730E+02  0.000000E+00  0.141489E+06  0.137385E+07
  0.114108E+00  0.136266E+07  0.134980E+07  0.765128E+01  0.000000E+00  0.136182E+06  0.135165E+07
  0.115936E+00  0.134171E+07  0.132957E+07  0.100880E+02  0.000000E+00  0.131216E+06  0.133093E+07
  0.117765E+00  0.132199E+07  0.131056E+07  0.928113E+01  0.000000E+00  0.126548E+06  0.131142E+07
  0.119593E+00  0.130322E+07  0.129250E+07  0.842943E+01  0.000000E+00  0.122137E+06  0.129287E+07
  0.121421E+00  0.128516E+07  0.127511E+07  0.116717E+02  0.000000E+00  0.117946E+06  0.127502E+07
  0.123249E+00  0.126755E+07  0.125813E+07  0.983526E+01  0.000000E+00  0.113942E+06  0.125761E+07
  0.125077E+00  0.125019E+07  0.124133E+07  0.579521E+01  0.000000E+00  0.110098E+06  0.124043E+07
  0.126905E+00  0.123289E+07  0.122454E+07  0.796024E+01  0.000000E+00  0.106389E+06  0.122331E+07
  0.128733E+00  0.121550E+07  0.120758E+07  0.875817E+01  0.000000E+00  0.102798E+06  0.120609E+07
  0.130561E+00  0.119789E+07  0.119033E+07  0.651651E+01  0.000000E+00  0.993097E+05  0.118864E+07
  0.132389E+00  0.117998E+07  0.117270E+07  0.844268E+01  0.000000E+00  0.959122E+05  0.117088E+07
  0.134217E+00  0.116171E+07  0.115463E+07  0.918475E+01  0.000000E+00  0.925983E+05  0.115275E+07
  0.136045E+00  0.114305E+07  0.113610E+07  0.000000E+00  0.000000E+00  0.893620E+05  0.113423E+07
  0.137874E+00  0.112402E+07  0.111712E+07  0.000000E+00  0.000000E+00  0.862025E+05  0.111532E+07
  0.139702E+00  0.110465E+07  0.109774E+07  0.000000E+00  0.000000E+00  0.831199E+05  0.109606E+07
  0.141530E+00  0.108499E+07  0.107803E+07  0.000000E+00  0.000000E+00  0.801156E+05  0.107652E+07
  0.143358E+00  0.106515E+07  0.105808E+07  0.000000E+00  0.000000E+00  0.771939E+05  0.105679E+07
  0.145186E+00  0.104522E+07  0.103802E+07  0.000000E+00  0.000000E+00  0.743590E+05  0.103696E+07
  0.147014E+00  0.102531E+07  0.101795E+07  0.000000E+00  0.000000E+00  0.716163E+05  0.101716E+07
  0.148842E+00  0.100556E+07  0.998024E+06  0.000000E+00  0.000000E+00  0.689697E+05  0.997502E+06
  0.150670E+00  0.986069E+06  0.978359E+06  0.000000E+00  0.000000E+00  0.664240E+05  0.978111E+06
  0.152498E+00  0.966964E+06  0.959085E+06  0.000000E+00  0.000000E+00  0.639832E+05  0.959103E+06
  0.154326E+00  0.948352E+06  0.940319E+06  0.000000E+00  0.000000E+00  0.616497E+05  0.940586E+06
  0.156154E+00  0.930336E+06  0.922173E+06  0.000000E+00  0.000000E+00  0.594257E+05  0.922666E+06
  0.157982E+00  0.913005E+06  0.904743E+06  0.000000E+00  0.000000E+00  0.573127E+05  0.905432E+06
  0.159811E+00  0.896434E+06  0.888106E+06  0.000000E+00  0.000000E+00  0.553101E+05  0.888957E+06
  0.161639E+00  0.880678E+06  0.872324E+06  0.000000E+00  0.000000E+00  0.534171E+05  0.873299E+06
  0.163467E+00  0.865779E+06  0.857439E+06  0.000000E+00  0.000000E+00  0.516312E+05  0.858499E+06
  0.165295E+00  0.851754E+06  0.843469E+06  0.000000E+00  0.000000E+00  0.499490E+05  0.844573E+06
  0.167123E+00  0.838596E+06  0.830407E+06  0.000000E+00  0.000000E+00  0.483658E+05  0.831516E+06
  0.168951E+00  0.826284E+06  0.818228E+06  0.000000E+00  0.000000E+00  0.468758E+05  0.819304E+06
  0.170779E+00  0.814779E+06  0.806892E+06  0.000000E+00  0.000000E+00  0.454734E+05  0.807900E+06
  0.172607E+00  0.804033E+06  0.796345E+06  0.000000E+00  0.000000E+00  0.441520E+05  0.797253E+06
  0.174435E+00  0.793980E+06  0.786518E+06  0.000000E+00  0.000000E+00  0.429047E+05  0.787300E+06
  0.176263E+00  0.784547E+06  0.777330E+06  0.000000E+00  0.000000E+00  0.417245E+05  0.777966E+06
  0.178091E+00  0.775654E+06  0.768696E+06  0.000000E+00  0.000000E+00  0.406043E+05  0.769170E+06
  0.179919E+00  0.767216E+06  0.760524E+06  0.000000E+00  0.000000E+00  0.395378E+05  0.760828E+06
  0.181748E+00  0.759143E+06  0.752720E+06  0.000000E+00  0.000000E+00  0.385178E+05  0.752848E+06
  0.183576E+00  0.751343E+06  0.745185E+06  0.000000E+00  0.000000E+00  0.375379E+05  0.745140E+06
  0.185404E+00  0.743732E+06  0.737828E+06  0.000000E+00  0.000000E+00  0.365929E+05  0.737616E+06
  0.187232E+00  0.736228E+06  0.730565E+06  0.000000E+00  0.000000E+00  0.356770E+05  0.730199E+06
  0.189060E+00  0.728761E+06  0.723320E+06  0.000000E+00  0.000000E+00  0.347862E+05  0.722814E+06
  0.190888E+00  0.721269E+06  0.716028E+06  0.000000E+00  0.000000E+00  0.339166E+05  0.715402E+06
  0.192716E+00  0.713701E+06  0.708635E+06  0.000000E+00  0.000000E+00  0.330651E+05  0.707911E+06
  0.194544E+00  0.706016E+06  0.701098E+06  0.000000E+00  0.000000E+00  0.322295E+05  0.700299E+06
  0.196372E+00  0.698183E+06  0.693386E+06  0.000000E+00  0.000000E+00  0.314077E+05  0.692536E+06
  0.198200E+00  0.690185E+06  0.685481E+06  0.000000E+00  0.000000E+00  0.305989E+05  0.684606E+06
  0.200028E+00  0.682016E+06  0.677379E+06  0.000000E+00  0.000000E+00  0.298025E+05  0.676501E+06
  0.201856E+00  0.673678E+06  0.669083E+06  0.000000E+00  0.000000E+00  0.290180E+05  0.668226E+06
  0.203685E+00  0.665187E+06  0.660610E+06  0.000000E+00  0.000000E+00  0.282462E+05  0.659793E+06
  0.205513E+00  0.656567E+06  0.651989E+06  0.000000E+00  0.000000E+00  0.274876E+05  0.651231E+06
  0.207341E+00  0.647852E+06  0.643255E+06  0.000000E+00  0.000000E+00  0.267434E+05  0.642572E+06
  0.209169E+00  0.639077E+06  0.634449E+06  0.000000E+00  0.000000E+00  0.260147E+05  0.633852E+06
  0.210997E+00  0.630287E+06  0.625616E+06  0.000000E+00  0.000000E+00  0.253027E+05  0.625114E+06
  0.212825E+00  0.621524E+06  0.616805E+06  0.000000E+00  0.000000E+00  0.246089E+05  0.616403E+06
  0.214653E+00  0.612834E+06  0.608064E+06  0.000000E+00  0.000000E+00  0.239344E+05  0.607764E+06
  0.216481E+00  0.604260E+06  0.599439E+06  0.000000E+00  0.000000E+00  0.232803E+05  0.599240E+06
  0.218309E+00  0.595844E+06  0.590977E+06  0.000000E+00  0.000000E+00  0.226476E+05  0.590874E+06
  0.220137E+00  0.587625E+06  0.582718E+06  0.000000E+00  0.000000E+00  0.220371E+05  0.582705E+06
  0.221965E+00  0.579637E+06  0.574700E+06  0.000000E+00  0.000000E+00  0.214495E+05  0.574767E+06
  0.223793E+00  0.571913E+06  0.566958E+06  0.000000E+00  0.000000E+00  0.208850E+05  0.567093E+06
  0.225622E+00  0.564477E+06  0.559516E+06  0.000000E+00  0.000000E+00  0.203439E+05  0.559707E+06
  0.227450E+00  0.557346E+06  0.552393E+06  0.000000E+00  0.000000E+00  0.198260E+05  0.552625E+06
  0.229278E+00  0.550528E+06  0.545598E+06  0.000000E+00  0.000000E+00  0.193309E+05  0.545858E+06
  0.231106E+00  0.544028E+06  0.539135E+06  0.000000E+00  0.000000E+00  0.188579E+05  0.539408E+06
  0.232934E+00  0.537842E+06  0.533000E+06  0.000000E+00  0.000000E+00  0.184062E+05  0.533272E+06
  0.234762E+00  0.531960E+06  0.527182E+06  0.000000E+00  0.000000E+00  0.179747E+05  0.527440E+06
  0.236590E+00  0.526366E+06  0.521665E+06  0.000000E+00  0.000000E+00  0.175624E+05  0.521896E+06
  0.238418E+00  0.521043E+06  0.516428E+06  0.000000E+00  0.000000E+00  0.171678E+05  0.516622E+06
  0.240246E+00  0.515966E+06  0.511446E+06  0.000000E+00  0.000000E+00  0.167898E+05  0.511594E+06
  0.242074E+00  0.511110E+06  0.506691E+06  0.000000E+00  0.000000E+00  0.164269E+05  0.506787E+06
  0.243902E+00  0.506443E+06  0.502130E+06  0.000000E+00  0.000000E+00  0.160777E+05  0.502168E+06
  0.245730E+00  0.501935E+06  0.497729E+06  0.000000E+00  0.000000E+00  0.157408E+05  0.497708E+06
  0.247559E+00  0.497554E+06  0.493455E+06  0.000000E+00  0.000000E+00  0.154148E+05  0.493373E+06
  0.249387E+00  0.493268E+06  0.489276E+06  0.000000E+00  0.000000E+00  0.150984E+05  0.489133E+06
  0.251215E+00  0.489048E+06  0.485158E+06  0.000000E+00  0.000000E+00  0.147904E+05  0.484958E+06
  0.253043E+00  0.484868E+06  0.481074E+06  0.000000E+00  0.000000E+00  0.144898E+05  0.480821E+06
  0.254871E+00  0.480704E+06  0.477000E+06  0.000000E+00  0.000000E+00  0.141958E+05  0.476699E+06
  0.256699E+00  0.476535E+06  0.472913E+06  0.000000E+00  0.000000E+00  0.139074E+05  0.472571E+06
  0.258527E+00  0.472344E+06  0.468795E+06  0.000000E+00  0.000000E+00  0.136242E+05  0.468421E+06
  0.260355E+00  0.468119E+06  0.464633E+06  0.000000E+00  0.000000E+00  0.133456E+05  0.464234E+06
  0.262183E+00  0.463848E+06  0.460416E+06  0.000000E+00  0.000000E+00  0.130711E+05  0.460001E+06
  0.264011E+00  0.459526E+06  0.456138E+06  0.000000E+00  0.000000E+00  0.128007E+05  0.455716E+06
  0.265839E+00  0.455153E+06  0.451800E+06  0.000000E+00  0.000000E+00  0.125340E+05  0.451378E+06
  0.267668E+00  0.450730E+06  0.447403E+06  0.000000E+00  0.000000E+00  0.122712E+05  0.446990E+06
  0.269496E+00  0.446264E+06  0.442955E+06  0.000000E+00  0.000000E+00  0.120124E+05  0.442558E+06
  0.271324E+00  0.441764E+06  0.438466E+06  0.000000E+00  0.000000E+00  0.117576E+05  0.438091E+06
  0.273152E+00  0.437242E+06  0.433948E+06  0.000000E+00  0.000000E+00  0.115072E+05  0.433600E+06
  0.274980E+00  0.432710E+06  0.429416E+06  0.000000E+00  0.000000E+00  0.112613E+05  0.429100E+06
  0.276808E+00  0.428183E+06  0.424886E+06  0.000000E+00  0.000000E+00  0.110203E+05  0.424604E+06
  0.278636E+00  0.423677E+06  0.420375E+06  0.000000E+00  0.000000E+00  0.107844E+05  0.420129E+06
  0.280464E+00  0.419208E+06  0.415899E+06  0.000000E+00  0.000000E+00  0.105539E+05  0.415690E+06
  0.282292E+00  0.414790E+06  0.411475E+06  0.000000E+00  0.000000E+00  0.103290E+05  0.411302E+06
  0.284120E+00  0.410440E+06  0.407120E+06  0.000000E+00  0.000000E+00  0.101101E+05  0.406982E+06
  0.285948E+00  0.406171E+06  0.402848E+06  0.000000E+00  0.000000E+00  0.989726E+04  0.402742E+06
  0.287776E+00  0.401996E+06  0.398673E+06  0.000000E+00  0.000000E+00  0.969068E+04  0.398596E+06
  0.289605E+00  0.397925E+06  0.394606E+06  0.000000E+00  0.000000E+00  0.949041E+04  0.394554E+06
  0.291433E+00  0.393967E+06  0.390656E+06  0.000000E+00  0.000000E+00  0.929650E+04  0.390625E+06
  0.293261E+00  0.390126E+06  0.386830E+06  0.000000E+00  0.000000E+00  0.910896E+04  0.386813E+06
  0.295089E+00  0.386407E+06  0.383129E+06  0.000000E+00  0.000000E+00  0.892763E+04  0.383123E+06
  0.296917E+00  0.382810E+06  0.379554E+06  0.000000E+00  0.000000E+00  0.875237E+04  0.379555E+06
  0.298745E+00  0.379334E+06  0.376105E+06  0.000000E+00  0.000000E+00  0.858302E+04  0.376107E+06
  0.300573E+00  0.375975E+06  0.372779E+06  0.000000E+00  0.000000E+00  0.841937E+04  0.372776E+06
  0.302401E+00  0.372729E+06  0.369570E+06  0.000000E+00  0.000000E+00  0.826113E+04  0.369559E+06
  0.304229E+00  0.369590E+06  0.366470E+06  0.000000E+00  0.000000E+00  0.810800E+04  0.366448E+06
  0.306057E+00  0.366549E+06  0.363472E+06  0.000000E+00  0.000000E+00  0.795973E+04  0.363435E+06
  0.307885E+00  0.363597E+06  0.360564E+06  0.000000E+00  0.000000E+00  0.781595E+04  0.360510E+06
  0.309713E+00  0.360723E+06  0.357737E+06  0.000000E+00  0.000000E+00  0.767631E+04  0.357664E+06
  0.311542E+00  0.357917E+06  0.354978E+06  0.000000E+00  0.000000E+00  0.754050E+04  0.354884E+06
  0.313370E+00  0.355167E+06  0.352275E+06  0.000000E+00  0.000000E+00  0.740821E+04  0.352161E+06
  0.315198E+00  0.352463E+06  0.349617E+06  0.000000E+00  0.000000E+00  0.727910E+04  0.349483E+06
  0.317026E+00  0.349795E+06  0.346995E+06  0.000000E+00  0.000000E+00  0.715288E+04  0.346841E+06
  0.318854E+00  0.347153E+06  0.344397E+06  0.000000E+00  0.000000E+00  0.702935E+04  0.344225E+06
  0.320682E+00  0.344531E+06  0.341815E+06  0.000000E+00  0.000000E+00  0.690826E+04  0.341627E+06
  0.322510E+00  0.341919E+06  0.339242E+06  0.000000E+00  0.000000E+00  0.678936E+04  0.339040E+06
  0.324338E+00  0.339312E+06  0.336670E+06  0.000000E+00  0.000000E+00  0.667253E+04  0.336456E+06
  0.326166E+00  0.336703E+06  0.334094E+06  0.000000E+00  0.000000E+00  0.655761E+04  0.333871E+06
  0.327994E+00  0.334091E+06  0.331509E+06  0.000000E+00  0.000000E+00  0.644448E+04  0.331281E+06
  0.329822E+00  0.331471E+06  0.328915E+06  0.000000E+00  0.000000E+00  0.633305E+04  0.328684E+06
  0.331650E+00  0.328843E+06  0.326309E+06  0.000000E+00  0.000000E+00  0.622327E+04  0.326078E+06
  0.333479E+00  0.326208E+06  0.323693E+06  0.000000E+00  0.000000E+00  0.611517E+04  0.323465E+06
  0.335307E+00  0.323568E+06  0.321069E+06  0.000000E+00  0.000000E+00  0.600870E+04  0.320846E+06
  0.337135E+00  0.320926E+06  0.318440E+06  0.000000E+00  0.000000E+00  0.590389E+04  0.318224E+06
  0.338963E+00  0.318285E+06  0.315810E+06  0.000000E+00  0.000000E+00  0.580079E+04  0.315603E+06
  0.340791E+00  0.315648E+06  0.313183E+06  0.000000E+00  0.000000E+00  0.569944E+04  0.312987E+06
  0.342619E+00  0.313022E+06  0.310564E+06  0.000000E+00  0.000000E+00  0.559987E+04  0.310380E+06
  0.344447E+00  0.310410E+06  0.307959E+06  0.000000E+00  0.000000E+00  0.550214E+04  0.307788E+06
  0.346275E+00  0.307818E+06  0.305374E+06  0.000000E+00  0.000000E+00  0.540631E+04  0.305215E+06
  0.348103E+00  0.305251E+06  0.302813E+06  0.000000E+00  0.000000E+00  0.531245E+04  0.302668E+06
  0.349931E+00  0.302715E+06  0.300283E+06  0.000000E+00  0.000000E+00  0.522056E+04  0.300151E+06
  0.351759E+00  0.300215E+06  0.297790E+06  0.000000E+00  0.000000E+00  0.513073E+04  0.297669E+06
  0.353587E+00  0.297754E+06  0.295337E+06  0.000000E+00  0.000000E+00  0.504300E+04  0.295227E+06
  0.355416E+00  0.295336E+06  0.292928E+06  0.000000E+00  0.000000E+00  0.495734E+04  0.292828E+06
  0.357244E+00  0.292965E+06  0.290567E+06  0.000000E+00  0.000000E+00  0.487377E+04  0.290475E+06
  0.359072E+00  0.290642E+06  0.288256E+06  0.000000E+00  0.000000E+00  0.479229E+04  0.288170E+06
  0.360900E+00  0.288368E+06  0.285996E+06  0.000000E+00  0.000000E+00  0.471288E+04  0.285915E+06
  0.362728E+00  0.286145E+06  0.283788E+06  0.000000E+00  0.000000E+00  0.463549E+04  0.283710E+06
  0.364556E+00  0.283972E+06  0.281631E+06  0.000000E+00  0.000000E+00  0.456008E+04  0.281555E+06
  0.366384E+00  0.281849E+06  0.279526E+06  0.000000E+00  0.000000E+00  0.448661E+04  0.279449E+06
  0.368212E+00  0.279774E+06  0.277471E+06  0.000000E+00  0.000000E+00  0.441501E+04  0.277392E+06
  0.370040E+00  0.277746E+06  0.275463E+06  0.000000E+00  0.000000E+00  0.434519E+04  0.275382E+06
  0.371868E+00  0.275761E+06  0.273500E+06  0.000000E+00  0.000000E+00  0.427710E+04  0.273414E+06
  0.373696E+00  0.273817E+06  0.271577E+06  0.000000E+00  0.000000E+00  0.421064E+04  0.271487E+06
  0.375524E+00  0.271909E+06  0.269692E+06  0.000000E+00  0.000000E+00  0.414570E+04  0.269596E+06
  0.377353E+00  0.270034E+06  0.267840E+06  0.000000E+00  0.000000E+00  0.408221E+04  0.267738E+06
  0.379181E+00  0.268188E+06  0.266018E+06  0.000000E+00  0.000000E+00  0.402009E+04  0.265909E+06
  0.381009E+00  0.266368E+06  0.264221E+06  0.000000E+00  0.000000E+00  0.395925E+04  0.264105E+06
  0.382837E+00  0.264569E+06  0.262445E+06  0.000000E+00  0.000000E+00  0.389961E+04  0.262323E+06
  0.384665E+00  0.262790E+06  0.260688E+06  0.000000E+00  0.000000E+00  0.384109E+04  0.260560E+06
  0.386493E+00  0.261027E+06  0.258946E+06  0.000000E+00  0.000000E+00  0.378364E+04  0.258812E+06
  0.388321E+00  0.259276E+06  0.257215E+06  0.000000E+00  0.000000E+00  0.372719E+04  0.257077E+06
  0.390149E+00  0.257535E+06  0.255494E+06  0.000000E+00  0.000000E+00  0.367167E+04  0.255351E+06
  0.391977E+00  0.255802E+06  0.253779E+06  0.000000E+00  0.000000E+00  0.361705E+04  0.253634E+06
  0.393805E+00  0.254075E+06  0.252070E+06  0.000000E+00  0.000000E+00  0.356330E+04  0.251922E+06
  0.395633E+00  0.252354E+06  0.250365E+06  0.000000E+00  0.000000E+00  0.351037E+04  0.250216E+06
  0.397461E+00  0.250638E+06  0.248664E+06  0.000000E+00  0.000000E+00  0.345823E+04  0.248515E+06
  0.399290E+00  0.248928E+06  0.246966E+06  0.000000E+00  0.000000E+00  0.340690E+04  0.246818E+06
  0.401118E+00  0.247222E+06  0.245273E+06  0.000000E+00  0.000000E+00  0.335636E+04  0.245127E+06
  0.402946E+00  0.245523E+06  0.243586E+06  0.000000E+00  0.000000E+00  0.330659E+04  0.243441E+06
  0.404774E+00  0.243830E+06  0.241904E+06  0.000000E+00  0.000000E+00  0.325759E+04  0.241762E+06
  0.406602E+00  0.242145E+06  0.240229E+06  0.000000E+00  0.000000E+00  0.320937E+04  0.240091E+06
  0.408430E+00  0.240469E+06  0.238562E+06  0.000000E+00  0.000000E+00  0.316193E+04  0.238429E+06
  0.410258E+00  0.238804E+06  0.236906E+06  0.000000E+00  0.000000E+00  0.311527E+04  0.236777E+06
  0.412086E+00  0.237152E+06  0.235262E+06  0.000000E+00  0.000000E+00  0.306940E+04  0.235137E+06
  0.413914E+00  0.235513E+06  0.233632E+06  0.000000E+00  0.000000E+00  0.302435E+04  0.233512E+06
  0.415742E+00  0.233891E+06  0.232018E+06  0.000000E+00  0.000000E+00  0.298011E+04  0.231903E+06
  0.417570E+00  0.232286E+06  0.230421E+06  0.000000E+00  0.000000E+00  0.293668E+04  0.230311E+06
  0.419398E+00  0.230701E+06  0.228844E+06  0.000000E+00  0.000000E+00  0.289407E+04  0.228738E+06
  0.421227E+00  0.229135E+06  0.227287E+06  0.000000E+00  0.000000E+00  0.285228E+04  0.227184E+06
  0.423055E+00  0.227590E+06  0.225751E+06  0.000000E+00  0.000000E+00  0.281131E+04  0.225652E+06
  0.424883E+00  0.226067E+06  0.224238E+06  0.000000E+00  0.000000E+00  0.277114E+04  0.224141E+06
  0.426711E+00  0.224566E+06  0.222747E+06  0.000000E+00  0.000000E+00  0.273178E+04  0.222653E+06
  0.428539E+00  0.223088E+06  0.221280E+06  0.000000E+00  0.000000E+00  0.269322E+04  0.221187E+06
  0.430367E+00  0.221634E+06  0.219836E+06  0.000000E+00  0.000000E+00  0.265542E+04  0.219745E+06
  0.432195E+00  0.220202E+06  0.218415E+06  0.000000E+00  0.000000E+00  0.261840E+04  0.218325E+06
  0.434023E+00  0.218792E+06  0.217017E+06  0.000000E+00  0.000000E+00  0.258213E+04  0.216927E+06
  0.435851E+00  0.217404E+06  0.215641E+06  0.000000E+00  0.000000E+00  0.254658E+04  0.215551E+06
  0.437679E+00  0.216037E+06  0.214287E+06  0.000000E+00  0.000000E+00  0.251172E+04  0.214196E+06
  0.439507E+00  0.214690E+06  0.212952E+06  0.000000E+00  0.000000E+00  0.247754E+04  0.212860E+06
  0.441335E+00  0.213361E+06  0.211636E+06  0.000000E+00  0.000000E+00  0.244401E+04  0.211543E+06
  0.443164E+00  0.212050E+06  0.210338E+06  0.000000E+00  0.000000E+00  0.241111E+04  0.210243E+06
  0.444992E+00  0.210755E+06  0.209057E+06  0.000000E+00  0.000000E+00  0.237880E+04  0.208960E+06
  0.446820E+00  0.209476E+06  0.207790E+06  0.000000E+00  0.000000E+00  0.234708E+04  0.207691E+06
  0.448648E+00  0.208211E+06  0.206538E+06  0.000000E+00  0.000000E+00  0.231592E+04  0.206437E+06
  0.450476E+00  0.206958E+06  0.205299E+06  0.000000E+00  0.000000E+00  0.228528E+04  0.205196E+06
  0.452304E+00  0.205718E+06  0.204070E+06  0.000000E+00  0.000000E+00  0.225515E+04  0.203966E+06
  0.454132E+00  0.204487E+06  0.202852E+06  0.000000E+00  0.000000E+00  0.222552E+04  0.202746E+06
  0.455960E+00  0.203266E+06  0.201643E+06  0.000000E+00  0.000000E+00  0.219635E+04  0.201536E+06
  0.457788E+00  0.202054E+06  0.200442E+06  0.000000E+00  0.000000E+00  0.216763E+04  0.200334E+06
  0.459616E+00  0.200850E+06  0.199249E+06  0.000000E+00  0.000000E+00  0.213935E+04  0.199141E+06
  0.461444E+00  0.199653E+06  0.198063E+06  0.000000E+00  0.000000E+00  0.211150E+04  0.197954E+06
  0.463273E+00  0.198464E+06  0.196884E+06  0.000000E+00  0.000000E+00  0.208406E+04  0.196775E+06
  0.465101E+00  0.197281E+06  0.195711E+06  0.000000E+00  0.000000E+00  0.205702E+04  0.195602E+06
  0.466929E+00  0.196106E+06  0.194545E+06  0.000000E+00  0.000000E+00  0.203039E+04  0.194436E+06
  0.468757E+00  0.194937E+06  0.193385E+06  0.000000E+00  0.000000E+00  0.200415E+04  0.193277E+06
  0.470585E+00  0.193774E+06  0.192231E+06  0.000000E+00  0.000000E+00  0.197828E+04  0.192125E+06
  0.472413E+00  0.192619E+06  0.191084E+06  0.000000E+00  0.000000E+00  0.195280E+04  0.190979E+06
  0.474241E+00  0.191471E+06  0.189944E+06  0.000000E+00  0.000000E+00  0.192770E+04  0.189840E+06
  0.476069E+00  0.190331E+06  0.188812E+06  0.000000E+00  0.000000E+00  0.190298E+04  0.188710E+06
  0.477897E+00  0.189199E+06  0.187688E+06  0.000000E+00  0.000000E+00  0.187864E+04  0.187587E+06
  0.479725E+00  0.188076E+06  0.186573E+06  0.000000E+00  0.000000E+00  0.185466E+04  0.186474E+06
  0.481553E+00  0.186963E+06  0.185466E+06  0.000000E+00  0.000000E+00  0.183108E+04  0.185370E+06
  0.483381E+00  0.185859E+06  0.184370E+06  0.000000E+00  0.000000E+00  0.180785E+04  0.184275E+06
  0.485210E+00  0.184766E+06  0.183284E+06  0.000000E+00  0.000000E+00  0.178500E+04  0.183191E+06
  0.487038E+00  0.183683E+06  0.182209E+06  0.000000E+00  0.000000E+00  0.176253E+04  0.182117E+06
  0.488866E+00  0.182611E+06  0.181144E+06  0.000000E+00  0.000000E+00  0.174042E+04  0.181054E+06
  0.490694E+00  0.181551E+06  0.180091E+06  0.000000E+00  0.000000E+00  0.171867E+04  0.180002E+06
  0.492522E+00  0.180502E+06  0.179050E+06  0.000000E+00  0.000000E+00  0.169728E+04  0.178962E+06
  0.494350E+00  0.179465E+06  0.178020E+06  0.000000E+00  0.000000E+00  0.167625E+04  0.177933E+06
  0.496178E+00  0.178439E+06  0.177003E+06  0.000000E+00  0.000000E+00  0.165558E+04  0.176917E+06
  0.498006E+00  0.177426E+06  0.175997E+06  0.000000E+00  0.000000E+00  0.163524E+04  0.175912E+06
  0.499834E+00  0.176424E+06  0.175003E+06  0.000000E+00  0.000000E+00  0.161525E+04  0.174918E+06
  0.501662E+00  0.175434E+06  0.174021E+06  0.000000E+00  0.000000E+00  0.159559E+04  0.173936E+06
  0.503490E+00  0.174454E+06  0.173049E+06  0.000000E+00  0.000000E+00  0.157625E+04  0.172965E+06
  0.505318E+00  0.173486E+06  0.172089E+06  0.000000E+00  0.000000E+00  0.155723E+04  0.172005E+06
  0.507147E+00  0.172527E+06  0.171139E+06  0.000000E+00  0.000000E+00  0.153852E+04  0.171055E+06
  0.508975E+00  0.171580E+06  0.170200E+06  0.000000E+00  0.000000E+00  0.152011E+04  0.170115E+06
  0.510803E+00  0.170642E+06  0.169270E+06  0.000000E+00  0.000000E+00  0.150199E+04  0.169185E+06
  0.512631E+00  0.169713E+06  0.168350E+06  0.000000E+00  0.000000E+00  0.148415E+04  0.168264E+06
  0.514459E+00  0.168793E+06  0.167438E+06  0.000000E+00  0.000000E+00  0.146660E+04  0.167352E+06
  0.516287E+00  0.167881E+06  0.166534E+06  0.000000E+00  0.000000E+00  0.144931E+04  0.166449E+06
  0.518115E+00  0.166977E+06  0.165639E+06  0.000000E+00  0.000000E+00  0.143226E+04  0.165553E+06
  0.519943E+00  0.166081E+06  0.164750E+06  0.000000E+00  0.000000E+00  0.141548E+04  0.164664E+06
  0.521771E+00  0.165192E+06  0.163869E+06  0.000000E+00  0.000000E+00  0.139894E+04  0.163782E+06
  0.523599E+00  0.164309E+06  0.162994E+06  0.000000E+00  0.000000E+00  0.138264E+04  0.162907E+06
  0.525427E+00  0.163433E+06  0.162126E+06  0.000000E+00  0.000000E+00  0.136656E+04  0.162039E+06
  0.527255E+00  0.162564E+06  0.161264E+06  0.000000E+00  0.000000E+00  0.135072E+04  0.161177E+06
  0.529084E+00  0.161700E+06  0.160408E+06  0.000000E+00  0.000000E+00  0.133510E+04  0.160321E+06
  0.530912E+00  0.160843E+06  0.159557E+06  0.000000E+00  0.000000E+00  0.131970E+04  0.159470E+06
  0.532740E+00  0.159991E+06  0.158713E+06  0.000000E+00  0.000000E+00  0.130451E+04  0.158626E+06
  0.534568E+00  0.159145E+06  0.157873E+06  0.000000E+00  0.000000E+00  0.128953E+04  0.157787E+06
  0.536396E+00  0.158305E+06  0.157040E+06  0.000000E+00  0.000000E+00  0.127476E+04  0.156954E+06
  0.538224E+00  0.157470E+06  0.156212E+06  0.000000E+00  0.000000E+00  0.126019E+04  0.156127E+06
  0.540052E+00  0.156642E+06  0.155389E+06  0.000000E+00  0.000000E+00  0.124582E+04  0.155305E+06
  0.541880E+00  0.155819E+06  0.154573E+06  0.000000E+00  0.000000E+00  0.123165E+04  0.154489E+06
  0.543708E+00  0.155002E+06  0.153762E+06  0.000000E+00  0.000000E+00  0.121768E+04  0.153679E+06
  0.545536E+00  0.154191E+06  0.152957E+06  0.000000E+00  0.000000E+00  0.120390E+04  0.152875E+06
  0.547364E+00  0.153386E+06  0.152158E+06  0.000000E+00  0.000000E+00  0.119031E+04  0.152077E+06
  0.549192E+00  0.152588E+06  0.151366E+06  0.000000E+00  0.000000E+00  0.117692E+04  0.151285E+06
  0.551021E+00  0.151795E+06  0.150579E+06  0.000000E+00  0.000000E+00  0.116371E+04  0.150499E+06
  0.552849E+00  0.151009E+06  0.149799E+06  0.000000E+00  0.000000E+00  0.115069E+04  0.149720E+06
  0.554677E+00  0.150230E+06  0.149025E+06  0.000000E+00  0.000000E+00  0.113785E+04  0.148947E+06
  0.556505E+00  0.149457E+06  0.148258E+06  0.000000E+00  0.000000E+00  0.112520E+04  0.148180E+06
  0.558333E+00  0.148691E+06  0.147498E+06  0.000000E+00  0.000000E+00  0.111272E+04  0.147421E+06
  0.560161E+00  0.147932E+06  0.146745E+06  0.000000E+00  0.000000E+00  0.110043E+04  0.146668E+06
  0.561989E+00  0.147179E+06  0.145998E+06  0.000000E+00  0.000000E+00  0.108832E+04  0.145922E+06
  0.563817E+00  0.146433E+06  0.145258E+06  0.000000E+00  0.000000E+00  0.107637E+04  0.145182E+06
  0.565645E+00  0.145694E+06  0.144525E+06  0.000000E+00  0.000000E+00  0.106460E+04  0.144449E+06
  0.567473E+00  0.144962E+06  0.143798E+06  0.000000E+00  0.000000E+00  0.105300E+04  0.143723E+06
  0.569301E+00  0.144236E+06  0.143078E+06  0.000000E+00  0.000000E+00  0.104156E+04  0.143003E+06
  0.571130E+00  0.143516E+06  0.142364E+06  0.000000E+00  0.000000E+00  0.103028E+04  0.142290E+06
  0.572958E+00  0.142803E+06  0.141657E+06  0.000000E+00  0.000000E+00  0.101916E+04  0.141583E+06
  0.574786E+00  0.142096E+06  0.140956E+06  0.000000E+00  0.000000E+00  0.100820E+04  0.140882E+06
  0.576614E+00  0.141396E+06  0.140261E+06  0.000000E+00  0.000000E+00  0.997399E+03  0.140187E+06
  0.578442E+00  0.140701E+06  0.139572E+06  0.000000E+00  0.000000E+00  0.986739E+03  0.139498E+06
  0.580270E+00  0.140012E+06  0.138889E+06  0.000000E+00  0.000000E+00  0.976231E+03  0.138815E+06
  0.582098E+00  0.139329E+06  0.138211E+06  0.000000E+00  0.000000E+00  0.965865E+03  0.138138E+06
  0.701301E+00  0.103890E+06  0.103058E+06  0.000000E+00  0.000000E+00  0.509856E+03  0.103001E+06
  0.856572E+00  0.754317E+05  0.748276E+05  0.000000E+00  0.000000E+00  0.254055E+03  0.747852E+05
  0.104622E+01  0.545098E+05  0.540733E+05  0.000000E+00  0.000000E+00  0.125358E+03  0.540422E+05
  0.127786E+01  0.392224E+05  0.389083E+05  0.000000E+00  0.000000E+00  0.613286E+02  0.388857E+05
  0.156078E+01  0.281123E+05  0.278872E+05  0.000000E+00  0.000000E+00  0.406831E+02  0.278710E+05
  0.190633E+01  0.200776E+05  0.199167E+05  0.000000E+00  0.000000E+00  0.197369E+02  0.199052E+05
  0.232840E+01  0.142926E+05  0.141780E+05  0.000000E+00  0.000000E+00  0.951306E+01  0.141698E+05
  0.284392E+01  0.101442E+05  0.100627E+05  0.000000E+00  0.000000E+00  0.455969E+01  0.100570E+05
  0.347357E+01  0.718008E+04  0.712233E+04  0.000000E+00  0.000000E+00  0.217506E+01  0.711835E+04
  0.424263E+01  0.506928E+04  0.502839E+04  0.000000E+00  0.000000E+00  0.103335E+01  0.502567E+04
  0.518196E+01  0.357069E+04  0.354177E+04  0.000000E+00  0.000000E+00  0.489225E+00  0.353996E+04
  0.632926E+01  0.250971E+04  0.248925E+04  0.000000E+00  0.000000E+00  0.230929E+00  0.248808E+04
  0.773057E+01  0.176047E+04  0.174599E+04  0.000000E+00  0.000000E+00  0.108725E+00  0.174528E+04
  0.944214E+01  0.123263E+04  0.122234E+04  0.000000E+00  0.000000E+00  0.510728E-01  0.122197E+04
  0.115327E+02  0.861562E+03  0.854222E+03  0.000000E+00  0.000000E+00  0.239431E-01  0.854088E+03
  0.140860E+02  0.601231E+03  0.595953E+03  0.000000E+00  0.000000E+00  0.112040E-01  0.595991E+03
  0.172047E+02  0.418928E+03  0.415088E+03  0.000000E+00  0.000000E+00  0.523410E-02  0.415252E+03
  0.210139E+02  0.291488E+03  0.288648E+03  0.000000E+00  0.000000E+00  0.244143E-02  0.288904E+03
  0.256664E+02  0.202542E+03  0.200394E+03  0.000000E+00  0.000000E+00  0.113716E-02  0.200719E+03
  0.313490E+02  0.140555E+03  0.138885E+03  0.000000E+00  0.000000E+00  0.528921E-03  0.139262E+03
  0.382898E+02  0.974163E+02  0.960728E+02  0.000000E+00  0.000000E+00  0.245669E-03  0.964916E+02
  0.467672E+02  0.674338E+02  0.663123E+02  0.000000E+00  0.000000E+00  0.113941E-03  0.667640E+02
  0.571216E+02  0.466201E+02  0.456480E+02  0.000000E+00  0.000000E+00  0.527731E-04  0.461265E+02
  0.697686E+02  0.321878E+02  0.313151E+02  0.000000E+00  0.000000E+00  0.244000E-04  0.318158E+02
  0.852154E+02  0.221911E+02  0.213839E+02  0.000000E+00  0.000000E+00  0.112600E-04  0.219028E+02
  0.104082E+03  0.152736E+02  0.145095E+02  0.000000E+00  0.000000E+00  0.518413E-05  0.150428E+02
