    0.10000E-03    0.61766E-01
    0.10202E-03    0.62966E-01
    0.10408E-03    0.64190E-01
    0.10618E-03    0.65437E-01
    0.10833E-03    0.66709E-01
    0.11052E-03    0.68005E-01
    0.11275E-03    0.69327E-01
    0.11503E-03    0.70674E-01
    0.11735E-03    0.72047E-01
    0.11972E-03    0.73447E-01
    0.12214E-03    0.74874E-01
    0.12461E-03    0.76329E-01
    0.12712E-03    0.77812E-01
    0.12969E-03    0.79324E-01
    0.13231E-03    0.80866E-01
    0.13499E-03    0.82437E-01
    0.13771E-03    0.84039E-01
    0.14049E-03    0.85671E-01
    0.14333E-03    0.87336E-01
    0.14623E-03    0.89033E-01
    0.14918E-03    0.90763E-01
    0.15220E-03    0.92526E-01
    0.15527E-03    0.94324E-01
    0.15841E-03    0.96157E-01
    0.16161E-03    0.98025E-01
    0.16487E-03    0.99930E-01
    0.16820E-03    0.10187E+00
    0.17160E-03    0.10385E+00
    0.17507E-03    0.10587E+00
    0.17860E-03    0.10792E+00
    0.18221E-03    0.11002E+00
    0.18589E-03    0.11216E+00
    0.18965E-03    0.11434E+00
    0.19348E-03    0.11656E+00
    0.19739E-03    0.11882E+00
    0.20138E-03    0.12113E+00
    0.20544E-03    0.12348E+00
    0.20959E-03    0.12588E+00
    0.21383E-03    0.12833E+00
    0.21815E-03    0.13082E+00
    0.22255E-03    0.13336E+00
    0.22705E-03    0.13595E+00
    0.23164E-03    0.13859E+00
    0.23632E-03    0.14129E+00
    0.24109E-03    0.14403E+00
    0.24596E-03    0.14683E+00
    0.25093E-03    0.14968E+00
    0.25600E-03    0.15259E+00
    0.26117E-03    0.15555E+00
    0.26645E-03    0.15857E+00
    0.27183E-03    0.16165E+00
    0.27732E-03    0.16479E+00
    0.28292E-03    0.16799E+00
    0.28864E-03    0.17125E+00
    0.29447E-03    0.17458E+00
    0.30042E-03    0.17797E+00
    0.30649E-03    0.18142E+00
    0.31268E-03    0.18494E+00
    0.31899E-03    0.18853E+00
    0.32544E-03    0.19219E+00
    0.33201E-03    0.19592E+00
    0.33872E-03    0.19973E+00
    0.34556E-03    0.20360E+00
    0.35254E-03    0.20756E+00
    0.35966E-03    0.21158E+00
    0.36693E-03    0.21569E+00
    0.37434E-03    0.21988E+00
    0.38190E-03    0.22414E+00
    0.38962E-03    0.22849E+00
    0.39749E-03    0.23292E+00
    0.40552E-03    0.23744E+00
    0.41371E-03    0.24205E+00
    0.42207E-03    0.24675E+00
    0.43060E-03    0.25153E+00
    0.43929E-03    0.25641E+00
    0.44817E-03    0.26138E+00
    0.45722E-03    0.26645E+00
    0.46646E-03    0.27162E+00
    0.47588E-03    0.27689E+00
    0.48550E-03    0.28225E+00
    0.49530E-03    0.28772E+00
    0.50531E-03    0.29330E+00
    0.51552E-03    0.29899E+00
    0.52593E-03    0.30478E+00
    0.53656E-03    0.31069E+00
    0.54739E-03    0.31670E+00
    0.55845E-03    0.32284E+00
    0.56973E-03    0.32909E+00
    0.58124E-03    0.33547E+00
    0.59299E-03    0.34196E+00
    0.60496E-03    0.34858E+00
    0.61719E-03    0.35533E+00
    0.62965E-03    0.36221E+00
    0.64237E-03    0.36922E+00
    0.65535E-03    0.37636E+00
    0.66859E-03    0.38364E+00
    0.68210E-03    0.39106E+00
    0.69588E-03    0.39862E+00
    0.70993E-03    0.40633E+00
    0.72427E-03    0.41418E+00
    0.73891E-03    0.42219E+00
    0.75383E-03    0.43034E+00
    0.76906E-03    0.43865E+00
    0.78460E-03    0.44713E+00
    0.80045E-03    0.45576E+00
    0.81662E-03    0.46455E+00
    0.83311E-03    0.47352E+00
    0.84994E-03    0.48265E+00
    0.86711E-03    0.49196E+00
    0.88463E-03    0.50144E+00
    0.90250E-03    0.51110E+00
    0.92073E-03    0.52095E+00
    0.93933E-03    0.53098E+00
    0.95831E-03    0.54120E+00
    0.97767E-03    0.55162E+00
    0.99742E-03    0.56223E+00
    0.10176E-02    0.57304E+00
    0.10381E-02    0.58405E+00
    0.10591E-02    0.59527E+00
    0.10805E-02    0.60670E+00
    0.11023E-02    0.61834E+00
    0.11246E-02    0.63020E+00
    0.11473E-02    0.64229E+00
    0.11705E-02    0.65459E+00
    0.11941E-02    0.66713E+00
    0.12182E-02    0.67989E+00
    0.12429E-02    0.69290E+00
    0.12680E-02    0.70614E+00
    0.12936E-02    0.71963E+00
    0.13197E-02    0.73336E+00
    0.13464E-02    0.74735E+00
    0.13736E-02    0.76160E+00
    0.14013E-02    0.77610E+00
    0.14296E-02    0.79087E+00
    0.14585E-02    0.80590E+00
    0.14880E-02    0.82121E+00
    0.15180E-02    0.83680E+00
    0.15487E-02    0.85266E+00
    0.15800E-02    0.86881E+00
    0.16119E-02    0.88525E+00
    0.16445E-02    0.90198E+00
    0.16777E-02    0.91901E+00
    0.17116E-02    0.93634E+00
    0.17462E-02    0.95397E+00
    0.17814E-02    0.97191E+00
    0.18174E-02    0.99017E+00
    0.18541E-02    0.10087E+01
    0.18916E-02    0.10276E+01
    0.19298E-02    0.10469E+01
    0.19688E-02    0.10664E+01
    0.20086E-02    0.10863E+01
    0.20491E-02    0.11065E+01
    0.20905E-02    0.11271E+01
    0.21328E-02    0.11480E+01
    0.21758E-02    0.11692E+01
    0.22198E-02    0.11908E+01
    0.22646E-02    0.12128E+01
    0.23104E-02    0.12351E+01
    0.23571E-02    0.12578E+01
    0.24047E-02    0.12809E+01
    0.24533E-02    0.13043E+01
    0.25028E-02    0.13280E+01
    0.25534E-02    0.13522E+01
    0.26050E-02    0.13767E+01
    0.26576E-02    0.14016E+01
    0.27113E-02    0.14269E+01
    0.27660E-02    0.14526E+01
    0.28219E-02    0.14786E+01
    0.28789E-02    0.15050E+01
    0.29371E-02    0.15318E+01
    0.29964E-02    0.15590E+01
    0.30569E-02    0.15866E+01
    0.31187E-02    0.16146E+01
    0.31817E-02    0.16429E+01
    0.32460E-02    0.16716E+01
    0.33115E-02    0.17007E+01
    0.33784E-02    0.17302E+01
    0.34467E-02    0.17601E+01
    0.35163E-02    0.17903E+01
    0.35874E-02    0.18209E+01
    0.36598E-02    0.18519E+01
    0.37338E-02    0.18833E+01
    0.38092E-02    0.19150E+01
    0.38861E-02    0.19470E+01
    0.39646E-02    0.19794E+01
    0.40447E-02    0.20122E+01
    0.41264E-02    0.20453E+01
    0.42098E-02    0.20787E+01
    0.42948E-02    0.21125E+01
    0.43816E-02    0.21465E+01
    0.44701E-02    0.21809E+01
    0.45604E-02    0.22155E+01
    0.46525E-02    0.22505E+01
    0.47465E-02    0.22857E+01
    0.48424E-02    0.23212E+01
    0.49402E-02    0.23569E+01
    0.50400E-02    0.23928E+01
    0.51419E-02    0.24290E+01
    0.52457E-02    0.24654E+01
    0.53517E-02    0.25020E+01
    0.54598E-02    0.25387E+01
    0.55701E-02    0.25756E+01
    0.56826E-02    0.26127E+01
    0.57974E-02    0.26498E+01
    0.59145E-02    0.26871E+01
    0.60340E-02    0.27245E+01
    0.61559E-02    0.27619E+01
    0.62803E-02    0.27994E+01
    0.64072E-02    0.28369E+01
    0.65366E-02    0.28744E+01
    0.66686E-02    0.29119E+01
    0.68033E-02    0.29493E+01
    0.69408E-02    0.29867E+01
    0.70810E-02    0.30240E+01
    0.72240E-02    0.30611E+01
    0.73700E-02    0.30982E+01
    0.75189E-02    0.31350E+01
    0.76708E-02    0.31717E+01
    0.78257E-02    0.32082E+01
    0.79838E-02    0.32444E+01
    0.81451E-02    0.32803E+01
    0.83096E-02    0.33160E+01
    0.84775E-02    0.33513E+01
    0.86488E-02    0.33863E+01
    0.88235E-02    0.34208E+01
    0.90017E-02    0.34550E+01
    0.91836E-02    0.34887E+01
    0.93691E-02    0.35219E+01
    0.95583E-02    0.35547E+01
    0.97514E-02    0.35868E+01
    0.99484E-02    0.36184E+01
    0.10149E-01    0.36494E+01
    0.10354E-01    0.36797E+01
    0.10564E-01    0.37093E+01
    0.10777E-01    0.37382E+01
    0.10995E-01    0.37664E+01
    0.11217E-01    0.37937E+01
    0.11443E-01    0.38202E+01
    0.11675E-01    0.38457E+01
    0.11910E-01    0.38704E+01
    0.12151E-01    0.38940E+01
    0.12397E-01    0.39167E+01
    0.12647E-01    0.39383E+01
    0.12902E-01    0.39587E+01
    0.13163E-01    0.39780E+01
    0.13429E-01    0.39961E+01
    0.13700E-01    0.40129E+01
    0.13977E-01    0.40285E+01
    0.14259E-01    0.40427E+01
    0.14547E-01    0.40555E+01
    0.14841E-01    0.40668E+01
    0.15141E-01    0.40767E+01
    0.15447E-01    0.40851E+01
    0.15759E-01    0.40919E+01
    0.16077E-01    0.40972E+01
    0.16402E-01    0.41007E+01
    0.16734E-01    0.41026E+01
    0.17072E-01    0.41028E+01
    0.17416E-01    0.41013E+01
    0.17768E-01    0.40979E+01
    0.18127E-01    0.40928E+01
    0.18493E-01    0.40858E+01
    0.18867E-01    0.40769E+01
    0.19248E-01    0.40661E+01
    0.19637E-01    0.40534E+01
    0.20034E-01    0.40388E+01
    0.20438E-01    0.40221E+01
    0.20851E-01    0.40035E+01
    0.21272E-01    0.39830E+01
    0.21702E-01    0.39604E+01
    0.22141E-01    0.39359E+01
    0.22588E-01    0.39094E+01
    0.23044E-01    0.38809E+01
    0.23510E-01    0.38505E+01
    0.23985E-01    0.38182E+01
    0.24469E-01    0.37841E+01
    0.24964E-01    0.37481E+01
    0.25468E-01    0.37103E+01
    0.25982E-01    0.36708E+01
    0.26507E-01    0.36297E+01
    0.27043E-01    0.35870E+01
    0.27589E-01    0.35427E+01
    0.28146E-01    0.34970E+01
    0.28715E-01    0.34500E+01
    0.29295E-01    0.34017E+01
    0.29887E-01    0.33522E+01
    0.30490E-01    0.33018E+01
    0.31106E-01    0.32504E+01
    0.31735E-01    0.31982E+01
    0.32376E-01    0.31454E+01
    0.33030E-01    0.30921E+01
    0.33697E-01    0.30383E+01
    0.34378E-01    0.29844E+01
    0.35072E-01    0.29304E+01
    0.35781E-01    0.28764E+01
    0.36504E-01    0.28226E+01
    0.37241E-01    0.27692E+01
    0.37993E-01    0.27163E+01
    0.38761E-01    0.26640E+01
    0.39544E-01    0.26126E+01
    0.40343E-01    0.25620E+01
    0.41158E-01    0.25124E+01
    0.41989E-01    0.24641E+01
    0.42838E-01    0.24170E+01
    0.43703E-01    0.23712E+01
    0.44586E-01    0.23270E+01
    0.45486E-01    0.22842E+01
    0.46405E-01    0.22431E+01
    0.47343E-01    0.22035E+01
    0.48299E-01    0.21656E+01
    0.49275E-01    0.21294E+01
    0.50270E-01    0.20947E+01
    0.51286E-01    0.20617E+01
    0.52322E-01    0.20301E+01
    0.53379E-01    0.20000E+01
    0.54457E-01    0.19712E+01
    0.55557E-01    0.19436E+01
    0.56680E-01    0.19171E+01
    0.57825E-01    0.18913E+01
    0.58993E-01    0.18663E+01
    0.60184E-01    0.18416E+01
    0.61400E-01    0.18172E+01
    0.62641E-01    0.17927E+01
    0.63906E-01    0.17680E+01
    0.65197E-01    0.17427E+01
    0.66514E-01    0.17165E+01
    0.67858E-01    0.16894E+01
    0.69229E-01    0.16609E+01
    0.70627E-01    0.16311E+01
    0.72054E-01    0.15996E+01
    0.73510E-01    0.15664E+01
    0.74994E-01    0.15314E+01
    0.76509E-01    0.14946E+01
    0.78055E-01    0.14561E+01
    0.79632E-01    0.14160E+01
    0.81241E-01    0.13745E+01
    0.82882E-01    0.13319E+01
    0.84556E-01    0.12884E+01
    0.86264E-01    0.12446E+01
    0.88007E-01    0.12006E+01
    0.89785E-01    0.11571E+01
    0.91598E-01    0.11144E+01
    0.93449E-01    0.10729E+01
    0.95337E-01    0.10332E+01
    0.97263E-01    0.99543E+00
    0.99227E-01    0.96007E+00
    0.10123E+00    0.92732E+00
    0.10328E+00    0.89734E+00
    0.10536E+00    0.87021E+00
    0.10749E+00    0.84591E+00
    0.10966E+00    0.82432E+00
    0.11188E+00    0.80521E+00
    0.11414E+00    0.78827E+00
    0.11644E+00    0.77309E+00
    0.11880E+00    0.75921E+00
    0.12120E+00    0.74605E+00
    0.12365E+00    0.73307E+00
    0.12614E+00    0.71968E+00
    0.12869E+00    0.70539E+00
    0.13129E+00    0.68976E+00
    0.13394E+00    0.67249E+00
    0.13665E+00    0.65341E+00
    0.13941E+00    0.63250E+00
    0.14223E+00    0.60998E+00
    0.14510E+00    0.58622E+00
    0.14803E+00    0.56174E+00
    0.15102E+00    0.53712E+00
    0.15407E+00    0.51300E+00
    0.15718E+00    0.48999E+00
    0.16036E+00    0.46864E+00
    0.16360E+00    0.44935E+00
    0.16690E+00    0.43237E+00
    0.17028E+00    0.41773E+00
    0.17371E+00    0.40529E+00
    0.17722E+00    0.39471E+00
    0.18080E+00    0.38553E+00
    0.18446E+00    0.37716E+00
    0.18818E+00    0.36894E+00
    0.19198E+00    0.36030E+00
    0.19586E+00    0.35075E+00
    0.19982E+00    0.34002E+00
    0.20386E+00    0.32803E+00
    0.20797E+00    0.31499E+00
    0.21218E+00    0.30130E+00
    0.21646E+00    0.28751E+00
    0.22083E+00    0.27419E+00
    0.22530E+00    0.26184E+00
    0.22985E+00    0.25083E+00
    0.23449E+00    0.24132E+00
    0.23923E+00    0.23321E+00
    0.24406E+00    0.22624E+00
    0.24899E+00    0.21998E+00
    0.25402E+00    0.21391E+00
    0.25915E+00    0.20761E+00
    0.26439E+00    0.20076E+00
    0.26973E+00    0.19328E+00
    0.27518E+00    0.18530E+00
    0.28074E+00    0.17713E+00
    0.28641E+00    0.16916E+00
    0.29219E+00    0.16175E+00
    0.29810E+00    0.15512E+00
    0.30412E+00    0.14931E+00
    0.31026E+00    0.14417E+00
    0.31653E+00    0.13944E+00
    0.32292E+00    0.13480E+00
    0.32945E+00    0.13002E+00
    0.33610E+00    0.12500E+00
    0.34289E+00    0.11981E+00
    0.34982E+00    0.11463E+00
    0.35689E+00    0.10968E+00
    0.36409E+00    0.10512E+00
    0.37145E+00    0.10100E+00
    0.37895E+00    0.97235E-01
    0.38661E+00    0.93665E-01
    0.39442E+00    0.90135E-01
    0.40239E+00    0.86562E-01
    0.41052E+00    0.82966E-01
    0.41881E+00    0.79439E-01
    0.42727E+00    0.76087E-01
    0.43590E+00    0.72966E-01
    0.44471E+00    0.70062E-01
    0.45369E+00    0.67307E-01
    0.46286E+00    0.64622E-01
    0.47221E+00    0.61970E-01
    0.48174E+00    0.59364E-01
    0.49148E+00    0.56852E-01
    0.50141E+00    0.54473E-01
    0.51153E+00    0.52227E-01
    0.52187E+00    0.50087E-01
    0.53241E+00    0.48015E-01
    0.54317E+00    0.45998E-01
    0.55414E+00    0.44046E-01
    0.56533E+00    0.42176E-01
    0.57675E+00    0.40396E-01
    0.58840E+00    0.38695E-01
    0.60029E+00    0.37060E-01
    0.61242E+00    0.35486E-01
    0.62479E+00    0.33974E-01
    0.63741E+00    0.32520E-01
    0.65029E+00    0.31124E-01
    0.66342E+00    0.29784E-01
    0.67683E+00    0.28498E-01
    0.69050E+00    0.27265E-01
    0.70445E+00    0.26083E-01
    0.71868E+00    0.24950E-01
    0.73320E+00    0.23865E-01
    0.74801E+00    0.22825E-01
    0.76312E+00    0.21828E-01
    0.77854E+00    0.20873E-01
    0.79426E+00    0.19958E-01
    0.81031E+00    0.19081E-01
    0.82668E+00    0.18242E-01
    0.84338E+00    0.17437E-01
    0.86041E+00    0.16666E-01
    0.87780E+00    0.15928E-01
    0.89553E+00    0.15221E-01
    0.91362E+00    0.14543E-01
    0.93208E+00    0.13895E-01
    0.95091E+00    0.13274E-01
    0.97011E+00    0.12680E-01
    0.98971E+00    0.12111E-01
    0.10097E+01    0.11567E-01
    0.10301E+01    0.11046E-01
    0.10509E+01    0.10548E-01
    0.10721E+01    0.10072E-01
    0.10938E+01    0.96159E-02
    0.11159E+01    0.91800E-02
    0.11384E+01    0.87631E-02
    0.11614E+01    0.83645E-02
    0.11849E+01    0.79833E-02
    0.12088E+01    0.76189E-02
    0.12333E+01    0.72706E-02
    0.12582E+01    0.69376E-02
    0.12836E+01    0.66194E-02
    0.13095E+01    0.63153E-02
    0.13360E+01    0.60246E-02
    0.13630E+01    0.57469E-02
    0.13905E+01    0.54816E-02
    0.14186E+01    0.52281E-02
    0.14472E+01    0.49860E-02
    0.14765E+01    0.47548E-02
    0.15063E+01    0.45339E-02
    0.15367E+01    0.43230E-02
    0.15678E+01    0.41216E-02
    0.15994E+01    0.39293E-02
    0.16318E+01    0.37457E-02
    0.16647E+01    0.35705E-02
    0.16984E+01    0.34032E-02
    0.17327E+01    0.32435E-02
    0.17677E+01    0.30911E-02
    0.18034E+01    0.29457E-02
    0.18398E+01    0.28069E-02
    0.18770E+01    0.26745E-02
    0.19149E+01    0.25482E-02
    0.19536E+01    0.24276E-02
    0.19930E+01    0.23127E-02
    0.20333E+01    0.22030E-02
    0.20744E+01    0.20984E-02
    0.21163E+01    0.19986E-02
    0.21590E+01    0.19035E-02
    0.22026E+01    0.18128E-02
    0.22471E+01    0.17263E-02
    0.22925E+01    0.16438E-02
    0.23388E+01    0.15652E-02
    0.23861E+01    0.14902E-02
    0.24343E+01    0.14188E-02
    0.24835E+01    0.13507E-02
    0.25336E+01    0.12858E-02
    0.25848E+01    0.12239E-02
    0.26370E+01    0.11650E-02
    0.26903E+01    0.11088E-02
    0.27447E+01    0.10553E-02
    0.28001E+01    0.10043E-02
    0.28567E+01    0.95568E-03
    0.29144E+01    0.90939E-03
    0.29733E+01    0.86531E-03
    0.30333E+01    0.82331E-03
    0.30946E+01    0.78331E-03
    0.31571E+01    0.74521E-03
    0.32209E+01    0.70893E-03
    0.32860E+01    0.67439E-03
    0.33523E+01    0.64149E-03
    0.34201E+01    0.61016E-03
    0.34892E+01    0.58034E-03
    0.35596E+01    0.55194E-03
    0.36316E+01    0.52491E-03
    0.37049E+01    0.49918E-03
    0.37798E+01    0.47469E-03
    0.38561E+01    0.45137E-03
    0.39340E+01    0.42918E-03
    0.40135E+01    0.40806E-03
    0.40946E+01    0.38797E-03
    0.41773E+01    0.36884E-03
    0.42617E+01    0.35064E-03
    0.43478E+01    0.33333E-03
    0.44356E+01    0.31685E-03
    0.45252E+01    0.30118E-03
    0.46166E+01    0.28626E-03
    0.47099E+01    0.27208E-03
    0.48050E+01    0.25858E-03
    0.49021E+01    0.24574E-03
    0.50011E+01    0.23353E-03
    0.51021E+01    0.22192E-03
    0.52052E+01    0.21088E-03
    0.53104E+01    0.20037E-03
    0.54176E+01    0.19039E-03
    0.55271E+01    0.18089E-03
    0.56387E+01    0.17186E-03
    0.57526E+01    0.16327E-03
    0.58689E+01    0.15511E-03
    0.59874E+01    0.14734E-03
    0.61084E+01    0.13996E-03
    0.62318E+01    0.13295E-03
    0.63577E+01    0.12628E-03
    0.64861E+01    0.11994E-03
    0.66171E+01    0.11392E-03
    0.67508E+01    0.10819E-03
    0.68872E+01    0.10275E-03
    0.70263E+01    0.97573E-04
    0.71682E+01    0.92657E-04
    0.73130E+01    0.87985E-04
    0.74608E+01    0.83546E-04
    0.76115E+01    0.79328E-04
    0.77653E+01    0.75320E-04
    0.79221E+01    0.71512E-04
    0.80822E+01    0.67894E-04
    0.82454E+01    0.64456E-04
    0.84120E+01    0.61191E-04
    0.85819E+01    0.58088E-04
    0.87553E+01    0.55142E-04
    0.89322E+01    0.52342E-04
    0.91126E+01    0.49683E-04
    0.92967E+01    0.47158E-04
    0.94845E+01    0.44759E-04
    0.96761E+01    0.42481E-04
    0.98716E+01    0.40318E-04
    0.10071E+02    0.38263E-04
    0.10274E+02    0.36312E-04
    0.10482E+02    0.34459E-04
    0.10694E+02    0.32700E-04
    0.10910E+02    0.31030E-04
    0.11130E+02    0.29443E-04
    0.11355E+02    0.27937E-04
    0.11584E+02    0.26508E-04
    0.11818E+02    0.25150E-04
    0.12057E+02    0.23862E-04
    0.12301E+02    0.22638E-04
    0.12549E+02    0.21477E-04
    0.12803E+02    0.20375E-04
    0.13061E+02    0.19328E-04
    0.13325E+02    0.18335E-04
    0.13594E+02    0.17392E-04
    0.13869E+02    0.16498E-04
    0.14149E+02    0.15648E-04
    0.14435E+02    0.14843E-04
    0.14727E+02    0.14078E-04
    0.15024E+02    0.13352E-04
    0.15328E+02    0.12663E-04
    0.15637E+02    0.12010E-04
    0.15953E+02    0.11389E-04
    0.16275E+02    0.10801E-04
    0.16604E+02    0.10243E-04
    0.16940E+02    0.97129E-05
    0.17282E+02    0.92103E-05
    0.17631E+02    0.87334E-05
    0.17987E+02    0.82810E-05
    0.18351E+02    0.78519E-05
    0.18721E+02    0.74447E-05
    0.19099E+02    0.70585E-05
    0.19485E+02    0.66922E-05
    0.19879E+02    0.63446E-05
    0.20280E+02    0.60150E-05
    0.20690E+02    0.57024E-05
    0.21108E+02    0.54058E-05
    0.21535E+02    0.51245E-05
    0.21970E+02    0.48578E-05
    0.22413E+02    0.46048E-05
    0.22866E+02    0.43649E-05
    0.23328E+02    0.41373E-05
    0.23799E+02    0.39216E-05
    0.24280E+02    0.37170E-05
    0.24771E+02    0.35229E-05
    0.25271E+02    0.33389E-05
    0.25782E+02    0.31645E-05
    0.26302E+02    0.29991E-05
    0.26834E+02    0.28422E-05
    0.27376E+02    0.26935E-05
    0.27929E+02    0.25526E-05
    0.28493E+02    0.24189E-05
    0.29069E+02    0.22922E-05
    0.29656E+02    0.21720E-05
    0.30255E+02    0.20582E-05
    0.30866E+02    0.19502E-05
    0.31490E+02    0.18479E-05
    0.32126E+02    0.17508E-05
    0.32775E+02    0.16589E-05
    0.33437E+02    0.15717E-05
    0.34112E+02    0.14891E-05
    0.34801E+02    0.14108E-05
    0.35504E+02    0.13366E-05
    0.36222E+02    0.12662E-05
    0.36953E+02    0.11996E-05
    0.37700E+02    0.11364E-05
    0.38462E+02    0.10765E-05
    0.39239E+02    0.10197E-05
    0.40031E+02    0.96595E-06
    0.40840E+02    0.91499E-06
    0.41665E+02    0.86669E-06
    0.42507E+02    0.82093E-06
    0.43365E+02    0.77756E-06
    0.44241E+02    0.73647E-06
    0.45135E+02    0.69754E-06
    0.46047E+02    0.66064E-06
    0.46977E+02    0.62569E-06
    0.47926E+02    0.59257E-06
    0.48894E+02    0.56120E-06
    0.49882E+02    0.53147E-06
    0.50890E+02    0.50331E-06
    0.51918E+02    0.47663E-06
    0.52966E+02    0.45135E-06
    0.54036E+02    0.42740E-06
    0.55128E+02    0.40472E-06
    0.56242E+02    0.38323E-06
    0.57378E+02    0.36287E-06
    0.58537E+02    0.34359E-06
    0.59720E+02    0.32533E-06
    0.60926E+02    0.30803E-06
    0.62157E+02    0.29164E-06
    0.63412E+02    0.27612E-06
    0.64693E+02    0.26142E-06
    0.66000E+02    0.24750E-06
    0.67334E+02    0.23431E-06
    0.68694E+02    0.22182E-06
    0.70082E+02    0.21000E-06
    0.71497E+02    0.19880E-06
    0.72942E+02    0.18819E-06
    0.74415E+02    0.17814E-06
    0.75918E+02    0.16863E-06
    0.77452E+02    0.15962E-06
    0.79017E+02    0.15109E-06
    0.80613E+02    0.14301E-06
    0.82241E+02    0.13536E-06
    0.83903E+02    0.12812E-06
    0.85598E+02    0.12126E-06
    0.87327E+02    0.11476E-06
    0.89091E+02    0.10861E-06
    0.90891E+02    0.10279E-06
    0.92727E+02    0.97272E-07
    0.94600E+02    0.92053E-07
    0.96511E+02    0.87112E-07
    0.98461E+02    0.82436E-07
    0.10045E+03    0.78010E-07
    0.10248E+03    0.73822E-07
