    0.10000E-03    0.56954E+01
    0.10202E-03    0.58060E+01
    0.10408E-03    0.59188E+01
    0.10618E-03    0.60338E+01
    0.10833E-03    0.61510E+01
    0.11052E-03    0.62705E+01
    0.11275E-03    0.63924E+01
    0.11503E-03    0.65166E+01
    0.11735E-03    0.66432E+01
    0.11972E-03    0.67722E+01
    0.12214E-03    0.69038E+01
    0.12461E-03    0.70379E+01
    0.12712E-03    0.71746E+01
    0.12969E-03    0.73140E+01
    0.13231E-03    0.74561E+01
    0.13499E-03    0.76009E+01
    0.13771E-03    0.77485E+01
    0.14049E-03    0.78990E+01
    0.14333E-03    0.80525E+01
    0.14623E-03    0.82089E+01
    0.14918E-03    0.83683E+01
    0.15220E-03    0.85308E+01
    0.15527E-03    0.86965E+01
    0.15841E-03    0.88654E+01
    0.16161E-03    0.90376E+01
    0.16487E-03    0.92131E+01
    0.16820E-03    0.93920E+01
    0.17160E-03    0.95744E+01
    0.17507E-03    0.97603E+01
    0.17860E-03    0.99498E+01
    0.18221E-03    0.10143E+02
    0.18589E-03    0.10340E+02
    0.18965E-03    0.10541E+02
    0.19348E-03    0.10745E+02
    0.19739E-03    0.10954E+02
    0.20138E-03    0.11167E+02
    0.20544E-03    0.11383E+02
    0.20959E-03    0.11604E+02
    0.21383E-03    0.11830E+02
    0.21815E-03    0.12059E+02
    0.22255E-03    0.12293E+02
    0.22705E-03    0.12532E+02
    0.23164E-03    0.12775E+02
    0.23632E-03    0.13023E+02
    0.24109E-03    0.13276E+02
    0.24596E-03    0.13533E+02
    0.25093E-03    0.13796E+02
    0.25600E-03    0.14063E+02
    0.26117E-03    0.14336E+02
    0.26645E-03    0.14614E+02
    0.27183E-03    0.14898E+02
    0.27732E-03    0.15187E+02
    0.28292E-03    0.15481E+02
    0.28864E-03    0.15781E+02
    0.29447E-03    0.16087E+02
    0.30042E-03    0.16399E+02
    0.30649E-03    0.16717E+02
    0.31268E-03    0.17041E+02
    0.31899E-03    0.17371E+02
    0.32544E-03    0.17708E+02
    0.33201E-03    0.18051E+02
    0.33872E-03    0.18401E+02
    0.34556E-03    0.18757E+02
    0.35254E-03    0.19121E+02
    0.35966E-03    0.19491E+02
    0.36693E-03    0.19868E+02
    0.37434E-03    0.20253E+02
    0.38190E-03    0.20645E+02
    0.38962E-03    0.21045E+02
    0.39749E-03    0.21452E+02
    0.40552E-03    0.21867E+02
    0.41371E-03    0.22290E+02
    0.42207E-03    0.22721E+02
    0.43060E-03    0.23161E+02
    0.43929E-03    0.23608E+02
    0.44817E-03    0.24065E+02
    0.45722E-03    0.24530E+02
    0.46646E-03    0.25004E+02
    0.47588E-03    0.25487E+02
    0.48550E-03    0.25979E+02
    0.49530E-03    0.26481E+02
    0.50531E-03    0.26992E+02
    0.51552E-03    0.27513E+02
    0.52593E-03    0.28043E+02
    0.53656E-03    0.28584E+02
    0.54739E-03    0.29135E+02
    0.55845E-03    0.29697E+02
    0.56973E-03    0.30269E+02
    0.58124E-03    0.30852E+02
    0.59299E-03    0.31446E+02
    0.60496E-03    0.32051E+02
    0.61719E-03    0.32668E+02
    0.62965E-03    0.33296E+02
    0.64237E-03    0.33936E+02
    0.65535E-03    0.34588E+02
    0.66859E-03    0.35252E+02
    0.68210E-03    0.35929E+02
    0.69588E-03    0.36618E+02
    0.70993E-03    0.37321E+02
    0.72427E-03    0.38036E+02
    0.73891E-03    0.38765E+02
    0.75383E-03    0.39507E+02
    0.76906E-03    0.40263E+02
    0.78460E-03    0.41033E+02
    0.80045E-03    0.41817E+02
    0.81662E-03    0.42616E+02
    0.83311E-03    0.43429E+02
    0.84994E-03    0.44257E+02
    0.86711E-03    0.45101E+02
    0.88463E-03    0.45960E+02
    0.90250E-03    0.46834E+02
    0.92073E-03    0.47725E+02
    0.93933E-03    0.48631E+02
    0.95831E-03    0.49554E+02
    0.97767E-03    0.50494E+02
    0.99742E-03    0.51450E+02
    0.10176E-02    0.52424E+02
    0.10381E-02    0.53415E+02
    0.10591E-02    0.54424E+02
    0.10805E-02    0.55451E+02
    0.11023E-02    0.56496E+02
    0.11246E-02    0.57559E+02
    0.11473E-02    0.58642E+02
    0.11705E-02    0.59743E+02
    0.11941E-02    0.60863E+02
    0.12182E-02    0.62003E+02
    0.12429E-02    0.63163E+02
    0.12680E-02    0.64342E+02
    0.12936E-02    0.65542E+02
    0.13197E-02    0.66762E+02
    0.13464E-02    0.68003E+02
    0.13736E-02    0.69266E+02
    0.14013E-02    0.70549E+02
    0.14296E-02    0.71854E+02
    0.14585E-02    0.73181E+02
    0.14880E-02    0.74529E+02
    0.15180E-02    0.75900E+02
    0.15487E-02    0.77294E+02
    0.15800E-02    0.78710E+02
    0.16119E-02    0.80149E+02
    0.16445E-02    0.81611E+02
    0.16777E-02    0.83097E+02
    0.17116E-02    0.84606E+02
    0.17462E-02    0.86139E+02
    0.17814E-02    0.87696E+02
    0.18174E-02    0.89277E+02
    0.18541E-02    0.90883E+02
    0.18916E-02    0.92513E+02
    0.19298E-02    0.94168E+02
    0.19688E-02    0.95848E+02
    0.20086E-02    0.97553E+02
    0.20491E-02    0.99284E+02
    0.20905E-02    0.10104E+03
    0.21328E-02    0.10282E+03
    0.21758E-02    0.10463E+03
    0.22198E-02    0.10646E+03
    0.22646E-02    0.10832E+03
    0.23104E-02    0.11020E+03
    0.23571E-02    0.11212E+03
    0.24047E-02    0.11405E+03
    0.24533E-02    0.11602E+03
    0.25028E-02    0.11801E+03
    0.25534E-02    0.12002E+03
    0.26050E-02    0.12207E+03
    0.26576E-02    0.12413E+03
    0.27113E-02    0.12623E+03
    0.27660E-02    0.12835E+03
    0.28219E-02    0.13050E+03
    0.28789E-02    0.13268E+03
    0.29371E-02    0.13488E+03
    0.29964E-02    0.13710E+03
    0.30569E-02    0.13936E+03
    0.31187E-02    0.14164E+03
    0.31817E-02    0.14394E+03
    0.32460E-02    0.14627E+03
    0.33115E-02    0.14863E+03
    0.33784E-02    0.15101E+03
    0.34467E-02    0.15342E+03
    0.35163E-02    0.15585E+03
    0.35874E-02    0.15831E+03
    0.36598E-02    0.16079E+03
    0.37338E-02    0.16329E+03
    0.38092E-02    0.16582E+03
    0.38861E-02    0.16837E+03
    0.39646E-02    0.17094E+03
    0.40447E-02    0.17354E+03
    0.41264E-02    0.17616E+03
    0.42098E-02    0.17880E+03
    0.42948E-02    0.18146E+03
    0.43816E-02    0.18414E+03
    0.44701E-02    0.18684E+03
    0.45604E-02    0.18956E+03
    0.46525E-02    0.19229E+03
    0.47465E-02    0.19504E+03
    0.48424E-02    0.19781E+03
    0.49402E-02    0.20060E+03
    0.50400E-02    0.20340E+03
    0.51419E-02    0.20621E+03
    0.52457E-02    0.20904E+03
    0.53517E-02    0.21188E+03
    0.54598E-02    0.21472E+03
    0.55701E-02    0.21758E+03
    0.56826E-02    0.22045E+03
    0.57974E-02    0.22332E+03
    0.59145E-02    0.22620E+03
    0.60340E-02    0.22909E+03
    0.61559E-02    0.23198E+03
    0.62803E-02    0.23487E+03
    0.64072E-02    0.23776E+03
    0.65366E-02    0.24065E+03
    0.66686E-02    0.24354E+03
    0.68033E-02    0.24642E+03
    0.69408E-02    0.24930E+03
    0.70810E-02    0.25218E+03
    0.72240E-02    0.25504E+03
    0.73700E-02    0.25789E+03
    0.75189E-02    0.26073E+03
    0.76708E-02    0.26355E+03
    0.78257E-02    0.26636E+03
    0.79838E-02    0.26914E+03
    0.81451E-02    0.27191E+03
    0.83096E-02    0.27465E+03
    0.84775E-02    0.27737E+03
    0.86488E-02    0.28006E+03
    0.88235E-02    0.28271E+03
    0.90017E-02    0.28534E+03
    0.91836E-02    0.28793E+03
    0.93691E-02    0.29048E+03
    0.95583E-02    0.29299E+03
    0.97514E-02    0.29545E+03
    0.99484E-02    0.29787E+03
    0.10149E-01    0.30024E+03
    0.10354E-01    0.30255E+03
    0.10564E-01    0.30481E+03
    0.10777E-01    0.30702E+03
    0.10995E-01    0.30915E+03
    0.11217E-01    0.31123E+03
    0.11443E-01    0.31324E+03
    0.11675E-01    0.31517E+03
    0.11910E-01    0.31703E+03
    0.12151E-01    0.31881E+03
    0.12397E-01    0.32051E+03
    0.12647E-01    0.32212E+03
    0.12902E-01    0.32365E+03
    0.13163E-01    0.32508E+03
    0.13429E-01    0.32642E+03
    0.13700E-01    0.32765E+03
    0.13977E-01    0.32879E+03
    0.14259E-01    0.32981E+03
    0.14547E-01    0.33073E+03
    0.14841E-01    0.33153E+03
    0.15141E-01    0.33221E+03
    0.15447E-01    0.33278E+03
    0.15759E-01    0.33321E+03
    0.16077E-01    0.33352E+03
    0.16402E-01    0.33370E+03
    0.16734E-01    0.33375E+03
    0.17072E-01    0.33365E+03
    0.17416E-01    0.33342E+03
    0.17768E-01    0.33305E+03
    0.18127E-01    0.33253E+03
    0.18493E-01    0.33186E+03
    0.18867E-01    0.33104E+03
    0.19248E-01    0.33007E+03
    0.19637E-01    0.32894E+03
    0.20034E-01    0.32766E+03
    0.20438E-01    0.32622E+03
    0.20851E-01    0.32463E+03
    0.21272E-01    0.32287E+03
    0.21702E-01    0.32096E+03
    0.22141E-01    0.31890E+03
    0.22588E-01    0.31667E+03
    0.23044E-01    0.31429E+03
    0.23510E-01    0.31176E+03
    0.23985E-01    0.30907E+03
    0.24469E-01    0.30624E+03
    0.24964E-01    0.30326E+03
    0.25468E-01    0.30014E+03
    0.25982E-01    0.29689E+03
    0.26507E-01    0.29350E+03
    0.27043E-01    0.28998E+03
    0.27589E-01    0.28635E+03
    0.28146E-01    0.28260E+03
    0.28715E-01    0.27874E+03
    0.29295E-01    0.27479E+03
    0.29887E-01    0.27074E+03
    0.30490E-01    0.26662E+03
    0.31106E-01    0.26243E+03
    0.31735E-01    0.25817E+03
    0.32376E-01    0.25386E+03
    0.33030E-01    0.24952E+03
    0.33697E-01    0.24515E+03
    0.34378E-01    0.24076E+03
    0.35072E-01    0.23636E+03
    0.35781E-01    0.23197E+03
    0.36504E-01    0.22761E+03
    0.37241E-01    0.22327E+03
    0.37993E-01    0.21897E+03
    0.38761E-01    0.21473E+03
    0.39544E-01    0.21055E+03
    0.40343E-01    0.20645E+03
    0.41158E-01    0.20244E+03
    0.41989E-01    0.19852E+03
    0.42838E-01    0.19470E+03
    0.43703E-01    0.19100E+03
    0.44586E-01    0.18742E+03
    0.45486E-01    0.18396E+03
    0.46405E-01    0.18063E+03
    0.47343E-01    0.17743E+03
    0.48299E-01    0.17436E+03
    0.49275E-01    0.17143E+03
    0.50270E-01    0.16863E+03
    0.51286E-01    0.16596E+03
    0.52322E-01    0.16341E+03
    0.53379E-01    0.16098E+03
    0.54457E-01    0.15866E+03
    0.55557E-01    0.15643E+03
    0.56680E-01    0.15428E+03
    0.57825E-01    0.15221E+03
    0.58993E-01    0.15018E+03
    0.60184E-01    0.14820E+03
    0.61400E-01    0.14623E+03
    0.62641E-01    0.14425E+03
    0.63906E-01    0.14225E+03
    0.65197E-01    0.14021E+03
    0.66514E-01    0.13810E+03
    0.67858E-01    0.13591E+03
    0.69229E-01    0.13362E+03
    0.70627E-01    0.13120E+03
    0.72054E-01    0.12866E+03
    0.73510E-01    0.12599E+03
    0.74994E-01    0.12316E+03
    0.76509E-01    0.12020E+03
    0.78055E-01    0.11709E+03
    0.79632E-01    0.11386E+03
    0.81241E-01    0.11051E+03
    0.82882E-01    0.10708E+03
    0.84556E-01    0.10358E+03
    0.86264E-01    0.10004E+03
    0.88007E-01    0.96501E+02
    0.89785E-01    0.92994E+02
    0.91598E-01    0.89555E+02
    0.93449E-01    0.86218E+02
    0.95337E-01    0.83017E+02
    0.97263E-01    0.79981E+02
    0.99227E-01    0.77137E+02
    0.10123E+00    0.74503E+02
    0.10328E+00    0.72093E+02
    0.10536E+00    0.69913E+02
    0.10749E+00    0.67961E+02
    0.10966E+00    0.66228E+02
    0.11188E+00    0.64694E+02
    0.11414E+00    0.63335E+02
    0.11644E+00    0.62118E+02
    0.11880E+00    0.61004E+02
    0.12120E+00    0.59949E+02
    0.12365E+00    0.58907E+02
    0.12614E+00    0.57832E+02
    0.12869E+00    0.56684E+02
    0.13129E+00    0.55428E+02
    0.13394E+00    0.54039E+02
    0.13665E+00    0.52503E+02
    0.13941E+00    0.50821E+02
    0.14223E+00    0.49009E+02
    0.14510E+00    0.47096E+02
    0.14803E+00    0.45126E+02
    0.15102E+00    0.43145E+02
    0.15407E+00    0.41204E+02
    0.15718E+00    0.39354E+02
    0.16036E+00    0.37637E+02
    0.16360E+00    0.36087E+02
    0.16690E+00    0.34723E+02
    0.17028E+00    0.33548E+02
    0.17371E+00    0.32549E+02
    0.17722E+00    0.31701E+02
    0.18080E+00    0.30966E+02
    0.18446E+00    0.30294E+02
    0.18818E+00    0.29636E+02
    0.19198E+00    0.28942E+02
    0.19586E+00    0.28175E+02
    0.19982E+00    0.27313E+02
    0.20386E+00    0.26349E+02
    0.20797E+00    0.25300E+02
    0.21218E+00    0.24199E+02
    0.21646E+00    0.23091E+02
    0.22083E+00    0.22019E+02
    0.22530E+00    0.21026E+02
    0.22985E+00    0.20142E+02
    0.23449E+00    0.19378E+02
    0.23923E+00    0.18728E+02
    0.24406E+00    0.18169E+02
    0.24899E+00    0.17666E+02
    0.25402E+00    0.17180E+02
    0.25915E+00    0.16674E+02
    0.26439E+00    0.16124E+02
    0.26973E+00    0.15523E+02
    0.27518E+00    0.14881E+02
    0.28074E+00    0.14225E+02
    0.28641E+00    0.13584E+02
    0.29219E+00    0.12989E+02
    0.29810E+00    0.12456E+02
    0.30412E+00    0.11990E+02
    0.31026E+00    0.11577E+02
    0.31653E+00    0.11197E+02
    0.32292E+00    0.10825E+02
    0.32945E+00    0.10441E+02
    0.33610E+00    0.10038E+02
    0.34289E+00    0.96211E+01
    0.34982E+00    0.92047E+01
    0.35689E+00    0.88071E+01
    0.36409E+00    0.84411E+01
    0.37145E+00    0.81103E+01
    0.37895E+00    0.78080E+01
    0.38661E+00    0.75214E+01
    0.39442E+00    0.72380E+01
    0.40239E+00    0.69511E+01
    0.41052E+00    0.66622E+01
    0.41881E+00    0.63789E+01
    0.42727E+00    0.61096E+01
    0.43590E+00    0.58591E+01
    0.44471E+00    0.56259E+01
    0.45369E+00    0.54047E+01
    0.46286E+00    0.51891E+01
    0.47221E+00    0.49761E+01
    0.48174E+00    0.47668E+01
    0.49148E+00    0.45651E+01
    0.50141E+00    0.43740E+01
    0.51153E+00    0.41937E+01
    0.52187E+00    0.40218E+01
    0.53241E+00    0.38555E+01
    0.54317E+00    0.36935E+01
    0.55414E+00    0.35368E+01
    0.56533E+00    0.33866E+01
    0.57675E+00    0.32437E+01
    0.58840E+00    0.31071E+01
    0.60029E+00    0.29758E+01
    0.61242E+00    0.28494E+01
    0.62479E+00    0.27280E+01
    0.63741E+00    0.26112E+01
    0.65029E+00    0.24991E+01
    0.66342E+00    0.23915E+01
    0.67683E+00    0.22883E+01
    0.69050E+00    0.21893E+01
    0.70445E+00    0.20944E+01
    0.71868E+00    0.20034E+01
    0.73320E+00    0.19162E+01
    0.74801E+00    0.18327E+01
    0.76312E+00    0.17527E+01
    0.77854E+00    0.16760E+01
    0.79426E+00    0.16025E+01
    0.81031E+00    0.15321E+01
    0.82668E+00    0.14647E+01
    0.84338E+00    0.14001E+01
    0.86041E+00    0.13382E+01
    0.87780E+00    0.12789E+01
    0.89553E+00    0.12221E+01
    0.91362E+00    0.11678E+01
    0.93208E+00    0.11157E+01
    0.95091E+00    0.10658E+01
    0.97011E+00    0.10181E+01
    0.98971E+00    0.97247E+00
    0.10097E+01    0.92878E+00
    0.10301E+01    0.88697E+00
    0.10509E+01    0.84697E+00
    0.10721E+01    0.80870E+00
    0.10938E+01    0.77210E+00
    0.11159E+01    0.73710E+00
    0.11384E+01    0.70363E+00
    0.11614E+01    0.67162E+00
    0.11849E+01    0.64101E+00
    0.12088E+01    0.61175E+00
    0.12333E+01    0.58378E+00
    0.12582E+01    0.55705E+00
    0.12836E+01    0.53150E+00
    0.13095E+01    0.50708E+00
    0.13360E+01    0.48374E+00
    0.13630E+01    0.46144E+00
    0.13905E+01    0.44014E+00
    0.14186E+01    0.41979E+00
    0.14472E+01    0.40035E+00
    0.14765E+01    0.38178E+00
    0.15063E+01    0.36404E+00
    0.15367E+01    0.34711E+00
    0.15678E+01    0.33094E+00
    0.15994E+01    0.31550E+00
    0.16318E+01    0.30076E+00
    0.16647E+01    0.28669E+00
    0.16984E+01    0.27325E+00
    0.17327E+01    0.26043E+00
    0.17677E+01    0.24820E+00
    0.18034E+01    0.23652E+00
    0.18398E+01    0.22538E+00
    0.18770E+01    0.21474E+00
    0.19149E+01    0.20460E+00
    0.19536E+01    0.19492E+00
    0.19930E+01    0.18569E+00
    0.20333E+01    0.17688E+00
    0.20744E+01    0.16849E+00
    0.21163E+01    0.16048E+00
    0.21590E+01    0.15284E+00
    0.22026E+01    0.14555E+00
    0.22471E+01    0.13861E+00
    0.22925E+01    0.13199E+00
    0.23388E+01    0.12567E+00
    0.23861E+01    0.11965E+00
    0.24343E+01    0.11392E+00
    0.24835E+01    0.10845E+00
    0.25336E+01    0.10324E+00
    0.25848E+01    0.98270E-01
    0.26370E+01    0.93537E-01
    0.26903E+01    0.89027E-01
    0.27447E+01    0.84729E-01
    0.28001E+01    0.80635E-01
    0.28567E+01    0.76734E-01
    0.29144E+01    0.73017E-01
    0.29733E+01    0.69477E-01
    0.30333E+01    0.66105E-01
    0.30946E+01    0.62894E-01
    0.31571E+01    0.59835E-01
    0.32209E+01    0.56922E-01
    0.32860E+01    0.54148E-01
    0.33523E+01    0.51506E-01
    0.34201E+01    0.48991E-01
    0.34892E+01    0.46597E-01
    0.35596E+01    0.44317E-01
    0.36316E+01    0.42146E-01
    0.37049E+01    0.40080E-01
    0.37798E+01    0.38113E-01
    0.38561E+01    0.36242E-01
    0.39340E+01    0.34460E-01
    0.40135E+01    0.32764E-01
    0.40946E+01    0.31150E-01
    0.41773E+01    0.29615E-01
    0.42617E+01    0.28154E-01
    0.43478E+01    0.26763E-01
    0.44356E+01    0.25440E-01
    0.45252E+01    0.24182E-01
    0.46166E+01    0.22984E-01
    0.47099E+01    0.21845E-01
    0.48050E+01    0.20762E-01
    0.49021E+01    0.19731E-01
    0.50011E+01    0.18751E-01
    0.51021E+01    0.17818E-01
    0.52052E+01    0.16932E-01
    0.53104E+01    0.16088E-01
    0.54176E+01    0.15286E-01
    0.55271E+01    0.14524E-01
    0.56387E+01    0.13798E-01
    0.57526E+01    0.13109E-01
    0.58689E+01    0.12453E-01
    0.59874E+01    0.11830E-01
    0.61084E+01    0.11238E-01
    0.62318E+01    0.10674E-01
    0.63577E+01    0.10139E-01
    0.64861E+01    0.96300E-02
    0.66171E+01    0.91462E-02
    0.67508E+01    0.86864E-02
    0.68872E+01    0.82494E-02
    0.70263E+01    0.78340E-02
    0.71682E+01    0.74393E-02
    0.73130E+01    0.70643E-02
    0.74608E+01    0.67078E-02
    0.76115E+01    0.63691E-02
    0.77653E+01    0.60473E-02
    0.79221E+01    0.57416E-02
    0.80822E+01    0.54511E-02
    0.82454E+01    0.51751E-02
    0.84120E+01    0.49129E-02
    0.85819E+01    0.46638E-02
    0.87553E+01    0.44272E-02
    0.89322E+01    0.42024E-02
    0.91126E+01    0.39890E-02
    0.92967E+01    0.37862E-02
    0.94845E+01    0.35936E-02
    0.96761E+01    0.34107E-02
    0.98716E+01    0.32370E-02
    0.10071E+02    0.30720E-02
    0.10274E+02    0.29154E-02
    0.10482E+02    0.27666E-02
    0.10694E+02    0.26253E-02
    0.10910E+02    0.24912E-02
    0.11130E+02    0.23639E-02
    0.11355E+02    0.22429E-02
    0.11584E+02    0.21281E-02
    0.11818E+02    0.20192E-02
    0.12057E+02    0.19157E-02
    0.12301E+02    0.18175E-02
    0.12549E+02    0.17242E-02
    0.12803E+02    0.16357E-02
    0.13061E+02    0.15517E-02
    0.13325E+02    0.14720E-02
    0.13594E+02    0.13963E-02
    0.13869E+02    0.13244E-02
    0.14149E+02    0.12563E-02
    0.14435E+02    0.11916E-02
    0.14727E+02    0.11301E-02
    0.15024E+02    0.10719E-02
    0.15328E+02    0.10166E-02
    0.15637E+02    0.96410E-03
    0.15953E+02    0.91431E-03
    0.16275E+02    0.86706E-03
    0.16604E+02    0.82224E-03
    0.16940E+02    0.77970E-03
    0.17282E+02    0.73935E-03
    0.17631E+02    0.70106E-03
    0.17987E+02    0.66474E-03
    0.18351E+02    0.63029E-03
    0.18721E+02    0.59760E-03
    0.19099E+02    0.56659E-03
    0.19485E+02    0.53718E-03
    0.19879E+02    0.50928E-03
    0.20280E+02    0.48281E-03
    0.20690E+02    0.45771E-03
    0.21108E+02    0.43390E-03
    0.21535E+02    0.41132E-03
    0.21970E+02    0.38990E-03
    0.22413E+02    0.36959E-03
    0.22866E+02    0.35033E-03
    0.23328E+02    0.33206E-03
    0.23799E+02    0.31474E-03
    0.24280E+02    0.29831E-03
    0.24771E+02    0.28273E-03
    0.25271E+02    0.26796E-03
    0.25782E+02    0.25396E-03
    0.26302E+02    0.24068E-03
    0.26834E+02    0.22809E-03
    0.27376E+02    0.21615E-03
    0.27929E+02    0.20483E-03
    0.28493E+02    0.19410E-03
    0.29069E+02    0.18393E-03
    0.29656E+02    0.17428E-03
    0.30255E+02    0.16514E-03
    0.30866E+02    0.15648E-03
    0.31490E+02    0.14826E-03
    0.32126E+02    0.14047E-03
    0.32775E+02    0.13309E-03
    0.33437E+02    0.12609E-03
    0.34112E+02    0.11946E-03
    0.34801E+02    0.11317E-03
    0.35504E+02    0.10722E-03
    0.36222E+02    0.10157E-03
    0.36953E+02    0.96218E-04
    0.37700E+02    0.91145E-04
    0.38462E+02    0.86339E-04
    0.39239E+02    0.81783E-04
    0.40031E+02    0.77467E-04
    0.40840E+02    0.73376E-04
    0.41665E+02    0.69499E-04
    0.42507E+02    0.65826E-04
    0.43365E+02    0.62345E-04
    0.44241E+02    0.59047E-04
    0.45135E+02    0.55923E-04
    0.46047E+02    0.52962E-04
    0.46977E+02    0.50156E-04
    0.47926E+02    0.47499E-04
    0.48894E+02    0.44980E-04
    0.49882E+02    0.42595E-04
    0.50890E+02    0.40335E-04
    0.51918E+02    0.38193E-04
    0.52966E+02    0.36165E-04
    0.54036E+02    0.34244E-04
    0.55128E+02    0.32423E-04
    0.56242E+02    0.30699E-04
    0.57378E+02    0.29066E-04
    0.58537E+02    0.27518E-04
    0.59720E+02    0.26053E-04
    0.60926E+02    0.24665E-04
    0.62157E+02    0.23350E-04
    0.63412E+02    0.22105E-04
    0.64693E+02    0.20925E-04
    0.66000E+02    0.19809E-04
    0.67334E+02    0.18751E-04
    0.68694E+02    0.17749E-04
    0.70082E+02    0.16800E-04
    0.71497E+02    0.15902E-04
    0.72942E+02    0.15051E-04
    0.74415E+02    0.14246E-04
    0.75918E+02    0.13483E-04
    0.77452E+02    0.12760E-04
    0.79017E+02    0.12076E-04
    0.80613E+02    0.11429E-04
    0.82241E+02    0.10815E-04
    0.83903E+02    0.10234E-04
    0.85598E+02    0.96840E-05
    0.87327E+02    0.91631E-05
    0.89091E+02    0.86699E-05
    0.90891E+02    0.82030E-05
    0.92727E+02    0.77610E-05
    0.94600E+02    0.73427E-05
    0.96511E+02    0.69468E-05
    0.98461E+02    0.65721E-05
    0.10045E+03    0.62176E-05
    0.10248E+03    0.58821E-05
