  0.998830E-05  0.237520E+07  0.237520E+07  0.316676E+07  0.316676E+07  0.237652E+07  0.237522E+07
  0.110284E-04  0.237520E+07  0.237520E+07  0.316672E+07  0.316672E+07  0.237652E+07  0.237522E+07
  0.121769E-04  0.237520E+07  0.237520E+07  0.316668E+07  0.316667E+07  0.237652E+07  0.237522E+07
  0.134449E-04  0.237520E+07  0.237520E+07  0.316662E+07  0.316662E+07  0.237652E+07  0.237522E+07
  0.148450E-04  0.237520E+07  0.237520E+07  0.316655E+07  0.316655E+07  0.237652E+07  0.237522E+07
  0.163910E-04  0.237520E+07  0.237520E+07  0.316647E+07  0.316646E+07  0.237651E+07  0.237522E+07
  0.180978E-04  0.237520E+07  0.237520E+07  0.316637E+07  0.316636E+07  0.237651E+07  0.237522E+07
  0.199825E-04  0.237520E+07  0.237520E+07  0.316624E+07  0.316623E+07  0.237651E+07  0.237522E+07
  0.220634E-04  0.237519E+07  0.237519E+07  0.316609E+07  0.316608E+07  0.237650E+07  0.237521E+07
  0.243609E-04  0.237519E+07  0.237519E+07  0.316590E+07  0.316589E+07  0.237650E+07  0.237521E+07
  0.268978E-04  0.237519E+07  0.237519E+07  0.316568E+07  0.316566E+07  0.237649E+07  0.237521E+07
  0.296988E-04  0.237519E+07  0.237519E+07  0.316540E+07  0.316538E+07  0.237649E+07  0.237521E+07
  0.327915E-04  0.237518E+07  0.237518E+07  0.316506E+07  0.316504E+07  0.237648E+07  0.237520E+07
  0.362063E-04  0.237518E+07  0.237518E+07  0.316465E+07  0.316462E+07  0.237647E+07  0.237520E+07
  0.399767E-04  0.237517E+07  0.237517E+07  0.316415E+07  0.316411E+07  0.237646E+07  0.237519E+07
  0.441397E-04  0.237517E+07  0.237517E+07  0.316354E+07  0.316349E+07  0.237644E+07  0.237519E+07
  0.487362E-04  0.237516E+07  0.237516E+07  0.316280E+07  0.316274E+07  0.237643E+07  0.237518E+07
  0.538114E-04  0.237515E+07  0.237515E+07  0.316189E+07  0.316182E+07  0.237641E+07  0.237517E+07
  0.594151E-04  0.237514E+07  0.237514E+07  0.316079E+07  0.316070E+07  0.237638E+07  0.237516E+07
  0.656023E-04  0.237512E+07  0.237512E+07  0.315944E+07  0.315933E+07  0.237635E+07  0.237514E+07
  0.724339E-04  0.237511E+07  0.237511E+07  0.315780E+07  0.315767E+07  0.237631E+07  0.237513E+07
  0.799768E-04  0.237509E+07  0.237509E+07  0.315580E+07  0.315564E+07  0.237626E+07  0.237510E+07
  0.883053E-04  0.237506E+07  0.237506E+07  0.315337E+07  0.315317E+07  0.237621E+07  0.237508E+07
  0.975010E-04  0.237503E+07  0.237503E+07  0.315040E+07  0.315016E+07  0.237614E+07  0.237505E+07
  0.107654E-03  0.237499E+07  0.237499E+07  0.314679E+07  0.314650E+07  0.237605E+07  0.237501E+07
  0.118865E-03  0.237495E+07  0.237494E+07  0.314239E+07  0.314204E+07  0.237595E+07  0.237496E+07
  0.131243E-03  0.237489E+07  0.237489E+07  0.313703E+07  0.313661E+07  0.237582E+07  0.237491E+07
  0.144910E-03  0.237482E+07  0.237482E+07  0.313052E+07  0.313000E+07  0.237567E+07  0.237484E+07
  0.160001E-03  0.237474E+07  0.237474E+07  0.312259E+07  0.312196E+07  0.237548E+07  0.237475E+07
  0.176662E-03  0.237464E+07  0.237463E+07  0.311295E+07  0.311218E+07  0.237526E+07  0.237465E+07
  0.195059E-03  0.237452E+07  0.237451E+07  0.310123E+07  0.310030E+07  0.237498E+07  0.237452E+07
  0.215372E-03  0.237437E+07  0.237436E+07  0.308700E+07  0.308588E+07  0.237464E+07  0.237437E+07
  0.237800E-03  0.237418E+07  0.237418E+07  0.306974E+07  0.306838E+07  0.237423E+07  0.237418E+07
  0.262563E-03  0.237396E+07  0.237395E+07  0.304882E+07  0.304717E+07  0.237373E+07  0.237396E+07
  0.289906E-03  0.237369E+07  0.237368E+07  0.302349E+07  0.302150E+07  0.237312E+07  0.237368E+07
  0.320095E-03  0.237336E+07  0.237335E+07  0.299287E+07  0.299048E+07  0.237237E+07  0.237334E+07
  0.353429E-03  0.237296E+07  0.237294E+07  0.295594E+07  0.295306E+07  0.237147E+07  0.237293E+07
  0.390233E-03  0.237247E+07  0.237245E+07  0.291149E+07  0.290804E+07  0.237037E+07  0.237244E+07
  0.430871E-03  0.237188E+07  0.237185E+07  0.285813E+07  0.285403E+07  0.236903E+07  0.237183E+07
  0.475740E-03  0.237116E+07  0.237112E+07  0.279433E+07  0.278945E+07  0.236740E+07  0.237109E+07
  0.525281E-03  0.237029E+07  0.237024E+07  0.271833E+07  0.271259E+07  0.236541E+07  0.237020E+07
  0.579982E-03  0.236922E+07  0.236917E+07  0.262831E+07  0.262159E+07  0.236301E+07  0.236912E+07
  0.640379E-03  0.236794E+07  0.236788E+07  0.252234E+07  0.251454E+07  0.236008E+07  0.236781E+07
  0.707065E-03  0.236639E+07  0.236631E+07  0.239858E+07  0.238965E+07  0.235654E+07  0.236622E+07
  0.780696E-03  0.236451E+07  0.236442E+07  0.225545E+07  0.224537E+07  0.235225E+07  0.236430E+07
  0.861994E-03  0.236224E+07  0.236213E+07  0.209191E+07  0.208075E+07  0.234706E+07  0.236199E+07
  0.951759E-03  0.235952E+07  0.235939E+07  0.190784E+07  0.189577E+07  0.234079E+07  0.235920E+07
  0.105087E-02  0.235625E+07  0.235609E+07  0.170451E+07  0.169183E+07  0.233324E+07  0.235586E+07
  0.116030E-02  0.235234E+07  0.235215E+07  0.148512E+07  0.147234E+07  0.232415E+07  0.235187E+07
  0.128113E-02  0.234769E+07  0.234745E+07  0.125536E+07  0.124315E+07  0.231319E+07  0.234711E+07
  0.141455E-02  0.234216E+07  0.234188E+07  0.102371E+07  0.101290E+07  0.230007E+07  0.234145E+07
  0.156185E-02  0.233563E+07  0.233530E+07  0.801429E+06  0.792890E+06  0.228451E+07  0.233477E+07
  0.172450E-02  0.232796E+07  0.232756E+07  0.601571E+06  0.596018E+06  0.226611E+07  0.232692E+07
  0.190408E-02  0.231901E+07  0.231853E+07  0.437029E+06  0.434734E+06  0.224447E+07  0.231776E+07
  0.210236E-02  0.230861E+07  0.230805E+07  0.317245E+06  0.317727E+06  0.221916E+07  0.230711E+07
  0.232129E-02  0.229663E+07  0.229595E+07  0.244252E+06  0.246117E+06  0.218973E+07  0.229484E+07
  0.256302E-02  0.228290E+07  0.228208E+07  0.209622E+06  0.210803E+06  0.215579E+07  0.228076E+07
  0.282992E-02  0.226726E+07  0.226628E+07  0.195001E+06  0.193610E+06  0.211696E+07  0.226473E+07
  0.312462E-02  0.224954E+07  0.224836E+07  0.178717E+06  0.174318E+06  0.207295E+07  0.224657E+07
  0.345000E-02  0.222957E+07  0.222815E+07  0.147678E+06  0.142090E+06  0.202358E+07  0.222610E+07
  0.380927E-02  0.220716E+07  0.220544E+07  0.107116E+06  0.103368E+06  0.196883E+07  0.220312E+07
  0.420595E-02  0.218210E+07  0.218003E+07  0.760964E+05  0.753814E+05  0.190885E+07  0.217746E+07
  0.464394E-02  0.215422E+07  0.215172E+07  0.657601E+05  0.000000E+00  0.184401E+07  0.214893E+07
  0.512755E-02  0.212333E+07  0.212032E+07  0.627829E+05  0.000000E+00  0.177483E+07  0.211735E+07
  0.566151E-02  0.208927E+07  0.208564E+07  0.488805E+05  0.000000E+00  0.170195E+07  0.208258E+07
  0.625107E-02  0.205189E+07  0.204752E+07  0.334939E+05  0.000000E+00  0.162595E+07  0.204447E+07
  0.690203E-02  0.201104E+07  0.200579E+07  0.313532E+05  0.000000E+00  0.154730E+07  0.200288E+07
  0.762078E-02  0.196660E+07  0.196031E+07  0.264464E+05  0.000000E+00  0.146636E+07  0.195769E+07
  0.841438E-02  0.191846E+07  0.191093E+07  0.179167E+05  0.000000E+00  0.138343E+07  0.190880E+07
  0.929062E-02  0.186652E+07  0.185753E+07  0.176332E+05  0.000000E+00  0.129897E+07  0.185611E+07
  0.102581E-01  0.181068E+07  0.179998E+07  0.118897E+05  0.000000E+00  0.121350E+07  0.179952E+07
  0.113263E-01  0.175084E+07  0.173815E+07  0.112739E+05  0.000000E+00  0.112727E+07  0.173894E+07
  0.125058E-01  0.168717E+07  0.167217E+07  0.761777E+04  0.000000E+00  0.103468E+07  0.167443E+07
  0.138081E-01  0.161909E+07  0.160146E+07  0.663995E+04  0.000000E+00  0.943898E+06  0.160556E+07
  0.152460E-01  0.154678E+07  0.152619E+07  0.565322E+04  0.000000E+00  0.853089E+06  0.153247E+07
  0.168337E-01  0.147019E+07  0.144632E+07  0.394197E+04  0.000000E+00  0.764873E+06  0.145515E+07
  0.185867E-01  0.138965E+07  0.136224E+07  0.289531E+04  0.000000E+00  0.680096E+06  0.137396E+07
  0.205222E-01  0.130548E+07  0.127436E+07  0.233969E+04  0.000000E+00  0.598078E+06  0.128921E+07
  0.226593E-01  0.121817E+07  0.118332E+07  0.215227E+04  0.000000E+00  0.519545E+06  0.120142E+07
  0.250190E-01  0.112862E+07  0.109025E+07  0.125120E+04  0.000000E+00  0.446165E+06  0.111154E+07
  0.276244E-01  0.103811E+07  0.996755E+06  0.116467E+04  0.000000E+00  0.379143E+06  0.102091E+07
  0.305010E-01  0.948369E+06  0.904923E+06  0.773341E+03  0.000000E+00  0.318169E+06  0.931275E+06
  0.336773E-01  0.861495E+06  0.817300E+06  0.595028E+03  0.000000E+00  0.264274E+06  0.844797E+06
  0.371843E-01  0.779860E+06  0.736656E+06  0.468459E+03  0.000000E+00  0.217890E+06  0.763880E+06
  0.410565E-01  0.705745E+06  0.665539E+06  0.319143E+03  0.000000E+00  0.178768E+06  0.690811E+06
  0.451622E-01  0.642877E+06  0.607425E+06  0.000000E+00  0.000000E+00  0.147657E+06  0.629228E+06
  0.492678E-01  0.593726E+06  0.563866E+06  0.000000E+00  0.000000E+00  0.124287E+06  0.581407E+06
  0.533735E-01  0.554079E+06  0.529837E+06  0.000000E+00  0.000000E+00  0.106210E+06  0.543027E+06
  0.574791E-01  0.520743E+06  0.501456E+06  0.000000E+00  0.000000E+00  0.917870E+05  0.510808E+06
  0.615848E-01  0.491359E+06  0.475882E+06  0.000000E+00  0.000000E+00  0.798966E+05  0.482329E+06
  0.656904E-01  0.463756E+06  0.450717E+06  0.000000E+00  0.000000E+00  0.697849E+05  0.455403E+06
  0.697961E-01  0.436562E+06  0.424609E+06  0.000000E+00  0.000000E+00  0.609440E+05  0.428678E+06
  0.739017E-01  0.409329E+06  0.397339E+06  0.000000E+00  0.000000E+00  0.531517E+05  0.401745E+06
  0.780074E-01  0.382380E+06  0.369599E+06  0.000000E+00  0.000000E+00  0.462803E+05  0.374980E+06
  0.821130E-01  0.356426E+06  0.342529E+06  0.000000E+00  0.000000E+00  0.403022E+05  0.349156E+06
  0.862187E-01  0.332181E+06  0.317243E+06  0.000000E+00  0.000000E+00  0.351666E+05  0.325040E+06
  0.913081E-01  0.305374E+06  0.289714E+06  0.000000E+00  0.000000E+00  0.298883E+05  0.298452E+06
  0.963976E-01  0.282931E+06  0.267468E+06  0.000000E+00  0.000000E+00  0.256934E+05  0.276329E+06
  0.101487E+00  0.265120E+06  0.250780E+06  0.000000E+00  0.000000E+00  0.224142E+05  0.258932E+06
  0.106576E+00  0.251347E+06  0.238796E+06  0.000000E+00  0.000000E+00  0.198465E+05  0.245631E+06
  0.111666E+00  0.240335E+06  0.229830E+06  0.000000E+00  0.000000E+00  0.177740E+05  0.235098E+06
  0.116755E+00  0.230683E+06  0.222060E+06  0.000000E+00  0.000000E+00  0.160142E+05  0.225881E+06
  0.121845E+00  0.221285E+06  0.214055E+06  0.000000E+00  0.000000E+00  0.144456E+05  0.216837E+06
  0.126934E+00  0.211480E+06  0.205000E+06  0.000000E+00  0.000000E+00  0.130025E+05  0.207287E+06
  0.132024E+00  0.201060E+06  0.194714E+06  0.000000E+00  0.000000E+00  0.116584E+05  0.197032E+06
  0.137113E+00  0.190209E+06  0.183550E+06  0.000000E+00  0.000000E+00  0.104144E+05  0.186280E+06
  0.142202E+00  0.179366E+06  0.172200E+06  0.000000E+00  0.000000E+00  0.928645E+04  0.175506E+06
  0.147292E+00  0.169097E+06  0.161479E+06  0.000000E+00  0.000000E+00  0.829108E+04  0.165308E+06
  0.152381E+00  0.159946E+06  0.152124E+06  0.000000E+00  0.000000E+00  0.743899E+04  0.156254E+06
  0.157471E+00  0.152244E+06  0.144557E+06  0.000000E+00  0.000000E+00  0.672860E+04  0.148685E+06
  0.162560E+00  0.145972E+06  0.138742E+06  0.000000E+00  0.000000E+00  0.614121E+04  0.142577E+06
  0.167650E+00  0.140845E+06  0.134297E+06  0.000000E+00  0.000000E+00  0.564923E+04  0.137636E+06
  0.172739E+00  0.136476E+06  0.130690E+06  0.000000E+00  0.000000E+00  0.522580E+04  0.133455E+06
  0.177828E+00  0.132472E+06  0.127382E+06  0.000000E+00  0.000000E+00  0.484803E+04  0.129624E+06
  0.182918E+00  0.128469E+06  0.123899E+06  0.000000E+00  0.000000E+00  0.449718E+04  0.125764E+06
  0.188007E+00  0.124209E+06  0.119932E+06  0.000000E+00  0.000000E+00  0.416197E+04  0.121614E+06
  0.193097E+00  0.119635E+06  0.115435E+06  0.000000E+00  0.000000E+00  0.383990E+04  0.117119E+06
  0.198186E+00  0.114874E+06  0.110594E+06  0.000000E+00  0.000000E+00  0.353409E+04  0.112415E+06
  0.203276E+00  0.110127E+06  0.105697E+06  0.000000E+00  0.000000E+00  0.324971E+04  0.107713E+06
  0.208365E+00  0.105593E+06  0.101033E+06  0.000000E+00  0.000000E+00  0.299143E+04  0.103226E+06
  0.213454E+00  0.101445E+06  0.968383E+05  0.000000E+00  0.000000E+00  0.276163E+04  0.991317E+05
  0.218544E+00  0.977986E+05  0.932635E+05  0.000000E+00  0.000000E+00  0.256070E+04  0.955510E+05
  0.223633E+00  0.946719E+05  0.903245E+05  0.000000E+00  0.000000E+00  0.238665E+04  0.925017E+05
  0.228723E+00  0.919854E+05  0.879084E+05  0.000000E+00  0.000000E+00  0.223475E+04  0.898998E+05
  0.233812E+00  0.896013E+05  0.858279E+05  0.000000E+00  0.000000E+00  0.209933E+04  0.876012E+05
  0.238902E+00  0.873689E+05  0.838815E+05  0.000000E+00  0.000000E+00  0.197550E+04  0.854493E+05
  0.243991E+00  0.851556E+05  0.818962E+05  0.000000E+00  0.000000E+00  0.185928E+04  0.833066E+05
  0.249080E+00  0.828725E+05  0.797627E+05  0.000000E+00  0.000000E+00  0.174790E+04  0.810825E+05
  0.254170E+00  0.804946E+05  0.774562E+05  0.000000E+00  0.000000E+00  0.164076E+04  0.787521E+05
  0.259259E+00  0.780550E+05  0.750284E+05  0.000000E+00  0.000000E+00  0.153837E+04  0.763512E+05
  0.264349E+00  0.756198E+05  0.725743E+05  0.000000E+00  0.000000E+00  0.144164E+04  0.739496E+05
  0.269438E+00  0.732628E+05  0.701982E+05  0.000000E+00  0.000000E+00  0.135171E+04  0.716252E+05
  0.274528E+00  0.710507E+05  0.679916E+05  0.000000E+00  0.000000E+00  0.126950E+04  0.694474E+05
  0.279617E+00  0.690283E+05  0.660136E+05  0.000000E+00  0.000000E+00  0.119508E+04  0.674630E+05
  0.284706E+00  0.672075E+05  0.642776E+05  0.000000E+00  0.000000E+00  0.112805E+04  0.656839E+05
  0.289796E+00  0.655666E+05  0.627525E+05  0.000000E+00  0.000000E+00  0.106764E+04  0.640869E+05
  0.294885E+00  0.640609E+05  0.613779E+05  0.000000E+00  0.000000E+00  0.101244E+04  0.626257E+05
  0.299975E+00  0.626378E+05  0.600833E+05  0.000000E+00  0.000000E+00  0.961224E+03  0.612454E+05
  0.305064E+00  0.612486E+05  0.588052E+05  0.000000E+00  0.000000E+00  0.913028E+03  0.598957E+05
  0.310154E+00  0.598585E+05  0.575000E+05  0.000000E+00  0.000000E+00  0.867107E+03  0.585407E+05
  0.315243E+00  0.584524E+05  0.561507E+05  0.000000E+00  0.000000E+00  0.823038E+03  0.571655E+05
  0.320332E+00  0.570355E+05  0.547672E+05  0.000000E+00  0.000000E+00  0.780891E+03  0.557757E+05
  0.325422E+00  0.556271E+05  0.533778E+05  0.000000E+00  0.000000E+00  0.740826E+03  0.543920E+05
  0.330511E+00  0.542527E+05  0.520186E+05  0.000000E+00  0.000000E+00  0.703010E+03  0.530411E+05
  0.335601E+00  0.529367E+05  0.507233E+05  0.000000E+00  0.000000E+00  0.667714E+03  0.517487E+05
  0.340690E+00  0.516963E+05  0.495150E+05  0.000000E+00  0.000000E+00  0.634977E+03  0.505326E+05
  0.345779E+00  0.505381E+05  0.484021E+05  0.000000E+00  0.000000E+00  0.604696E+03  0.493996E+05
  0.350869E+00  0.494574E+05  0.473782E+05  0.000000E+00  0.000000E+00  0.576683E+03  0.483449E+05
  0.355958E+00  0.484415E+05  0.464256E+05  0.000000E+00  0.000000E+00  0.550668E+03  0.473550E+05
  0.361048E+00  0.474735E+05  0.455218E+05  0.000000E+00  0.000000E+00  0.526259E+03  0.464125E+05
  0.366137E+00  0.465365E+05  0.446441E+05  0.000000E+00  0.000000E+00  0.503219E+03  0.454996E+05
  0.371227E+00  0.456158E+05  0.437744E+05  0.000000E+00  0.000000E+00  0.481325E+03  0.446015E+05
  0.376316E+00  0.447023E+05  0.429020E+05  0.000000E+00  0.000000E+00  0.460355E+03  0.437088E+05
  0.381405E+00  0.437944E+05  0.420259E+05  0.000000E+00  0.000000E+00  0.440280E+03  0.428201E+05
  0.386495E+00  0.428972E+05  0.411541E+05  0.000000E+00  0.000000E+00  0.421137E+03  0.419410E+05
  0.391584E+00  0.420195E+05  0.402986E+05  0.000000E+00  0.000000E+00  0.402930E+03  0.410804E+05
  0.396674E+00  0.411688E+05  0.394703E+05  0.000000E+00  0.000000E+00  0.385672E+03  0.402466E+05
  0.401763E+00  0.403507E+05  0.386771E+05  0.000000E+00  0.000000E+00  0.369434E+03  0.394452E+05
  0.406853E+00  0.395684E+05  0.379238E+05  0.000000E+00  0.000000E+00  0.354144E+03  0.386798E+05
  0.411942E+00  0.388231E+05  0.372111E+05  0.000000E+00  0.000000E+00  0.339747E+03  0.379514E+05
  0.417031E+00  0.381117E+05  0.365349E+05  0.000000E+00  0.000000E+00  0.326208E+03  0.372567E+05
  0.422121E+00  0.374277E+05  0.358868E+05  0.000000E+00  0.000000E+00  0.313413E+03  0.365892E+05
  0.427210E+00  0.367642E+05  0.352583E+05  0.000000E+00  0.000000E+00  0.301238E+03  0.359417E+05
  0.432300E+00  0.361166E+05  0.346429E+05  0.000000E+00  0.000000E+00  0.289634E+03  0.353095E+05
  0.437389E+00  0.354818E+05  0.340370E+05  0.000000E+00  0.000000E+00  0.278568E+03  0.346893E+05
  0.442479E+00  0.348577E+05  0.334382E+05  0.000000E+00  0.000000E+00  0.267952E+03  0.340790E+05
  0.447568E+00  0.342436E+05  0.328465E+05  0.000000E+00  0.000000E+00  0.257794E+03  0.334781E+05
  0.452657E+00  0.336413E+05  0.322647E+05  0.000000E+00  0.000000E+00  0.248083E+03  0.328885E+05
  0.457747E+00  0.330538E+05  0.316968E+05  0.000000E+00  0.000000E+00  0.238814E+03  0.323133E+05
  0.462836E+00  0.324836E+05  0.311465E+05  0.000000E+00  0.000000E+00  0.229980E+03  0.317553E+05
  0.467926E+00  0.319319E+05  0.306155E+05  0.000000E+00  0.000000E+00  0.221590E+03  0.312155E+05
  0.473015E+00  0.313984E+05  0.301036E+05  0.000000E+00  0.000000E+00  0.213603E+03  0.306939E+05
  0.478105E+00  0.308826E+05  0.296102E+05  0.000000E+00  0.000000E+00  0.205997E+03  0.301897E+05
  0.483194E+00  0.303832E+05  0.291337E+05  0.000000E+00  0.000000E+00  0.198768E+03  0.297019E+05
  0.488283E+00  0.298986E+05  0.286715E+05  0.000000E+00  0.000000E+00  0.191859E+03  0.292285E+05
  0.493373E+00  0.294262E+05  0.282207E+05  0.000000E+00  0.000000E+00  0.185253E+03  0.287670E+05
  0.498462E+00  0.289638E+05  0.277788E+05  0.000000E+00  0.000000E+00  0.178923E+03  0.283151E+05
  0.503552E+00  0.285103E+05  0.273444E+05  0.000000E+00  0.000000E+00  0.172852E+03  0.278719E+05
  0.508641E+00  0.280658E+05  0.269177E+05  0.000000E+00  0.000000E+00  0.167012E+03  0.274372E+05
  0.513731E+00  0.276306E+05  0.264993E+05  0.000000E+00  0.000000E+00  0.161422E+03  0.270115E+05
  0.518820E+00  0.272048E+05  0.260896E+05  0.000000E+00  0.000000E+00  0.156059E+03  0.265950E+05
  0.523909E+00  0.267888E+05  0.256893E+05  0.000000E+00  0.000000E+00  0.150906E+03  0.261881E+05
  0.528999E+00  0.263833E+05  0.252995E+05  0.000000E+00  0.000000E+00  0.145978E+03  0.257915E+05
  0.534088E+00  0.259886E+05  0.249206E+05  0.000000E+00  0.000000E+00  0.141256E+03  0.254055E+05
  0.539178E+00  0.256045E+05  0.245524E+05  0.000000E+00  0.000000E+00  0.136740E+03  0.250300E+05
  0.544267E+00  0.252304E+05  0.241941E+05  0.000000E+00  0.000000E+00  0.132393E+03  0.246643E+05
  0.549357E+00  0.248653E+05  0.238449E+05  0.000000E+00  0.000000E+00  0.128247E+03  0.243076E+05
  0.552061E+00  0.246754E+05  0.236632E+05  0.000000E+00  0.000000E+00  0.126098E+03  0.241219E+05
  0.557609E+00  0.242922E+05  0.232965E+05  0.000000E+00  0.000000E+00  0.121847E+03  0.237474E+05
  0.563214E+00  0.239143E+05  0.229346E+05  0.000000E+00  0.000000E+00  0.117734E+03  0.233781E+05
  0.568874E+00  0.235411E+05  0.225768E+05  0.000000E+00  0.000000E+00  0.113748E+03  0.230132E+05
  0.574591E+00  0.231723E+05  0.222229E+05  0.000000E+00  0.000000E+00  0.109889E+03  0.226526E+05
  0.580366E+00  0.228085E+05  0.218736E+05  0.000000E+00  0.000000E+00  0.106156E+03  0.222969E+05
  0.586199E+00  0.224499E+05  0.215293E+05  0.000000E+00  0.000000E+00  0.102546E+03  0.219462E+05
  0.592090E+00  0.220965E+05  0.211900E+05  0.000000E+00  0.000000E+00  0.990576E+02  0.216007E+05
  0.598041E+00  0.217485E+05  0.208561E+05  0.000000E+00  0.000000E+00  0.956760E+02  0.212604E+05
  0.604052E+00  0.214064E+05  0.205281E+05  0.000000E+00  0.000000E+00  0.924213E+02  0.209259E+05
  0.610122E+00  0.210700E+05  0.202057E+05  0.000000E+00  0.000000E+00  0.892674E+02  0.205971E+05
  0.616254E+00  0.207387E+05  0.198883E+05  0.000000E+00  0.000000E+00  0.862282E+02  0.202733E+05
  0.622447E+00  0.204122E+05  0.195755E+05  0.000000E+00  0.000000E+00  0.832843E+02  0.199541E+05
  0.628703E+00  0.200906E+05  0.192672E+05  0.000000E+00  0.000000E+00  0.804368E+02  0.196397E+05
  0.635021E+00  0.197737E+05  0.189633E+05  0.000000E+00  0.000000E+00  0.776888E+02  0.193300E+05
  0.641404E+00  0.194613E+05  0.186636E+05  0.000000E+00  0.000000E+00  0.750261E+02  0.190245E+05
  0.647850E+00  0.191533E+05  0.183681E+05  0.000000E+00  0.000000E+00  0.724612E+02  0.187234E+05
  0.654361E+00  0.188502E+05  0.180773E+05  0.000000E+00  0.000000E+00  0.699748E+02  0.184271E+05
  0.660937E+00  0.185519E+05  0.177912E+05  0.000000E+00  0.000000E+00  0.675769E+02  0.181354E+05
  0.667580E+00  0.182579E+05  0.175092E+05  0.000000E+00  0.000000E+00  0.652594E+02  0.178480E+05
  0.674289E+00  0.179683E+05  0.172316E+05  0.000000E+00  0.000000E+00  0.630119E+02  0.175649E+05
  0.681066E+00  0.176833E+05  0.169584E+05  0.000000E+00  0.000000E+00  0.608482E+02  0.172863E+05
  0.687910E+00  0.174026E+05  0.166893E+05  0.000000E+00  0.000000E+00  0.587524E+02  0.170119E+05
  0.694824E+00  0.171258E+05  0.164239E+05  0.000000E+00  0.000000E+00  0.567266E+02  0.167413E+05
  0.701807E+00  0.168533E+05  0.161626E+05  0.000000E+00  0.000000E+00  0.547741E+02  0.164749E+05
  0.708861E+00  0.165850E+05  0.159052E+05  0.000000E+00  0.000000E+00  0.528814E+02  0.162126E+05
  0.715985E+00  0.163207E+05  0.156517E+05  0.000000E+00  0.000000E+00  0.510556E+02  0.159542E+05
  0.723180E+00  0.160605E+05  0.154022E+05  0.000000E+00  0.000000E+00  0.492952E+02  0.156998E+05
  0.730449E+00  0.158046E+05  0.151568E+05  0.000000E+00  0.000000E+00  0.475906E+02  0.154497E+05
  0.737790E+00  0.155525E+05  0.149150E+05  0.000000E+00  0.000000E+00  0.459454E+02  0.152032E+05
  0.745204E+00  0.153041E+05  0.146769E+05  0.000000E+00  0.000000E+00  0.443583E+02  0.149604E+05
  0.752694E+00  0.150596E+05  0.144424E+05  0.000000E+00  0.000000E+00  0.428201E+02  0.147213E+05
  0.760259E+00  0.148185E+05  0.142112E+05  0.000000E+00  0.000000E+00  0.413346E+02  0.144857E+05
  0.767900E+00  0.145810E+05  0.139835E+05  0.000000E+00  0.000000E+00  0.399014E+02  0.142535E+05
  0.775617E+00  0.143473E+05  0.137593E+05  0.000000E+00  0.000000E+00  0.385160E+02  0.140250E+05
  0.783412E+00  0.141172E+05  0.135386E+05  0.000000E+00  0.000000E+00  0.371758E+02  0.138001E+05
  0.791286E+00  0.138905E+05  0.133212E+05  0.000000E+00  0.000000E+00  0.358834E+02  0.135784E+05
  0.799238E+00  0.136675E+05  0.131074E+05  0.000000E+00  0.000000E+00  0.346371E+02  0.133605E+05
  0.807271E+00  0.134480E+05  0.128969E+05  0.000000E+00  0.000000E+00  0.334320E+02  0.131459E+05
  0.815384E+00  0.132319E+05  0.126896E+05  0.000000E+00  0.000000E+00  0.322678E+02  0.129346E+05
  0.823579E+00  0.130191E+05  0.124856E+05  0.000000E+00  0.000000E+00  0.311456E+02  0.127267E+05
  0.831856E+00  0.128096E+05  0.122847E+05  0.000000E+00  0.000000E+00  0.300602E+02  0.125218E+05
  0.840216E+00  0.126030E+05  0.120866E+05  0.000000E+00  0.000000E+00  0.290099E+02  0.123198E+05
  0.848660E+00  0.123997E+05  0.118916E+05  0.000000E+00  0.000000E+00  0.279952E+02  0.121211E+05
  0.857189E+00  0.121995E+05  0.116996E+05  0.000000E+00  0.000000E+00  0.270167E+02  0.119254E+05
  0.865805E+00  0.120024E+05  0.115106E+05  0.000000E+00  0.000000E+00  0.260733E+02  0.117328E+05
  0.874506E+00  0.118085E+05  0.113247E+05  0.000000E+00  0.000000E+00  0.251617E+02  0.115432E+05
  0.883295E+00  0.116176E+05  0.111416E+05  0.000000E+00  0.000000E+00  0.242806E+02  0.113566E+05
  0.892172E+00  0.114298E+05  0.109615E+05  0.000000E+00  0.000000E+00  0.234297E+02  0.111730E+05
  0.901139E+00  0.112449E+05  0.107842E+05  0.000000E+00  0.000000E+00  0.226093E+02  0.109923E+05
  0.910195E+00  0.110628E+05  0.106095E+05  0.000000E+00  0.000000E+00  0.218170E+02  0.108142E+05
  0.919342E+00  0.108835E+05  0.104376E+05  0.000000E+00  0.000000E+00  0.210526E+02  0.106389E+05
  0.928582E+00  0.107069E+05  0.102682E+05  0.000000E+00  0.000000E+00  0.203138E+02  0.104663E+05
  0.937915E+00  0.105330E+05  0.101014E+05  0.000000E+00  0.000000E+00  0.195988E+02  0.102963E+05
  0.947341E+00  0.103619E+05  0.993739E+04  0.000000E+00  0.000000E+00  0.189094E+02  0.101291E+05
  0.956861E+00  0.101935E+05  0.977584E+04  0.000000E+00  0.000000E+00  0.182450E+02  0.996438E+04
  0.966478E+00  0.100278E+05  0.961694E+04  0.000000E+00  0.000000E+00  0.176025E+02  0.980240E+04
  0.976192E+00  0.986470E+04  0.946056E+04  0.000000E+00  0.000000E+00  0.169834E+02  0.964300E+04
  0.986003E+00  0.970414E+04  0.930658E+04  0.000000E+00  0.000000E+00  0.163866E+02  0.948604E+04
  0.995912E+00  0.954612E+04  0.915504E+04  0.000000E+00  0.000000E+00  0.158092E+02  0.933157E+04
  0.100592E+01  0.939037E+04  0.900568E+04  0.000000E+00  0.000000E+00  0.152515E+02  0.917932E+04
  0.101603E+01  0.923714E+04  0.885873E+04  0.000000E+00  0.000000E+00  0.147134E+02  0.902953E+04
  0.102624E+01  0.908626E+04  0.871404E+04  0.000000E+00  0.000000E+00  0.141938E+02  0.888204E+04
  0.103656E+01  0.893782E+04  0.857168E+04  0.000000E+00  0.000000E+00  0.136922E+02  0.873692E+04
  0.104697E+01  0.879178E+04  0.843163E+04  0.000000E+00  0.000000E+00  0.132089E+02  0.859417E+04
  0.105750E+01  0.864805E+04  0.829379E+04  0.000000E+00  0.000000E+00  0.127419E+02  0.845366E+04
  0.106812E+01  0.850665E+04  0.815818E+04  0.000000E+00  0.000000E+00  0.122920E+02  0.831544E+04
  0.107886E+01  0.836733E+04  0.802457E+04  0.000000E+00  0.000000E+00  0.118566E+02  0.817925E+04
  0.108970E+01  0.823023E+04  0.789310E+04  0.000000E+00  0.000000E+00  0.114367E+02  0.804523E+04
  0.110065E+01  0.809521E+04  0.776361E+04  0.000000E+00  0.000000E+00  0.110312E+02  0.791324E+04
  0.111172E+01  0.796242E+04  0.763626E+04  0.000000E+00  0.000000E+00  0.106405E+02  0.778343E+04
  0.112289E+01  0.783171E+04  0.751091E+04  0.000000E+00  0.000000E+00  0.102631E+02  0.765566E+04
  0.113417E+01  0.770319E+04  0.738765E+04  0.000000E+00  0.000000E+00  0.989942E+01  0.753002E+04
  0.114557E+01  0.757669E+04  0.726634E+04  0.000000E+00  0.000000E+00  0.954829E+01  0.740636E+04
  0.115708E+01  0.745217E+04  0.714693E+04  0.000000E+00  0.000000E+00  0.920956E+01  0.728465E+04
  0.116871E+01  0.732955E+04  0.702934E+04  0.000000E+00  0.000000E+00  0.888201E+01  0.716478E+04
  0.118046E+01  0.720888E+04  0.691361E+04  0.000000E+00  0.000000E+00  0.856614E+01  0.704681E+04
  0.119232E+01  0.709013E+04  0.679972E+04  0.000000E+00  0.000000E+00  0.826112E+01  0.693073E+04
  0.120431E+01  0.697330E+04  0.668768E+04  0.000000E+00  0.000000E+00  0.796733E+01  0.681653E+04
  0.121641E+01  0.685837E+04  0.657747E+04  0.000000E+00  0.000000E+00  0.768386E+01  0.670419E+04
  0.122863E+01  0.674532E+04  0.646905E+04  0.000000E+00  0.000000E+00  0.741042E+01  0.659367E+04
  0.124098E+01  0.663399E+04  0.636228E+04  0.000000E+00  0.000000E+00  0.714730E+01  0.648484E+04
  0.125346E+01  0.652440E+04  0.625718E+04  0.000000E+00  0.000000E+00  0.689249E+01  0.637771E+04
  0.126605E+01  0.641652E+04  0.615372E+04  0.000000E+00  0.000000E+00  0.664646E+01  0.627226E+04
  0.127878E+01  0.631044E+04  0.605199E+04  0.000000E+00  0.000000E+00  0.640907E+01  0.616856E+04
  0.129163E+01  0.620604E+04  0.595186E+04  0.000000E+00  0.000000E+00  0.618023E+01  0.606650E+04
  0.130461E+01  0.610339E+04  0.585342E+04  0.000000E+00  0.000000E+00  0.596004E+01  0.596616E+04
  0.131772E+01  0.600232E+04  0.575650E+04  0.000000E+00  0.000000E+00  0.574758E+01  0.586737E+04
  0.133096E+01  0.590286E+04  0.566112E+04  0.000000E+00  0.000000E+00  0.554235E+01  0.577014E+04
  0.134434E+01  0.580495E+04  0.556721E+04  0.000000E+00  0.000000E+00  0.534389E+01  0.567443E+04
  0.135785E+01  0.570865E+04  0.547486E+04  0.000000E+00  0.000000E+00  0.515275E+01  0.558029E+04
  0.137150E+01  0.561391E+04  0.538401E+04  0.000000E+00  0.000000E+00  0.496855E+01  0.548769E+04
  0.138528E+01  0.552074E+04  0.529465E+04  0.000000E+00  0.000000E+00  0.479097E+01  0.539661E+04
  0.139920E+01  0.542908E+04  0.520675E+04  0.000000E+00  0.000000E+00  0.461926E+01  0.530701E+04
  0.141327E+01  0.533880E+04  0.512016E+04  0.000000E+00  0.000000E+00  0.445399E+01  0.521876E+04
  0.142747E+01  0.524999E+04  0.503500E+04  0.000000E+00  0.000000E+00  0.429460E+01  0.513194E+04
  0.144182E+01  0.516265E+04  0.495123E+04  0.000000E+00  0.000000E+00  0.566653E+01  0.504659E+04
  0.145631E+01  0.507671E+04  0.486881E+04  0.000000E+00  0.000000E+00  0.546490E+01  0.496258E+04
  0.147094E+01  0.499216E+04  0.478773E+04  0.000000E+00  0.000000E+00  0.527005E+01  0.487993E+04
  0.148573E+01  0.490896E+04  0.470793E+04  0.000000E+00  0.000000E+00  0.508247E+01  0.479859E+04
  0.150066E+01  0.482712E+04  0.462945E+04  0.000000E+00  0.000000E+00  0.490110E+01  0.471860E+04
  0.151574E+01  0.474660E+04  0.455223E+04  0.000000E+00  0.000000E+00  0.472623E+01  0.463988E+04
  0.153097E+01  0.466737E+04  0.447624E+04  0.000000E+00  0.000000E+00  0.455767E+01  0.456243E+04
  0.154636E+01  0.458944E+04  0.440151E+04  0.000000E+00  0.000000E+00  0.439483E+01  0.448626E+04
  0.156190E+01  0.451276E+04  0.432797E+04  0.000000E+00  0.000000E+00  0.423772E+01  0.441130E+04
  0.157760E+01  0.443734E+04  0.425564E+04  0.000000E+00  0.000000E+00  0.408649E+01  0.433757E+04
  0.159345E+01  0.436315E+04  0.418448E+04  0.000000E+00  0.000000E+00  0.394038E+01  0.426505E+04
  0.160947E+01  0.429014E+04  0.411447E+04  0.000000E+00  0.000000E+00  0.379939E+01  0.419368E+04
  0.162564E+01  0.421833E+04  0.404559E+04  0.000000E+00  0.000000E+00  0.366361E+01  0.412348E+04
  0.164198E+01  0.414770E+04  0.397786E+04  0.000000E+00  0.000000E+00  0.353248E+01  0.405444E+04
  0.165848E+01  0.407820E+04  0.391121E+04  0.000000E+00  0.000000E+00  0.340578E+01  0.398651E+04
  0.167515E+01  0.400983E+04  0.384564E+04  0.000000E+00  0.000000E+00  0.328368E+01  0.391967E+04
  0.169199E+01  0.394258E+04  0.378115E+04  0.000000E+00  0.000000E+00  0.316616E+01  0.385393E+04
  0.170899E+01  0.387643E+04  0.371770E+04  0.000000E+00  0.000000E+00  0.305256E+01  0.378927E+04
  0.172617E+01  0.381135E+04  0.365529E+04  0.000000E+00  0.000000E+00  0.294308E+01  0.372565E+04
  0.174352E+01  0.374733E+04  0.359390E+04  0.000000E+00  0.000000E+00  0.283759E+01  0.366307E+04
  0.176104E+01  0.368437E+04  0.353351E+04  0.000000E+00  0.000000E+00  0.273577E+01  0.360152E+04
  0.177874E+01  0.362243E+04  0.347410E+04  0.000000E+00  0.000000E+00  0.263723E+01  0.354097E+04
  0.179661E+01  0.356150E+04  0.341567E+04  0.000000E+00  0.000000E+00  0.254267E+01  0.348141E+04
  0.181467E+01  0.350157E+04  0.335820E+04  0.000000E+00  0.000000E+00  0.245135E+01  0.342283E+04
  0.183291E+01  0.344263E+04  0.330167E+04  0.000000E+00  0.000000E+00  0.236327E+01  0.336522E+04
  0.185133E+01  0.338465E+04  0.324607E+04  0.000000E+00  0.000000E+00  0.227813E+01  0.330854E+04
  0.186993E+01  0.332762E+04  0.319137E+04  0.000000E+00  0.000000E+00  0.219613E+01  0.325279E+04
  0.188873E+01  0.327153E+04  0.313757E+04  0.000000E+00  0.000000E+00  0.211716E+01  0.319796E+04
  0.190771E+01  0.321636E+04  0.308467E+04  0.000000E+00  0.000000E+00  0.204105E+01  0.314403E+04
  0.192688E+01  0.316209E+04  0.303262E+04  0.000000E+00  0.000000E+00  0.196735E+01  0.309099E+04
  0.194625E+01  0.310872E+04  0.298144E+04  0.000000E+00  0.000000E+00  0.189647E+01  0.303881E+04
  0.196581E+01  0.305622E+04  0.293108E+04  0.000000E+00  0.000000E+00  0.182812E+01  0.298749E+04
  0.198557E+01  0.300458E+04  0.288156E+04  0.000000E+00  0.000000E+00  0.176223E+01  0.293702E+04
  0.200552E+01  0.295380E+04  0.283286E+04  0.000000E+00  0.000000E+00  0.169875E+01  0.288737E+04
  0.202568E+01  0.290386E+04  0.278496E+04  0.000000E+00  0.000000E+00  0.163745E+01  0.283855E+04
  0.204603E+01  0.285473E+04  0.273785E+04  0.000000E+00  0.000000E+00  0.157824E+01  0.279054E+04
  0.206660E+01  0.280642E+04  0.269152E+04  0.000000E+00  0.000000E+00  0.152125E+01  0.274331E+04
  0.208737E+01  0.275890E+04  0.264594E+04  0.000000E+00  0.000000E+00  0.146636E+01  0.269686E+04
  0.210835E+01  0.271217E+04  0.260112E+04  0.000000E+00  0.000000E+00  0.141328E+01  0.265117E+04
  0.212953E+01  0.266620E+04  0.255704E+04  0.000000E+00  0.000000E+00  0.136225E+01  0.260624E+04
  0.215094E+01  0.262100E+04  0.251369E+04  0.000000E+00  0.000000E+00  0.131294E+01  0.256206E+04
  0.217256E+01  0.257655E+04  0.247106E+04  0.000000E+00  0.000000E+00  0.126547E+01  0.251860E+04
  0.219439E+01  0.253283E+04  0.242913E+04  0.000000E+00  0.000000E+00  0.121972E+01  0.247586E+04
  0.221644E+01  0.248984E+04  0.238790E+04  0.000000E+00  0.000000E+00  0.117556E+01  0.243384E+04
  0.223872E+01  0.244755E+04  0.234735E+04  0.000000E+00  0.000000E+00  0.113304E+01  0.239251E+04
  0.226122E+01  0.240597E+04  0.230746E+04  0.000000E+00  0.000000E+00  0.109200E+01  0.235186E+04
  0.228394E+01  0.236508E+04  0.226825E+04  0.000000E+00  0.000000E+00  0.105241E+01  0.231189E+04
  0.230690E+01  0.232487E+04  0.222968E+04  0.000000E+00  0.000000E+00  0.101427E+01  0.227258E+04
  0.233008E+01  0.228532E+04  0.219175E+04  0.000000E+00  0.000000E+00  0.977549E+00  0.223392E+04
  0.235350E+01  0.224643E+04  0.215446E+04  0.000000E+00  0.000000E+00  0.942116E+00  0.219591E+04
  0.237715E+01  0.220818E+04  0.211778E+04  0.000000E+00  0.000000E+00  0.907936E+00  0.215852E+04
  0.240104E+01  0.217058E+04  0.208172E+04  0.000000E+00  0.000000E+00  0.875010E+00  0.212176E+04
  0.242517E+01  0.213360E+04  0.204625E+04  0.000000E+00  0.000000E+00  0.843214E+00  0.208561E+04
  0.244955E+01  0.209723E+04  0.201137E+04  0.000000E+00  0.000000E+00  0.812619E+00  0.205006E+04
  0.247417E+01  0.206147E+04  0.197707E+04  0.000000E+00  0.000000E+00  0.783165E+00  0.201511E+04
  0.249903E+01  0.202631E+04  0.194335E+04  0.000000E+00  0.000000E+00  0.754635E+00  0.198074E+04
  0.252415E+01  0.199173E+04  0.191019E+04  0.000000E+00  0.000000E+00  0.727243E+00  0.194694E+04
  0.254952E+01  0.195773E+04  0.187758E+04  0.000000E+00  0.000000E+00  0.700869E+00  0.191370E+04
  0.257514E+01  0.192429E+04  0.184551E+04  0.000000E+00  0.000000E+00  0.675305E+00  0.188101E+04
  0.260102E+01  0.189142E+04  0.181398E+04  0.000000E+00  0.000000E+00  0.650765E+00  0.184888E+04
  0.262716E+01  0.185909E+04  0.178298E+04  0.000000E+00  0.000000E+00  0.627065E+00  0.181728E+04
  0.265356E+01  0.182730E+04  0.175249E+04  0.000000E+00  0.000000E+00  0.604311E+00  0.178620E+04
  0.268023E+01  0.179604E+04  0.172251E+04  0.000000E+00  0.000000E+00  0.582287E+00  0.175565E+04
  0.270717E+01  0.176531E+04  0.169304E+04  0.000000E+00  0.000000E+00  0.561074E+00  0.172561E+04
  0.273438E+01  0.173510E+04  0.166406E+04  0.000000E+00  0.000000E+00  0.540695E+00  0.169607E+04
  0.276186E+01  0.170538E+04  0.163556E+04  0.000000E+00  0.000000E+00  0.520997E+00  0.166703E+04
  0.278962E+01  0.167617E+04  0.160754E+04  0.000000E+00  0.000000E+00  0.501979E+00  0.163847E+04
  0.281765E+01  0.164744E+04  0.157999E+04  0.000000E+00  0.000000E+00  0.483705E+00  0.161039E+04
  0.284597E+01  0.161920E+04  0.155291E+04  0.000000E+00  0.000000E+00  0.466099E+00  0.158278E+04
  0.287457E+01  0.159143E+04  0.152628E+04  0.000000E+00  0.000000E+00  0.449106E+00  0.155564E+04
  0.290346E+01  0.156413E+04  0.150009E+04  0.000000E+00  0.000000E+00  0.432719E+00  0.152895E+04
  0.293264E+01  0.153728E+04  0.147434E+04  0.000000E+00  0.000000E+00  0.416894E+00  0.150270E+04
  0.296211E+01  0.151089E+04  0.144903E+04  0.000000E+00  0.000000E+00  0.401687E+00  0.147691E+04
  0.299189E+01  0.148494E+04  0.142415E+04  0.000000E+00  0.000000E+00  0.387036E+00  0.145154E+04
  0.302195E+01  0.145943E+04  0.139968E+04  0.000000E+00  0.000000E+00  0.372908E+00  0.142660E+04
  0.305233E+01  0.143434E+04  0.137562E+04  0.000000E+00  0.000000E+00  0.359298E+00  0.140208E+04
  0.308300E+01  0.140968E+04  0.135197E+04  0.000000E+00  0.000000E+00  0.346191E+00  0.137797E+04
  0.311399E+01  0.138544E+04  0.132871E+04  0.000000E+00  0.000000E+00  0.333558E+00  0.135427E+04
  0.314528E+01  0.136160E+04  0.130585E+04  0.000000E+00  0.000000E+00  0.321337E+00  0.133097E+04
  0.317689E+01  0.133816E+04  0.128337E+04  0.000000E+00  0.000000E+00  0.309605E+00  0.130806E+04
  0.320882E+01  0.131512E+04  0.126128E+04  0.000000E+00  0.000000E+00  0.298320E+00  0.128554E+04
  0.324107E+01  0.129247E+04  0.123955E+04  0.000000E+00  0.000000E+00  0.287374E+00  0.126340E+04
  0.327364E+01  0.127020E+04  0.121819E+04  0.000000E+00  0.000000E+00  0.276855E+00  0.124162E+04
  0.330655E+01  0.124830E+04  0.119719E+04  0.000000E+00  0.000000E+00  0.266757E+00  0.122022E+04
  0.333977E+01  0.122678E+04  0.117655E+04  0.000000E+00  0.000000E+00  0.256977E+00  0.119918E+04
  0.337334E+01  0.120562E+04  0.115626E+04  0.000000E+00  0.000000E+00  0.247602E+00  0.117850E+04
  0.340724E+01  0.118481E+04  0.113631E+04  0.000000E+00  0.000000E+00  0.238495E+00  0.115816E+04
  0.344149E+01  0.116436E+04  0.111669E+04  0.000000E+00  0.000000E+00  0.229793E+00  0.113817E+04
  0.347607E+01  0.114426E+04  0.109741E+04  0.000000E+00  0.000000E+00  0.221371E+00  0.111852E+04
  0.351101E+01  0.112450E+04  0.107846E+04  0.000000E+00  0.000000E+00  0.213248E+00  0.109920E+04
  0.354630E+01  0.110507E+04  0.105982E+04  0.000000E+00  0.000000E+00  0.205435E+00  0.108021E+04
  0.358194E+01  0.108597E+04  0.104150E+04  0.000000E+00  0.000000E+00  0.197945E+00  0.106154E+04
  0.361793E+01  0.106719E+04  0.102350E+04  0.000000E+00  0.000000E+00  0.190660E+00  0.104319E+04
  0.365430E+01  0.104873E+04  0.100579E+04  0.000000E+00  0.000000E+00  0.183688E+00  0.102514E+04
  0.369102E+01  0.103059E+04  0.988393E+03  0.000000E+00  0.000000E+00  0.176928E+00  0.100741E+04
  0.372812E+01  0.101275E+04  0.971285E+03  0.000000E+00  0.000000E+00  0.170456E+00  0.989971E+03
  0.376559E+01  0.995219E+03  0.954470E+03  0.000000E+00  0.000000E+00  0.164188E+00  0.972832E+03
  0.380343E+01  0.977984E+03  0.937940E+03  0.000000E+00  0.000000E+00  0.158188E+00  0.955984E+03
  0.384166E+01  0.961040E+03  0.921690E+03  0.000000E+00  0.000000E+00  0.152384E+00  0.939422E+03
  0.388027E+01  0.944386E+03  0.905717E+03  0.000000E+00  0.000000E+00  0.146788E+00  0.923142E+03
  0.391927E+01  0.928013E+03  0.890014E+03  0.000000E+00  0.000000E+00  0.141383E+00  0.907137E+03
  0.395865E+01  0.911921E+03  0.874581E+03  0.000000E+00  0.000000E+00  0.136199E+00  0.891407E+03
  0.399844E+01  0.896102E+03  0.859409E+03  0.000000E+00  0.000000E+00  0.131210E+00  0.875944E+03
  0.403862E+01  0.880552E+03  0.844495E+03  0.000000E+00  0.000000E+00  0.126376E+00  0.860743E+03
  0.407921E+01  0.865267E+03  0.829836E+03  0.000000E+00  0.000000E+00  0.121746E+00  0.845802E+03
  0.412021E+01  0.850245E+03  0.815429E+03  0.000000E+00  0.000000E+00  0.117254E+00  0.831118E+03
  0.416162E+01  0.835476E+03  0.801265E+03  0.000000E+00  0.000000E+00  0.112967E+00  0.816682E+03
  0.420344E+01  0.820960E+03  0.787343E+03  0.000000E+00  0.000000E+00  0.108799E+00  0.802492E+03
  0.424569E+01  0.806692E+03  0.773659E+03  0.000000E+00  0.000000E+00  0.104798E+00  0.788545E+03
  0.428836E+01  0.792669E+03  0.760210E+03  0.000000E+00  0.000000E+00  0.100960E+00  0.774837E+03
  0.433146E+01  0.778884E+03  0.746989E+03  0.000000E+00  0.000000E+00  0.972353E-01  0.761362E+03
  0.437499E+01  0.765334E+03  0.733993E+03  0.000000E+00  0.000000E+00  0.936524E-01  0.748117E+03
  0.441896E+01  0.752016E+03  0.721220E+03  0.000000E+00  0.000000E+00  0.902103E-01  0.735098E+03
  0.446337E+01  0.738927E+03  0.708666E+03  0.000000E+00  0.000000E+00  0.868911E-01  0.722303E+03
  0.450822E+01  0.726060E+03  0.696326E+03  0.000000E+00  0.000000E+00  0.837019E-01  0.709726E+03
  0.455353E+01  0.713414E+03  0.684197E+03  0.000000E+00  0.000000E+00  0.806208E-01  0.697364E+03
  0.459930E+01  0.700984E+03  0.672276E+03  0.000000E+00  0.000000E+00  0.776563E-01  0.685214E+03
  0.464552E+01  0.688768E+03  0.660560E+03  0.000000E+00  0.000000E+00  0.747921E-01  0.673273E+03
  0.469221E+01  0.676760E+03  0.649044E+03  0.000000E+00  0.000000E+00  0.720316E-01  0.661535E+03
  0.473937E+01  0.664958E+03  0.637725E+03  0.000000E+00  0.000000E+00  0.693784E-01  0.649998E+03
  0.478700E+01  0.653359E+03  0.626600E+03  0.000000E+00  0.000000E+00  0.668304E-01  0.638660E+03
  0.483511E+01  0.641958E+03  0.615666E+03  0.000000E+00  0.000000E+00  0.643654E-01  0.627516E+03
  0.488370E+01  0.630754E+03  0.604921E+03  0.000000E+00  0.000000E+00  0.619952E-01  0.616564E+03
  0.493278E+01  0.619742E+03  0.594359E+03  0.000000E+00  0.000000E+00  0.597054E-01  0.605799E+03
  0.498236E+01  0.608918E+03  0.583978E+03  0.000000E+00  0.000000E+00  0.575037E-01  0.595219E+03
  0.503244E+01  0.598281E+03  0.573776E+03  0.000000E+00  0.000000E+00  0.553846E-01  0.584821E+03
  0.508301E+01  0.587827E+03  0.563750E+03  0.000000E+00  0.000000E+00  0.533409E-01  0.574602E+03
  0.513410E+01  0.577552E+03  0.553895E+03  0.000000E+00  0.000000E+00  0.513776E-01  0.564558E+03
  0.518569E+01  0.567453E+03  0.544210E+03  0.000000E+00  0.000000E+00  0.494773E-01  0.554686E+03
  0.523781E+01  0.557529E+03  0.534691E+03  0.000000E+00  0.000000E+00  0.476559E-01  0.544985E+03
  0.529045E+01  0.547776E+03  0.525337E+03  0.000000E+00  0.000000E+00  0.458945E-01  0.535451E+03
  0.534362E+01  0.538189E+03  0.516143E+03  0.000000E+00  0.000000E+00  0.442028E-01  0.526080E+03
  0.539733E+01  0.528768E+03  0.507107E+03  0.000000E+00  0.000000E+00  0.425686E-01  0.516871E+03
  0.545157E+01  0.519510E+03  0.498227E+03  0.000000E+00  0.000000E+00  0.409960E-01  0.507821E+03
  0.550636E+01  0.510411E+03  0.489501E+03  0.000000E+00  0.000000E+00  0.394852E-01  0.498927E+03
  0.556170E+01  0.501469E+03  0.480925E+03  0.000000E+00  0.000000E+00  0.380229E-01  0.490186E+03
  0.561760E+01  0.492681E+03  0.472497E+03  0.000000E+00  0.000000E+00  0.366226E-01  0.481596E+03
  0.567406E+01  0.484045E+03  0.464214E+03  0.000000E+00  0.000000E+00  0.352655E-01  0.473154E+03
  0.573108E+01  0.475558E+03  0.456074E+03  0.000000E+00  0.000000E+00  0.339698E-01  0.464858E+03
  0.578868E+01  0.467218E+03  0.448075E+03  0.000000E+00  0.000000E+00  0.327107E-01  0.456705E+03
  0.584685E+01  0.459021E+03  0.440213E+03  0.000000E+00  0.000000E+00  0.315000E-01  0.448692E+03
  0.590562E+01  0.450966E+03  0.432488E+03  0.000000E+00  0.000000E+00  0.303329E-01  0.440818E+03
  0.596497E+01  0.443050E+03  0.424896E+03  0.000000E+00  0.000000E+00  0.292112E-01  0.433081E+03
  0.602492E+01  0.435271E+03  0.417435E+03  0.000000E+00  0.000000E+00  0.281314E-01  0.425477E+03
  0.608547E+01  0.427626E+03  0.410103E+03  0.000000E+00  0.000000E+00  0.270960E-01  0.418004E+03
  0.614663E+01  0.420113E+03  0.402898E+03  0.000000E+00  0.000000E+00  0.260921E-01  0.410660E+03
  0.620841E+01  0.412731E+03  0.395817E+03  0.000000E+00  0.000000E+00  0.251305E-01  0.403443E+03
  0.627080E+01  0.405477E+03  0.388860E+03  0.000000E+00  0.000000E+00  0.241980E-01  0.396353E+03
  0.633382E+01  0.398348E+03  0.382023E+03  0.000000E+00  0.000000E+00  0.233010E-01  0.389384E+03
  0.639748E+01  0.391342E+03  0.375304E+03  0.000000E+00  0.000000E+00  0.224389E-01  0.382536E+03
  0.646178E+01  0.384458E+03  0.368701E+03  0.000000E+00  0.000000E+00  0.216087E-01  0.375807E+03
  0.652671E+01  0.377694E+03  0.362214E+03  0.000000E+00  0.000000E+00  0.208095E-01  0.369195E+03
  0.659231E+01  0.371046E+03  0.355838E+03  0.000000E+00  0.000000E+00  0.200392E-01  0.362697E+03
  0.665856E+01  0.364514E+03  0.349573E+03  0.000000E+00  0.000000E+00  0.192988E-01  0.356311E+03
  0.672549E+01  0.358095E+03  0.343417E+03  0.000000E+00  0.000000E+00  0.185830E-01  0.350037E+03
  0.679307E+01  0.351788E+03  0.337368E+03  0.000000E+00  0.000000E+00  0.178973E-01  0.343872E+03
  0.686135E+01  0.345590E+03  0.331423E+03  0.000000E+00  0.000000E+00  0.172313E-01  0.337813E+03
  0.693031E+01  0.339500E+03  0.325582E+03  0.000000E+00  0.000000E+00  0.165919E-01  0.331859E+03
  0.699996E+01  0.333515E+03  0.319842E+03  0.000000E+00  0.000000E+00  0.159787E-01  0.326009E+03
  0.707030E+01  0.327635E+03  0.314202E+03  0.000000E+00  0.000000E+00  0.153846E-01  0.320261E+03
  0.714136E+01  0.321856E+03  0.308660E+03  0.000000E+00  0.000000E+00  0.148139E-01  0.314613E+03
  0.721314E+01  0.316178E+03  0.303215E+03  0.000000E+00  0.000000E+00  0.142646E-01  0.309063E+03
  0.728563E+01  0.310599E+03  0.297864E+03  0.000000E+00  0.000000E+00  0.137377E-01  0.303609E+03
  0.735885E+01  0.305118E+03  0.292607E+03  0.000000E+00  0.000000E+00  0.132295E-01  0.298251E+03
  0.743281E+01  0.299731E+03  0.287440E+03  0.000000E+00  0.000000E+00  0.127396E-01  0.292985E+03
  0.750751E+01  0.294438E+03  0.282364E+03  0.000000E+00  0.000000E+00  0.122675E-01  0.287811E+03
  0.758296E+01  0.289238E+03  0.277376E+03  0.000000E+00  0.000000E+00  0.118122E-01  0.282728E+03
  0.765917E+01  0.284128E+03  0.272475E+03  0.000000E+00  0.000000E+00  0.113710E-01  0.277733E+03
  0.773615E+01  0.279107E+03  0.267659E+03  0.000000E+00  0.000000E+00  0.109508E-01  0.272824E+03
  0.781390E+01  0.274173E+03  0.262928E+03  0.000000E+00  0.000000E+00  0.105442E-01  0.268002E+03
  0.789243E+01  0.269325E+03  0.258278E+03  0.000000E+00  0.000000E+00  0.101525E-01  0.263263E+03
  0.797175E+01  0.264562E+03  0.253710E+03  0.000000E+00  0.000000E+00  0.977573E-02  0.258607E+03
  0.805186E+01  0.259883E+03  0.249222E+03  0.000000E+00  0.000000E+00  0.941227E-02  0.254033E+03
  0.813279E+01  0.255285E+03  0.244812E+03  0.000000E+00  0.000000E+00  0.906388E-02  0.249538E+03
  0.821452E+01  0.250767E+03  0.240479E+03  0.000000E+00  0.000000E+00  0.872782E-02  0.245122E+03
  0.829708E+01  0.246328E+03  0.236221E+03  0.000000E+00  0.000000E+00  0.840226E-02  0.240783E+03
  0.838046E+01  0.241967E+03  0.232038E+03  0.000000E+00  0.000000E+00  0.808976E-02  0.236520E+03
  0.846469E+01  0.237681E+03  0.227928E+03  0.000000E+00  0.000000E+00  0.779099E-02  0.232331E+03
  0.854977E+01  0.233471E+03  0.223890E+03  0.000000E+00  0.000000E+00  0.750149E-02  0.228215E+03
  0.863569E+01  0.229334E+03  0.219922E+03  0.000000E+00  0.000000E+00  0.722201E-02  0.224171E+03
  0.872248E+01  0.225270E+03  0.216025E+03  0.000000E+00  0.000000E+00  0.695312E-02  0.220199E+03
  0.881014E+01  0.221276E+03  0.212194E+03  0.000000E+00  0.000000E+00  0.669632E-02  0.216295E+03
  0.889869E+01  0.217353E+03  0.208431E+03  0.000000E+00  0.000000E+00  0.644770E-02  0.212460E+03
  0.898812E+01  0.213498E+03  0.204734E+03  0.000000E+00  0.000000E+00  0.620754E-02  0.208691E+03
  0.907845E+01  0.209711E+03  0.201102E+03  0.000000E+00  0.000000E+00  0.597566E-02  0.204990E+03
  0.916969E+01  0.205990E+03  0.197533E+03  0.000000E+00  0.000000E+00  0.575282E-02  0.201352E+03
  0.926185E+01  0.202334E+03  0.194027E+03  0.000000E+00  0.000000E+00  0.553974E-02  0.197779E+03
  0.935494E+01  0.198743E+03  0.190582E+03  0.000000E+00  0.000000E+00  0.533339E-02  0.194268E+03
  0.944895E+01  0.195214E+03  0.187198E+03  0.000000E+00  0.000000E+00  0.513680E-02  0.190819E+03
  0.954391E+01  0.191747E+03  0.183873E+03  0.000000E+00  0.000000E+00  0.494475E-02  0.187430E+03
  0.963983E+01  0.188341E+03  0.180606E+03  0.000000E+00  0.000000E+00  0.476093E-02  0.184100E+03
  0.973672E+01  0.184994E+03  0.177396E+03  0.000000E+00  0.000000E+00  0.458376E-02  0.180829E+03
  0.983457E+01  0.181707E+03  0.174243E+03  0.000000E+00  0.000000E+00  0.441308E-02  0.177615E+03
  0.993341E+01  0.178477E+03  0.171145E+03  0.000000E+00  0.000000E+00  0.424883E-02  0.174458E+03
  0.100332E+02  0.175304E+03  0.168102E+03  0.000000E+00  0.000000E+00  0.409141E-02  0.171356E+03
  0.101341E+02  0.172186E+03  0.165112E+03  0.000000E+00  0.000000E+00  0.393834E-02  0.168309E+03
  0.102359E+02  0.169123E+03  0.162174E+03  0.000000E+00  0.000000E+00  0.379169E-02  0.165315E+03
  0.103388E+02  0.166115E+03  0.159288E+03  0.000000E+00  0.000000E+00  0.365069E-02  0.162374E+03
  0.104427E+02  0.163159E+03  0.156453E+03  0.000000E+00  0.000000E+00  0.351440E-02  0.159484E+03
  0.105477E+02  0.160255E+03  0.153668E+03  0.000000E+00  0.000000E+00  0.338442E-02  0.156645E+03
  0.106537E+02  0.157402E+03  0.150931E+03  0.000000E+00  0.000000E+00  0.325768E-02  0.153856E+03
  0.107607E+02  0.154599E+03  0.148243E+03  0.000000E+00  0.000000E+00  0.313631E-02  0.151117E+03
  0.108689E+02  0.151845E+03  0.145602E+03  0.000000E+00  0.000000E+00  0.301995E-02  0.148425E+03
  0.109781E+02  0.149140E+03  0.143008E+03  0.000000E+00  0.000000E+00  0.290760E-02  0.145781E+03
  0.110885E+02  0.146483E+03  0.140459E+03  0.000000E+00  0.000000E+00  0.279851E-02  0.143183E+03
  0.111999E+02  0.143872E+03  0.137955E+03  0.000000E+00  0.000000E+00  0.269421E-02  0.140631E+03
  0.113124E+02  0.141308E+03  0.135495E+03  0.000000E+00  0.000000E+00  0.259437E-02  0.138124E+03
  0.114261E+02  0.138788E+03  0.133079E+03  0.000000E+00  0.000000E+00  0.249821E-02  0.135661E+03
  0.115410E+02  0.136313E+03  0.130705E+03  0.000000E+00  0.000000E+00  0.240461E-02  0.133242E+03
  0.116570E+02  0.133882E+03  0.128373E+03  0.000000E+00  0.000000E+00  0.231506E-02  0.130865E+03
  0.117741E+02  0.131493E+03  0.126082E+03  0.000000E+00  0.000000E+00  0.222846E-02  0.128530E+03
  0.118925E+02  0.129146E+03  0.123831E+03  0.000000E+00  0.000000E+00  0.214535E-02  0.126237E+03
  0.120120E+02  0.126841E+03  0.121621E+03  0.000000E+00  0.000000E+00  0.206550E-02  0.123983E+03
  0.121327E+02  0.124577E+03  0.119449E+03  0.000000E+00  0.000000E+00  0.198869E-02  0.121770E+03
  0.122546E+02  0.122353E+03  0.117315E+03  0.000000E+00  0.000000E+00  0.191417E-02  0.119595E+03
  0.123778E+02  0.120167E+03  0.115219E+03  0.000000E+00  0.000000E+00  0.184332E-02  0.117459E+03
  0.125022E+02  0.118021E+03  0.113161E+03  0.000000E+00  0.000000E+00  0.177391E-02  0.115361E+03
  0.126278E+02  0.115912E+03  0.111138E+03  0.000000E+00  0.000000E+00  0.170795E-02  0.113300E+03
  0.127547E+02  0.113841E+03  0.109151E+03  0.000000E+00  0.000000E+00  0.164422E-02  0.111275E+03
  0.128829E+02  0.111806E+03  0.107200E+03  0.000000E+00  0.000000E+00  0.158295E-02  0.109286E+03
  0.130124E+02  0.109807E+03  0.105282E+03  0.000000E+00  0.000000E+00  0.152352E-02  0.107332E+03
  0.131432E+02  0.107843E+03  0.103399E+03  0.000000E+00  0.000000E+00  0.146714E-02  0.105412E+03
  0.132753E+02  0.105915E+03  0.101549E+03  0.000000E+00  0.000000E+00  0.141223E-02  0.103527E+03
  0.134087E+02  0.104020E+03  0.997320E+02  0.000000E+00  0.000000E+00  0.135966E-02  0.101675E+03
  0.135435E+02  0.102159E+03  0.979469E+02  0.000000E+00  0.000000E+00  0.130888E-02  0.998557E+02
  0.136796E+02  0.100331E+03  0.961934E+02  0.000000E+00  0.000000E+00  0.126000E-02  0.980686E+02
  0.138171E+02  0.985348E+02  0.944710E+02  0.000000E+00  0.000000E+00  0.121268E-02  0.963132E+02
  0.139559E+02  0.967707E+02  0.927790E+02  0.000000E+00  0.000000E+00  0.116750E-02  0.945888E+02
  0.140962E+02  0.950378E+02  0.911169E+02  0.000000E+00  0.000000E+00  0.112414E-02  0.928948E+02
  0.142379E+02  0.933356E+02  0.894843E+02  0.000000E+00  0.000000E+00  0.108182E-02  0.912309E+02
  0.143809E+02  0.916637E+02  0.878807E+02  0.000000E+00  0.000000E+00  0.104159E-02  0.895966E+02
  0.145255E+02  0.900213E+02  0.863054E+02  0.000000E+00  0.000000E+00  0.100271E-02  0.879911E+02
  0.146715E+02  0.884080E+02  0.847581E+02  0.000000E+00  0.000000E+00  0.964877E-03  0.864141E+02
  0.148189E+02  0.868234E+02  0.832382E+02  0.000000E+00  0.000000E+00  0.928911E-03  0.848651E+02
  0.149678E+02  0.852670E+02  0.817454E+02  0.000000E+00  0.000000E+00  0.894142E-03  0.833437E+02
  0.151183E+02  0.837380E+02  0.802789E+02  0.000000E+00  0.000000E+00  0.860714E-03  0.818491E+02
  0.152702E+02  0.822361E+02  0.788384E+02  0.000000E+00  0.000000E+00  0.828882E-03  0.803810E+02
  0.154237E+02  0.807609E+02  0.774235E+02  0.000000E+00  0.000000E+00  0.797719E-03  0.789390E+02
  0.155787E+02  0.793121E+02  0.760338E+02  0.000000E+00  0.000000E+00  0.767905E-03  0.775227E+02
  0.157353E+02  0.778888E+02  0.746687E+02  0.000000E+00  0.000000E+00  0.739166E-03  0.761314E+02
  0.158934E+02  0.764908E+02  0.733278E+02  0.000000E+00  0.000000E+00  0.711712E-03  0.747648E+02
  0.160531E+02  0.751176E+02  0.720107E+02  0.000000E+00  0.000000E+00  0.684997E-03  0.734225E+02
  0.162145E+02  0.737690E+02  0.707172E+02  0.000000E+00  0.000000E+00  0.659419E-03  0.721042E+02
  0.163774E+02  0.724442E+02  0.694465E+02  0.000000E+00  0.000000E+00  0.634701E-03  0.708092E+02
  0.165420E+02  0.711429E+02  0.681984E+02  0.000000E+00  0.000000E+00  0.610929E-03  0.695372E+02
  0.167083E+02  0.698648E+02  0.669725E+02  0.000000E+00  0.000000E+00  0.588056E-03  0.682878E+02
  0.168762E+02  0.686094E+02  0.657683E+02  0.000000E+00  0.000000E+00  0.566198E-03  0.670606E+02
  0.170458E+02  0.673764E+02  0.645858E+02  0.000000E+00  0.000000E+00  0.545090E-03  0.658554E+02
  0.172171E+02  0.661653E+02  0.634241E+02  0.000000E+00  0.000000E+00  0.524635E-03  0.646714E+02
  0.173901E+02  0.649757E+02  0.622831E+02  0.000000E+00  0.000000E+00  0.504854E-03  0.635086E+02
  0.175649E+02  0.638073E+02  0.611624E+02  0.000000E+00  0.000000E+00  0.485999E-03  0.623665E+02
  0.177414E+02  0.626598E+02  0.600618E+02  0.000000E+00  0.000000E+00  0.467745E-03  0.612448E+02
  0.179198E+02  0.615326E+02  0.589806E+02  0.000000E+00  0.000000E+00  0.450348E-03  0.601429E+02
  0.180999E+02  0.604255E+02  0.579188E+02  0.000000E+00  0.000000E+00  0.433352E-03  0.590607E+02
  0.182818E+02  0.593381E+02  0.568758E+02  0.000000E+00  0.000000E+00  0.417172E-03  0.579977E+02
  0.184655E+02  0.582702E+02  0.558515E+02  0.000000E+00  0.000000E+00  0.401655E-03  0.569538E+02
  0.186511E+02  0.572212E+02  0.548453E+02  0.000000E+00  0.000000E+00  0.386709E-03  0.559284E+02
  0.188385E+02  0.561909E+02  0.538571E+02  0.000000E+00  0.000000E+00  0.372165E-03  0.549213E+02
  0.190279E+02  0.551790E+02  0.528866E+02  0.000000E+00  0.000000E+00  0.358095E-03  0.539322E+02
  0.192191E+02  0.541853E+02  0.519334E+02  0.000000E+00  0.000000E+00  0.344803E-03  0.529607E+02
  0.194122E+02  0.532091E+02  0.509971E+02  0.000000E+00  0.000000E+00  0.331921E-03  0.520065E+02
  0.196073E+02  0.522504E+02  0.500775E+02  0.000000E+00  0.000000E+00  0.319364E-03  0.510693E+02
  0.198044E+02  0.513087E+02  0.491743E+02  0.000000E+00  0.000000E+00  0.307514E-03  0.501489E+02
  0.200034E+02  0.503840E+02  0.482873E+02  0.000000E+00  0.000000E+00  0.295844E-03  0.492449E+02
  0.202045E+02  0.494757E+02  0.474161E+02  0.000000E+00  0.000000E+00  0.284841E-03  0.483571E+02
  0.204075E+02  0.485836E+02  0.465604E+02  0.000000E+00  0.000000E+00  0.274173E-03  0.474850E+02
  0.206126E+02  0.477075E+02  0.457201E+02  0.000000E+00  0.000000E+00  0.263863E-03  0.466286E+02
  0.208198E+02  0.468470E+02  0.448947E+02  0.000000E+00  0.000000E+00  0.253956E-03  0.457875E+02
  0.210290E+02  0.460019E+02  0.440841E+02  0.000000E+00  0.000000E+00  0.244390E-03  0.449613E+02
  0.212404E+02  0.451718E+02  0.432879E+02  0.000000E+00  0.000000E+00  0.235287E-03  0.441499E+02
  0.214538E+02  0.443566E+02  0.425060E+02  0.000000E+00  0.000000E+00  0.226471E-03  0.433531E+02
  0.216694E+02  0.435561E+02  0.417381E+02  0.000000E+00  0.000000E+00  0.218035E-03  0.425705E+02
  0.218872E+02  0.427698E+02  0.409839E+02  0.000000E+00  0.000000E+00  0.209860E-03  0.418019E+02
  0.221072E+02  0.419975E+02  0.402432E+02  0.000000E+00  0.000000E+00  0.201901E-03  0.410470E+02
  0.223294E+02  0.412391E+02  0.395157E+02  0.000000E+00  0.000000E+00  0.194316E-03  0.403056E+02
  0.225538E+02  0.404942E+02  0.388012E+02  0.000000E+00  0.000000E+00  0.187113E-03  0.395774E+02
  0.227805E+02  0.397627E+02  0.380996E+02  0.000000E+00  0.000000E+00  0.180059E-03  0.388624E+02
  0.230094E+02  0.390443E+02  0.374105E+02  0.000000E+00  0.000000E+00  0.173348E-03  0.381601E+02
  0.232407E+02  0.383387E+02  0.367337E+02  0.000000E+00  0.000000E+00  0.166799E-03  0.374704E+02
  0.234742E+02  0.376458E+02  0.360690E+02  0.000000E+00  0.000000E+00  0.160551E-03  0.367930E+02
  0.237102E+02  0.369653E+02  0.354163E+02  0.000000E+00  0.000000E+00  0.154542E-03  0.361278E+02
  0.239484E+02  0.362969E+02  0.347752E+02  0.000000E+00  0.000000E+00  0.148726E-03  0.354745E+02
  0.241891E+02  0.356405E+02  0.341456E+02  0.000000E+00  0.000000E+00  0.143116E-03  0.348328E+02
  0.244323E+02  0.349959E+02  0.335273E+02  0.000000E+00  0.000000E+00  0.137761E-03  0.342027E+02
  0.246778E+02  0.343629E+02  0.329201E+02  0.000000E+00  0.000000E+00  0.132567E-03  0.335839E+02
  0.249258E+02  0.337412E+02  0.323238E+02  0.000000E+00  0.000000E+00  0.127609E-03  0.329762E+02
  0.251763E+02  0.331306E+02  0.317381E+02  0.000000E+00  0.000000E+00  0.122835E-03  0.323793E+02
  0.254293E+02  0.325310E+02  0.311629E+02  0.000000E+00  0.000000E+00  0.118232E-03  0.317932E+02
  0.256849E+02  0.319422E+02  0.305981E+02  0.000000E+00  0.000000E+00  0.113831E-03  0.312176E+02
  0.259430E+02  0.313639E+02  0.300434E+02  0.000000E+00  0.000000E+00  0.109490E-03  0.306523E+02
  0.262038E+02  0.307959E+02  0.294986E+02  0.000000E+00  0.000000E+00  0.105359E-03  0.300971E+02
  0.264671E+02  0.302382E+02  0.289636E+02  0.000000E+00  0.000000E+00  0.101490E-03  0.295519E+02
  0.267331E+02  0.296905E+02  0.284383E+02  0.000000E+00  0.000000E+00  0.976685E-04  0.290165E+02
  0.270018E+02  0.291526E+02  0.279223E+02  0.000000E+00  0.000000E+00  0.940029E-04  0.284907E+02
  0.272732E+02  0.286244E+02  0.274156E+02  0.000000E+00  0.000000E+00  0.904246E-04  0.279744E+02
  0.275473E+02  0.281057E+02  0.269180E+02  0.000000E+00  0.000000E+00  0.870155E-04  0.274673E+02
  0.278241E+02  0.275963E+02  0.264294E+02  0.000000E+00  0.000000E+00  0.837642E-04  0.269693E+02
  0.281038E+02  0.270960E+02  0.259495E+02  0.000000E+00  0.000000E+00  0.806510E-04  0.264803E+02
  0.283862E+02  0.266047E+02  0.254783E+02  0.000000E+00  0.000000E+00  0.776257E-04  0.260000E+02
  0.286715E+02  0.261222E+02  0.250155E+02  0.000000E+00  0.000000E+00  0.746731E-04  0.255284E+02
  0.289597E+02  0.256485E+02  0.245610E+02  0.000000E+00  0.000000E+00  0.718739E-04  0.250653E+02
  0.292507E+02  0.251832E+02  0.241148E+02  0.000000E+00  0.000000E+00  0.691597E-04  0.246105E+02
  0.295447E+02  0.247263E+02  0.236765E+02  0.000000E+00  0.000000E+00  0.665923E-04  0.241639E+02
  0.298416E+02  0.242776E+02  0.232461E+02  0.000000E+00  0.000000E+00  0.640855E-04  0.237253E+02
  0.301415E+02  0.238370E+02  0.228234E+02  0.000000E+00  0.000000E+00  0.616289E-04  0.232946E+02
  0.304444E+02  0.234044E+02  0.224084E+02  0.000000E+00  0.000000E+00  0.593435E-04  0.228716E+02
  0.307504E+02  0.229795E+02  0.220008E+02  0.000000E+00  0.000000E+00  0.571261E-04  0.224563E+02
  0.310595E+02  0.225622E+02  0.216006E+02  0.000000E+00  0.000000E+00  0.549566E-04  0.220484E+02
  0.313716E+02  0.221525E+02  0.212075E+02  0.000000E+00  0.000000E+00  0.528853E-04  0.216479E+02
  0.316869E+02  0.217502E+02  0.208216E+02  0.000000E+00  0.000000E+00  0.509201E-04  0.212546E+02
  0.320054E+02  0.213551E+02  0.204425E+02  0.000000E+00  0.000000E+00  0.489903E-04  0.208683E+02
  0.323270E+02  0.209671E+02  0.200703E+02  0.000000E+00  0.000000E+00  0.471628E-04  0.204890E+02
  0.326519E+02  0.205860E+02  0.197049E+02  0.000000E+00  0.000000E+00  0.453761E-04  0.201166E+02
  0.329801E+02  0.202119E+02  0.193460E+02  0.000000E+00  0.000000E+00  0.436643E-04  0.197509E+02
  0.333115E+02  0.198445E+02  0.189935E+02  0.000000E+00  0.000000E+00  0.420038E-04  0.193917E+02
  0.336463E+02  0.194837E+02  0.186474E+02  0.000000E+00  0.000000E+00  0.404520E-04  0.190390E+02
  0.339845E+02  0.191295E+02  0.183076E+02  0.000000E+00  0.000000E+00  0.389199E-04  0.186927E+02
  0.343260E+02  0.187816E+02  0.179739E+02  0.000000E+00  0.000000E+00  0.374435E-04  0.183527E+02
  0.346710E+02  0.184400E+02  0.176462E+02  0.000000E+00  0.000000E+00  0.360274E-04  0.180187E+02
  0.350195E+02  0.181045E+02  0.173244E+02  0.000000E+00  0.000000E+00  0.347037E-04  0.176908E+02
  0.353714E+02  0.177751E+02  0.170084E+02  0.000000E+00  0.000000E+00  0.333717E-04  0.173688E+02
  0.357269E+02  0.174517E+02  0.166981E+02  0.000000E+00  0.000000E+00  0.321201E-04  0.170526E+02
  0.360859E+02  0.171340E+02  0.163934E+02  0.000000E+00  0.000000E+00  0.309184E-04  0.167421E+02
  0.364486E+02  0.168221E+02  0.160942E+02  0.000000E+00  0.000000E+00  0.297322E-04  0.164372E+02
  0.368149E+02  0.165159E+02  0.158004E+02  0.000000E+00  0.000000E+00  0.286520E-04  0.161378E+02
  0.371850E+02  0.162151E+02  0.155119E+02  0.000000E+00  0.000000E+00  0.275450E-04  0.158438E+02
  0.375586E+02  0.159199E+02  0.152286E+02  0.000000E+00  0.000000E+00  0.265249E-04  0.155552E+02
  0.379361E+02  0.156299E+02  0.149504E+02  0.000000E+00  0.000000E+00  0.255031E-04  0.152717E+02
  0.383174E+02  0.153452E+02  0.146773E+02  0.000000E+00  0.000000E+00  0.245530E-04  0.149934E+02
  0.387025E+02  0.150656E+02  0.144091E+02  0.000000E+00  0.000000E+00  0.236240E-04  0.147201E+02
  0.390914E+02  0.147911E+02  0.141457E+02  0.000000E+00  0.000000E+00  0.227398E-04  0.144517E+02
  0.394843E+02  0.145215E+02  0.138871E+02  0.000000E+00  0.000000E+00  0.218983E-04  0.141882E+02
  0.398811E+02  0.142568E+02  0.136331E+02  0.000000E+00  0.000000E+00  0.210623E-04  0.139294E+02
  0.402820E+02  0.139969E+02  0.133838E+02  0.000000E+00  0.000000E+00  0.202712E-04  0.136754E+02
  0.406868E+02  0.137417E+02  0.131390E+02  0.000000E+00  0.000000E+00  0.195014E-04  0.134259E+02
  0.410957E+02  0.134910E+02  0.128985E+02  0.000000E+00  0.000000E+00  0.187622E-04  0.131809E+02
  0.415087E+02  0.132450E+02  0.126625E+02  0.000000E+00  0.000000E+00  0.180619E-04  0.129404E+02
  0.419259E+02  0.130034E+02  0.124307E+02  0.000000E+00  0.000000E+00  0.173720E-04  0.127042E+02
  0.423472E+02  0.127661E+02  0.122031E+02  0.000000E+00  0.000000E+00  0.167280E-04  0.124723E+02
  0.427729E+02  0.125332E+02  0.119796E+02  0.000000E+00  0.000000E+00  0.161035E-04  0.122445E+02
  0.432027E+02  0.123044E+02  0.117601E+02  0.000000E+00  0.000000E+00  0.154875E-04  0.120209E+02
  0.436369E+02  0.120798E+02  0.115447E+02  0.000000E+00  0.000000E+00  0.149088E-04  0.118014E+02
  0.440755E+02  0.118593E+02  0.113331E+02  0.000000E+00  0.000000E+00  0.143391E-04  0.115858E+02
  0.445184E+02  0.116428E+02  0.111253E+02  0.000000E+00  0.000000E+00  0.138108E-04  0.113741E+02
  0.449659E+02  0.114301E+02  0.109214E+02  0.000000E+00  0.000000E+00  0.132888E-04  0.111663E+02
  0.454178E+02  0.112214E+02  0.107211E+02  0.000000E+00  0.000000E+00  0.127852E-04  0.109622E+02
  0.458742E+02  0.110164E+02  0.105244E+02  0.000000E+00  0.000000E+00  0.122906E-04  0.107618E+02
  0.463353E+02  0.108151E+02  0.103313E+02  0.000000E+00  0.000000E+00  0.118305E-04  0.105650E+02
  0.468010E+02  0.106175E+02  0.101417E+02  0.000000E+00  0.000000E+00  0.113916E-04  0.103719E+02
  0.472713E+02  0.104235E+02  0.995553E+01  0.000000E+00  0.000000E+00  0.109585E-04  0.101822E+02
  0.477464E+02  0.102329E+02  0.977273E+01  0.000000E+00  0.000000E+00  0.105478E-04  0.999591E+01
  0.482262E+02  0.100459E+02  0.959326E+01  0.000000E+00  0.000000E+00  0.101525E-04  0.981305E+01
  0.487109E+02  0.986220E+01  0.941703E+01  0.000000E+00  0.000000E+00  0.975998E-05  0.963349E+01
  0.492005E+02  0.968184E+01  0.924399E+01  0.000000E+00  0.000000E+00  0.939145E-05  0.945718E+01
  0.496950E+02  0.950476E+01  0.907409E+01  0.000000E+00  0.000000E+00  0.903787E-05  0.928407E+01
  0.501944E+02  0.933091E+01  0.890728E+01  0.000000E+00  0.000000E+00  0.869566E-05  0.911412E+01
  0.506989E+02  0.916020E+01  0.874349E+01  0.000000E+00  0.000000E+00  0.837424E-05  0.894724E+01
  0.512084E+02  0.899258E+01  0.858266E+01  0.000000E+00  0.000000E+00  0.805631E-05  0.878337E+01
  0.517231E+02  0.882800E+01  0.842476E+01  0.000000E+00  0.000000E+00  0.775442E-05  0.862249E+01
  0.522429E+02  0.866643E+01  0.826973E+01  0.000000E+00  0.000000E+00  0.746056E-05  0.846454E+01
  0.527679E+02  0.850777E+01  0.811750E+01  0.000000E+00  0.000000E+00  0.717404E-05  0.830944E+01
  0.532983E+02  0.835200E+01  0.796804E+01  0.000000E+00  0.000000E+00  0.690828E-05  0.815716E+01
  0.538339E+02  0.819905E+01  0.782128E+01  0.000000E+00  0.000000E+00  0.664225E-05  0.800765E+01
  0.543749E+02  0.804890E+01  0.767721E+01  0.000000E+00  0.000000E+00  0.639159E-05  0.786086E+01
  0.549214E+02  0.790146E+01  0.753574E+01  0.000000E+00  0.000000E+00  0.615085E-05  0.771672E+01
  0.554734E+02  0.775670E+01  0.739684E+01  0.000000E+00  0.000000E+00  0.591699E-05  0.757521E+01
  0.560309E+02  0.761456E+01  0.726045E+01  0.000000E+00  0.000000E+00  0.569172E-05  0.743626E+01
  0.565940E+02  0.747503E+01  0.712656E+01  0.000000E+00  0.000000E+00  0.547936E-05  0.729985E+01
  0.571628E+02  0.733801E+01  0.699509E+01  0.000000E+00  0.000000E+00  0.526856E-05  0.716591E+01
  0.577373E+02  0.720349E+01  0.686601E+01  0.000000E+00  0.000000E+00  0.507714E-05  0.703440E+01
  0.583176E+02  0.707142E+01  0.673928E+01  0.000000E+00  0.000000E+00  0.488487E-05  0.690529E+01
  0.589037E+02  0.694175E+01  0.661485E+01  0.000000E+00  0.000000E+00  0.469803E-05  0.677853E+01
  0.594957E+02  0.681443E+01  0.649268E+01  0.000000E+00  0.000000E+00  0.451794E-05  0.665406E+01
  0.600936E+02  0.668943E+01  0.637273E+01  0.000000E+00  0.000000E+00  0.434857E-05  0.653186E+01
  0.606976E+02  0.656670E+01  0.625496E+01  0.000000E+00  0.000000E+00  0.418780E-05  0.641188E+01
  0.613076E+02  0.644620E+01  0.613934E+01  0.000000E+00  0.000000E+00  0.403145E-05  0.629409E+01
  0.619237E+02  0.632791E+01  0.602582E+01  0.000000E+00  0.000000E+00  0.387593E-05  0.617845E+01
  0.625461E+02  0.621176E+01  0.591436E+01  0.000000E+00  0.000000E+00  0.372670E-05  0.606490E+01
  0.631747E+02  0.609772E+01  0.580493E+01  0.000000E+00  0.000000E+00  0.359001E-05  0.595342E+01
  0.638096E+02  0.598576E+01  0.569749E+01  0.000000E+00  0.000000E+00  0.344897E-05  0.584396E+01
  0.644509E+02  0.587585E+01  0.559201E+01  0.000000E+00  0.000000E+00  0.332236E-05  0.573651E+01
  0.650986E+02  0.576793E+01  0.548845E+01  0.000000E+00  0.000000E+00  0.319728E-05  0.563101E+01
  0.657529E+02  0.566197E+01  0.538676E+01  0.000000E+00  0.000000E+00  0.307459E-05  0.552742E+01
  0.664137E+02  0.555794E+01  0.528693E+01  0.000000E+00  0.000000E+00  0.295968E-05  0.542573E+01
  0.670812E+02  0.545582E+01  0.518893E+01  0.000000E+00  0.000000E+00  0.284434E-05  0.532589E+01
  0.677554E+02  0.535555E+01  0.509270E+01  0.000000E+00  0.000000E+00  0.273967E-05  0.522787E+01
  0.684363E+02  0.525711E+01  0.499822E+01  0.000000E+00  0.000000E+00  0.263654E-05  0.513162E+01
  0.691241E+02  0.516045E+01  0.490547E+01  0.000000E+00  0.000000E+00  0.253463E-05  0.503714E+01
  0.698188E+02  0.506557E+01  0.481441E+01  0.000000E+00  0.000000E+00  0.244061E-05  0.494438E+01
  0.705205E+02  0.497241E+01  0.472501E+01  0.000000E+00  0.000000E+00  0.234942E-05  0.485331E+01
  0.712293E+02  0.488095E+01  0.463723E+01  0.000000E+00  0.000000E+00  0.225804E-05  0.476389E+01
  0.719451E+02  0.479116E+01  0.455105E+01  0.000000E+00  0.000000E+00  0.217323E-05  0.467611E+01
  0.726682E+02  0.470301E+01  0.446645E+01  0.000000E+00  0.000000E+00  0.209097E-05  0.458993E+01
  0.733985E+02  0.461646E+01  0.438338E+01  0.000000E+00  0.000000E+00  0.201013E-05  0.450532E+01
  0.741362E+02  0.453149E+01  0.430183E+01  0.000000E+00  0.000000E+00  0.193495E-05  0.442225E+01
  0.748813E+02  0.444807E+01  0.422177E+01  0.000000E+00  0.000000E+00  0.186092E-05  0.434070E+01
  0.756338E+02  0.436618E+01  0.414317E+01  0.000000E+00  0.000000E+00  0.179113E-05  0.426064E+01
  0.763939E+02  0.428577E+01  0.406600E+01  0.000000E+00  0.000000E+00  0.172377E-05  0.418203E+01
  0.771617E+02  0.420683E+01  0.399024E+01  0.000000E+00  0.000000E+00  0.165690E-05  0.410486E+01
  0.779372E+02  0.412934E+01  0.391585E+01  0.000000E+00  0.000000E+00  0.159516E-05  0.402910E+01
  0.787205E+02  0.405325E+01  0.384283E+01  0.000000E+00  0.000000E+00  0.153603E-05  0.395472E+01
  0.795116E+02  0.397857E+01  0.377114E+01  0.000000E+00  0.000000E+00  0.147591E-05  0.388170E+01
  0.803108E+02  0.390524E+01  0.370076E+01  0.000000E+00  0.000000E+00  0.142024E-05  0.381001E+01
  0.811179E+02  0.383325E+01  0.363166E+01  0.000000E+00  0.000000E+00  0.136543E-05  0.373963E+01
  0.819332E+02  0.376257E+01  0.356382E+01  0.000000E+00  0.000000E+00  0.131600E-05  0.367054E+01
  0.827566E+02  0.369319E+01  0.349723E+01  0.000000E+00  0.000000E+00  0.126647E-05  0.360271E+01
  0.835883E+02  0.362508E+01  0.343185E+01  0.000000E+00  0.000000E+00  0.121766E-05  0.353612E+01
  0.844284E+02  0.355820E+01  0.336766E+01  0.000000E+00  0.000000E+00  0.117201E-05  0.347074E+01
  0.852769E+02  0.349255E+01  0.330464E+01  0.000000E+00  0.000000E+00  0.112711E-05  0.340656E+01
  0.861339E+02  0.342811E+01  0.324278E+01  0.000000E+00  0.000000E+00  0.108441E-05  0.334355E+01
  0.869996E+02  0.336483E+01  0.318204E+01  0.000000E+00  0.000000E+00  0.104292E-05  0.328169E+01
  0.878740E+02  0.330272E+01  0.312241E+01  0.000000E+00  0.000000E+00  0.100294E-05  0.322097E+01
  0.887572E+02  0.324173E+01  0.306387E+01  0.000000E+00  0.000000E+00  0.965968E-06  0.316135E+01
  0.896492E+02  0.318187E+01  0.300641E+01  0.000000E+00  0.000000E+00  0.928992E-06  0.310282E+01
  0.905502E+02  0.312310E+01  0.294999E+01  0.000000E+00  0.000000E+00  0.893856E-06  0.304536E+01
  0.914601E+02  0.306541E+01  0.289461E+01  0.000000E+00  0.000000E+00  0.858812E-06  0.298896E+01
  0.923793E+02  0.300877E+01  0.284024E+01  0.000000E+00  0.000000E+00  0.826115E-06  0.293359E+01
  0.933078E+02  0.295316E+01  0.278686E+01  0.000000E+00  0.000000E+00  0.795738E-06  0.287922E+01
  0.942455E+02  0.289857E+01  0.273446E+01  0.000000E+00  0.000000E+00  0.764836E-06  0.282586E+01
  0.951927E+02  0.284498E+01  0.268301E+01  0.000000E+00  0.000000E+00  0.735633E-06  0.277346E+01
  0.961495E+02  0.279238E+01  0.263251E+01  0.000000E+00  0.000000E+00  0.708241E-06  0.272203E+01
  0.971158E+02  0.274073E+01  0.258293E+01  0.000000E+00  0.000000E+00  0.680848E-06  0.267154E+01
  0.980919E+02  0.269003E+01  0.253425E+01  0.000000E+00  0.000000E+00  0.654763E-06  0.262197E+01
  0.990775E+02  0.264027E+01  0.248648E+01  0.000000E+00  0.000000E+00  0.630942E-06  0.257332E+01
  0.100073E+03  0.259140E+01  0.243957E+01  0.000000E+00  0.000000E+00  0.606202E-06  0.252555E+01
