  0.100785E-04  0.232100E+07  0.232100E+07  0.309449E+07  0.309449E+07  0.232131E+07  0.232101E+07
  0.111270E-04  0.232099E+07  0.232099E+07  0.309446E+07  0.309445E+07  0.232131E+07  0.232101E+07
  0.122847E-04  0.232099E+07  0.232099E+07  0.309441E+07  0.309441E+07  0.232131E+07  0.232101E+07
  0.135627E-04  0.232099E+07  0.232099E+07  0.309436E+07  0.309435E+07  0.232131E+07  0.232101E+07
  0.149737E-04  0.232099E+07  0.232099E+07  0.309429E+07  0.309428E+07  0.232131E+07  0.232101E+07
  0.165316E-04  0.232099E+07  0.232099E+07  0.309421E+07  0.309420E+07  0.232131E+07  0.232100E+07
  0.182515E-04  0.232099E+07  0.232099E+07  0.309411E+07  0.309410E+07  0.232131E+07  0.232100E+07
  0.201503E-04  0.232099E+07  0.232099E+07  0.309399E+07  0.309398E+07  0.232131E+07  0.232100E+07
  0.222467E-04  0.232099E+07  0.232099E+07  0.309384E+07  0.309383E+07  0.232130E+07  0.232100E+07
  0.245612E-04  0.232099E+07  0.232099E+07  0.309366E+07  0.309364E+07  0.232130E+07  0.232100E+07
  0.271165E-04  0.232098E+07  0.232098E+07  0.309344E+07  0.309342E+07  0.232130E+07  0.232100E+07
  0.299376E-04  0.232098E+07  0.232098E+07  0.309317E+07  0.309315E+07  0.232130E+07  0.232099E+07
  0.330522E-04  0.232098E+07  0.232098E+07  0.309284E+07  0.309281E+07  0.232129E+07  0.232099E+07
  0.364909E-04  0.232097E+07  0.232097E+07  0.309244E+07  0.309241E+07  0.232129E+07  0.232099E+07
  0.402873E-04  0.232097E+07  0.232097E+07  0.309196E+07  0.309192E+07  0.232128E+07  0.232098E+07
  0.444787E-04  0.232096E+07  0.232096E+07  0.309137E+07  0.309132E+07  0.232127E+07  0.232098E+07
  0.491061E-04  0.232096E+07  0.232096E+07  0.309064E+07  0.309059E+07  0.232126E+07  0.232097E+07
  0.542150E-04  0.232095E+07  0.232095E+07  0.308977E+07  0.308969E+07  0.232125E+07  0.232096E+07
  0.598554E-04  0.232094E+07  0.232094E+07  0.308870E+07  0.308861E+07  0.232124E+07  0.232095E+07
  0.660826E-04  0.232092E+07  0.232092E+07  0.308739E+07  0.308728E+07  0.232122E+07  0.232094E+07
  0.729577E-04  0.232091E+07  0.232091E+07  0.308580E+07  0.308567E+07  0.232120E+07  0.232092E+07
  0.805480E-04  0.232089E+07  0.232089E+07  0.308386E+07  0.308371E+07  0.232118E+07  0.232090E+07
  0.889280E-04  0.232087E+07  0.232086E+07  0.308150E+07  0.308131E+07  0.232115E+07  0.232088E+07
  0.981798E-04  0.232084E+07  0.232084E+07  0.307863E+07  0.307840E+07  0.232111E+07  0.232085E+07
  0.108394E-03  0.232080E+07  0.232080E+07  0.307513E+07  0.307485E+07  0.232107E+07  0.232081E+07
  0.119671E-03  0.232076E+07  0.232076E+07  0.307087E+07  0.307053E+07  0.232101E+07  0.232077E+07
  0.132122E-03  0.232071E+07  0.232070E+07  0.306569E+07  0.306527E+07  0.232095E+07  0.232072E+07
  0.145867E-03  0.232064E+07  0.232064E+07  0.305938E+07  0.305887E+07  0.232086E+07  0.232065E+07
  0.161043E-03  0.232057E+07  0.232056E+07  0.305171E+07  0.305108E+07  0.232077E+07  0.232057E+07
  0.177797E-03  0.232047E+07  0.232047E+07  0.304238E+07  0.304162E+07  0.232065E+07  0.232048E+07
  0.196295E-03  0.232036E+07  0.232035E+07  0.303104E+07  0.303012E+07  0.232050E+07  0.232036E+07
  0.216717E-03  0.232022E+07  0.232021E+07  0.301728E+07  0.301616E+07  0.232032E+07  0.232022E+07
  0.239263E-03  0.232005E+07  0.232004E+07  0.300058E+07  0.299923E+07  0.232010E+07  0.232005E+07
  0.264156E-03  0.231984E+07  0.231983E+07  0.298035E+07  0.297871E+07  0.231984E+07  0.231984E+07
  0.291638E-03  0.231959E+07  0.231958E+07  0.295585E+07  0.295388E+07  0.231952E+07  0.231958E+07
  0.321979E-03  0.231928E+07  0.231927E+07  0.292625E+07  0.292387E+07  0.231913E+07  0.231927E+07
  0.355477E-03  0.231891E+07  0.231889E+07  0.289054E+07  0.288768E+07  0.231865E+07  0.231890E+07
  0.392460E-03  0.231845E+07  0.231843E+07  0.284756E+07  0.284414E+07  0.231807E+07  0.231844E+07
  0.433290E-03  0.231790E+07  0.231787E+07  0.279597E+07  0.279190E+07  0.231736E+07  0.231788E+07
  0.478369E-03  0.231723E+07  0.231720E+07  0.273428E+07  0.272944E+07  0.231651E+07  0.231720E+07
  0.528137E-03  0.231642E+07  0.231638E+07  0.266080E+07  0.265510E+07  0.231547E+07  0.231638E+07
  0.583083E-03  0.231543E+07  0.231538E+07  0.257373E+07  0.256706E+07  0.231420E+07  0.231538E+07
  0.643745E-03  0.231424E+07  0.231418E+07  0.247122E+07  0.246348E+07  0.231267E+07  0.231417E+07
  0.710719E-03  0.231279E+07  0.231272E+07  0.235146E+07  0.234259E+07  0.231081E+07  0.231270E+07
  0.784660E-03  0.231105E+07  0.231096E+07  0.221290E+07  0.220287E+07  0.230857E+07  0.231094E+07
  0.866294E-03  0.230894E+07  0.230883E+07  0.205447E+07  0.204334E+07  0.230585E+07  0.230881E+07
  0.956421E-03  0.230641E+07  0.230628E+07  0.187600E+07  0.186394E+07  0.230258E+07  0.230624E+07
  0.105592E-02  0.230337E+07  0.230321E+07  0.167863E+07  0.166594E+07  0.229865E+07  0.230317E+07
  0.116578E-02  0.229974E+07  0.229955E+07  0.146536E+07  0.145251E+07  0.229392E+07  0.229949E+07
  0.128707E-02  0.229541E+07  0.229518E+07  0.124155E+07  0.122922E+07  0.228823E+07  0.229510E+07
  0.142097E-02  0.229027E+07  0.229000E+07  0.101533E+07  0.100432E+07  0.228144E+07  0.228989E+07
  0.156880E-02  0.228421E+07  0.228388E+07  0.797473E+06  0.788659E+06  0.227339E+07  0.228374E+07
  0.173202E-02  0.227708E+07  0.227668E+07  0.600646E+06  0.594760E+06  0.226388E+07  0.227651E+07
  0.191221E-02  0.226875E+07  0.226828E+07  0.437492E+06  0.434846E+06  0.225269E+07  0.226806E+07
  0.211115E-02  0.225908E+07  0.225852E+07  0.317536E+06  0.317714E+06  0.223958E+07  0.225825E+07
  0.233079E-02  0.224793E+07  0.224726E+07  0.243335E+06  0.245013E+06  0.222432E+07  0.224692E+07
  0.257328E-02  0.223515E+07  0.223434E+07  0.207393E+06  0.208544E+06  0.220662E+07  0.223392E+07
  0.284100E-02  0.222058E+07  0.221961E+07  0.192354E+06  0.191051E+06  0.218620E+07  0.221910E+07
  0.313657E-02  0.220405E+07  0.220288E+07  0.177009E+06  0.172679E+06  0.216276E+07  0.220228E+07
  0.346289E-02  0.218540E+07  0.218398E+07  0.147660E+06  0.141954E+06  0.213596E+07  0.218327E+07
  0.382316E-02  0.216441E+07  0.216271E+07  0.108100E+06  0.104028E+06  0.210546E+07  0.216187E+07
  0.422091E-02  0.214088E+07  0.213883E+07  0.765110E+05  0.754983E+05  0.207090E+07  0.213786E+07
  0.466004E-02  0.211459E+07  0.211212E+07  0.650796E+05  0.647567E+05  0.203197E+07  0.211102E+07
  0.514486E-02  0.208532E+07  0.208234E+07  0.623680E+05  0.000000E+00  0.198836E+07  0.208112E+07
  0.568012E-02  0.205286E+07  0.204927E+07  0.495716E+05  0.000000E+00  0.193986E+07  0.204794E+07
  0.627106E-02  0.201697E+07  0.201266E+07  0.338007E+05  0.000000E+00  0.188633E+07  0.201126E+07
  0.692349E-02  0.197746E+07  0.197228E+07  0.309512E+05  0.000000E+00  0.182773E+07  0.197088E+07
  0.764379E-02  0.193413E+07  0.192791E+07  0.268718E+05  0.000000E+00  0.176415E+07  0.192661E+07
  0.843903E-02  0.188681E+07  0.187937E+07  0.179547E+05  0.000000E+00  0.169576E+07  0.187828E+07
  0.931700E-02  0.183536E+07  0.182648E+07  0.176264E+05  0.000000E+00  0.162285E+07  0.182577E+07
  0.102863E-01  0.177966E+07  0.176909E+07  0.120416E+05  0.000000E+00  0.154569E+07  0.176898E+07
  0.113565E-01  0.171966E+07  0.170711E+07  0.112593E+05  0.000000E+00  0.146461E+07  0.170785E+07
  0.125380E-01  0.165531E+07  0.164049E+07  0.756268E+04  0.000000E+00  0.137997E+07  0.164236E+07
  0.138424E-01  0.158663E+07  0.156922E+07  0.684569E+04  0.000000E+00  0.129225E+07  0.157253E+07
  0.152825E-01  0.151372E+07  0.149338E+07  0.552345E+04  0.000000E+00  0.120214E+07  0.149848E+07
  0.168725E-01  0.143672E+07  0.141315E+07  0.380214E+04  0.000000E+00  0.111046E+07  0.142040E+07
  0.186279E-01  0.135593E+07  0.132885E+07  0.285786E+04  0.000000E+00  0.101792E+07  0.133859E+07
  0.205658E-01  0.127174E+07  0.124100E+07  0.231153E+04  0.000000E+00  0.924920E+06  0.125348E+07
  0.227055E-01  0.118475E+07  0.115033E+07  0.210592E+04  0.000000E+00  0.831916E+06  0.116566E+07
  0.250677E-01  0.109635E+07  0.105844E+07  0.120816E+04  0.000000E+00  0.737133E+06  0.107645E+07
  0.276757E-01  0.100675E+07  0.965877E+06  0.120398E+04  0.000000E+00  0.648271E+06  0.986403E+06
  0.305550E-01  0.918038E+06  0.875091E+06  0.803184E+03  0.000000E+00  0.564564E+06  0.897547E+06
  0.337338E-01  0.832512E+06  0.788806E+06  0.616368E+03  0.000000E+00  0.487225E+06  0.812212E+06
  0.372434E-01  0.752372E+06  0.709625E+06  0.408680E+03  0.000000E+00  0.417379E+06  0.732622E+06
  0.411181E-01  0.679697E+06  0.639889E+06  0.299999E+03  0.000000E+00  0.356067E+06  0.660858E+06
  0.452299E-01  0.618027E+06  0.582902E+06  0.000000E+00  0.000000E+00  0.305593E+06  0.600373E+06
  0.493417E-01  0.569865E+06  0.540261E+06  0.000000E+00  0.000000E+00  0.266490E+06  0.553449E+06
  0.534535E-01  0.531080E+06  0.507034E+06  0.000000E+00  0.000000E+00  0.235260E+06  0.515852E+06
  0.575653E-01  0.498511E+06  0.479377E+06  0.000000E+00  0.000000E+00  0.209571E+06  0.484340E+06
  0.616771E-01  0.469868E+06  0.454521E+06  0.000000E+00  0.000000E+00  0.187707E+06  0.456569E+06
  0.657890E-01  0.443061E+06  0.430146E+06  0.000000E+00  0.000000E+00  0.168326E+06  0.430439E+06
  0.699008E-01  0.416760E+06  0.404939E+06  0.000000E+00  0.000000E+00  0.150733E+06  0.404648E+06
  0.740126E-01  0.390503E+06  0.378662E+06  0.000000E+00  0.000000E+00  0.134565E+06  0.378775E+06
  0.781244E-01  0.364570E+06  0.351957E+06  0.000000E+00  0.000000E+00  0.119775E+06  0.353145E+06
  0.822362E-01  0.339626E+06  0.325912E+06  0.000000E+00  0.000000E+00  0.106482E+06  0.328470E+06
  0.863480E-01  0.316351E+06  0.301603E+06  0.000000E+00  0.000000E+00  0.947494E+05  0.305471E+06
  0.914905E-01  0.290426E+06  0.274949E+06  0.000000E+00  0.000000E+00  0.822715E+05  0.279944E+06
  0.966330E-01  0.268761E+06  0.253479E+06  0.000000E+00  0.000000E+00  0.721636E+05  0.258754E+06
  0.101776E+00  0.251600E+06  0.237444E+06  0.000000E+00  0.000000E+00  0.641652E+05  0.242126E+06
  0.106918E+00  0.238356E+06  0.225991E+06  0.000000E+00  0.000000E+00  0.578545E+05  0.229437E+06
  0.112061E+00  0.227778E+06  0.217456E+06  0.000000E+00  0.000000E+00  0.527077E+05  0.219397E+06
  0.117203E+00  0.218495E+06  0.210038E+06  0.000000E+00  0.000000E+00  0.482572E+05  0.210600E+06
  0.122346E+00  0.209433E+06  0.202343E+06  0.000000E+00  0.000000E+00  0.441911E+05  0.201951E+06
  0.127488E+00  0.199966E+06  0.193592E+06  0.000000E+00  0.000000E+00  0.403329E+05  0.192815E+06
  0.132631E+00  0.189913E+06  0.183641E+06  0.000000E+00  0.000000E+00  0.366377E+05  0.183022E+06
  0.137773E+00  0.179474E+06  0.172868E+06  0.000000E+00  0.000000E+00  0.331341E+05  0.172795E+06
  0.142916E+00  0.169092E+06  0.161974E+06  0.000000E+00  0.000000E+00  0.298947E+05  0.162604E+06
  0.148058E+00  0.159317E+06  0.151762E+06  0.000000E+00  0.000000E+00  0.269994E+05  0.153023E+06
  0.153201E+00  0.150661E+06  0.142929E+06  0.000000E+00  0.000000E+00  0.245008E+05  0.144574E+06
  0.158343E+00  0.143415E+06  0.135851E+06  0.000000E+00  0.000000E+00  0.224095E+05  0.137553E+06
  0.163486E+00  0.137539E+06  0.130463E+06  0.000000E+00  0.000000E+00  0.206759E+05  0.131915E+06
  0.168628E+00  0.132736E+06  0.126358E+06  0.000000E+00  0.000000E+00  0.192185E+05  0.127353E+06
  0.173771E+00  0.128617E+06  0.122998E+06  0.000000E+00  0.000000E+00  0.179524E+05  0.123466E+06
  0.178913E+00  0.124800E+06  0.119857E+06  0.000000E+00  0.000000E+00  0.168039E+05  0.119860E+06
  0.184056E+00  0.120943E+06  0.116489E+06  0.000000E+00  0.000000E+00  0.157172E+05  0.116188E+06
  0.189198E+00  0.116821E+06  0.112625E+06  0.000000E+00  0.000000E+00  0.146573E+05  0.112225E+06
  0.194341E+00  0.112405E+06  0.108256E+06  0.000000E+00  0.000000E+00  0.136209E+05  0.107946E+06
  0.199483E+00  0.107835E+06  0.103587E+06  0.000000E+00  0.000000E+00  0.126247E+05  0.103498E+06
  0.204626E+00  0.103316E+06  0.989146E+05  0.000000E+00  0.000000E+00  0.116914E+05  0.990910E+05
  0.209768E+00  0.990383E+05  0.945165E+05  0.000000E+00  0.000000E+00  0.108398E+05  0.949256E+05
  0.214911E+00  0.951600E+05  0.906125E+05  0.000000E+00  0.000000E+00  0.100806E+05  0.911627E+05
  0.220053E+00  0.917761E+05  0.873248E+05  0.000000E+00  0.000000E+00  0.941735E+04  0.878987E+05
  0.225196E+00  0.888860E+05  0.846426E+05  0.000000E+00  0.000000E+00  0.884146E+04  0.851309E+05
  0.230338E+00  0.863959E+05  0.824344E+05  0.000000E+00  0.000000E+00  0.833636E+04  0.827625E+05
  0.235481E+00  0.841646E+05  0.805069E+05  0.000000E+00  0.000000E+00  0.788243E+04  0.806484E+05
  0.240623E+00  0.820477E+05  0.786651E+05  0.000000E+00  0.000000E+00  0.746154E+04  0.786409E+05
  0.245766E+00  0.799248E+05  0.767521E+05  0.000000E+00  0.000000E+00  0.706053E+04  0.766180E+05
  0.250908E+00  0.777231E+05  0.746791E+05  0.000000E+00  0.000000E+00  0.667125E+04  0.745066E+05
  0.256051E+00  0.754321E+05  0.724412E+05  0.000000E+00  0.000000E+00  0.629266E+04  0.722975E+05
  0.261193E+00  0.730956E+05  0.701046E+05  0.000000E+00  0.000000E+00  0.592800E+04  0.700366E+05
  0.266336E+00  0.707838E+05  0.677702E+05  0.000000E+00  0.000000E+00  0.558261E+04  0.677966E+05
  0.271478E+00  0.685682E+05  0.655398E+05  0.000000E+00  0.000000E+00  0.526139E+04  0.656512E+05
  0.276621E+00  0.665073E+05  0.634946E+05  0.000000E+00  0.000000E+00  0.496712E+04  0.636607E+05
  0.281763E+00  0.646356E+05  0.616794E+05  0.000000E+00  0.000000E+00  0.470099E+04  0.618596E+05
  0.286906E+00  0.629549E+05  0.600944E+05  0.000000E+00  0.000000E+00  0.446103E+04  0.602497E+05
  0.292049E+00  0.614366E+05  0.586986E+05  0.000000E+00  0.000000E+00  0.424340E+04  0.588010E+05
  0.297191E+00  0.600328E+05  0.574268E+05  0.000000E+00  0.000000E+00  0.404326E+04  0.574647E+05
  0.302334E+00  0.586919E+05  0.562099E+05  0.000000E+00  0.000000E+00  0.385577E+04  0.561880E+05
  0.307476E+00  0.573702E+05  0.549908E+05  0.000000E+00  0.000000E+00  0.367738E+04  0.549267E+05
  0.312619E+00  0.560403E+05  0.537354E+05  0.000000E+00  0.000000E+00  0.350562E+04  0.536533E+05
  0.317761E+00  0.546946E+05  0.524370E+05  0.000000E+00  0.000000E+00  0.333982E+04  0.523605E+05
  0.322904E+00  0.533435E+05  0.511125E+05  0.000000E+00  0.000000E+00  0.318035E+04  0.510594E+05
  0.328046E+00  0.520090E+05  0.497940E+05  0.000000E+00  0.000000E+00  0.302828E+04  0.497729E+05
  0.333189E+00  0.507168E+05  0.485178E+05  0.000000E+00  0.000000E+00  0.288485E+04  0.485273E+05
  0.338331E+00  0.494889E+05  0.473143E+05  0.000000E+00  0.000000E+00  0.275076E+04  0.473453E+05
  0.343474E+00  0.483383E+05  0.462009E+05  0.000000E+00  0.000000E+00  0.262643E+04  0.462400E+05
  0.348616E+00  0.472664E+05  0.451793E+05  0.000000E+00  0.000000E+00  0.251124E+04  0.452129E+05
  0.353759E+00  0.462646E+05  0.442376E+05  0.000000E+00  0.000000E+00  0.240424E+04  0.442552E+05
  0.358901E+00  0.453184E+05  0.433557E+05  0.000000E+00  0.000000E+00  0.230422E+04  0.433518E+05
  0.364044E+00  0.444110E+05  0.425109E+05  0.000000E+00  0.000000E+00  0.220985E+04  0.424857E+05
  0.369186E+00  0.435265E+05  0.416823E+05  0.000000E+00  0.000000E+00  0.212008E+04  0.416407E+05
  0.374329E+00  0.426531E+05  0.408552E+05  0.000000E+00  0.000000E+00  0.203401E+04  0.408050E+05
  0.379471E+00  0.417850E+05  0.400235E+05  0.000000E+00  0.000000E+00  0.195127E+04  0.399728E+05
  0.384614E+00  0.409238E+05  0.391905E+05  0.000000E+00  0.000000E+00  0.187177E+04  0.391462E+05
  0.389756E+00  0.400766E+05  0.383666E+05  0.000000E+00  0.000000E+00  0.179568E+04  0.383324E+05
  0.394899E+00  0.392520E+05  0.375637E+05  0.000000E+00  0.000000E+00  0.172328E+04  0.375401E+05
  0.400041E+00  0.384565E+05  0.367914E+05  0.000000E+00  0.000000E+00  0.165466E+04  0.367762E+05
  0.405184E+00  0.376941E+05  0.360557E+05  0.000000E+00  0.000000E+00  0.158989E+04  0.360448E+05
  0.410326E+00  0.369670E+05  0.353593E+05  0.000000E+00  0.000000E+00  0.152881E+04  0.353482E+05
  0.415469E+00  0.362744E+05  0.347008E+05  0.000000E+00  0.000000E+00  0.147123E+04  0.346855E+05
  0.420611E+00  0.356116E+05  0.340738E+05  0.000000E+00  0.000000E+00  0.141681E+04  0.340519E+05
  0.425754E+00  0.349717E+05  0.334695E+05  0.000000E+00  0.000000E+00  0.136505E+04  0.334403E+05
  0.430896E+00  0.343488E+05  0.328801E+05  0.000000E+00  0.000000E+00  0.131565E+04  0.328447E+05
  0.436039E+00  0.337391E+05  0.323007E+05  0.000000E+00  0.000000E+00  0.126832E+04  0.322615E+05
  0.441181E+00  0.331405E+05  0.317288E+05  0.000000E+00  0.000000E+00  0.122292E+04  0.316884E+05
  0.446324E+00  0.325516E+05  0.311633E+05  0.000000E+00  0.000000E+00  0.117930E+04  0.311242E+05
  0.451466E+00  0.319729E+05  0.306056E+05  0.000000E+00  0.000000E+00  0.113738E+04  0.305695E+05
  0.456609E+00  0.314070E+05  0.300595E+05  0.000000E+00  0.000000E+00  0.109725E+04  0.300270E+05
  0.461751E+00  0.308571E+05  0.295291E+05  0.000000E+00  0.000000E+00  0.105890E+04  0.294998E+05
  0.466894E+00  0.303248E+05  0.290171E+05  0.000000E+00  0.000000E+00  0.102235E+04  0.289898E+05
  0.472037E+00  0.298104E+05  0.285238E+05  0.000000E+00  0.000000E+00  0.987494E+03  0.284972E+05
  0.477179E+00  0.293131E+05  0.280486E+05  0.000000E+00  0.000000E+00  0.954263E+03  0.280213E+05
  0.482322E+00  0.288321E+05  0.275903E+05  0.000000E+00  0.000000E+00  0.922571E+03  0.275612E+05
  0.487464E+00  0.283659E+05  0.271466E+05  0.000000E+00  0.000000E+00  0.892256E+03  0.271153E+05
  0.492607E+00  0.279122E+05  0.267149E+05  0.000000E+00  0.000000E+00  0.863247E+03  0.266815E+05
  0.497749E+00  0.274689E+05  0.262924E+05  0.000000E+00  0.000000E+00  0.835381E+03  0.262575E+05
  0.502892E+00  0.270344E+05  0.258774E+05  0.000000E+00  0.000000E+00  0.808579E+03  0.258418E+05
  0.508034E+00  0.266085E+05  0.254696E+05  0.000000E+00  0.000000E+00  0.782793E+03  0.254341E+05
  0.513177E+00  0.261914E+05  0.250694E+05  0.000000E+00  0.000000E+00  0.757982E+03  0.250348E+05
  0.518319E+00  0.257833E+05  0.246775E+05  0.000000E+00  0.000000E+00  0.734142E+03  0.246440E+05
  0.523462E+00  0.253844E+05  0.242944E+05  0.000000E+00  0.000000E+00  0.711209E+03  0.242621E+05
  0.528604E+00  0.249954E+05  0.239209E+05  0.000000E+00  0.000000E+00  0.689195E+03  0.238897E+05
  0.533747E+00  0.246168E+05  0.235580E+05  0.000000E+00  0.000000E+00  0.668067E+03  0.235273E+05
  0.538889E+00  0.242486E+05  0.232057E+05  0.000000E+00  0.000000E+00  0.647797E+03  0.231751E+05
  0.544032E+00  0.238903E+05  0.228632E+05  0.000000E+00  0.000000E+00  0.628341E+03  0.228323E+05
  0.549174E+00  0.235408E+05  0.225294E+05  0.000000E+00  0.000000E+00  0.609623E+03  0.224980E+05
  0.554317E+00  0.231996E+05  0.222037E+05  0.000000E+00  0.000000E+00  0.591636E+03  0.221717E+05
  0.557046E+00  0.230222E+05  0.220344E+05  0.000000E+00  0.000000E+00  0.582369E+03  0.220021E+05
  0.562644E+00  0.226639E+05  0.216921E+05  0.000000E+00  0.000000E+00  0.563899E+03  0.216594E+05
  0.568299E+00  0.223101E+05  0.213536E+05  0.000000E+00  0.000000E+00  0.545983E+03  0.213209E+05
  0.574010E+00  0.219602E+05  0.210186E+05  0.000000E+00  0.000000E+00  0.528572E+03  0.209862E+05
  0.579779E+00  0.216149E+05  0.206878E+05  0.000000E+00  0.000000E+00  0.511692E+03  0.206559E+05
  0.585606E+00  0.212749E+05  0.203618E+05  0.000000E+00  0.000000E+00  0.495318E+03  0.203305E+05
  0.591491E+00  0.209399E+05  0.200408E+05  0.000000E+00  0.000000E+00  0.479463E+03  0.200100E+05
  0.597436E+00  0.206102E+05  0.197250E+05  0.000000E+00  0.000000E+00  0.464091E+03  0.196946E+05
  0.603441E+00  0.202859E+05  0.194146E+05  0.000000E+00  0.000000E+00  0.449213E+03  0.193844E+05
  0.609506E+00  0.199672E+05  0.191098E+05  0.000000E+00  0.000000E+00  0.434809E+03  0.190797E+05
  0.615631E+00  0.196536E+05  0.188100E+05  0.000000E+00  0.000000E+00  0.420862E+03  0.187798E+05
  0.621818E+00  0.193444E+05  0.185143E+05  0.000000E+00  0.000000E+00  0.407333E+03  0.184841E+05
  0.628068E+00  0.190396E+05  0.182228E+05  0.000000E+00  0.000000E+00  0.394224E+03  0.181927E+05
  0.634380E+00  0.187393E+05  0.179354E+05  0.000000E+00  0.000000E+00  0.381517E+03  0.179054E+05
  0.640755E+00  0.184431E+05  0.176519E+05  0.000000E+00  0.000000E+00  0.369198E+03  0.176222E+05
  0.647195E+00  0.181508E+05  0.173720E+05  0.000000E+00  0.000000E+00  0.357251E+03  0.173427E+05
  0.653699E+00  0.178630E+05  0.170964E+05  0.000000E+00  0.000000E+00  0.345681E+03  0.170674E+05
  0.660269E+00  0.175798E+05  0.168253E+05  0.000000E+00  0.000000E+00  0.334471E+03  0.167966E+05
  0.666905E+00  0.173010E+05  0.165584E+05  0.000000E+00  0.000000E+00  0.323624E+03  0.165300E+05
  0.673607E+00  0.170264E+05  0.162957E+05  0.000000E+00  0.000000E+00  0.313108E+03  0.162675E+05
  0.680377E+00  0.167564E+05  0.160373E+05  0.000000E+00  0.000000E+00  0.302937E+03  0.160093E+05
  0.687216E+00  0.164906E+05  0.157830E+05  0.000000E+00  0.000000E+00  0.293082E+03  0.157552E+05
  0.694122E+00  0.162287E+05  0.155324E+05  0.000000E+00  0.000000E+00  0.283539E+03  0.155047E+05
  0.701098E+00  0.159706E+05  0.152854E+05  0.000000E+00  0.000000E+00  0.274289E+03  0.152579E+05
  0.708144E+00  0.157165E+05  0.150421E+05  0.000000E+00  0.000000E+00  0.265335E+03  0.150150E+05
  0.715261E+00  0.154660E+05  0.148024E+05  0.000000E+00  0.000000E+00  0.256661E+03  0.147756E+05
  0.722449E+00  0.152193E+05  0.145662E+05  0.000000E+00  0.000000E+00  0.248255E+03  0.145396E+05
  0.729710E+00  0.149764E+05  0.143338E+05  0.000000E+00  0.000000E+00  0.240122E+03  0.143075E+05
  0.737044E+00  0.147372E+05  0.141049E+05  0.000000E+00  0.000000E+00  0.232242E+03  0.140788E+05
  0.744452E+00  0.145015E+05  0.138793E+05  0.000000E+00  0.000000E+00  0.224614E+03  0.138535E+05
  0.751933E+00  0.142696E+05  0.136574E+05  0.000000E+00  0.000000E+00  0.217230E+03  0.136318E+05
  0.759490E+00  0.140413E+05  0.134389E+05  0.000000E+00  0.000000E+00  0.210080E+03  0.134136E+05
  0.767123E+00  0.138164E+05  0.132236E+05  0.000000E+00  0.000000E+00  0.203159E+03  0.131986E+05
  0.774833E+00  0.135950E+05  0.130117E+05  0.000000E+00  0.000000E+00  0.196457E+03  0.129869E+05
  0.782620E+00  0.133771E+05  0.128032E+05  0.000000E+00  0.000000E+00  0.189974E+03  0.127787E+05
  0.790485E+00  0.131624E+05  0.125977E+05  0.000000E+00  0.000000E+00  0.183695E+03  0.125735E+05
  0.798430E+00  0.129511E+05  0.123955E+05  0.000000E+00  0.000000E+00  0.177616E+03  0.123715E+05
  0.806455E+00  0.127430E+05  0.121964E+05  0.000000E+00  0.000000E+00  0.171736E+03  0.121726E+05
  0.814560E+00  0.125380E+05  0.120001E+05  0.000000E+00  0.000000E+00  0.166039E+03  0.119766E+05
  0.822746E+00  0.123361E+05  0.118069E+05  0.000000E+00  0.000000E+00  0.160526E+03  0.117837E+05
  0.831015E+00  0.121374E+05  0.116167E+05  0.000000E+00  0.000000E+00  0.155192E+03  0.115938E+05
  0.839367E+00  0.119416E+05  0.114294E+05  0.000000E+00  0.000000E+00  0.150029E+03  0.114067E+05
  0.847803E+00  0.117490E+05  0.112450E+05  0.000000E+00  0.000000E+00  0.145030E+03  0.112226E+05
  0.856323E+00  0.115595E+05  0.110636E+05  0.000000E+00  0.000000E+00  0.140199E+03  0.110415E+05
  0.864929E+00  0.113728E+05  0.108850E+05  0.000000E+00  0.000000E+00  0.135522E+03  0.108631E+05
  0.873622E+00  0.111892E+05  0.107092E+05  0.000000E+00  0.000000E+00  0.130996E+03  0.106876E+05
  0.882402E+00  0.110083E+05  0.105361E+05  0.000000E+00  0.000000E+00  0.126618E+03  0.105147E+05
  0.891270E+00  0.108302E+05  0.103656E+05  0.000000E+00  0.000000E+00  0.122381E+03  0.103445E+05
  0.900227E+00  0.106549E+05  0.101978E+05  0.000000E+00  0.000000E+00  0.118282E+03  0.101770E+05
  0.909275E+00  0.104822E+05  0.100325E+05  0.000000E+00  0.000000E+00  0.114313E+03  0.100119E+05
  0.918414E+00  0.103121E+05  0.986981E+04  0.000000E+00  0.000000E+00  0.110477E+03  0.984946E+04
  0.927643E+00  0.101449E+05  0.970972E+04  0.000000E+00  0.000000E+00  0.106765E+03  0.968962E+04
  0.936966E+00  0.998012E+04  0.955204E+04  0.000000E+00  0.000000E+00  0.103174E+03  0.953219E+04
  0.946383E+00  0.981810E+04  0.939697E+04  0.000000E+00  0.000000E+00  0.997001E+02  0.937737E+04
  0.955895E+00  0.965858E+04  0.924430E+04  0.000000E+00  0.000000E+00  0.963427E+02  0.922496E+04
  0.965501E+00  0.950156E+04  0.909402E+04  0.000000E+00  0.000000E+00  0.930945E+02  0.907492E+04
  0.975205E+00  0.934701E+04  0.894611E+04  0.000000E+00  0.000000E+00  0.899528E+02  0.892725E+04
  0.985006E+00  0.919474E+04  0.880037E+04  0.000000E+00  0.000000E+00  0.869110E+02  0.878176E+04
  0.994906E+00  0.904490E+04  0.865696E+04  0.000000E+00  0.000000E+00  0.839714E+02  0.863859E+04
  0.100490E+01  0.889735E+04  0.851574E+04  0.000000E+00  0.000000E+00  0.811281E+02  0.849761E+04
  0.101500E+01  0.875213E+04  0.837676E+04  0.000000E+00  0.000000E+00  0.783791E+02  0.835886E+04
  0.102520E+01  0.860927E+04  0.824002E+04  0.000000E+00  0.000000E+00  0.757205E+02  0.822236E+04
  0.103551E+01  0.846862E+04  0.810541E+04  0.000000E+00  0.000000E+00  0.731494E+02  0.808799E+04
  0.104592E+01  0.833029E+04  0.797302E+04  0.000000E+00  0.000000E+00  0.706644E+02  0.795583E+04
  0.105643E+01  0.819406E+04  0.784263E+04  0.000000E+00  0.000000E+00  0.682611E+02  0.782567E+04
  0.106704E+01  0.806001E+04  0.771433E+04  0.000000E+00  0.000000E+00  0.659386E+02  0.769760E+04
  0.107777E+01  0.792797E+04  0.758795E+04  0.000000E+00  0.000000E+00  0.636913E+02  0.757145E+04
  0.108860E+01  0.779802E+04  0.746359E+04  0.000000E+00  0.000000E+00  0.615192E+02  0.744731E+04
  0.109954E+01  0.767014E+04  0.734119E+04  0.000000E+00  0.000000E+00  0.594187E+02  0.732514E+04
  0.111059E+01  0.754430E+04  0.722075E+04  0.000000E+00  0.000000E+00  0.573885E+02  0.720492E+04
  0.112175E+01  0.742052E+04  0.710228E+04  0.000000E+00  0.000000E+00  0.554264E+02  0.708667E+04
  0.113303E+01  0.729869E+04  0.698568E+04  0.000000E+00  0.000000E+00  0.535294E+02  0.697028E+04
  0.114441E+01  0.717884E+04  0.687097E+04  0.000000E+00  0.000000E+00  0.516971E+02  0.685578E+04
  0.115591E+01  0.706079E+04  0.675799E+04  0.000000E+00  0.000000E+00  0.499246E+02  0.674302E+04
  0.116753E+01  0.694464E+04  0.664682E+04  0.000000E+00  0.000000E+00  0.482120E+02  0.663206E+04
  0.117927E+01  0.683026E+04  0.653735E+04  0.000000E+00  0.000000E+00  0.465561E+02  0.652280E+04
  0.119112E+01  0.671779E+04  0.642971E+04  0.000000E+00  0.000000E+00  0.449562E+02  0.641535E+04
  0.120309E+01  0.660707E+04  0.632374E+04  0.000000E+00  0.000000E+00  0.434102E+02  0.630959E+04
  0.121518E+01  0.649805E+04  0.621939E+04  0.000000E+00  0.000000E+00  0.419150E+02  0.620545E+04
  0.122739E+01  0.639075E+04  0.611669E+04  0.000000E+00  0.000000E+00  0.404701E+02  0.610295E+04
  0.123973E+01  0.628525E+04  0.601572E+04  0.000000E+00  0.000000E+00  0.390755E+02  0.600217E+04
  0.125219E+01  0.618141E+04  0.591634E+04  0.000000E+00  0.000000E+00  0.377263E+02  0.590299E+04
  0.126477E+01  0.607932E+04  0.581863E+04  0.000000E+00  0.000000E+00  0.364234E+02  0.580547E+04
  0.127748E+01  0.597888E+04  0.572250E+04  0.000000E+00  0.000000E+00  0.351657E+02  0.570953E+04
  0.129032E+01  0.588015E+04  0.562800E+04  0.000000E+00  0.000000E+00  0.339499E+02  0.561522E+04
  0.130329E+01  0.578299E+04  0.553501E+04  0.000000E+00  0.000000E+00  0.327755E+02  0.552241E+04
  0.131639E+01  0.568736E+04  0.544348E+04  0.000000E+00  0.000000E+00  0.316413E+02  0.543107E+04
  0.132962E+01  0.559319E+04  0.535336E+04  0.000000E+00  0.000000E+00  0.305447E+02  0.534113E+04
  0.134298E+01  0.550042E+04  0.526456E+04  0.000000E+00  0.000000E+00  0.294842E+02  0.525251E+04
  0.135648E+01  0.540910E+04  0.517716E+04  0.000000E+00  0.000000E+00  0.284600E+02  0.516529E+04
  0.137011E+01  0.531918E+04  0.509110E+04  0.000000E+00  0.000000E+00  0.274704E+02  0.507940E+04
  0.138388E+01  0.523075E+04  0.500646E+04  0.000000E+00  0.000000E+00  0.265147E+02  0.499494E+04
  0.139779E+01  0.514374E+04  0.492319E+04  0.000000E+00  0.000000E+00  0.255913E+02  0.491183E+04
  0.141184E+01  0.505817E+04  0.484129E+04  0.000000E+00  0.000000E+00  0.246997E+02  0.483010E+04
  0.142603E+01  0.497400E+04  0.476073E+04  0.000000E+00  0.000000E+00  0.238385E+02  0.474971E+04
  0.144036E+01  0.489149E+04  0.468176E+04  0.000000E+00  0.000000E+00  0.301904E+02  0.467118E+04
  0.145484E+01  0.481005E+04  0.460381E+04  0.000000E+00  0.000000E+00  0.291555E+02  0.459339E+04
  0.146946E+01  0.472992E+04  0.452712E+04  0.000000E+00  0.000000E+00  0.281550E+02  0.451685E+04
  0.148422E+01  0.465109E+04  0.445168E+04  0.000000E+00  0.000000E+00  0.271887E+02  0.444156E+04
  0.149914E+01  0.457356E+04  0.437747E+04  0.000000E+00  0.000000E+00  0.262541E+02  0.436750E+04
  0.151421E+01  0.449727E+04  0.430445E+04  0.000000E+00  0.000000E+00  0.253512E+02  0.429463E+04
  0.152943E+01  0.442224E+04  0.423264E+04  0.000000E+00  0.000000E+00  0.244786E+02  0.422296E+04
  0.154480E+01  0.434841E+04  0.416197E+04  0.000000E+00  0.000000E+00  0.236356E+02  0.415244E+04
  0.156032E+01  0.427575E+04  0.409243E+04  0.000000E+00  0.000000E+00  0.228208E+02  0.408304E+04
  0.157600E+01  0.420429E+04  0.402404E+04  0.000000E+00  0.000000E+00  0.220333E+02  0.401479E+04
  0.159184E+01  0.413399E+04  0.395675E+04  0.000000E+00  0.000000E+00  0.212725E+02  0.394763E+04
  0.160784E+01  0.406480E+04  0.389053E+04  0.000000E+00  0.000000E+00  0.205374E+02  0.388155E+04
  0.162400E+01  0.399676E+04  0.382540E+04  0.000000E+00  0.000000E+00  0.198272E+02  0.381656E+04
  0.164032E+01  0.392981E+04  0.376133E+04  0.000000E+00  0.000000E+00  0.191406E+02  0.375262E+04
  0.165681E+01  0.386396E+04  0.369830E+04  0.000000E+00  0.000000E+00  0.184780E+02  0.368973E+04
  0.167346E+01  0.379920E+04  0.363631E+04  0.000000E+00  0.000000E+00  0.178373E+02  0.362787E+04
  0.169028E+01  0.373549E+04  0.357534E+04  0.000000E+00  0.000000E+00  0.172186E+02  0.356703E+04
  0.170726E+01  0.367281E+04  0.351535E+04  0.000000E+00  0.000000E+00  0.166211E+02  0.350716E+04
  0.172442E+01  0.361116E+04  0.345634E+04  0.000000E+00  0.000000E+00  0.160436E+02  0.344828E+04
  0.174175E+01  0.355052E+04  0.339830E+04  0.000000E+00  0.000000E+00  0.154857E+02  0.339036E+04
  0.175926E+01  0.349085E+04  0.334119E+04  0.000000E+00  0.000000E+00  0.149472E+02  0.333338E+04
  0.177694E+01  0.343215E+04  0.328501E+04  0.000000E+00  0.000000E+00  0.144264E+02  0.327731E+04
  0.179480E+01  0.337441E+04  0.322975E+04  0.000000E+00  0.000000E+00  0.139239E+02  0.322217E+04
  0.181283E+01  0.331763E+04  0.317540E+04  0.000000E+00  0.000000E+00  0.134383E+02  0.316794E+04
  0.183105E+01  0.326177E+04  0.312194E+04  0.000000E+00  0.000000E+00  0.129695E+02  0.311459E+04
  0.184946E+01  0.320683E+04  0.306935E+04  0.000000E+00  0.000000E+00  0.125164E+02  0.306212E+04
  0.186805E+01  0.315281E+04  0.301764E+04  0.000000E+00  0.000000E+00  0.120793E+02  0.301053E+04
  0.188682E+01  0.309968E+04  0.296679E+04  0.000000E+00  0.000000E+00  0.116569E+02  0.295979E+04
  0.190578E+01  0.304741E+04  0.291677E+04  0.000000E+00  0.000000E+00  0.112491E+02  0.290987E+04
  0.192494E+01  0.299599E+04  0.286755E+04  0.000000E+00  0.000000E+00  0.108550E+02  0.286077E+04
  0.194428E+01  0.294542E+04  0.281915E+04  0.000000E+00  0.000000E+00  0.104749E+02  0.281247E+04
  0.196382E+01  0.289568E+04  0.277154E+04  0.000000E+00  0.000000E+00  0.101075E+02  0.276497E+04
  0.198356E+01  0.284675E+04  0.272471E+04  0.000000E+00  0.000000E+00  0.975287E+01  0.271824E+04
  0.200349E+01  0.279863E+04  0.267865E+04  0.000000E+00  0.000000E+00  0.941038E+01  0.267228E+04
  0.202363E+01  0.275130E+04  0.263335E+04  0.000000E+00  0.000000E+00  0.907971E+01  0.262708E+04
  0.204397E+01  0.270476E+04  0.258881E+04  0.000000E+00  0.000000E+00  0.876065E+01  0.258264E+04
  0.206451E+01  0.265899E+04  0.254500E+04  0.000000E+00  0.000000E+00  0.845233E+01  0.253893E+04
  0.208526E+01  0.261397E+04  0.250191E+04  0.000000E+00  0.000000E+00  0.815487E+01  0.249594E+04
  0.210621E+01  0.256970E+04  0.245954E+04  0.000000E+00  0.000000E+00  0.786761E+01  0.245366E+04
  0.212738E+01  0.252616E+04  0.241786E+04  0.000000E+00  0.000000E+00  0.759024E+01  0.241208E+04
  0.214876E+01  0.248332E+04  0.237687E+04  0.000000E+00  0.000000E+00  0.732250E+01  0.237117E+04
  0.217036E+01  0.244120E+04  0.233655E+04  0.000000E+00  0.000000E+00  0.706408E+01  0.233094E+04
  0.219217E+01  0.239977E+04  0.229689E+04  0.000000E+00  0.000000E+00  0.681471E+01  0.229138E+04
  0.221420E+01  0.235903E+04  0.225790E+04  0.000000E+00  0.000000E+00  0.657379E+01  0.225248E+04
  0.223645E+01  0.231897E+04  0.221956E+04  0.000000E+00  0.000000E+00  0.634125E+01  0.221422E+04
  0.225893E+01  0.227958E+04  0.218186E+04  0.000000E+00  0.000000E+00  0.611692E+01  0.217660E+04
  0.228164E+01  0.224084E+04  0.214478E+04  0.000000E+00  0.000000E+00  0.590039E+01  0.213961E+04
  0.230457E+01  0.220274E+04  0.210831E+04  0.000000E+00  0.000000E+00  0.569144E+01  0.210323E+04
  0.232773E+01  0.216527E+04  0.207245E+04  0.000000E+00  0.000000E+00  0.548976E+01  0.206745E+04
  0.235112E+01  0.212842E+04  0.203718E+04  0.000000E+00  0.000000E+00  0.529500E+01  0.203226E+04
  0.237475E+01  0.209218E+04  0.200249E+04  0.000000E+00  0.000000E+00  0.510704E+01  0.199765E+04
  0.239862E+01  0.205655E+04  0.196839E+04  0.000000E+00  0.000000E+00  0.492572E+01  0.196363E+04
  0.242272E+01  0.202151E+04  0.193485E+04  0.000000E+00  0.000000E+00  0.475067E+01  0.193017E+04
  0.244707E+01  0.198706E+04  0.190188E+04  0.000000E+00  0.000000E+00  0.458180E+01  0.189727E+04
  0.247167E+01  0.195318E+04  0.186945E+04  0.000000E+00  0.000000E+00  0.441887E+01  0.186492E+04
  0.249651E+01  0.191986E+04  0.183756E+04  0.000000E+00  0.000000E+00  0.426160E+01  0.183311E+04
  0.252160E+01  0.188710E+04  0.180621E+04  0.000000E+00  0.000000E+00  0.410983E+01  0.180182E+04
  0.254694E+01  0.185488E+04  0.177537E+04  0.000000E+00  0.000000E+00  0.396341E+01  0.177106E+04
  0.257254E+01  0.182321E+04  0.174505E+04  0.000000E+00  0.000000E+00  0.382214E+01  0.174081E+04
  0.259839E+01  0.179206E+04  0.171524E+04  0.000000E+00  0.000000E+00  0.368581E+01  0.171106E+04
  0.262450E+01  0.176143E+04  0.168593E+04  0.000000E+00  0.000000E+00  0.355430E+01  0.168182E+04
  0.265088E+01  0.173132E+04  0.165710E+04  0.000000E+00  0.000000E+00  0.342743E+01  0.165307E+04
  0.267752E+01  0.170170E+04  0.162876E+04  0.000000E+00  0.000000E+00  0.330495E+01  0.162479E+04
  0.270443E+01  0.167258E+04  0.160088E+04  0.000000E+00  0.000000E+00  0.318675E+01  0.159698E+04
  0.273161E+01  0.164395E+04  0.157348E+04  0.000000E+00  0.000000E+00  0.307280E+01  0.156964E+04
  0.275907E+01  0.161579E+04  0.154653E+04  0.000000E+00  0.000000E+00  0.296287E+01  0.154275E+04
  0.278680E+01  0.158812E+04  0.152004E+04  0.000000E+00  0.000000E+00  0.285682E+01  0.151633E+04
  0.281480E+01  0.156090E+04  0.149399E+04  0.000000E+00  0.000000E+00  0.275446E+01  0.149034E+04
  0.284309E+01  0.153415E+04  0.146838E+04  0.000000E+00  0.000000E+00  0.265572E+01  0.146479E+04
  0.287166E+01  0.150784E+04  0.144320E+04  0.000000E+00  0.000000E+00  0.256055E+01  0.143967E+04
  0.290053E+01  0.148196E+04  0.141844E+04  0.000000E+00  0.000000E+00  0.246870E+01  0.141496E+04
  0.292968E+01  0.145653E+04  0.139409E+04  0.000000E+00  0.000000E+00  0.238007E+01  0.139068E+04
  0.295912E+01  0.143152E+04  0.137016E+04  0.000000E+00  0.000000E+00  0.229464E+01  0.136680E+04
  0.298886E+01  0.140694E+04  0.134663E+04  0.000000E+00  0.000000E+00  0.221220E+01  0.134333E+04
  0.301890E+01  0.138277E+04  0.132349E+04  0.000000E+00  0.000000E+00  0.213268E+01  0.132025E+04
  0.304924E+01  0.135900E+04  0.130074E+04  0.000000E+00  0.000000E+00  0.205600E+01  0.129755E+04
  0.307989E+01  0.133564E+04  0.127838E+04  0.000000E+00  0.000000E+00  0.198202E+01  0.127524E+04
  0.311084E+01  0.131266E+04  0.125639E+04  0.000000E+00  0.000000E+00  0.191073E+01  0.125330E+04
  0.314210E+01  0.129007E+04  0.123477E+04  0.000000E+00  0.000000E+00  0.184192E+01  0.123174E+04
  0.317368E+01  0.126787E+04  0.121352E+04  0.000000E+00  0.000000E+00  0.177557E+01  0.121054E+04
  0.320558E+01  0.124604E+04  0.119263E+04  0.000000E+00  0.000000E+00  0.171154E+01  0.118969E+04
  0.323779E+01  0.122458E+04  0.117208E+04  0.000000E+00  0.000000E+00  0.164984E+01  0.116920E+04
  0.327033E+01  0.120348E+04  0.115189E+04  0.000000E+00  0.000000E+00  0.159036E+01  0.114905E+04
  0.330320E+01  0.118273E+04  0.113203E+04  0.000000E+00  0.000000E+00  0.153292E+01  0.112924E+04
  0.333640E+01  0.116234E+04  0.111251E+04  0.000000E+00  0.000000E+00  0.147757E+01  0.110977E+04
  0.336993E+01  0.114229E+04  0.109332E+04  0.000000E+00  0.000000E+00  0.142425E+01  0.109063E+04
  0.340380E+01  0.112258E+04  0.107446E+04  0.000000E+00  0.000000E+00  0.137276E+01  0.107181E+04
  0.343801E+01  0.110321E+04  0.105591E+04  0.000000E+00  0.000000E+00  0.132313E+01  0.105331E+04
  0.347256E+01  0.108416E+04  0.103768E+04  0.000000E+00  0.000000E+00  0.127530E+01  0.103512E+04
  0.350746E+01  0.106543E+04  0.101976E+04  0.000000E+00  0.000000E+00  0.122916E+01  0.101724E+04
  0.354271E+01  0.104702E+04  0.100214E+04  0.000000E+00  0.000000E+00  0.118468E+01  0.999666E+03
  0.357832E+01  0.102893E+04  0.984819E+03  0.000000E+00  0.000000E+00  0.114178E+01  0.982389E+03
  0.361428E+01  0.101114E+04  0.967791E+03  0.000000E+00  0.000000E+00  0.110041E+01  0.965403E+03
  0.365060E+01  0.993652E+03  0.951053E+03  0.000000E+00  0.000000E+00  0.106053E+01  0.948706E+03
  0.368729E+01  0.976460E+03  0.934597E+03  0.000000E+00  0.000000E+00  0.102209E+01  0.932290E+03
  0.372435E+01  0.959561E+03  0.918423E+03  0.000000E+00  0.000000E+00  0.985017E+00  0.916155E+03
  0.376178E+01  0.942949E+03  0.902523E+03  0.000000E+00  0.000000E+00  0.949283E+00  0.900293E+03
  0.379959E+01  0.926619E+03  0.886893E+03  0.000000E+00  0.000000E+00  0.914832E+00  0.884701E+03
  0.383777E+01  0.910565E+03  0.871527E+03  0.000000E+00  0.000000E+00  0.881617E+00  0.869373E+03
  0.387634E+01  0.894785E+03  0.856423E+03  0.000000E+00  0.000000E+00  0.849600E+00  0.854306E+03
  0.391530E+01  0.879274E+03  0.841577E+03  0.000000E+00  0.000000E+00  0.818744E+00  0.839496E+03
  0.395465E+01  0.864026E+03  0.826982E+03  0.000000E+00  0.000000E+00  0.788983E+00  0.824938E+03
  0.399439E+01  0.849039E+03  0.812638E+03  0.000000E+00  0.000000E+00  0.760287E+00  0.810628E+03
  0.403454E+01  0.834306E+03  0.798536E+03  0.000000E+00  0.000000E+00  0.732639E+00  0.796561E+03
  0.407509E+01  0.819823E+03  0.784674E+03  0.000000E+00  0.000000E+00  0.705981E+00  0.782733E+03
  0.411604E+01  0.805589E+03  0.771050E+03  0.000000E+00  0.000000E+00  0.680287E+00  0.769142E+03
  0.415741E+01  0.791600E+03  0.757659E+03  0.000000E+00  0.000000E+00  0.655505E+00  0.755785E+03
  0.419919E+01  0.777846E+03  0.744495E+03  0.000000E+00  0.000000E+00  0.631644E+00  0.742652E+03
  0.424140E+01  0.764326E+03  0.731555E+03  0.000000E+00  0.000000E+00  0.608630E+00  0.729744E+03
  0.428402E+01  0.751039E+03  0.718837E+03  0.000000E+00  0.000000E+00  0.586441E+00  0.717058E+03
  0.432708E+01  0.737980E+03  0.706338E+03  0.000000E+00  0.000000E+00  0.565062E+00  0.704589E+03
  0.437056E+01  0.725142E+03  0.694050E+03  0.000000E+00  0.000000E+00  0.544453E+00  0.692332E+03
  0.441449E+01  0.712523E+03  0.681971E+03  0.000000E+00  0.000000E+00  0.524590E+00  0.680283E+03
  0.445886E+01  0.700120E+03  0.670100E+03  0.000000E+00  0.000000E+00  0.505447E+00  0.668441E+03
  0.450367E+01  0.687931E+03  0.658433E+03  0.000000E+00  0.000000E+00  0.486993E+00  0.656803E+03
  0.454893E+01  0.675949E+03  0.646964E+03  0.000000E+00  0.000000E+00  0.469213E+00  0.645362E+03
  0.459465E+01  0.664171E+03  0.635692E+03  0.000000E+00  0.000000E+00  0.452068E+00  0.634118E+03
  0.464083E+01  0.652596E+03  0.624613E+03  0.000000E+00  0.000000E+00  0.435540E+00  0.623066E+03
  0.468746E+01  0.641221E+03  0.613725E+03  0.000000E+00  0.000000E+00  0.419625E+00  0.612205E+03
  0.473457E+01  0.630039E+03  0.603022E+03  0.000000E+00  0.000000E+00  0.404291E+00  0.601529E+03
  0.478216E+01  0.619049E+03  0.592502E+03  0.000000E+00  0.000000E+00  0.389503E+00  0.591035E+03
  0.483022E+01  0.608247E+03  0.582164E+03  0.000000E+00  0.000000E+00  0.375252E+00  0.580722E+03
  0.487877E+01  0.597631E+03  0.572003E+03  0.000000E+00  0.000000E+00  0.361519E+00  0.570586E+03
  0.492780E+01  0.587198E+03  0.562016E+03  0.000000E+00  0.000000E+00  0.348279E+00  0.560625E+03
  0.497732E+01  0.576943E+03  0.552201E+03  0.000000E+00  0.000000E+00  0.335528E+00  0.550834E+03
  0.502735E+01  0.566864E+03  0.542554E+03  0.000000E+00  0.000000E+00  0.323241E+00  0.541211E+03
  0.507787E+01  0.556959E+03  0.533073E+03  0.000000E+00  0.000000E+00  0.311393E+00  0.531753E+03
  0.512890E+01  0.547224E+03  0.523755E+03  0.000000E+00  0.000000E+00  0.299991E+00  0.522459E+03
  0.518045E+01  0.537656E+03  0.514597E+03  0.000000E+00  0.000000E+00  0.288990E+00  0.513324E+03
  0.523252E+01  0.528253E+03  0.505597E+03  0.000000E+00  0.000000E+00  0.278396E+00  0.504346E+03
  0.528510E+01  0.519012E+03  0.496751E+03  0.000000E+00  0.000000E+00  0.268179E+00  0.495522E+03
  0.533822E+01  0.509930E+03  0.488058E+03  0.000000E+00  0.000000E+00  0.258348E+00  0.486851E+03
  0.539187E+01  0.501004E+03  0.479515E+03  0.000000E+00  0.000000E+00  0.248867E+00  0.478329E+03
  0.544606E+01  0.492232E+03  0.471119E+03  0.000000E+00  0.000000E+00  0.239732E+00  0.469954E+03
  0.550079E+01  0.483610E+03  0.462867E+03  0.000000E+00  0.000000E+00  0.230928E+00  0.461722E+03
  0.555607E+01  0.475138E+03  0.454758E+03  0.000000E+00  0.000000E+00  0.222449E+00  0.453633E+03
  0.561192E+01  0.466812E+03  0.446788E+03  0.000000E+00  0.000000E+00  0.214274E+00  0.445684E+03
  0.566832E+01  0.458629E+03  0.438956E+03  0.000000E+00  0.000000E+00  0.206401E+00  0.437871E+03
  0.572529E+01  0.450588E+03  0.431259E+03  0.000000E+00  0.000000E+00  0.198820E+00  0.430193E+03
  0.578282E+01  0.442686E+03  0.423696E+03  0.000000E+00  0.000000E+00  0.191507E+00  0.422649E+03
  0.584094E+01  0.434920E+03  0.416262E+03  0.000000E+00  0.000000E+00  0.184467E+00  0.415234E+03
  0.589964E+01  0.427288E+03  0.408957E+03  0.000000E+00  0.000000E+00  0.177683E+00  0.407947E+03
  0.595894E+01  0.419787E+03  0.401778E+03  0.000000E+00  0.000000E+00  0.171145E+00  0.400786E+03
  0.601882E+01  0.412418E+03  0.394724E+03  0.000000E+00  0.000000E+00  0.164849E+00  0.393750E+03
  0.607931E+01  0.405174E+03  0.387791E+03  0.000000E+00  0.000000E+00  0.158780E+00  0.386834E+03
  0.614041E+01  0.398056E+03  0.380978E+03  0.000000E+00  0.000000E+00  0.152934E+00  0.380038E+03
  0.620213E+01  0.391061E+03  0.374283E+03  0.000000E+00  0.000000E+00  0.147301E+00  0.373360E+03
  0.626446E+01  0.384188E+03  0.367703E+03  0.000000E+00  0.000000E+00  0.141880E+00  0.366797E+03
  0.632742E+01  0.377434E+03  0.361239E+03  0.000000E+00  0.000000E+00  0.136649E+00  0.360349E+03
  0.639101E+01  0.370796E+03  0.354885E+03  0.000000E+00  0.000000E+00  0.131616E+00  0.354011E+03
  0.645524E+01  0.364274E+03  0.348642E+03  0.000000E+00  0.000000E+00  0.126764E+00  0.347784E+03
  0.652012E+01  0.357864E+03  0.342508E+03  0.000000E+00  0.000000E+00  0.122097E+00  0.341664E+03
  0.658564E+01  0.351566E+03  0.336479E+03  0.000000E+00  0.000000E+00  0.117591E+00  0.335652E+03
  0.665183E+01  0.345377E+03  0.330555E+03  0.000000E+00  0.000000E+00  0.113256E+00  0.329742E+03
  0.671868E+01  0.339296E+03  0.324734E+03  0.000000E+00  0.000000E+00  0.109078E+00  0.323936E+03
  0.678621E+01  0.333319E+03  0.319014E+03  0.000000E+00  0.000000E+00  0.105051E+00  0.318230E+03
  0.685441E+01  0.327447E+03  0.313393E+03  0.000000E+00  0.000000E+00  0.101179E+00  0.312623E+03
  0.692330E+01  0.321677E+03  0.307870E+03  0.000000E+00  0.000000E+00  0.974398E-01  0.307114E+03
  0.699288E+01  0.316006E+03  0.302442E+03  0.000000E+00  0.000000E+00  0.938440E-01  0.301700E+03
  0.706316E+01  0.310434E+03  0.297109E+03  0.000000E+00  0.000000E+00  0.903799E-01  0.296380E+03
  0.713414E+01  0.304960E+03  0.291869E+03  0.000000E+00  0.000000E+00  0.870406E-01  0.291154E+03
  0.720584E+01  0.299580E+03  0.286720E+03  0.000000E+00  0.000000E+00  0.838259E-01  0.286017E+03
  0.727826E+01  0.294294E+03  0.281660E+03  0.000000E+00  0.000000E+00  0.807285E-01  0.280970E+03
  0.735141E+01  0.289100E+03  0.276689E+03  0.000000E+00  0.000000E+00  0.777470E-01  0.276011E+03
  0.742529E+01  0.283997E+03  0.271804E+03  0.000000E+00  0.000000E+00  0.748744E-01  0.271139E+03
  0.749992E+01  0.278982E+03  0.267004E+03  0.000000E+00  0.000000E+00  0.721067E-01  0.266351E+03
  0.757529E+01  0.274054E+03  0.262287E+03  0.000000E+00  0.000000E+00  0.694401E-01  0.261646E+03
  0.765143E+01  0.269212E+03  0.257653E+03  0.000000E+00  0.000000E+00  0.668724E-01  0.257024E+03
  0.772832E+01  0.264455E+03  0.253100E+03  0.000000E+00  0.000000E+00  0.643969E-01  0.252482E+03
  0.780599E+01  0.259781E+03  0.248625E+03  0.000000E+00  0.000000E+00  0.620147E-01  0.248019E+03
  0.788445E+01  0.255188E+03  0.244229E+03  0.000000E+00  0.000000E+00  0.597217E-01  0.243634E+03
  0.796369E+01  0.250675E+03  0.239909E+03  0.000000E+00  0.000000E+00  0.575096E-01  0.239325E+03
  0.804373E+01  0.246241E+03  0.235665E+03  0.000000E+00  0.000000E+00  0.553816E-01  0.235091E+03
  0.812456E+01  0.241884E+03  0.231495E+03  0.000000E+00  0.000000E+00  0.533294E-01  0.230932E+03
  0.820622E+01  0.237604E+03  0.227398E+03  0.000000E+00  0.000000E+00  0.513569E-01  0.226845E+03
  0.828869E+01  0.233398E+03  0.223372E+03  0.000000E+00  0.000000E+00  0.494543E-01  0.222830E+03
  0.837200E+01  0.229265E+03  0.219417E+03  0.000000E+00  0.000000E+00  0.476216E-01  0.218884E+03
  0.845613E+01  0.225206E+03  0.215531E+03  0.000000E+00  0.000000E+00  0.458591E-01  0.215008E+03
  0.854112E+01  0.221216E+03  0.211712E+03  0.000000E+00  0.000000E+00  0.441602E-01  0.211199E+03
  0.862696E+01  0.217297E+03  0.207960E+03  0.000000E+00  0.000000E+00  0.425234E-01  0.207457E+03
  0.871367E+01  0.213445E+03  0.204274E+03  0.000000E+00  0.000000E+00  0.409467E-01  0.203780E+03
  0.880123E+01  0.209662E+03  0.200653E+03  0.000000E+00  0.000000E+00  0.394291E-01  0.200168E+03
  0.888969E+01  0.205945E+03  0.197095E+03  0.000000E+00  0.000000E+00  0.379665E-01  0.196619E+03
  0.897903E+01  0.202292E+03  0.193599E+03  0.000000E+00  0.000000E+00  0.365580E-01  0.193131E+03
  0.906928E+01  0.198704E+03  0.190164E+03  0.000000E+00  0.000000E+00  0.352014E-01  0.189705E+03
  0.916042E+01  0.195178E+03  0.186790E+03  0.000000E+00  0.000000E+00  0.338976E-01  0.186340E+03
  0.925248E+01  0.191715E+03  0.183474E+03  0.000000E+00  0.000000E+00  0.326384E-01  0.183033E+03
  0.934548E+01  0.188312E+03  0.180217E+03  0.000000E+00  0.000000E+00  0.314290E-01  0.179783E+03
  0.943940E+01  0.184968E+03  0.177016E+03  0.000000E+00  0.000000E+00  0.302613E-01  0.176591E+03
  0.953426E+01  0.181683E+03  0.173872E+03  0.000000E+00  0.000000E+00  0.291382E-01  0.173455E+03
  0.963008E+01  0.178456E+03  0.170783E+03  0.000000E+00  0.000000E+00  0.280563E-01  0.170374E+03
  0.972687E+01  0.175285E+03  0.167748E+03  0.000000E+00  0.000000E+00  0.270145E-01  0.167347E+03
  0.982463E+01  0.172170E+03  0.164766E+03  0.000000E+00  0.000000E+00  0.260107E-01  0.164373E+03
  0.992336E+01  0.169110E+03  0.161837E+03  0.000000E+00  0.000000E+00  0.250447E-01  0.161451E+03
  0.100231E+02  0.166103E+03  0.158959E+03  0.000000E+00  0.000000E+00  0.241148E-01  0.158580E+03
  0.101238E+02  0.163149E+03  0.156132E+03  0.000000E+00  0.000000E+00  0.232186E-01  0.155760E+03
  0.102256E+02  0.160248E+03  0.153354E+03  0.000000E+00  0.000000E+00  0.223562E-01  0.152990E+03
  0.103284E+02  0.157397E+03  0.150625E+03  0.000000E+00  0.000000E+00  0.215257E-01  0.150268E+03
  0.104321E+02  0.154596E+03  0.147945E+03  0.000000E+00  0.000000E+00  0.207250E-01  0.147594E+03
  0.105370E+02  0.151844E+03  0.145311E+03  0.000000E+00  0.000000E+00  0.199551E-01  0.144967E+03
  0.106429E+02  0.149141E+03  0.142723E+03  0.000000E+00  0.000000E+00  0.192124E-01  0.142386E+03
  0.107499E+02  0.146485E+03  0.140181E+03  0.000000E+00  0.000000E+00  0.184992E-01  0.139850E+03
  0.108579E+02  0.143877E+03  0.137684E+03  0.000000E+00  0.000000E+00  0.178103E-01  0.137359E+03
  0.109670E+02  0.141313E+03  0.135231E+03  0.000000E+00  0.000000E+00  0.171478E-01  0.134912E+03
  0.110772E+02  0.138795E+03  0.132821E+03  0.000000E+00  0.000000E+00  0.165105E-01  0.132508E+03
  0.111886E+02  0.136322E+03  0.130453E+03  0.000000E+00  0.000000E+00  0.158961E-01  0.130147E+03
  0.113010E+02  0.133892E+03  0.128127E+03  0.000000E+00  0.000000E+00  0.153039E-01  0.127827E+03
  0.114146E+02  0.131505E+03  0.125842E+03  0.000000E+00  0.000000E+00  0.147347E-01  0.125547E+03
  0.115293E+02  0.129160E+03  0.123597E+03  0.000000E+00  0.000000E+00  0.141863E-01  0.123308E+03
  0.116452E+02  0.126856E+03  0.121392E+03  0.000000E+00  0.000000E+00  0.136584E-01  0.121109E+03
  0.117622E+02  0.124593E+03  0.119226E+03  0.000000E+00  0.000000E+00  0.131498E-01  0.118948E+03
  0.118804E+02  0.122369E+03  0.117098E+03  0.000000E+00  0.000000E+00  0.126602E-01  0.116826E+03
  0.119998E+02  0.120185E+03  0.115007E+03  0.000000E+00  0.000000E+00  0.121894E-01  0.114740E+03
  0.121204E+02  0.118040E+03  0.112953E+03  0.000000E+00  0.000000E+00  0.117345E-01  0.112692E+03
  0.122422E+02  0.115932E+03  0.110936E+03  0.000000E+00  0.000000E+00  0.112974E-01  0.110680E+03
  0.123653E+02  0.113862E+03  0.108954E+03  0.000000E+00  0.000000E+00  0.108769E-01  0.108703E+03
  0.124895E+02  0.111828E+03  0.107007E+03  0.000000E+00  0.000000E+00  0.104715E-01  0.106761E+03
  0.126151E+02  0.109830E+03  0.105095E+03  0.000000E+00  0.000000E+00  0.100815E-01  0.104853E+03
  0.127418E+02  0.107867E+03  0.103216E+03  0.000000E+00  0.000000E+00  0.970611E-02  0.102980E+03
  0.128699E+02  0.105939E+03  0.101371E+03  0.000000E+00  0.000000E+00  0.934414E-02  0.101139E+03
  0.129993E+02  0.104045E+03  0.995578E+02  0.000000E+00  0.000000E+00  0.899576E-02  0.993305E+02
  0.131299E+02  0.102185E+03  0.977769E+02  0.000000E+00  0.000000E+00  0.866057E-02  0.975542E+02
  0.132619E+02  0.100357E+03  0.960275E+02  0.000000E+00  0.000000E+00  0.833708E-02  0.958093E+02
  0.133951E+02  0.985619E+02  0.943093E+02  0.000000E+00  0.000000E+00  0.802612E-02  0.940955E+02
  0.135298E+02  0.967984E+02  0.926213E+02  0.000000E+00  0.000000E+00  0.772725E-02  0.924118E+02
  0.136657E+02  0.950661E+02  0.909631E+02  0.000000E+00  0.000000E+00  0.743909E-02  0.907579E+02
  0.138031E+02  0.933645E+02  0.893343E+02  0.000000E+00  0.000000E+00  0.716138E-02  0.891333E+02
  0.139418E+02  0.916932E+02  0.877345E+02  0.000000E+00  0.000000E+00  0.689403E-02  0.875376E+02
  0.140819E+02  0.900513E+02  0.861628E+02  0.000000E+00  0.000000E+00  0.663689E-02  0.859700E+02
  0.142235E+02  0.884384E+02  0.846190E+02  0.000000E+00  0.000000E+00  0.638939E-02  0.844301E+02
  0.143664E+02  0.868541E+02  0.831025E+02  0.000000E+00  0.000000E+00  0.615076E-02  0.829175E+02
  0.145108E+02  0.852981E+02  0.816131E+02  0.000000E+00  0.000000E+00  0.592123E-02  0.814319E+02
  0.146566E+02  0.837695E+02  0.801499E+02  0.000000E+00  0.000000E+00  0.570036E-02  0.799725E+02
  0.148039E+02  0.822680E+02  0.787127E+02  0.000000E+00  0.000000E+00  0.548761E-02  0.785390E+02
  0.149527E+02  0.807931E+02  0.773009E+02  0.000000E+00  0.000000E+00  0.528262E-02  0.771308E+02
  0.151030E+02  0.793446E+02  0.759143E+02  0.000000E+00  0.000000E+00  0.508536E-02  0.757478E+02
  0.152548E+02  0.779216E+02  0.745522E+02  0.000000E+00  0.000000E+00  0.489538E-02  0.743892E+02
  0.154081E+02  0.765238E+02  0.732142E+02  0.000000E+00  0.000000E+00  0.471262E-02  0.730547E+02
  0.155629E+02  0.751508E+02  0.719000E+02  0.000000E+00  0.000000E+00  0.453654E-02  0.717439E+02
  0.157193E+02  0.738024E+02  0.706092E+02  0.000000E+00  0.000000E+00  0.436718E-02  0.704565E+02
  0.158773E+02  0.724778E+02  0.693413E+02  0.000000E+00  0.000000E+00  0.420364E-02  0.691918E+02
  0.160369E+02  0.711767E+02  0.680959E+02  0.000000E+00  0.000000E+00  0.404676E-02  0.679496E+02
  0.161981E+02  0.698987E+02  0.668726E+02  0.000000E+00  0.000000E+00  0.389538E-02  0.667294E+02
  0.163609E+02  0.686435E+02  0.656711E+02  0.000000E+00  0.000000E+00  0.374997E-02  0.655311E+02
  0.165253E+02  0.674106E+02  0.644909E+02  0.000000E+00  0.000000E+00  0.360973E-02  0.643539E+02
  0.166914E+02  0.661995E+02  0.633317E+02  0.000000E+00  0.000000E+00  0.347488E-02  0.631977E+02
  0.168591E+02  0.650100E+02  0.621930E+02  0.000000E+00  0.000000E+00  0.334497E-02  0.620620E+02
  0.170286E+02  0.638416E+02  0.610746E+02  0.000000E+00  0.000000E+00  0.321980E-02  0.609465E+02
  0.171997E+02  0.626942E+02  0.599763E+02  0.000000E+00  0.000000E+00  0.309956E-02  0.598510E+02
  0.173726E+02  0.615670E+02  0.588973E+02  0.000000E+00  0.000000E+00  0.298360E-02  0.587748E+02
  0.175472E+02  0.604600E+02  0.578376E+02  0.000000E+00  0.000000E+00  0.287184E-02  0.577179E+02
  0.177235E+02  0.593726E+02  0.567967E+02  0.000000E+00  0.000000E+00  0.276440E-02  0.566797E+02
  0.179016E+02  0.583046E+02  0.557745E+02  0.000000E+00  0.000000E+00  0.266102E-02  0.556601E+02
  0.180816E+02  0.572556E+02  0.547703E+02  0.000000E+00  0.000000E+00  0.256147E-02  0.546585E+02
  0.182633E+02  0.562253E+02  0.537841E+02  0.000000E+00  0.000000E+00  0.246572E-02  0.536749E+02
  0.184468E+02  0.552133E+02  0.528154E+02  0.000000E+00  0.000000E+00  0.237351E-02  0.527087E+02
  0.186322E+02  0.542195E+02  0.518641E+02  0.000000E+00  0.000000E+00  0.228469E-02  0.517598E+02
  0.188195E+02  0.532433E+02  0.509296E+02  0.000000E+00  0.000000E+00  0.219907E-02  0.508278E+02
  0.190086E+02  0.522845E+02  0.500118E+02  0.000000E+00  0.000000E+00  0.211681E-02  0.499124E+02
  0.191997E+02  0.513428E+02  0.491104E+02  0.000000E+00  0.000000E+00  0.203759E-02  0.490133E+02
  0.193926E+02  0.504180E+02  0.482251E+02  0.000000E+00  0.000000E+00  0.196127E-02  0.481303E+02
  0.195875E+02  0.495096E+02  0.473555E+02  0.000000E+00  0.000000E+00  0.188786E-02  0.472630E+02
  0.197844E+02  0.486173E+02  0.465014E+02  0.000000E+00  0.000000E+00  0.181719E-02  0.464112E+02
  0.199832E+02  0.477411E+02  0.456626E+02  0.000000E+00  0.000000E+00  0.174907E-02  0.455745E+02
  0.201840E+02  0.468805E+02  0.448389E+02  0.000000E+00  0.000000E+00  0.168359E-02  0.447529E+02
  0.203869E+02  0.460352E+02  0.440297E+02  0.000000E+00  0.000000E+00  0.162046E-02  0.439459E+02
  0.205918E+02  0.452051E+02  0.432351E+02  0.000000E+00  0.000000E+00  0.155979E-02  0.431533E+02
  0.207987E+02  0.443897E+02  0.424545E+02  0.000000E+00  0.000000E+00  0.150130E-02  0.423748E+02
  0.210078E+02  0.435890E+02  0.416881E+02  0.000000E+00  0.000000E+00  0.144518E-02  0.416104E+02
  0.212189E+02  0.428025E+02  0.409352E+02  0.000000E+00  0.000000E+00  0.139102E-02  0.408595E+02
  0.214322E+02  0.420301E+02  0.401958E+02  0.000000E+00  0.000000E+00  0.133884E-02  0.401220E+02
  0.216476E+02  0.412715E+02  0.394696E+02  0.000000E+00  0.000000E+00  0.128873E-02  0.393977E+02
  0.218651E+02  0.405265E+02  0.387565E+02  0.000000E+00  0.000000E+00  0.124035E-02  0.386864E+02
  0.220849E+02  0.397948E+02  0.380560E+02  0.000000E+00  0.000000E+00  0.119385E-02  0.379878E+02
  0.223068E+02  0.390761E+02  0.373681E+02  0.000000E+00  0.000000E+00  0.114916E-02  0.373017E+02
  0.225310E+02  0.383703E+02  0.366925E+02  0.000000E+00  0.000000E+00  0.110607E-02  0.366279E+02
  0.227575E+02  0.376772E+02  0.360289E+02  0.000000E+00  0.000000E+00  0.106456E-02  0.359661E+02
  0.229862E+02  0.369965E+02  0.353773E+02  0.000000E+00  0.000000E+00  0.102474E-02  0.353162E+02
  0.232172E+02  0.363279E+02  0.347374E+02  0.000000E+00  0.000000E+00  0.986154E-03  0.346779E+02
  0.234505E+02  0.356713E+02  0.341088E+02  0.000000E+00  0.000000E+00  0.949256E-03  0.340510E+02
  0.236862E+02  0.350265E+02  0.334916E+02  0.000000E+00  0.000000E+00  0.913604E-03  0.334353E+02
  0.239242E+02  0.343933E+02  0.328854E+02  0.000000E+00  0.000000E+00  0.879291E-03  0.328308E+02
  0.241647E+02  0.337713E+02  0.322900E+02  0.000000E+00  0.000000E+00  0.846405E-03  0.322370E+02
  0.244075E+02  0.331605E+02  0.317053E+02  0.000000E+00  0.000000E+00  0.814601E-03  0.316538E+02
  0.246528E+02  0.325607E+02  0.311311E+02  0.000000E+00  0.000000E+00  0.784099E-03  0.310811E+02
  0.249006E+02  0.319717E+02  0.305672E+02  0.000000E+00  0.000000E+00  0.754698E-03  0.305187E+02
  0.251509E+02  0.313931E+02  0.300134E+02  0.000000E+00  0.000000E+00  0.726282E-03  0.299664E+02
  0.254036E+02  0.308250E+02  0.294695E+02  0.000000E+00  0.000000E+00  0.699049E-03  0.294239E+02
  0.256590E+02  0.302670E+02  0.289354E+02  0.000000E+00  0.000000E+00  0.672785E-03  0.288912E+02
  0.259168E+02  0.297191E+02  0.284108E+02  0.000000E+00  0.000000E+00  0.647546E-03  0.283681E+02
  0.261773E+02  0.291809E+02  0.278957E+02  0.000000E+00  0.000000E+00  0.623291E-03  0.278543E+02
  0.264404E+02  0.286525E+02  0.273898E+02  0.000000E+00  0.000000E+00  0.599835E-03  0.273497E+02
  0.267061E+02  0.281335E+02  0.268930E+02  0.000000E+00  0.000000E+00  0.577346E-03  0.268542E+02
  0.269745E+02  0.276239E+02  0.264051E+02  0.000000E+00  0.000000E+00  0.555616E-03  0.263677E+02
  0.272456E+02  0.271233E+02  0.259260E+02  0.000000E+00  0.000000E+00  0.534767E-03  0.258898E+02
  0.275194E+02  0.266318E+02  0.254554E+02  0.000000E+00  0.000000E+00  0.514707E-03  0.254205E+02
  0.277960E+02  0.261491E+02  0.249933E+02  0.000000E+00  0.000000E+00  0.495371E-03  0.249596E+02
  0.280753E+02  0.256751E+02  0.245396E+02  0.000000E+00  0.000000E+00  0.476755E-03  0.245071E+02
  0.283575E+02  0.252096E+02  0.240939E+02  0.000000E+00  0.000000E+00  0.458845E-03  0.240626E+02
  0.286425E+02  0.247525E+02  0.236563E+02  0.000000E+00  0.000000E+00  0.441636E-03  0.236262E+02
  0.289304E+02  0.243035E+02  0.232265E+02  0.000000E+00  0.000000E+00  0.425029E-03  0.231975E+02
  0.292211E+02  0.238627E+02  0.228045E+02  0.000000E+00  0.000000E+00  0.409014E-03  0.227766E+02
  0.295148E+02  0.234298E+02  0.223901E+02  0.000000E+00  0.000000E+00  0.393688E-03  0.223633E+02
  0.298114E+02  0.230046E+02  0.219831E+02  0.000000E+00  0.000000E+00  0.378860E-03  0.219574E+02
  0.301111E+02  0.225871E+02  0.215834E+02  0.000000E+00  0.000000E+00  0.364628E-03  0.215588E+02
  0.304137E+02  0.221772E+02  0.211909E+02  0.000000E+00  0.000000E+00  0.350935E-03  0.211674E+02
  0.307193E+02  0.217746E+02  0.208055E+02  0.000000E+00  0.000000E+00  0.337747E-03  0.207830E+02
  0.310281E+02  0.213792E+02  0.204270E+02  0.000000E+00  0.000000E+00  0.325053E-03  0.204055E+02
  0.313399E+02  0.209910E+02  0.200554E+02  0.000000E+00  0.000000E+00  0.312795E-03  0.200349E+02
  0.316549E+02  0.206097E+02  0.196904E+02  0.000000E+00  0.000000E+00  0.301042E-03  0.196709E+02
  0.319730E+02  0.202354E+02  0.193320E+02  0.000000E+00  0.000000E+00  0.289726E-03  0.193134E+02
  0.322943E+02  0.198677E+02  0.189800E+02  0.000000E+00  0.000000E+00  0.278831E-03  0.189624E+02
  0.326189E+02  0.195067E+02  0.186344E+02  0.000000E+00  0.000000E+00  0.268342E-03  0.186177E+02
  0.329467E+02  0.191522E+02  0.182950E+02  0.000000E+00  0.000000E+00  0.258281E-03  0.182792E+02
  0.332778E+02  0.188041E+02  0.179617E+02  0.000000E+00  0.000000E+00  0.248546E-03  0.179469E+02
  0.336123E+02  0.184622E+02  0.176345E+02  0.000000E+00  0.000000E+00  0.239212E-03  0.176205E+02
  0.339501E+02  0.181265E+02  0.173131E+02  0.000000E+00  0.000000E+00  0.230193E-03  0.173000E+02
  0.342913E+02  0.177969E+02  0.169975E+02  0.000000E+00  0.000000E+00  0.221523E-03  0.169853E+02
  0.346359E+02  0.174732E+02  0.166876E+02  0.000000E+00  0.000000E+00  0.213203E-03  0.166762E+02
  0.349840E+02  0.171554E+02  0.163833E+02  0.000000E+00  0.000000E+00  0.205157E-03  0.163728E+02
  0.353356E+02  0.168432E+02  0.160845E+02  0.000000E+00  0.000000E+00  0.197434E-03  0.160747E+02
  0.356908E+02  0.165367E+02  0.157911E+02  0.000000E+00  0.000000E+00  0.190018E-03  0.157821E+02
  0.360495E+02  0.162358E+02  0.155030E+02  0.000000E+00  0.000000E+00  0.182872E-03  0.154948E+02
  0.364118E+02  0.159403E+02  0.152200E+02  0.000000E+00  0.000000E+00  0.175974E-03  0.152126E+02
  0.367777E+02  0.156501E+02  0.149422E+02  0.000000E+00  0.000000E+00  0.169370E-03  0.149356E+02
  0.371473E+02  0.153651E+02  0.146694E+02  0.000000E+00  0.000000E+00  0.162985E-03  0.146635E+02
  0.375207E+02  0.150853E+02  0.144015E+02  0.000000E+00  0.000000E+00  0.156851E-03  0.143963E+02
  0.378978E+02  0.148106E+02  0.141385E+02  0.000000E+00  0.000000E+00  0.150932E-03  0.141340E+02
  0.382786E+02  0.145408E+02  0.138801E+02  0.000000E+00  0.000000E+00  0.145255E-03  0.138764E+02
  0.386634E+02  0.142758E+02  0.136265E+02  0.000000E+00  0.000000E+00  0.139782E-03  0.136235E+02
  0.390519E+02  0.140157E+02  0.133774E+02  0.000000E+00  0.000000E+00  0.134508E-03  0.133751E+02
  0.394444E+02  0.137603E+02  0.131329E+02  0.000000E+00  0.000000E+00  0.129458E-03  0.131312E+02
  0.398408E+02  0.135095E+02  0.128928E+02  0.000000E+00  0.000000E+00  0.124579E-03  0.128918E+02
  0.402412E+02  0.132632E+02  0.126570E+02  0.000000E+00  0.000000E+00  0.119890E-03  0.126566E+02
  0.406457E+02  0.130213E+02  0.124254E+02  0.000000E+00  0.000000E+00  0.115367E-03  0.124257E+02
  0.410541E+02  0.127839E+02  0.121981E+02  0.000000E+00  0.000000E+00  0.111016E-03  0.121990E+02
  0.414668E+02  0.125507E+02  0.119749E+02  0.000000E+00  0.000000E+00  0.106833E-03  0.119764E+02
  0.418835E+02  0.123218E+02  0.117557E+02  0.000000E+00  0.000000E+00  0.102807E-03  0.117578E+02
  0.423045E+02  0.120970E+02  0.115404E+02  0.000000E+00  0.000000E+00  0.989278E-04  0.115432E+02
  0.427296E+02  0.118763E+02  0.113291E+02  0.000000E+00  0.000000E+00  0.952137E-04  0.113324E+02
  0.431590E+02  0.116595E+02  0.111216E+02  0.000000E+00  0.000000E+00  0.916089E-04  0.111255E+02
  0.435928E+02  0.114467E+02  0.109178E+02  0.000000E+00  0.000000E+00  0.881596E-04  0.109223E+02
  0.440309E+02  0.112377E+02  0.107177E+02  0.000000E+00  0.000000E+00  0.848479E-04  0.107228E+02
  0.444734E+02  0.110326E+02  0.105213E+02  0.000000E+00  0.000000E+00  0.816288E-04  0.105269E+02
  0.449204E+02  0.108311E+02  0.103284E+02  0.000000E+00  0.000000E+00  0.785568E-04  0.103345E+02
  0.453719E+02  0.106333E+02  0.101390E+02  0.000000E+00  0.000000E+00  0.756048E-04  0.101457E+02
  0.458279E+02  0.104391E+02  0.995301E+01  0.000000E+00  0.000000E+00  0.727481E-04  0.996021E+01
  0.462884E+02  0.102484E+02  0.977042E+01  0.000000E+00  0.000000E+00  0.700072E-04  0.977813E+01
  0.467536E+02  0.100611E+02  0.959112E+01  0.000000E+00  0.000000E+00  0.673587E-04  0.959934E+01
  0.472235E+02  0.987722E+01  0.941506E+01  0.000000E+00  0.000000E+00  0.648250E-04  0.942379E+01
  0.476981E+02  0.969669E+01  0.924220E+01  0.000000E+00  0.000000E+00  0.623713E-04  0.925141E+01
  0.481775E+02  0.951942E+01  0.907247E+01  0.000000E+00  0.000000E+00  0.600307E-04  0.908216E+01
  0.486617E+02  0.934539E+01  0.890583E+01  0.000000E+00  0.000000E+00  0.577531E-04  0.891600E+01
  0.491507E+02  0.917450E+01  0.874220E+01  0.000000E+00  0.000000E+00  0.555769E-04  0.875284E+01
  0.496447E+02  0.900671E+01  0.858153E+01  0.000000E+00  0.000000E+00  0.534751E-04  0.859263E+01
  0.501437E+02  0.884196E+01  0.842378E+01  0.000000E+00  0.000000E+00  0.514600E-04  0.843533E+01
  0.506476E+02  0.868021E+01  0.826890E+01  0.000000E+00  0.000000E+00  0.495146E-04  0.828089E+01
  0.511566E+02  0.852139E+01  0.811682E+01  0.000000E+00  0.000000E+00  0.476493E-04  0.812925E+01
  0.516708E+02  0.836544E+01  0.796749E+01  0.000000E+00  0.000000E+00  0.458496E-04  0.798035E+01
  0.521901E+02  0.821233E+01  0.782088E+01  0.000000E+00  0.000000E+00  0.441235E-04  0.783416E+01
  0.527146E+02  0.806201E+01  0.767694E+01  0.000000E+00  0.000000E+00  0.424609E-04  0.769064E+01
  0.532444E+02  0.791441E+01  0.753560E+01  0.000000E+00  0.000000E+00  0.408564E-04  0.754971E+01
  0.537795E+02  0.776948E+01  0.739682E+01  0.000000E+00  0.000000E+00  0.393127E-04  0.741133E+01
  0.543200E+02  0.762719E+01  0.726057E+01  0.000000E+00  0.000000E+00  0.378210E-04  0.727547E+01
  0.548659E+02  0.748750E+01  0.712680E+01  0.000000E+00  0.000000E+00  0.363929E-04  0.714209E+01
  0.554173E+02  0.735033E+01  0.699545E+01  0.000000E+00  0.000000E+00  0.350242E-04  0.701112E+01
  0.559743E+02  0.721565E+01  0.686648E+01  0.000000E+00  0.000000E+00  0.336989E-04  0.688253E+01
  0.565368E+02  0.708342E+01  0.673985E+01  0.000000E+00  0.000000E+00  0.324213E-04  0.675628E+01
  0.571050E+02  0.695360E+01  0.661554E+01  0.000000E+00  0.000000E+00  0.312005E-04  0.663233E+01
  0.576789E+02  0.682614E+01  0.649347E+01  0.000000E+00  0.000000E+00  0.300242E-04  0.651062E+01
  0.582586E+02  0.670099E+01  0.637363E+01  0.000000E+00  0.000000E+00  0.288848E-04  0.639113E+01
  0.588441E+02  0.657811E+01  0.625596E+01  0.000000E+00  0.000000E+00  0.277946E-04  0.627381E+01
  0.594355E+02  0.645748E+01  0.614044E+01  0.000000E+00  0.000000E+00  0.267449E-04  0.615863E+01
  0.600328E+02  0.633904E+01  0.602700E+01  0.000000E+00  0.000000E+00  0.257349E-04  0.604554E+01
  0.606362E+02  0.622274E+01  0.591564E+01  0.000000E+00  0.000000E+00  0.247584E-04  0.593450E+01
  0.612456E+02  0.610856E+01  0.580629E+01  0.000000E+00  0.000000E+00  0.238274E-04  0.582548E+01
  0.618612E+02  0.599647E+01  0.569894E+01  0.000000E+00  0.000000E+00  0.229227E-04  0.571845E+01
  0.624828E+02  0.588642E+01  0.559355E+01  0.000000E+00  0.000000E+00  0.220564E-04  0.561337E+01
  0.631108E+02  0.577836E+01  0.549006E+01  0.000000E+00  0.000000E+00  0.212195E-04  0.551020E+01
  0.637451E+02  0.567227E+01  0.538846E+01  0.000000E+00  0.000000E+00  0.204191E-04  0.540890E+01
  0.643858E+02  0.556811E+01  0.528871E+01  0.000000E+00  0.000000E+00  0.196478E-04  0.530945E+01
  0.650328E+02  0.546586E+01  0.519078E+01  0.000000E+00  0.000000E+00  0.189030E-04  0.521182E+01
  0.656864E+02  0.536546E+01  0.509462E+01  0.000000E+00  0.000000E+00  0.181924E-04  0.511595E+01
  0.663466E+02  0.526689E+01  0.500022E+01  0.000000E+00  0.000000E+00  0.174997E-04  0.502183E+01
  0.670134E+02  0.517011E+01  0.490753E+01  0.000000E+00  0.000000E+00  0.168392E-04  0.492943E+01
  0.676868E+02  0.507511E+01  0.481654E+01  0.000000E+00  0.000000E+00  0.161999E-04  0.483872E+01
  0.683671E+02  0.498183E+01  0.472720E+01  0.000000E+00  0.000000E+00  0.155878E-04  0.474965E+01
  0.690542E+02  0.489024E+01  0.463948E+01  0.000000E+00  0.000000E+00  0.149987E-04  0.466220E+01
  0.697483E+02  0.480033E+01  0.455337E+01  0.000000E+00  0.000000E+00  0.144296E-04  0.457635E+01
  0.704492E+02  0.471206E+01  0.446883E+01  0.000000E+00  0.000000E+00  0.138847E-04  0.449207E+01
  0.711572E+02  0.462540E+01  0.438582E+01  0.000000E+00  0.000000E+00  0.133576E-04  0.440932E+01
  0.718724E+02  0.454031E+01  0.430433E+01  0.000000E+00  0.000000E+00  0.128535E-04  0.432808E+01
  0.725947E+02  0.445678E+01  0.422432E+01  0.000000E+00  0.000000E+00  0.123681E-04  0.424832E+01
  0.733243E+02  0.437478E+01  0.414577E+01  0.000000E+00  0.000000E+00  0.119003E-04  0.417002E+01
  0.740612E+02  0.429426E+01  0.406865E+01  0.000000E+00  0.000000E+00  0.114467E-04  0.409314E+01
  0.748056E+02  0.421522E+01  0.399294E+01  0.000000E+00  0.000000E+00  0.110141E-04  0.401766E+01
  0.755574E+02  0.413761E+01  0.391861E+01  0.000000E+00  0.000000E+00  0.105972E-04  0.394356E+01
  0.763167E+02  0.406143E+01  0.384564E+01  0.000000E+00  0.000000E+00  0.101972E-04  0.387082E+01
  0.770837E+02  0.398663E+01  0.377399E+01  0.000000E+00  0.000000E+00  0.981002E-05  0.379940E+01
  0.778584E+02  0.391320E+01  0.370365E+01  0.000000E+00  0.000000E+00  0.943736E-05  0.372928E+01
  0.786409E+02  0.384111E+01  0.363459E+01  0.000000E+00  0.000000E+00  0.908058E-05  0.366045E+01
  0.794313E+02  0.377033E+01  0.356680E+01  0.000000E+00  0.000000E+00  0.873524E-05  0.359287E+01
  0.802295E+02  0.370085E+01  0.350024E+01  0.000000E+00  0.000000E+00  0.840510E-05  0.352653E+01
  0.810359E+02  0.363264E+01  0.343490E+01  0.000000E+00  0.000000E+00  0.808644E-05  0.346139E+01
  0.818503E+02  0.356567E+01  0.337075E+01  0.000000E+00  0.000000E+00  0.778034E-05  0.339744E+01
  0.826730E+02  0.349992E+01  0.330777E+01  0.000000E+00  0.000000E+00  0.748440E-05  0.333467E+01
  0.835038E+02  0.343538E+01  0.324594E+01  0.000000E+00  0.000000E+00  0.720177E-05  0.327304E+01
  0.843430E+02  0.337202E+01  0.318524E+01  0.000000E+00  0.000000E+00  0.692635E-05  0.321253E+01
  0.851907E+02  0.330981E+01  0.312565E+01  0.000000E+00  0.000000E+00  0.666477E-05  0.315313E+01
  0.860469E+02  0.324874E+01  0.306714E+01  0.000000E+00  0.000000E+00  0.641394E-05  0.309482E+01
  0.869116E+02  0.318879E+01  0.300971E+01  0.000000E+00  0.000000E+00  0.616947E-05  0.303757E+01
  0.877851E+02  0.312993E+01  0.295333E+01  0.000000E+00  0.000000E+00  0.593572E-05  0.298137E+01
  0.886674E+02  0.307214E+01  0.289797E+01  0.000000E+00  0.000000E+00  0.570994E-05  0.292620E+01
  0.895585E+02  0.301541E+01  0.284362E+01  0.000000E+00  0.000000E+00  0.549393E-05  0.287203E+01
  0.904586E+02  0.295973E+01  0.279027E+01  0.000000E+00  0.000000E+00  0.528448E-05  0.281885E+01
  0.913678E+02  0.290505E+01  0.273790E+01  0.000000E+00  0.000000E+00  0.508562E-05  0.276665E+01
  0.922859E+02  0.285139E+01  0.268649E+01  0.000000E+00  0.000000E+00  0.489233E-05  0.271541E+01
  0.932134E+02  0.279870E+01  0.263601E+01  0.000000E+00  0.000000E+00  0.470668E-05  0.266510E+01
  0.941502E+02  0.274698E+01  0.258645E+01  0.000000E+00  0.000000E+00  0.452598E-05  0.261570E+01
  0.950965E+02  0.269620E+01  0.253780E+01  0.000000E+00  0.000000E+00  0.435478E-05  0.256722E+01
  0.960522E+02  0.264635E+01  0.249004E+01  0.000000E+00  0.000000E+00  0.419011E-05  0.251962E+01
  0.970176E+02  0.259741E+01  0.244315E+01  0.000000E+00  0.000000E+00  0.402995E-05  0.247289E+01
  0.979927E+02  0.254937E+01  0.239713E+01  0.000000E+00  0.000000E+00  0.387805E-05  0.242701E+01
  0.989775E+02  0.250220E+01  0.235194E+01  0.000000E+00  0.000000E+00  0.373049E-05  0.238198E+01
  0.999721E+02  0.245591E+01  0.230759E+01  0.000000E+00  0.000000E+00  0.358913E-05  0.233777E+01
  0.100977E+03  0.241046E+01  0.226404E+01  0.000000E+00  0.000000E+00  0.345257E-05  0.229437E+01
