  0.353793E-05  0.222880E+07  0.222880E+07  0.297172E+07  0.297172E+07  0.222965E+07  0.222882E+07
  0.365776E-05  0.222880E+07  0.222880E+07  0.297172E+07  0.297172E+07  0.222965E+07  0.222882E+07
  0.378166E-05  0.222880E+07  0.222880E+07  0.297172E+07  0.297172E+07  0.222965E+07  0.222882E+07
  0.390975E-05  0.222880E+07  0.222880E+07  0.297172E+07  0.297172E+07  0.222965E+07  0.222882E+07
  0.404219E-05  0.222880E+07  0.222880E+07  0.297172E+07  0.297171E+07  0.222965E+07  0.222882E+07
  0.417910E-05  0.222880E+07  0.222880E+07  0.297171E+07  0.297171E+07  0.222965E+07  0.222882E+07
  0.432066E-05  0.222880E+07  0.222880E+07  0.297171E+07  0.297171E+07  0.222965E+07  0.222882E+07
  0.446701E-05  0.222880E+07  0.222880E+07  0.297171E+07  0.297171E+07  0.222965E+07  0.222882E+07
  0.461832E-05  0.222880E+07  0.222880E+07  0.297171E+07  0.297171E+07  0.222965E+07  0.222882E+07
  0.477475E-05  0.222880E+07  0.222880E+07  0.297171E+07  0.297171E+07  0.222965E+07  0.222882E+07
  0.493648E-05  0.222880E+07  0.222880E+07  0.297170E+07  0.297170E+07  0.222965E+07  0.222882E+07
  0.510369E-05  0.222880E+07  0.222880E+07  0.297170E+07  0.297170E+07  0.222965E+07  0.222882E+07
  0.527657E-05  0.222880E+07  0.222880E+07  0.297170E+07  0.297170E+07  0.222965E+07  0.222882E+07
  0.545530E-05  0.222880E+07  0.222880E+07  0.297170E+07  0.297170E+07  0.222965E+07  0.222882E+07
  0.564008E-05  0.222880E+07  0.222880E+07  0.297169E+07  0.297169E+07  0.222965E+07  0.222882E+07
  0.583112E-05  0.222880E+07  0.222880E+07  0.297169E+07  0.297169E+07  0.222965E+07  0.222882E+07
  0.602864E-05  0.222880E+07  0.222880E+07  0.297169E+07  0.297169E+07  0.222965E+07  0.222882E+07
  0.623284E-05  0.222880E+07  0.222880E+07  0.297168E+07  0.297168E+07  0.222965E+07  0.222882E+07
  0.644396E-05  0.222880E+07  0.222880E+07  0.297168E+07  0.297168E+07  0.222965E+07  0.222882E+07
  0.666224E-05  0.222880E+07  0.222880E+07  0.297168E+07  0.297167E+07  0.222965E+07  0.222882E+07
  0.688790E-05  0.222880E+07  0.222880E+07  0.297167E+07  0.297167E+07  0.222965E+07  0.222882E+07
  0.712121E-05  0.222880E+07  0.222880E+07  0.297167E+07  0.297167E+07  0.222965E+07  0.222882E+07
  0.736242E-05  0.222880E+07  0.222880E+07  0.297166E+07  0.297166E+07  0.222965E+07  0.222882E+07
  0.761180E-05  0.222880E+07  0.222880E+07  0.297166E+07  0.297166E+07  0.222965E+07  0.222882E+07
  0.786963E-05  0.222880E+07  0.222880E+07  0.297165E+07  0.297165E+07  0.222965E+07  0.222882E+07
  0.813620E-05  0.222880E+07  0.222880E+07  0.297164E+07  0.297164E+07  0.222965E+07  0.222882E+07
  0.841179E-05  0.222880E+07  0.222880E+07  0.297164E+07  0.297164E+07  0.222965E+07  0.222882E+07
  0.869671E-05  0.222880E+07  0.222880E+07  0.297163E+07  0.297163E+07  0.222965E+07  0.222881E+07
  0.899129E-05  0.222880E+07  0.222880E+07  0.297162E+07  0.297162E+07  0.222965E+07  0.222881E+07
  0.929585E-05  0.222880E+07  0.222880E+07  0.297162E+07  0.297161E+07  0.222965E+07  0.222881E+07
  0.961072E-05  0.222880E+07  0.222880E+07  0.297161E+07  0.297161E+07  0.222965E+07  0.222881E+07
  0.993626E-05  0.222880E+07  0.222880E+07  0.297160E+07  0.297160E+07  0.222965E+07  0.222881E+07
  0.102728E-04  0.222880E+07  0.222880E+07  0.297159E+07  0.297159E+07  0.222965E+07  0.222881E+07
  0.106208E-04  0.222880E+07  0.222880E+07  0.297158E+07  0.297158E+07  0.222965E+07  0.222881E+07
  0.109805E-04  0.222880E+07  0.222880E+07  0.297157E+07  0.297157E+07  0.222965E+07  0.222881E+07
  0.113525E-04  0.222880E+07  0.222880E+07  0.297156E+07  0.297155E+07  0.222965E+07  0.222881E+07
  0.117370E-04  0.222880E+07  0.222880E+07  0.297154E+07  0.297154E+07  0.222965E+07  0.222881E+07
  0.121346E-04  0.222880E+07  0.222880E+07  0.297153E+07  0.297153E+07  0.222964E+07  0.222881E+07
  0.125456E-04  0.222880E+07  0.222880E+07  0.297152E+07  0.297151E+07  0.222964E+07  0.222881E+07
  0.129705E-04  0.222880E+07  0.222880E+07  0.297150E+07  0.297150E+07  0.222964E+07  0.222881E+07
  0.134099E-04  0.222880E+07  0.222880E+07  0.297148E+07  0.297148E+07  0.222964E+07  0.222881E+07
  0.138641E-04  0.222880E+07  0.222880E+07  0.297147E+07  0.297146E+07  0.222964E+07  0.222881E+07
  0.143337E-04  0.222880E+07  0.222880E+07  0.297145E+07  0.297144E+07  0.222964E+07  0.222881E+07
  0.148192E-04  0.222880E+07  0.222880E+07  0.297143E+07  0.297142E+07  0.222964E+07  0.222881E+07
  0.153212E-04  0.222880E+07  0.222880E+07  0.297141E+07  0.297140E+07  0.222964E+07  0.222881E+07
  0.158402E-04  0.222880E+07  0.222880E+07  0.297138E+07  0.297138E+07  0.222964E+07  0.222881E+07
  0.163767E-04  0.222880E+07  0.222880E+07  0.297136E+07  0.297135E+07  0.222964E+07  0.222881E+07
  0.169314E-04  0.222880E+07  0.222880E+07  0.297133E+07  0.297133E+07  0.222964E+07  0.222881E+07
  0.175049E-04  0.222880E+07  0.222880E+07  0.297131E+07  0.297130E+07  0.222964E+07  0.222881E+07
  0.180979E-04  0.222880E+07  0.222880E+07  0.297128E+07  0.297127E+07  0.222964E+07  0.222881E+07
  0.187109E-04  0.222880E+07  0.222880E+07  0.297124E+07  0.297124E+07  0.222964E+07  0.222881E+07
  0.193447E-04  0.222880E+07  0.222880E+07  0.297121E+07  0.297120E+07  0.222964E+07  0.222881E+07
  0.199999E-04  0.222880E+07  0.222880E+07  0.297117E+07  0.297117E+07  0.222964E+07  0.222881E+07
  0.206773E-04  0.222880E+07  0.222880E+07  0.297114E+07  0.297113E+07  0.222964E+07  0.222881E+07
  0.213777E-04  0.222880E+07  0.222880E+07  0.297109E+07  0.297108E+07  0.222964E+07  0.222881E+07
  0.221019E-04  0.222880E+07  0.222880E+07  0.297105E+07  0.297104E+07  0.222963E+07  0.222881E+07
  0.228505E-04  0.222880E+07  0.222880E+07  0.297100E+07  0.297099E+07  0.222963E+07  0.222881E+07
  0.236245E-04  0.222880E+07  0.222880E+07  0.297095E+07  0.297094E+07  0.222963E+07  0.222881E+07
  0.244247E-04  0.222880E+07  0.222880E+07  0.297090E+07  0.297089E+07  0.222963E+07  0.222881E+07
  0.252520E-04  0.222879E+07  0.222879E+07  0.297084E+07  0.297083E+07  0.222963E+07  0.222881E+07
  0.261074E-04  0.222879E+07  0.222879E+07  0.297078E+07  0.297076E+07  0.222963E+07  0.222881E+07
  0.269917E-04  0.222879E+07  0.222879E+07  0.297071E+07  0.297070E+07  0.222963E+07  0.222881E+07
  0.279060E-04  0.222879E+07  0.222879E+07  0.297064E+07  0.297062E+07  0.222962E+07  0.222880E+07
  0.288512E-04  0.222879E+07  0.222879E+07  0.297057E+07  0.297055E+07  0.222962E+07  0.222880E+07
  0.298285E-04  0.222879E+07  0.222879E+07  0.297049E+07  0.297047E+07  0.222962E+07  0.222880E+07
  0.308388E-04  0.222879E+07  0.222879E+07  0.297040E+07  0.297038E+07  0.222962E+07  0.222880E+07
  0.318834E-04  0.222879E+07  0.222879E+07  0.297031E+07  0.297029E+07  0.222962E+07  0.222880E+07
  0.329634E-04  0.222879E+07  0.222879E+07  0.297021E+07  0.297018E+07  0.222961E+07  0.222880E+07
  0.340799E-04  0.222879E+07  0.222879E+07  0.297010E+07  0.297008E+07  0.222961E+07  0.222880E+07
  0.352343E-04  0.222879E+07  0.222879E+07  0.296999E+07  0.296996E+07  0.222961E+07  0.222880E+07
  0.364277E-04  0.222878E+07  0.222878E+07  0.296987E+07  0.296984E+07  0.222961E+07  0.222880E+07
  0.376616E-04  0.222878E+07  0.222878E+07  0.296974E+07  0.296971E+07  0.222960E+07  0.222880E+07
  0.389373E-04  0.222878E+07  0.222878E+07  0.296960E+07  0.296957E+07  0.222960E+07  0.222879E+07
  0.402562E-04  0.222878E+07  0.222878E+07  0.296946E+07  0.296942E+07  0.222960E+07  0.222879E+07
  0.416198E-04  0.222878E+07  0.222878E+07  0.296930E+07  0.296926E+07  0.222959E+07  0.222879E+07
  0.430296E-04  0.222878E+07  0.222878E+07  0.296913E+07  0.296909E+07  0.222959E+07  0.222879E+07
  0.444871E-04  0.222878E+07  0.222878E+07  0.296895E+07  0.296891E+07  0.222959E+07  0.222879E+07
  0.459939E-04  0.222877E+07  0.222877E+07  0.296876E+07  0.296872E+07  0.222958E+07  0.222879E+07
  0.475519E-04  0.222877E+07  0.222877E+07  0.296856E+07  0.296851E+07  0.222958E+07  0.222878E+07
  0.491626E-04  0.222877E+07  0.222877E+07  0.296834E+07  0.296828E+07  0.222957E+07  0.222878E+07
  0.508278E-04  0.222877E+07  0.222877E+07  0.296810E+07  0.296805E+07  0.222957E+07  0.222878E+07
  0.525495E-04  0.222876E+07  0.222876E+07  0.296785E+07  0.296779E+07  0.222956E+07  0.222878E+07
  0.543294E-04  0.222876E+07  0.222876E+07  0.296758E+07  0.296752E+07  0.222955E+07  0.222877E+07
  0.561697E-04  0.222876E+07  0.222876E+07  0.296730E+07  0.296723E+07  0.222955E+07  0.222877E+07
  0.580723E-04  0.222876E+07  0.222876E+07  0.296699E+07  0.296692E+07  0.222954E+07  0.222877E+07
  0.600393E-04  0.222875E+07  0.222875E+07  0.296667E+07  0.296659E+07  0.222953E+07  0.222876E+07
  0.620730E-04  0.222875E+07  0.222875E+07  0.296632E+07  0.296624E+07  0.222952E+07  0.222876E+07
  0.641756E-04  0.222875E+07  0.222875E+07  0.296594E+07  0.296586E+07  0.222952E+07  0.222876E+07
  0.663493E-04  0.222874E+07  0.222874E+07  0.296554E+07  0.296545E+07  0.222951E+07  0.222875E+07
  0.685967E-04  0.222874E+07  0.222874E+07  0.296512E+07  0.296502E+07  0.222950E+07  0.222875E+07
  0.709203E-04  0.222873E+07  0.222873E+07  0.296466E+07  0.296456E+07  0.222949E+07  0.222874E+07
  0.733225E-04  0.222873E+07  0.222873E+07  0.296418E+07  0.296406E+07  0.222948E+07  0.222874E+07
  0.758061E-04  0.222872E+07  0.222872E+07  0.296366E+07  0.296353E+07  0.222946E+07  0.222873E+07
  0.783739E-04  0.222872E+07  0.222872E+07  0.296310E+07  0.296297E+07  0.222945E+07  0.222873E+07
  0.810285E-04  0.222871E+07  0.222871E+07  0.296251E+07  0.296237E+07  0.222944E+07  0.222872E+07
  0.837732E-04  0.222871E+07  0.222870E+07  0.296187E+07  0.296172E+07  0.222942E+07  0.222872E+07
  0.866108E-04  0.222870E+07  0.222870E+07  0.296119E+07  0.296103E+07  0.222941E+07  0.222871E+07
  0.895445E-04  0.222869E+07  0.222869E+07  0.296047E+07  0.296030E+07  0.222939E+07  0.222870E+07
  0.925776E-04  0.222868E+07  0.222868E+07  0.295969E+07  0.295951E+07  0.222937E+07  0.222869E+07
  0.957134E-04  0.222868E+07  0.222867E+07  0.295886E+07  0.295867E+07  0.222935E+07  0.222869E+07
  0.989554E-04  0.222867E+07  0.222867E+07  0.295798E+07  0.295777E+07  0.222933E+07  0.222868E+07
  0.102307E-03  0.222866E+07  0.222866E+07  0.295703E+07  0.295681E+07  0.222931E+07  0.222867E+07
  0.105773E-03  0.222865E+07  0.222865E+07  0.295602E+07  0.295579E+07  0.222929E+07  0.222866E+07
  0.109355E-03  0.222864E+07  0.222864E+07  0.295494E+07  0.295469E+07  0.222926E+07  0.222865E+07
  0.113060E-03  0.222863E+07  0.222862E+07  0.295379E+07  0.295352E+07  0.222924E+07  0.222863E+07
  0.116889E-03  0.222861E+07  0.222861E+07  0.295255E+07  0.295227E+07  0.222921E+07  0.222862E+07
  0.120848E-03  0.222860E+07  0.222860E+07  0.295124E+07  0.295093E+07  0.222918E+07  0.222861E+07
  0.124942E-03  0.222859E+07  0.222858E+07  0.294983E+07  0.294950E+07  0.222914E+07  0.222859E+07
  0.129174E-03  0.222857E+07  0.222857E+07  0.294833E+07  0.294798E+07  0.222911E+07  0.222858E+07
  0.133549E-03  0.222856E+07  0.222855E+07  0.294672E+07  0.294634E+07  0.222907E+07  0.222856E+07
  0.138073E-03  0.222854E+07  0.222854E+07  0.294500E+07  0.294460E+07  0.222903E+07  0.222854E+07
  0.142750E-03  0.222852E+07  0.222852E+07  0.294317E+07  0.294274E+07  0.222899E+07  0.222853E+07
  0.147585E-03  0.222850E+07  0.222850E+07  0.294121E+07  0.294075E+07  0.222894E+07  0.222851E+07
  0.152584E-03  0.222848E+07  0.222848E+07  0.293912E+07  0.293863E+07  0.222890E+07  0.222849E+07
  0.157752E-03  0.222846E+07  0.222845E+07  0.293688E+07  0.293636E+07  0.222884E+07  0.222846E+07
  0.163096E-03  0.222843E+07  0.222843E+07  0.293450E+07  0.293394E+07  0.222879E+07  0.222844E+07
  0.168620E-03  0.222841E+07  0.222840E+07  0.293195E+07  0.293135E+07  0.222873E+07  0.222841E+07
  0.174332E-03  0.222838E+07  0.222838E+07  0.292922E+07  0.292859E+07  0.222867E+07  0.222838E+07
  0.180237E-03  0.222835E+07  0.222835E+07  0.292632E+07  0.292564E+07  0.222860E+07  0.222835E+07
  0.186342E-03  0.222832E+07  0.222832E+07  0.292321E+07  0.292249E+07  0.222853E+07  0.222832E+07
  0.192654E-03  0.222829E+07  0.222828E+07  0.291989E+07  0.291912E+07  0.222845E+07  0.222829E+07
  0.199179E-03  0.222825E+07  0.222825E+07  0.291635E+07  0.291553E+07  0.222837E+07  0.222825E+07
  0.205926E-03  0.222821E+07  0.222821E+07  0.291257E+07  0.291170E+07  0.222828E+07  0.222821E+07
  0.212901E-03  0.222817E+07  0.222817E+07  0.290854E+07  0.290760E+07  0.222818E+07  0.222817E+07
  0.220113E-03  0.222813E+07  0.222812E+07  0.290423E+07  0.290323E+07  0.222808E+07  0.222813E+07
  0.227569E-03  0.222808E+07  0.222808E+07  0.289963E+07  0.289857E+07  0.222797E+07  0.222808E+07
  0.235277E-03  0.222803E+07  0.222803E+07  0.289473E+07  0.289359E+07  0.222786E+07  0.222803E+07
  0.243246E-03  0.222798E+07  0.222797E+07  0.288949E+07  0.288827E+07  0.222774E+07  0.222798E+07
  0.251486E-03  0.222793E+07  0.222792E+07  0.288390E+07  0.288261E+07  0.222760E+07  0.222792E+07
  0.260004E-03  0.222786E+07  0.222786E+07  0.287794E+07  0.287656E+07  0.222746E+07  0.222786E+07
  0.268811E-03  0.222780E+07  0.222779E+07  0.287158E+07  0.287011E+07  0.222731E+07  0.222779E+07
  0.277916E-03  0.222773E+07  0.222772E+07  0.286480E+07  0.286323E+07  0.222715E+07  0.222772E+07
  0.287330E-03  0.222766E+07  0.222765E+07  0.285756E+07  0.285589E+07  0.222698E+07  0.222765E+07
  0.297062E-03  0.222758E+07  0.222757E+07  0.284985E+07  0.284807E+07  0.222680E+07  0.222757E+07
  0.307124E-03  0.222750E+07  0.222748E+07  0.284163E+07  0.283973E+07  0.222660E+07  0.222748E+07
  0.317527E-03  0.222741E+07  0.222739E+07  0.283286E+07  0.283084E+07  0.222639E+07  0.222739E+07
  0.328283E-03  0.222731E+07  0.222729E+07  0.282352E+07  0.282136E+07  0.222617E+07  0.222729E+07
  0.339403E-03  0.222721E+07  0.222719E+07  0.281356E+07  0.281127E+07  0.222593E+07  0.222719E+07
  0.350899E-03  0.222710E+07  0.222708E+07  0.280296E+07  0.280052E+07  0.222567E+07  0.222707E+07
  0.362785E-03  0.222698E+07  0.222696E+07  0.279167E+07  0.278907E+07  0.222540E+07  0.222695E+07
  0.375073E-03  0.222686E+07  0.222684E+07  0.277964E+07  0.277688E+07  0.222511E+07  0.222683E+07
  0.387778E-03  0.222672E+07  0.222670E+07  0.276684E+07  0.276391E+07  0.222480E+07  0.222669E+07
  0.400913E-03  0.222658E+07  0.222656E+07  0.275322E+07  0.275011E+07  0.222446E+07  0.222655E+07
  0.414492E-03  0.222643E+07  0.222640E+07  0.273873E+07  0.273542E+07  0.222411E+07  0.222639E+07
  0.428532E-03  0.222627E+07  0.222624E+07  0.272333E+07  0.271981E+07  0.222373E+07  0.222622E+07
  0.443048E-03  0.222609E+07  0.222607E+07  0.270694E+07  0.270321E+07  0.222332E+07  0.222605E+07
  0.458055E-03  0.222591E+07  0.222588E+07  0.268954E+07  0.268558E+07  0.222289E+07  0.222586E+07
  0.473570E-03  0.222571E+07  0.222568E+07  0.267104E+07  0.266685E+07  0.222243E+07  0.222566E+07
  0.489611E-03  0.222550E+07  0.222547E+07  0.265141E+07  0.264696E+07  0.222193E+07  0.222544E+07
  0.506195E-03  0.222527E+07  0.222524E+07  0.263057E+07  0.262586E+07  0.222140E+07  0.222521E+07
  0.523341E-03  0.222503E+07  0.222500E+07  0.260847E+07  0.260348E+07  0.222084E+07  0.222496E+07
  0.541068E-03  0.222478E+07  0.222474E+07  0.258503E+07  0.257976E+07  0.222024E+07  0.222470E+07
  0.559395E-03  0.222450E+07  0.222446E+07  0.256020E+07  0.255463E+07  0.221960E+07  0.222442E+07
  0.578343E-03  0.222421E+07  0.222416E+07  0.253390E+07  0.252803E+07  0.221891E+07  0.222412E+07
  0.597933E-03  0.222390E+07  0.222385E+07  0.250607E+07  0.249988E+07  0.221818E+07  0.222381E+07
  0.618186E-03  0.222356E+07  0.222351E+07  0.247665E+07  0.247011E+07  0.221740E+07  0.222347E+07
  0.639126E-03  0.222321E+07  0.222315E+07  0.244555E+07  0.243867E+07  0.221656E+07  0.222310E+07
  0.660775E-03  0.222283E+07  0.222277E+07  0.241271E+07  0.240548E+07  0.221567E+07  0.222272E+07
  0.683157E-03  0.222243E+07  0.222236E+07  0.237808E+07  0.237048E+07  0.221472E+07  0.222230E+07
  0.706297E-03  0.222200E+07  0.222193E+07  0.234157E+07  0.233360E+07  0.221371E+07  0.222186E+07
  0.730221E-03  0.222154E+07  0.222147E+07  0.230313E+07  0.229479E+07  0.221263E+07  0.222139E+07
  0.754955E-03  0.222105E+07  0.222097E+07  0.226271E+07  0.225398E+07  0.221148E+07  0.222090E+07
  0.780527E-03  0.222053E+07  0.222045E+07  0.222023E+07  0.221112E+07  0.221024E+07  0.222036E+07
  0.806965E-03  0.221997E+07  0.221988E+07  0.217567E+07  0.216617E+07  0.220893E+07  0.221979E+07
  0.834299E-03  0.221938E+07  0.221929E+07  0.212898E+07  0.211909E+07  0.220753E+07  0.221919E+07
  0.862559E-03  0.221875E+07  0.221865E+07  0.208012E+07  0.206985E+07  0.220604E+07  0.221855E+07
  0.891775E-03  0.221808E+07  0.221797E+07  0.202907E+07  0.201843E+07  0.220445E+07  0.221786E+07
  0.921982E-03  0.221736E+07  0.221725E+07  0.197583E+07  0.196483E+07  0.220276E+07  0.221713E+07
  0.953212E-03  0.221660E+07  0.221648E+07  0.192039E+07  0.190906E+07  0.220095E+07  0.221635E+07
  0.985499E-03  0.221579E+07  0.221567E+07  0.186279E+07  0.185113E+07  0.219903E+07  0.221553E+07
  0.101888E-02  0.221493E+07  0.221480E+07  0.180306E+07  0.179110E+07  0.219698E+07  0.221465E+07
  0.105339E-02  0.221402E+07  0.221387E+07  0.174125E+07  0.172904E+07  0.219480E+07  0.221371E+07
  0.108907E-02  0.221304E+07  0.221289E+07  0.167745E+07  0.166502E+07  0.219248E+07  0.221272E+07
  0.112596E-02  0.221201E+07  0.221185E+07  0.161177E+07  0.159916E+07  0.219001E+07  0.221166E+07
  0.116410E-02  0.221091E+07  0.221074E+07  0.154434E+07  0.153161E+07  0.218738E+07  0.221054E+07
  0.120353E-02  0.220975E+07  0.220956E+07  0.147533E+07  0.146254E+07  0.218459E+07  0.220935E+07
  0.124430E-02  0.220851E+07  0.220832E+07  0.140493E+07  0.139214E+07  0.218161E+07  0.220808E+07
  0.128645E-02  0.220720E+07  0.220699E+07  0.133337E+07  0.132066E+07  0.217845E+07  0.220674E+07
  0.133002E-02  0.220580E+07  0.220559E+07  0.126092E+07  0.124836E+07  0.217510E+07  0.220532E+07
  0.137507E-02  0.220433E+07  0.220410E+07  0.118787E+07  0.117555E+07  0.217153E+07  0.220381E+07
  0.142165E-02  0.220276E+07  0.220252E+07  0.111456E+07  0.110257E+07  0.216774E+07  0.220221E+07
  0.146980E-02  0.220111E+07  0.220085E+07  0.104135E+07  0.102979E+07  0.216372E+07  0.220052E+07
  0.151959E-02  0.219936E+07  0.219908E+07  0.968647E+06  0.957617E+06  0.215946E+07  0.219873E+07
  0.157106E-02  0.219750E+07  0.219721E+07  0.896879E+06  0.886472E+06  0.215494E+07  0.219683E+07
  0.162428E-02  0.219554E+07  0.219523E+07  0.826500E+06  0.816812E+06  0.215015E+07  0.219483E+07
  0.167929E-02  0.219347E+07  0.219314E+07  0.757983E+06  0.749104E+06  0.214508E+07  0.219271E+07
  0.173618E-02  0.219129E+07  0.219094E+07  0.691810E+06  0.683824E+06  0.213970E+07  0.219047E+07
  0.179498E-02  0.218898E+07  0.218861E+07  0.628467E+06  0.621444E+06  0.213402E+07  0.218811E+07
  0.185578E-02  0.218655E+07  0.218615E+07  0.568425E+06  0.562421E+06  0.212801E+07  0.218563E+07
  0.191864E-02  0.218399E+07  0.218357E+07  0.512136E+06  0.507185E+06  0.212165E+07  0.218300E+07
  0.198363E-02  0.218129E+07  0.218084E+07  0.460008E+06  0.456122E+06  0.211494E+07  0.218024E+07
  0.205082E-02  0.217845E+07  0.217798E+07  0.412396E+06  0.409558E+06  0.210786E+07  0.217733E+07
  0.212029E-02  0.217546E+07  0.217496E+07  0.369583E+06  0.367744E+06  0.210039E+07  0.217428E+07
  0.219211E-02  0.217232E+07  0.217179E+07  0.331760E+06  0.330838E+06  0.209252E+07  0.217106E+07
  0.226636E-02  0.216903E+07  0.216846E+07  0.299014E+06  0.298891E+06  0.208422E+07  0.216769E+07
  0.234313E-02  0.216557E+07  0.216497E+07  0.271310E+06  0.271833E+06  0.207550E+07  0.216415E+07
  0.242249E-02  0.216194E+07  0.216131E+07  0.248482E+06  0.249466E+06  0.206632E+07  0.216043E+07
  0.250455E-02  0.215814E+07  0.215747E+07  0.230225E+06  0.231458E+06  0.205668E+07  0.215654E+07
  0.258938E-02  0.215416E+07  0.215345E+07  0.216096E+06  0.217346E+06  0.204657E+07  0.215247E+07
  0.267709E-02  0.215000E+07  0.214924E+07  0.205524E+06  0.206548E+06  0.203596E+07  0.214820E+07
  0.276777E-02  0.214565E+07  0.214484E+07  0.197821E+06  0.198385E+06  0.202484E+07  0.214374E+07
  0.286152E-02  0.214110E+07  0.214024E+07  0.192218E+06  0.192105E+06  0.201321E+07  0.213908E+07
  0.295845E-02  0.213635E+07  0.213544E+07  0.187895E+06  0.186927E+06  0.200104E+07  0.213421E+07
  0.305866E-02  0.213139E+07  0.213042E+07  0.184029E+06  0.182085E+06  0.198834E+07  0.212913E+07
  0.316226E-02  0.212622E+07  0.212519E+07  0.179851E+06  0.176881E+06  0.197509E+07  0.212383E+07
  0.326938E-02  0.212083E+07  0.211973E+07  0.174702E+06  0.170741E+06  0.196128E+07  0.211831E+07
  0.338012E-02  0.211521E+07  0.211404E+07  0.168090E+06  0.163263E+06  0.194691E+07  0.211255E+07
  0.349461E-02  0.210936E+07  0.210811E+07  0.159736E+06  0.154257E+06  0.193197E+07  0.210655E+07
  0.361298E-02  0.210327E+07  0.210194E+07  0.149613E+06  0.143773E+06  0.191646E+07  0.210031E+07
  0.373536E-02  0.209693E+07  0.209552E+07  0.137957E+06  0.132098E+06  0.190037E+07  0.209382E+07
  0.386189E-02  0.209034E+07  0.208884E+07  0.125248E+06  0.119726E+06  0.188372E+07  0.208707E+07
  0.399270E-02  0.208349E+07  0.208189E+07  0.112162E+06  0.107307E+06  0.186650E+07  0.208005E+07
  0.412794E-02  0.207638E+07  0.207467E+07  0.994894E+05  0.955538E+05  0.184873E+07  0.207276E+07
  0.426776E-02  0.206899E+07  0.206718E+07  0.880266E+05  0.851402E+05  0.183040E+07  0.206519E+07
  0.441232E-02  0.206132E+07  0.205939E+07  0.784493E+05  0.765870E+05  0.181154E+07  0.205734E+07
  0.456178E-02  0.205336E+07  0.205131E+07  0.711931E+05  0.701633E+05  0.179215E+07  0.204920E+07
  0.471629E-02  0.204511E+07  0.204292E+07  0.663581E+05  0.658207E+05  0.177226E+07  0.204075E+07
  0.487605E-02  0.203656E+07  0.203423E+07  0.636653E+05  0.631836E+05  0.175187E+07  0.203201E+07
  0.504121E-02  0.202770E+07  0.202522E+07  0.624845E+05  0.616062E+05  0.173103E+07  0.202295E+07
  0.521197E-02  0.201853E+07  0.201589E+07  0.619412E+05  0.602974E+05  0.170974E+07  0.201357E+07
  0.538851E-02  0.200904E+07  0.200623E+07  0.610949E+05  0.584964E+05  0.168803E+07  0.200387E+07
  0.557103E-02  0.199922E+07  0.199623E+07  0.591578E+05  0.556606E+05  0.166593E+07  0.199385E+07
  0.575973E-02  0.198907E+07  0.198589E+07  0.557028E+05  0.516165E+05  0.164346E+07  0.198349E+07
  0.595483E-02  0.197858E+07  0.197520E+07  0.507983E+05  0.466204E+05  0.162065E+07  0.197279E+07
  0.615653E-02  0.196776E+07  0.196415E+07  0.450117E+05  0.412928E+05  0.159752E+07  0.196175E+07
  0.636507E-02  0.195658E+07  0.195274E+07  0.392561E+05  0.364227E+05  0.157409E+07  0.195035E+07
  0.658067E-02  0.194513E+07  0.194105E+07  0.345000E+05  0.326940E+05  0.155277E+07  0.193872E+07
  0.680357E-02  0.193325E+07  0.192891E+07  0.314085E+05  0.304092E+05  0.152880E+07  0.192662E+07
  0.703402E-02  0.192101E+07  0.191639E+07  0.300805E+05  0.293600E+05  0.150455E+07  0.191416E+07
  0.727228E-02  0.190839E+07  0.190348E+07  0.299618E+05  0.288825E+05  0.148003E+07  0.190132E+07
  0.751861E-02  0.189540E+07  0.189018E+07  0.300503E+05  0.281412E+05  0.145525E+07  0.188812E+07
  0.777328E-02  0.188204E+07  0.187649E+07  0.293356E+05  0.265255E+05  0.143020E+07  0.187453E+07
  0.803658E-02  0.186829E+07  0.186239E+07  0.273004E+05  0.239709E+05  0.140489E+07  0.186056E+07
  0.830880E-02  0.185413E+07  0.184786E+07  0.242218E+05  0.210090E+05  0.137861E+07  0.184616E+07
  0.859024E-02  0.183960E+07  0.183294E+07  0.210619E+05  0.184695E+05  0.135271E+07  0.183140E+07
  0.888121E-02  0.182468E+07  0.181760E+07  0.180880E+05  0.169602E+05  0.132655E+07  0.181625E+07
  0.918204E-02  0.180935E+07  0.180184E+07  0.171284E+05  0.164480E+05  0.130012E+07  0.180069E+07
  0.949305E-02  0.179362E+07  0.178565E+07  0.172585E+05  0.162583E+05  0.127344E+07  0.178473E+07
  0.981461E-02  0.177748E+07  0.176902E+07  0.173704E+05  0.155641E+05  0.124651E+07  0.176835E+07
  0.101471E-01  0.176093E+07  0.175196E+07  0.164621E+05  0.140458E+05  0.121957E+07  0.175157E+07
  0.104908E-01  0.174396E+07  0.173444E+07  0.144601E+05  0.121729E+05  0.119221E+07  0.173437E+07
  0.108461E-01  0.172657E+07  0.171648E+07  0.123288E+05  0.107885E+05  0.116466E+07  0.171673E+07
  0.112135E-01  0.170875E+07  0.169806E+07  0.109319E+05  0.102943E+05  0.113694E+07  0.169868E+07
  0.115933E-01  0.169050E+07  0.167917E+07  0.108997E+05  0.102249E+05  0.110906E+07  0.168019E+07
  0.119860E-01  0.167181E+07  0.165982E+07  0.111144E+05  0.973803E+04  0.108098E+07  0.166126E+07
  0.123920E-01  0.165268E+07  0.164000E+07  0.104416E+05  0.858081E+04  0.105285E+07  0.164189E+07
  0.128117E-01  0.163312E+07  0.161970E+07  0.888592E+04  0.739984E+04  0.102462E+07  0.162209E+07
  0.132457E-01  0.161311E+07  0.159892E+07  0.761824E+04  0.690155E+04  0.996324E+06  0.160184E+07
  0.136944E-01  0.159265E+07  0.157766E+07  0.732583E+04  0.687692E+04  0.967971E+06  0.158114E+07
  0.141582E-01  0.157175E+07  0.155592E+07  0.755310E+04  0.650356E+04  0.939611E+06  0.156000E+07
  0.146378E-01  0.155039E+07  0.153369E+07  0.702217E+04  0.560826E+04  0.911242E+06  0.153840E+07
  0.151336E-01  0.152858E+07  0.151097E+07  0.582199E+04  0.000000E+00  0.882923E+06  0.151635E+07
  0.156462E-01  0.150631E+07  0.148775E+07  0.519190E+04  0.000000E+00  0.854700E+06  0.149386E+07
  0.161762E-01  0.148360E+07  0.146406E+07  0.531811E+04  0.000000E+00  0.826632E+06  0.147091E+07
  0.167241E-01  0.146043E+07  0.143988E+07  0.513692E+04  0.000000E+00  0.798763E+06  0.144752E+07
  0.172906E-01  0.143682E+07  0.141521E+07  0.424275E+04  0.000000E+00  0.771128E+06  0.142368E+07
  0.178763E-01  0.141276E+07  0.139008E+07  0.377537E+04  0.000000E+00  0.743740E+06  0.139941E+07
  0.184818E-01  0.138827E+07  0.136448E+07  0.395993E+04  0.000000E+00  0.716587E+06  0.137471E+07
  0.191078E-01  0.136335E+07  0.133842E+07  0.357666E+04  0.000000E+00  0.689644E+06  0.134959E+07
  0.197550E-01  0.133802E+07  0.131193E+07  0.291200E+04  0.000000E+00  0.662892E+06  0.132405E+07
  0.204242E-01  0.131227E+07  0.128501E+07  0.290590E+04  0.000000E+00  0.636331E+06  0.129812E+07
  0.211160E-01  0.128614E+07  0.125768E+07  0.285544E+04  0.000000E+00  0.610004E+06  0.127180E+07
  0.218313E-01  0.125964E+07  0.122998E+07  0.235649E+04  0.000000E+00  0.583994E+06  0.124512E+07
  0.225707E-01  0.123279E+07  0.120192E+07  0.238354E+04  0.000000E+00  0.558410E+06  0.121810E+07
  0.233353E-01  0.120561E+07  0.117355E+07  0.243729E+04  0.000000E+00  0.533355E+06  0.119077E+07
  0.241257E-01  0.117814E+07  0.114489E+07  0.211444E+04  0.000000E+00  0.508894E+06  0.116316E+07
  0.249429E-01  0.115041E+07  0.111600E+07  0.210425E+04  0.000000E+00  0.485039E+06  0.113531E+07
  0.257877E-01  0.112246E+07  0.108692E+07  0.168705E+04  0.000000E+00  0.461763E+06  0.110725E+07
  0.266612E-01  0.109433E+07  0.105770E+07  0.123585E+04  0.000000E+00  0.439027E+06  0.107904E+07
  0.275643E-01  0.106608E+07  0.102842E+07  0.124685E+04  0.000000E+00  0.416816E+06  0.105072E+07
  0.284980E-01  0.103775E+07  0.999132E+06  0.117747E+04  0.000000E+00  0.395156E+06  0.102234E+07
  0.294633E-01  0.100941E+07  0.969912E+06  0.121839E+04  0.000000E+00  0.374105E+06  0.993971E+06
  0.304613E-01  0.981120E+06  0.940840E+06  0.856982E+03  0.000000E+00  0.353725E+06  0.965675E+06
  0.314930E-01  0.952946E+06  0.911998E+06  0.916948E+03  0.000000E+00  0.334066E+06  0.937523E+06
  0.325598E-01  0.924962E+06  0.883477E+06  0.821538E+03  0.000000E+00  0.315157E+06  0.909590E+06
  0.336627E-01  0.897247E+06  0.855370E+06  0.716698E+03  0.000000E+00  0.297010E+06  0.881956E+06
  0.348029E-01  0.869882E+06  0.827774E+06  0.651084E+03  0.000000E+00  0.279627E+06  0.854702E+06
  0.359818E-01  0.842950E+06  0.800787E+06  0.628541E+03  0.000000E+00  0.262995E+06  0.827914E+06
  0.372005E-01  0.816534E+06  0.774506E+06  0.506117E+03  0.000000E+00  0.247110E+06  0.801674E+06
  0.384606E-01  0.790719E+06  0.749026E+06  0.521603E+03  0.000000E+00  0.231988E+06  0.776068E+06
  0.397634E-01  0.765584E+06  0.724438E+06  0.432847E+03  0.000000E+00  0.217658E+06  0.751177E+06
  0.411102E-01  0.741205E+06  0.700825E+06  0.392450E+03  0.000000E+00  0.204116E+06  0.727075E+06
  0.425027E-01  0.717651E+06  0.678257E+06  0.391767E+03  0.000000E+00  0.191319E+06  0.703831E+06
  0.439424E-01  0.694980E+06  0.656793E+06  0.313080E+03  0.000000E+00  0.179239E+06  0.681502E+06
  0.454071E-01  0.673572E+06  0.636781E+06  0.312116E+03  0.000000E+00  0.168065E+06  0.660460E+06
  0.468719E-01  0.653730E+06  0.618477E+06  0.274216E+03  0.000000E+00  0.157935E+06  0.640998E+06
  0.483366E-01  0.635343E+06  0.601741E+06  0.235465E+03  0.000000E+00  0.148729E+06  0.623000E+06
  0.498014E-01  0.618296E+06  0.586427E+06  0.209624E+03  0.000000E+00  0.140321E+06  0.606348E+06
  0.512661E-01  0.602471E+06  0.572387E+06  0.243264E+03  0.000000E+00  0.132615E+06  0.590917E+06
  0.527309E-01  0.587750E+06  0.559474E+06  0.199494E+03  0.000000E+00  0.125540E+06  0.576587E+06
  0.541956E-01  0.574014E+06  0.547541E+06  0.149518E+03  0.000000E+00  0.119034E+06  0.563235E+06
  0.556604E-01  0.561149E+06  0.536448E+06  0.197497E+03  0.000000E+00  0.113036E+06  0.550744E+06
  0.571251E-01  0.549043E+06  0.526057E+06  0.145729E+03  0.000000E+00  0.107488E+06  0.538998E+06
  0.585899E-01  0.537590E+06  0.516242E+06  0.136475E+03  0.000000E+00  0.102328E+06  0.527891E+06
  0.600546E-01  0.526691E+06  0.506883E+06  0.147151E+03  0.000000E+00  0.975093E+05  0.517318E+06
  0.615194E-01  0.516253E+06  0.497870E+06  0.120443E+03  0.000000E+00  0.929988E+05  0.507187E+06
  0.629841E-01  0.506191E+06  0.489106E+06  0.117443E+03  0.000000E+00  0.887627E+05  0.497411E+06
  0.644489E-01  0.496431E+06  0.480505E+06  0.108966E+03  0.000000E+00  0.847625E+05  0.487914E+06
  0.659136E-01  0.486906E+06  0.471994E+06  0.109680E+03  0.000000E+00  0.809682E+05  0.478629E+06
  0.673783E-01  0.477559E+06  0.463513E+06  0.820211E+02  0.000000E+00  0.773654E+05  0.469500E+06
  0.688431E-01  0.468342E+06  0.455012E+06  0.934283E+02  0.000000E+00  0.739425E+05  0.460479E+06
  0.703078E-01  0.459219E+06  0.446456E+06  0.737187E+02  0.000000E+00  0.706811E+05  0.451530E+06
  0.717726E-01  0.450160E+06  0.437821E+06  0.848120E+02  0.000000E+00  0.675634E+05  0.442624E+06
  0.732373E-01  0.441146E+06  0.429095E+06  0.829222E+02  0.000000E+00  0.645791E+05  0.433743E+06
  0.747021E-01  0.432170E+06  0.420280E+06  0.914951E+02  0.000000E+00  0.617228E+05  0.424882E+06
  0.761668E-01  0.423213E+06  0.411368E+06  0.492258E+02  0.000000E+00  0.589866E+05  0.416023E+06
  0.776316E-01  0.414288E+06  0.402386E+06  0.533573E+02  0.000000E+00  0.563675E+05  0.407182E+06
  0.790963E-01  0.405404E+06  0.393356E+06  0.780850E+02  0.000000E+00  0.538598E+05  0.398370E+06
  0.805611E-01  0.396577E+06  0.384310E+06  0.518443E+02  0.000000E+00  0.514573E+05  0.389603E+06
  0.820258E-01  0.387824E+06  0.375279E+06  0.616268E+02  0.000000E+00  0.491572E+05  0.380903E+06
  0.834906E-01  0.379168E+06  0.366302E+06  0.531336E+02  0.000000E+00  0.469601E+05  0.372292E+06
  0.849553E-01  0.370632E+06  0.357419E+06  0.767654E+02  0.000000E+00  0.448646E+05  0.363798E+06
  0.864201E-01  0.362242E+06  0.348670E+06  0.210244E+02  0.000000E+00  0.428664E+05  0.355447E+06
  0.878848E-01  0.354024E+06  0.340096E+06  0.442870E+02  0.000000E+00  0.409628E+05  0.347267E+06
  0.893495E-01  0.346004E+06  0.331735E+06  0.364434E+02  0.000000E+00  0.391549E+05  0.339286E+06
  0.908143E-01  0.338206E+06  0.323624E+06  0.237007E+02  0.000000E+00  0.374427E+05  0.331529E+06
  0.922790E-01  0.330653E+06  0.315797E+06  0.326063E+02  0.000000E+00  0.358224E+05  0.324022E+06
  0.941061E-01  0.321607E+06  0.306476E+06  0.315361E+02  0.000000E+00  0.339236E+05  0.315039E+06
  0.959332E-01  0.313007E+06  0.297691E+06  0.414918E+02  0.000000E+00  0.321563E+05  0.306511E+06
  0.977602E-01  0.304878E+06  0.289476E+06  0.307050E+02  0.000000E+00  0.305168E+05  0.298464E+06
  0.995873E-01  0.297237E+06  0.281854E+06  0.314265E+02  0.000000E+00  0.290006E+05  0.290917E+06
  0.101414E+00  0.290090E+06  0.274832E+06  0.306000E+02  0.000000E+00  0.276000E+05  0.283874E+06
  0.103241E+00  0.283436E+06  0.268408E+06  0.196955E+02  0.000000E+00  0.263053E+05  0.277334E+06
  0.105068E+00  0.277262E+06  0.262563E+06  0.273341E+02  0.000000E+00  0.251100E+05  0.271284E+06
  0.106896E+00  0.271548E+06  0.257268E+06  0.111310E+02  0.000000E+00  0.240076E+05  0.265702E+06
  0.108723E+00  0.266266E+06  0.252486E+06  0.258367E+02  0.000000E+00  0.229882E+05  0.260560E+06
  0.110550E+00  0.261384E+06  0.248167E+06  0.230036E+02  0.000000E+00  0.220436E+05  0.255822E+06
  0.112377E+00  0.256860E+06  0.244257E+06  0.157673E+02  0.000000E+00  0.211679E+05  0.251447E+06
  0.114204E+00  0.252651E+06  0.240696E+06  0.147540E+02  0.000000E+00  0.203529E+05  0.247388E+06
  0.116031E+00  0.248714E+06  0.237425E+06  0.189639E+02  0.000000E+00  0.195901E+05  0.243600E+06
  0.117858E+00  0.245001E+06  0.234379E+06  0.109823E+02  0.000000E+00  0.188729E+05  0.240034E+06
  0.119685E+00  0.241465E+06  0.231496E+06  0.175817E+02  0.000000E+00  0.181960E+05  0.236640E+06
  0.121512E+00  0.238060E+06  0.228716E+06  0.240291E+02  0.000000E+00  0.175543E+05  0.233372E+06
  0.123339E+00  0.234744E+06  0.225984E+06  0.946068E+01  0.000000E+00  0.169423E+05  0.230186E+06
  0.125166E+00  0.231478E+06  0.223251E+06  0.175915E+02  0.000000E+00  0.163545E+05  0.227042E+06
  0.126993E+00  0.228231E+06  0.220475E+06  0.116823E+02  0.000000E+00  0.157880E+05  0.223907E+06
  0.128820E+00  0.224974E+06  0.217622E+06  0.124390E+02  0.000000E+00  0.152409E+05  0.220752E+06
  0.130647E+00  0.221686E+06  0.214668E+06  0.902878E+01  0.000000E+00  0.147100E+05  0.217556E+06
  0.132474E+00  0.218352E+06  0.211594E+06  0.110420E+02  0.000000E+00  0.141933E+05  0.214303E+06
  0.134301E+00  0.214960E+06  0.208391E+06  0.896351E+01  0.000000E+00  0.136907E+05  0.210983E+06
  0.136128E+00  0.211505E+06  0.205056E+06  0.000000E+00  0.000000E+00  0.132008E+05  0.207590E+06
  0.137956E+00  0.207989E+06  0.201595E+06  0.000000E+00  0.000000E+00  0.127229E+05  0.204127E+06
  0.139783E+00  0.204418E+06  0.198020E+06  0.000000E+00  0.000000E+00  0.122571E+05  0.200602E+06
  0.141610E+00  0.200802E+06  0.194351E+06  0.000000E+00  0.000000E+00  0.118040E+05  0.197024E+06
  0.143437E+00  0.197156E+06  0.190609E+06  0.000000E+00  0.000000E+00  0.113644E+05  0.193410E+06
  0.145264E+00  0.193499E+06  0.186824E+06  0.000000E+00  0.000000E+00  0.109386E+05  0.189781E+06
  0.147091E+00  0.189850E+06  0.183025E+06  0.000000E+00  0.000000E+00  0.105265E+05  0.186157E+06
  0.148918E+00  0.186230E+06  0.179242E+06  0.000000E+00  0.000000E+00  0.101294E+05  0.182559E+06
  0.150745E+00  0.182659E+06  0.175506E+06  0.000000E+00  0.000000E+00  0.974830E+04  0.179010E+06
  0.152572E+00  0.179159E+06  0.171847E+06  0.000000E+00  0.000000E+00  0.938306E+04  0.175532E+06
  0.154399E+00  0.175749E+06  0.168291E+06  0.000000E+00  0.000000E+00  0.903401E+04  0.172144E+06
  0.156226E+00  0.172445E+06  0.164865E+06  0.000000E+00  0.000000E+00  0.870194E+04  0.168865E+06
  0.158053E+00  0.169264E+06  0.161589E+06  0.000000E+00  0.000000E+00  0.838670E+04  0.165712E+06
  0.159880E+00  0.166219E+06  0.158481E+06  0.000000E+00  0.000000E+00  0.808791E+04  0.162698E+06
  0.161707E+00  0.163320E+06  0.155555E+06  0.000000E+00  0.000000E+00  0.780552E+04  0.159834E+06
  0.163534E+00  0.160575E+06  0.152820E+06  0.000000E+00  0.000000E+00  0.753937E+04  0.157126E+06
  0.165361E+00  0.157985E+06  0.150280E+06  0.000000E+00  0.000000E+00  0.728907E+04  0.154578E+06
  0.167188E+00  0.155550E+06  0.147932E+06  0.000000E+00  0.000000E+00  0.705358E+04  0.152190E+06
  0.169015E+00  0.153267E+06  0.145772E+06  0.000000E+00  0.000000E+00  0.683166E+04  0.149955E+06
  0.170843E+00  0.151128E+06  0.143788E+06  0.000000E+00  0.000000E+00  0.662287E+04  0.147869E+06
  0.172670E+00  0.149125E+06  0.141970E+06  0.000000E+00  0.000000E+00  0.642652E+04  0.145921E+06
  0.174497E+00  0.147248E+06  0.140301E+06  0.000000E+00  0.000000E+00  0.624112E+04  0.144100E+06
  0.176324E+00  0.145481E+06  0.138762E+06  0.000000E+00  0.000000E+00  0.606562E+04  0.142393E+06
  0.178151E+00  0.143813E+06  0.137335E+06  0.000000E+00  0.000000E+00  0.589930E+04  0.140784E+06
  0.179978E+00  0.142228E+06  0.135998E+06  0.000000E+00  0.000000E+00  0.574097E+04  0.139258E+06
  0.181805E+00  0.140709E+06  0.134730E+06  0.000000E+00  0.000000E+00  0.558952E+04  0.137798E+06
  0.183632E+00  0.139241E+06  0.133509E+06  0.000000E+00  0.000000E+00  0.544411E+04  0.136388E+06
  0.185459E+00  0.137809E+06  0.132315E+06  0.000000E+00  0.000000E+00  0.530397E+04  0.135011E+06
  0.187286E+00  0.136399E+06  0.131130E+06  0.000000E+00  0.000000E+00  0.516847E+04  0.133654E+06
  0.189113E+00  0.134997E+06  0.129936E+06  0.000000E+00  0.000000E+00  0.503672E+04  0.132303E+06
  0.190940E+00  0.133594E+06  0.128719E+06  0.000000E+00  0.000000E+00  0.490796E+04  0.130947E+06
  0.192767E+00  0.132179E+06  0.127469E+06  0.000000E+00  0.000000E+00  0.478209E+04  0.129577E+06
  0.194594E+00  0.130746E+06  0.126176E+06  0.000000E+00  0.000000E+00  0.465891E+04  0.128185E+06
  0.196421E+00  0.129289E+06  0.124833E+06  0.000000E+00  0.000000E+00  0.453780E+04  0.126765E+06
  0.198248E+00  0.127805E+06  0.123437E+06  0.000000E+00  0.000000E+00  0.441860E+04  0.125315E+06
  0.200075E+00  0.126293E+06  0.121988E+06  0.000000E+00  0.000000E+00  0.430143E+04  0.123833E+06
  0.201903E+00  0.124752E+06  0.120487E+06  0.000000E+00  0.000000E+00  0.418617E+04  0.122319E+06
  0.203730E+00  0.123186E+06  0.118939E+06  0.000000E+00  0.000000E+00  0.407279E+04  0.120777E+06
  0.205557E+00  0.121599E+06  0.117351E+06  0.000000E+00  0.000000E+00  0.396145E+04  0.119211E+06
  0.207384E+00  0.119995E+06  0.115731E+06  0.000000E+00  0.000000E+00  0.385234E+04  0.117627E+06
  0.209211E+00  0.118382E+06  0.114088E+06  0.000000E+00  0.000000E+00  0.374570E+04  0.116032E+06
  0.211038E+00  0.116768E+06  0.112434E+06  0.000000E+00  0.000000E+00  0.364153E+04  0.114434E+06
  0.212865E+00  0.115158E+06  0.110779E+06  0.000000E+00  0.000000E+00  0.353990E+04  0.112840E+06
  0.214692E+00  0.113563E+06  0.109135E+06  0.000000E+00  0.000000E+00  0.344125E+04  0.111259E+06
  0.216519E+00  0.111988E+06  0.107513E+06  0.000000E+00  0.000000E+00  0.334580E+04  0.109699E+06
  0.218346E+00  0.110442E+06  0.105923E+06  0.000000E+00  0.000000E+00  0.325343E+04  0.108167E+06
  0.220173E+00  0.108932E+06  0.104375E+06  0.000000E+00  0.000000E+00  0.316425E+04  0.106672E+06
  0.222000E+00  0.107463E+06  0.102876E+06  0.000000E+00  0.000000E+00  0.307850E+04  0.105219E+06
  0.223827E+00  0.106041E+06  0.101436E+06  0.000000E+00  0.000000E+00  0.299618E+04  0.103814E+06
  0.225654E+00  0.104670E+06  0.100059E+06  0.000000E+00  0.000000E+00  0.291728E+04  0.102461E+06
  0.227481E+00  0.103354E+06  0.987492E+05  0.000000E+00  0.000000E+00  0.284178E+04  0.101164E+06
  0.229308E+00  0.102094E+06  0.975093E+05  0.000000E+00  0.000000E+00  0.276963E+04  0.999250E+05
  0.231135E+00  0.100891E+06  0.963397E+05  0.000000E+00  0.000000E+00  0.270078E+04  0.987438E+05
  0.232963E+00  0.997443E+05  0.952394E+05  0.000000E+00  0.000000E+00  0.263500E+04  0.976200E+05
  0.234790E+00  0.986519E+05  0.942059E+05  0.000000E+00  0.000000E+00  0.257208E+04  0.965518E+05
  0.236617E+00  0.976114E+05  0.932354E+05  0.000000E+00  0.000000E+00  0.251204E+04  0.955365E+05
  0.238444E+00  0.966193E+05  0.923230E+05  0.000000E+00  0.000000E+00  0.245471E+04  0.945705E+05
  0.240271E+00  0.956718E+05  0.914633E+05  0.000000E+00  0.000000E+00  0.239971E+04  0.936496E+05
  0.242098E+00  0.947643E+05  0.906498E+05  0.000000E+00  0.000000E+00  0.234687E+04  0.927692E+05
  0.243925E+00  0.938914E+05  0.898750E+05  0.000000E+00  0.000000E+00  0.229609E+04  0.919235E+05
  0.245752E+00  0.930476E+05  0.891315E+05  0.000000E+00  0.000000E+00  0.224713E+04  0.911069E+05
  0.247579E+00  0.922274E+05  0.884118E+05  0.000000E+00  0.000000E+00  0.219977E+04  0.903135E+05
  0.249406E+00  0.914253E+05  0.877084E+05  0.000000E+00  0.000000E+00  0.215382E+04  0.895377E+05
  0.251233E+00  0.906359E+05  0.870145E+05  0.000000E+00  0.000000E+00  0.210912E+04  0.887740E+05
  0.253060E+00  0.898546E+05  0.863237E+05  0.000000E+00  0.000000E+00  0.206557E+04  0.880175E+05
  0.254887E+00  0.890772E+05  0.856304E+05  0.000000E+00  0.000000E+00  0.202295E+04  0.872639E+05
  0.256714E+00  0.882999E+05  0.849299E+05  0.000000E+00  0.000000E+00  0.198110E+04  0.865093E+05
  0.258541E+00  0.875198E+05  0.842184E+05  0.000000E+00  0.000000E+00  0.194011E+04  0.857506E+05
  0.260368E+00  0.867343E+05  0.834927E+05  0.000000E+00  0.000000E+00  0.189988E+04  0.849853E+05
  0.262195E+00  0.859418E+05  0.827510E+05  0.000000E+00  0.000000E+00  0.186020E+04  0.842117E+05
  0.264023E+00  0.851409E+05  0.819919E+05  0.000000E+00  0.000000E+00  0.182107E+04  0.834285E+05
  0.265850E+00  0.843316E+05  0.812156E+05  0.000000E+00  0.000000E+00  0.178256E+04  0.826356E+05
  0.267677E+00  0.835142E+05  0.804230E+05  0.000000E+00  0.000000E+00  0.174464E+04  0.818335E+05
  0.269504E+00  0.826896E+05  0.796156E+05  0.000000E+00  0.000000E+00  0.170731E+04  0.810232E+05
  0.271331E+00  0.818595E+05  0.787960E+05  0.000000E+00  0.000000E+00  0.167058E+04  0.802063E+05
  0.273158E+00  0.810258E+05  0.779672E+05  0.000000E+00  0.000000E+00  0.163447E+04  0.793851E+05
  0.274985E+00  0.801909E+05  0.771326E+05  0.000000E+00  0.000000E+00  0.159908E+04  0.785621E+05
  0.276812E+00  0.793574E+05  0.762960E+05  0.000000E+00  0.000000E+00  0.156439E+04  0.777399E+05
  0.278639E+00  0.785279E+05  0.754612E+05  0.000000E+00  0.000000E+00  0.153039E+04  0.769213E+05
  0.280466E+00  0.777051E+05  0.746320E+05  0.000000E+00  0.000000E+00  0.149724E+04  0.761091E+05
  0.282293E+00  0.768916E+05  0.738122E+05  0.000000E+00  0.000000E+00  0.146496E+04  0.753062E+05
  0.284120E+00  0.760902E+05  0.730056E+05  0.000000E+00  0.000000E+00  0.143347E+04  0.745153E+05
  0.285947E+00  0.753032E+05  0.722156E+05  0.000000E+00  0.000000E+00  0.140283E+04  0.737391E+05
  0.287774E+00  0.745330E+05  0.714451E+05  0.000000E+00  0.000000E+00  0.137313E+04  0.729797E+05
  0.289601E+00  0.737815E+05  0.706968E+05  0.000000E+00  0.000000E+00  0.134436E+04  0.722393E+05
  0.291428E+00  0.730500E+05  0.699727E+05  0.000000E+00  0.000000E+00  0.131652E+04  0.715193E+05
  0.293255E+00  0.723397E+05  0.692740E+05  0.000000E+00  0.000000E+00  0.128957E+04  0.708209E+05
  0.295083E+00  0.716511E+05  0.686017E+05  0.000000E+00  0.000000E+00  0.126352E+04  0.701445E+05
  0.296910E+00  0.709843E+05  0.679558E+05  0.000000E+00  0.000000E+00  0.123838E+04  0.694905E+05
  0.298737E+00  0.703392E+05  0.673360E+05  0.000000E+00  0.000000E+00  0.121404E+04  0.688584E+05
  0.300564E+00  0.697153E+05  0.667416E+05  0.000000E+00  0.000000E+00  0.119052E+04  0.682478E+05
  0.302391E+00  0.691119E+05  0.661715E+05  0.000000E+00  0.000000E+00  0.116783E+04  0.676581E+05
  0.304218E+00  0.685278E+05  0.656241E+05  0.000000E+00  0.000000E+00  0.114590E+04  0.670880E+05
  0.306045E+00  0.679616E+05  0.650973E+05  0.000000E+00  0.000000E+00  0.112462E+04  0.665359E+05
  0.307872E+00  0.674118E+05  0.645890E+05  0.000000E+00  0.000000E+00  0.110397E+04  0.660003E+05
  0.309699E+00  0.668764E+05  0.640967E+05  0.000000E+00  0.000000E+00  0.108397E+04  0.654791E+05
  0.311526E+00  0.663535E+05  0.636177E+05  0.000000E+00  0.000000E+00  0.106454E+04  0.649704E+05
  0.313353E+00  0.658412E+05  0.631493E+05  0.000000E+00  0.000000E+00  0.104560E+04  0.644721E+05
  0.315180E+00  0.653376E+05  0.626891E+05  0.000000E+00  0.000000E+00  0.102710E+04  0.639823E+05
  0.317007E+00  0.648408E+05  0.622346E+05  0.000000E+00  0.000000E+00  0.100905E+04  0.634991E+05
  0.318834E+00  0.643492E+05  0.617837E+05  0.000000E+00  0.000000E+00  0.991398E+03  0.630207E+05
  0.320661E+00  0.638614E+05  0.613344E+05  0.000000E+00  0.000000E+00  0.974077E+03  0.625458E+05
  0.322488E+00  0.633759E+05  0.608850E+05  0.000000E+00  0.000000E+00  0.957060E+03  0.620728E+05
  0.324315E+00  0.628916E+05  0.604339E+05  0.000000E+00  0.000000E+00  0.940385E+03  0.616005E+05
  0.326142E+00  0.624076E+05  0.599800E+05  0.000000E+00  0.000000E+00  0.924011E+03  0.611280E+05
  0.327970E+00  0.619231E+05  0.595225E+05  0.000000E+00  0.000000E+00  0.907853E+03  0.606545E+05
  0.329797E+00  0.614377E+05  0.590609E+05  0.000000E+00  0.000000E+00  0.891926E+03  0.601797E+05
  0.331624E+00  0.609511E+05  0.585951E+05  0.000000E+00  0.000000E+00  0.876269E+03  0.597033E+05
  0.333451E+00  0.604636E+05  0.581253E+05  0.000000E+00  0.000000E+00  0.860873E+03  0.592254E+05
  0.335278E+00  0.599753E+05  0.576521E+05  0.000000E+00  0.000000E+00  0.845702E+03  0.587464E+05
  0.337105E+00  0.594869E+05  0.571763E+05  0.000000E+00  0.000000E+00  0.830746E+03  0.582669E+05
  0.338932E+00  0.589988E+05  0.566987E+05  0.000000E+00  0.000000E+00  0.816047E+03  0.577874E+05
  0.340759E+00  0.585118E+05  0.562204E+05  0.000000E+00  0.000000E+00  0.801631E+03  0.573087E+05
  0.342586E+00  0.580267E+05  0.557427E+05  0.000000E+00  0.000000E+00  0.787460E+03  0.568317E+05
  0.344413E+00  0.575444E+05  0.552668E+05  0.000000E+00  0.000000E+00  0.773527E+03  0.563573E+05
  0.346240E+00  0.570658E+05  0.547939E+05  0.000000E+00  0.000000E+00  0.759890E+03  0.558864E+05
  0.348067E+00  0.565918E+05  0.543255E+05  0.000000E+00  0.000000E+00  0.746554E+03  0.554200E+05
  0.349894E+00  0.561233E+05  0.538629E+05  0.000000E+00  0.000000E+00  0.733481E+03  0.549592E+05
  0.351721E+00  0.556612E+05  0.534071E+05  0.000000E+00  0.000000E+00  0.720685E+03  0.545047E+05
  0.353548E+00  0.552064E+05  0.529594E+05  0.000000E+00  0.000000E+00  0.708203E+03  0.540575E+05
  0.355375E+00  0.547595E+05  0.525206E+05  0.000000E+00  0.000000E+00  0.696043E+03  0.536182E+05
  0.357203E+00  0.543209E+05  0.520913E+05  0.000000E+00  0.000000E+00  0.684178E+03  0.531873E+05
  0.359030E+00  0.538909E+05  0.516721E+05  0.000000E+00  0.000000E+00  0.672585E+03  0.527652E+05
  0.360857E+00  0.534700E+05  0.512634E+05  0.000000E+00  0.000000E+00  0.661290E+03  0.523522E+05
  0.362684E+00  0.530581E+05  0.508651E+05  0.000000E+00  0.000000E+00  0.650312E+03  0.519483E+05
  0.364511E+00  0.526553E+05  0.504775E+05  0.000000E+00  0.000000E+00  0.639611E+03  0.515536E+05
  0.366338E+00  0.522615E+05  0.501001E+05  0.000000E+00  0.000000E+00  0.629165E+03  0.511680E+05
  0.368165E+00  0.518764E+05  0.497329E+05  0.000000E+00  0.000000E+00  0.618995E+03  0.507912E+05
  0.369992E+00  0.514997E+05  0.493751E+05  0.000000E+00  0.000000E+00  0.609092E+03  0.504228E+05
  0.371819E+00  0.511309E+05  0.490263E+05  0.000000E+00  0.000000E+00  0.599426E+03  0.500624E+05
  0.373646E+00  0.507695E+05  0.486855E+05  0.000000E+00  0.000000E+00  0.589987E+03  0.497093E+05
  0.375473E+00  0.504147E+05  0.483520E+05  0.000000E+00  0.000000E+00  0.580775E+03  0.493629E+05
  0.377300E+00  0.500661E+05  0.480249E+05  0.000000E+00  0.000000E+00  0.571777E+03  0.490226E+05
  0.379127E+00  0.497228E+05  0.477032E+05  0.000000E+00  0.000000E+00  0.562972E+03  0.486876E+05
  0.380954E+00  0.493843E+05  0.473863E+05  0.000000E+00  0.000000E+00  0.554335E+03  0.483573E+05
  0.382781E+00  0.490500E+05  0.470732E+05  0.000000E+00  0.000000E+00  0.545874E+03  0.480310E+05
  0.384608E+00  0.487193E+05  0.467631E+05  0.000000E+00  0.000000E+00  0.537592E+03  0.477083E+05
  0.386435E+00  0.483917E+05  0.464555E+05  0.000000E+00  0.000000E+00  0.529459E+03  0.473884E+05
  0.388262E+00  0.480665E+05  0.461494E+05  0.000000E+00  0.000000E+00  0.521459E+03  0.470708E+05
  0.390090E+00  0.477434E+05  0.458445E+05  0.000000E+00  0.000000E+00  0.513603E+03  0.467552E+05
  0.391917E+00  0.474219E+05  0.455402E+05  0.000000E+00  0.000000E+00  0.505878E+03  0.464410E+05
  0.393744E+00  0.471018E+05  0.452362E+05  0.000000E+00  0.000000E+00  0.498269E+03  0.461280E+05
  0.395571E+00  0.467829E+05  0.449323E+05  0.000000E+00  0.000000E+00  0.490782E+03  0.458160E+05
  0.397398E+00  0.464651E+05  0.446283E+05  0.000000E+00  0.000000E+00  0.483419E+03  0.455049E+05
  0.399225E+00  0.461484E+05  0.443243E+05  0.000000E+00  0.000000E+00  0.476168E+03  0.451946E+05
  0.401052E+00  0.458327E+05  0.440205E+05  0.000000E+00  0.000000E+00  0.469022E+03  0.448854E+05
  0.402879E+00  0.455183E+05  0.437169E+05  0.000000E+00  0.000000E+00  0.461980E+03  0.445771E+05
  0.404706E+00  0.452052E+05  0.434138E+05  0.000000E+00  0.000000E+00  0.455062E+03  0.442701E+05
  0.406533E+00  0.448936E+05  0.431115E+05  0.000000E+00  0.000000E+00  0.448267E+03  0.439644E+05
  0.408360E+00  0.445837E+05  0.428103E+05  0.000000E+00  0.000000E+00  0.441570E+03  0.436603E+05
  0.410187E+00  0.442758E+05  0.425106E+05  0.000000E+00  0.000000E+00  0.434974E+03  0.433581E+05
  0.412014E+00  0.439702E+05  0.422128E+05  0.000000E+00  0.000000E+00  0.428504E+03  0.430581E+05
  0.413841E+00  0.436671E+05  0.419175E+05  0.000000E+00  0.000000E+00  0.422152E+03  0.427606E+05
  0.415668E+00  0.433670E+05  0.416250E+05  0.000000E+00  0.000000E+00  0.415903E+03  0.424660E+05
  0.417495E+00  0.430701E+05  0.413357E+05  0.000000E+00  0.000000E+00  0.409772E+03  0.421745E+05
  0.419322E+00  0.427766E+05  0.410500E+05  0.000000E+00  0.000000E+00  0.403767E+03  0.418864E+05
  0.421150E+00  0.424867E+05  0.407682E+05  0.000000E+00  0.000000E+00  0.397879E+03  0.416020E+05
  0.422977E+00  0.422006E+05  0.404905E+05  0.000000E+00  0.000000E+00  0.392096E+03  0.413213E+05
  0.424804E+00  0.419184E+05  0.402170E+05  0.000000E+00  0.000000E+00  0.386419E+03  0.410446E+05
  0.426631E+00  0.416403E+05  0.399481E+05  0.000000E+00  0.000000E+00  0.380872E+03  0.407719E+05
  0.428458E+00  0.413663E+05  0.396836E+05  0.000000E+00  0.000000E+00  0.375450E+03  0.405033E+05
  0.430285E+00  0.410965E+05  0.394239E+05  0.000000E+00  0.000000E+00  0.370122E+03  0.402389E+05
  0.432112E+00  0.408309E+05  0.391687E+05  0.000000E+00  0.000000E+00  0.364889E+03  0.399787E+05
  0.433939E+00  0.405693E+05  0.389180E+05  0.000000E+00  0.000000E+00  0.359776E+03  0.397227E+05
  0.435766E+00  0.403118E+05  0.386717E+05  0.000000E+00  0.000000E+00  0.354775E+03  0.394706E+05
  0.437593E+00  0.400581E+05  0.384295E+05  0.000000E+00  0.000000E+00  0.349866E+03  0.392223E+05
  0.439420E+00  0.398080E+05  0.381913E+05  0.000000E+00  0.000000E+00  0.345048E+03  0.389777E+05
  0.441247E+00  0.395614E+05  0.379567E+05  0.000000E+00  0.000000E+00  0.340330E+03  0.387365E+05
  0.443074E+00  0.393181E+05  0.377254E+05  0.000000E+00  0.000000E+00  0.335706E+03  0.384985E+05
  0.444901E+00  0.390778E+05  0.374973E+05  0.000000E+00  0.000000E+00  0.331157E+03  0.382636E+05
  0.446728E+00  0.388403E+05  0.372720E+05  0.000000E+00  0.000000E+00  0.326681E+03  0.380314E+05
  0.448555E+00  0.386055E+05  0.370493E+05  0.000000E+00  0.000000E+00  0.322297E+03  0.378019E+05
  0.450382E+00  0.383731E+05  0.368288E+05  0.000000E+00  0.000000E+00  0.318005E+03  0.375747E+05
  0.452210E+00  0.381429E+05  0.366102E+05  0.000000E+00  0.000000E+00  0.313772E+03  0.373496E+05
  0.454037E+00  0.379147E+05  0.363934E+05  0.000000E+00  0.000000E+00  0.309592E+03  0.371264E+05
  0.455864E+00  0.376883E+05  0.361780E+05  0.000000E+00  0.000000E+00  0.305489E+03  0.369050E+05
  0.457691E+00  0.374635E+05  0.359639E+05  0.000000E+00  0.000000E+00  0.301462E+03  0.366851E+05
  0.459518E+00  0.372402E+05  0.357510E+05  0.000000E+00  0.000000E+00  0.297493E+03  0.364666E+05
  0.461345E+00  0.370183E+05  0.355391E+05  0.000000E+00  0.000000E+00  0.293577E+03  0.362495E+05
  0.463172E+00  0.367978E+05  0.353282E+05  0.000000E+00  0.000000E+00  0.289721E+03  0.360337E+05
  0.464999E+00  0.365787E+05  0.351182E+05  0.000000E+00  0.000000E+00  0.285928E+03  0.358191E+05
  0.466826E+00  0.363608E+05  0.349091E+05  0.000000E+00  0.000000E+00  0.282189E+03  0.356058E+05
  0.468653E+00  0.361443E+05  0.347009E+05  0.000000E+00  0.000000E+00  0.278496E+03  0.353936E+05
  0.470480E+00  0.359290E+05  0.344937E+05  0.000000E+00  0.000000E+00  0.274867E+03  0.351827E+05
  0.472307E+00  0.357150E+05  0.342875E+05  0.000000E+00  0.000000E+00  0.271304E+03  0.349730E+05
  0.474134E+00  0.355024E+05  0.340824E+05  0.000000E+00  0.000000E+00  0.267784E+03  0.347647E+05
  0.475961E+00  0.352913E+05  0.338786E+05  0.000000E+00  0.000000E+00  0.264307E+03  0.345577E+05
  0.477788E+00  0.350818E+05  0.336761E+05  0.000000E+00  0.000000E+00  0.260887E+03  0.343523E+05
  0.479615E+00  0.348738E+05  0.334751E+05  0.000000E+00  0.000000E+00  0.257529E+03  0.341485E+05
  0.481442E+00  0.346677E+05  0.332758E+05  0.000000E+00  0.000000E+00  0.254224E+03  0.339463E+05
  0.483270E+00  0.344633E+05  0.330782E+05  0.000000E+00  0.000000E+00  0.250969E+03  0.337460E+05
  0.485097E+00  0.342607E+05  0.328824E+05  0.000000E+00  0.000000E+00  0.247768E+03  0.335474E+05
  0.486924E+00  0.340601E+05  0.326885E+05  0.000000E+00  0.000000E+00  0.244611E+03  0.333507E+05
  0.488751E+00  0.338614E+05  0.324967E+05  0.000000E+00  0.000000E+00  0.241507E+03  0.331560E+05
  0.490578E+00  0.336649E+05  0.323070E+05  0.000000E+00  0.000000E+00  0.238456E+03  0.329633E+05
  0.492405E+00  0.334704E+05  0.321196E+05  0.000000E+00  0.000000E+00  0.235463E+03  0.327728E+05
  0.494232E+00  0.332781E+05  0.319343E+05  0.000000E+00  0.000000E+00  0.232525E+03  0.325844E+05
  0.496059E+00  0.330880E+05  0.317514E+05  0.000000E+00  0.000000E+00  0.229627E+03  0.323981E+05
  0.497886E+00  0.329001E+05  0.315708E+05  0.000000E+00  0.000000E+00  0.226772E+03  0.322140E+05
  0.499713E+00  0.327143E+05  0.313924E+05  0.000000E+00  0.000000E+00  0.223968E+03  0.320321E+05
  0.501540E+00  0.325306E+05  0.312162E+05  0.000000E+00  0.000000E+00  0.221217E+03  0.318522E+05
  0.503367E+00  0.323490E+05  0.310421E+05  0.000000E+00  0.000000E+00  0.218515E+03  0.316744E+05
  0.505194E+00  0.321694E+05  0.308701E+05  0.000000E+00  0.000000E+00  0.215858E+03  0.314986E+05
  0.507021E+00  0.319917E+05  0.307001E+05  0.000000E+00  0.000000E+00  0.213238E+03  0.313246E+05
  0.508848E+00  0.318159E+05  0.305321E+05  0.000000E+00  0.000000E+00  0.210657E+03  0.311526E+05
  0.510675E+00  0.316419E+05  0.303658E+05  0.000000E+00  0.000000E+00  0.208118E+03  0.309823E+05
  0.512502E+00  0.314696E+05  0.302013E+05  0.000000E+00  0.000000E+00  0.205622E+03  0.308137E+05
  0.514329E+00  0.312990E+05  0.300383E+05  0.000000E+00  0.000000E+00  0.203172E+03  0.306468E+05
  0.516157E+00  0.311300E+05  0.298769E+05  0.000000E+00  0.000000E+00  0.200760E+03  0.304814E+05
  0.517984E+00  0.309624E+05  0.297169E+05  0.000000E+00  0.000000E+00  0.198375E+03  0.303174E+05
  0.519811E+00  0.307962E+05  0.295582E+05  0.000000E+00  0.000000E+00  0.196022E+03  0.301548E+05
  0.521638E+00  0.306314E+05  0.294007E+05  0.000000E+00  0.000000E+00  0.193711E+03  0.299934E+05
  0.523465E+00  0.304678E+05  0.292443E+05  0.000000E+00  0.000000E+00  0.191436E+03  0.298334E+05
  0.525292E+00  0.303055E+05  0.290891E+05  0.000000E+00  0.000000E+00  0.189192E+03  0.296745E+05
  0.527119E+00  0.301443E+05  0.289349E+05  0.000000E+00  0.000000E+00  0.186979E+03  0.295167E+05
  0.528946E+00  0.299843E+05  0.287816E+05  0.000000E+00  0.000000E+00  0.184797E+03  0.293601E+05
  0.530773E+00  0.298254E+05  0.286294E+05  0.000000E+00  0.000000E+00  0.182645E+03  0.292045E+05
  0.532600E+00  0.296676E+05  0.284781E+05  0.000000E+00  0.000000E+00  0.180521E+03  0.290500E+05
  0.534427E+00  0.295109E+05  0.283277E+05  0.000000E+00  0.000000E+00  0.178427E+03  0.288965E+05
  0.536254E+00  0.293552E+05  0.281781E+05  0.000000E+00  0.000000E+00  0.176370E+03  0.287440E+05
  0.538081E+00  0.292005E+05  0.280295E+05  0.000000E+00  0.000000E+00  0.174343E+03  0.285926E+05
  0.539908E+00  0.290469E+05  0.278819E+05  0.000000E+00  0.000000E+00  0.172331E+03  0.284421E+05
  0.541735E+00  0.288944E+05  0.277352E+05  0.000000E+00  0.000000E+00  0.170345E+03  0.282927E+05
  0.543562E+00  0.287430E+05  0.275895E+05  0.000000E+00  0.000000E+00  0.168396E+03  0.281444E+05
  0.545389E+00  0.285927E+05  0.274448E+05  0.000000E+00  0.000000E+00  0.166479E+03  0.279972E+05
  0.547217E+00  0.284436E+05  0.273013E+05  0.000000E+00  0.000000E+00  0.164587E+03  0.278510E+05
  0.549044E+00  0.282955E+05  0.271587E+05  0.000000E+00  0.000000E+00  0.162714E+03  0.277060E+05
  0.550871E+00  0.281487E+05  0.270173E+05  0.000000E+00  0.000000E+00  0.160867E+03  0.275621E+05
  0.552698E+00  0.280030E+05  0.268771E+05  0.000000E+00  0.000000E+00  0.159051E+03  0.274194E+05
  0.554525E+00  0.278585E+05  0.267380E+05  0.000000E+00  0.000000E+00  0.157262E+03  0.272778E+05
  0.556352E+00  0.277152E+05  0.266001E+05  0.000000E+00  0.000000E+00  0.155496E+03  0.271374E+05
  0.558179E+00  0.275731E+05  0.264634E+05  0.000000E+00  0.000000E+00  0.153760E+03  0.269983E+05
  0.560006E+00  0.274323E+05  0.263280E+05  0.000000E+00  0.000000E+00  0.152048E+03  0.268604E+05
  0.561833E+00  0.272928E+05  0.261938E+05  0.000000E+00  0.000000E+00  0.150354E+03  0.267237E+05
  0.563660E+00  0.271545E+05  0.260609E+05  0.000000E+00  0.000000E+00  0.148683E+03  0.265882E+05
  0.565487E+00  0.270174E+05  0.259292E+05  0.000000E+00  0.000000E+00  0.147044E+03  0.264540E+05
  0.567314E+00  0.268815E+05  0.257988E+05  0.000000E+00  0.000000E+00  0.145432E+03  0.263209E+05
  0.569141E+00  0.267469E+05  0.256696E+05  0.000000E+00  0.000000E+00  0.143841E+03  0.261890E+05
  0.570968E+00  0.266134E+05  0.255416E+05  0.000000E+00  0.000000E+00  0.142265E+03  0.260584E+05
  0.572795E+00  0.264811E+05  0.254147E+05  0.000000E+00  0.000000E+00  0.140711E+03  0.259289E+05
  0.574622E+00  0.263501E+05  0.252891E+05  0.000000E+00  0.000000E+00  0.139186E+03  0.258005E+05
  0.576449E+00  0.262201E+05  0.251646E+05  0.000000E+00  0.000000E+00  0.137684E+03  0.256733E+05
  0.578277E+00  0.260913E+05  0.250411E+05  0.000000E+00  0.000000E+00  0.136200E+03  0.255472E+05
  0.580104E+00  0.259636E+05  0.249188E+05  0.000000E+00  0.000000E+00  0.134737E+03  0.254222E+05
  0.581931E+00  0.258369E+05  0.247974E+05  0.000000E+00  0.000000E+00  0.133294E+03  0.252981E+05
  0.583758E+00  0.257112E+05  0.246771E+05  0.000000E+00  0.000000E+00  0.131868E+03  0.251751E+05
  0.703301E+00  0.191698E+05  0.183993E+05  0.000000E+00  0.000000E+00  0.692268E+02  0.187698E+05
  0.859015E+00  0.139175E+05  0.133584E+05  0.000000E+00  0.000000E+00  0.343166E+02  0.136269E+05
  0.104920E+01  0.100566E+05  0.965276E+04  0.000000E+00  0.000000E+00  0.168583E+02  0.984654E+04
  0.128150E+01  0.723585E+04  0.694530E+04  0.000000E+00  0.000000E+00  0.821712E+01  0.708463E+04
  0.156523E+01  0.518592E+04  0.497773E+04  0.000000E+00  0.000000E+00  0.543799E+01  0.507754E+04
  0.191177E+01  0.370356E+04  0.355489E+04  0.000000E+00  0.000000E+00  0.262920E+01  0.362615E+04
  0.233504E+01  0.263634E+04  0.253052E+04  0.000000E+00  0.000000E+00  0.126363E+01  0.258122E+04
  0.285203E+01  0.187106E+04  0.179596E+04  0.000000E+00  0.000000E+00  0.604309E+00  0.183194E+04
  0.348347E+01  0.132429E+04  0.127114E+04  0.000000E+00  0.000000E+00  0.287746E+00  0.129660E+04
  0.425472E+01  0.934947E+03  0.897413E+03  0.000000E+00  0.000000E+00  0.136526E+00  0.915395E+03
  0.519673E+01  0.658537E+03  0.632093E+03  0.000000E+00  0.000000E+00  0.645779E-01  0.644764E+03
  0.634731E+01  0.462850E+03  0.444256E+03  0.000000E+00  0.000000E+00  0.304597E-01  0.453168E+03
  0.775262E+01  0.324667E+03  0.311615E+03  0.000000E+00  0.000000E+00  0.143342E-01  0.317874E+03
  0.946906E+01  0.227318E+03  0.218170E+03  0.000000E+00  0.000000E+00  0.673171E-02  0.222560E+03
  0.115655E+02  0.158885E+03  0.152481E+03  0.000000E+00  0.000000E+00  0.315508E-02  0.155558E+03
  0.141262E+02  0.110876E+03  0.106396E+03  0.000000E+00  0.000000E+00  0.147601E-02  0.108553E+03
  0.172538E+02  0.772578E+02  0.741243E+02  0.000000E+00  0.000000E+00  0.689672E-03  0.756371E+02
  0.210738E+02  0.537572E+02  0.515648E+02  0.000000E+00  0.000000E+00  0.321663E-03  0.526276E+02
  0.257396E+02  0.373555E+02  0.358196E+02  0.000000E+00  0.000000E+00  0.149822E-03  0.365687E+02
  0.314384E+02  0.259255E+02  0.248466E+02  0.000000E+00  0.000000E+00  0.696865E-04  0.253774E+02
  0.383990E+02  0.179712E+02  0.172099E+02  0.000000E+00  0.000000E+00  0.323800E-04  0.175892E+02
  0.469006E+02  0.124430E+02  0.119020E+02  0.000000E+00  0.000000E+00  0.150232E-04  0.121763E+02
  0.572845E+02  0.860541E+01  0.821709E+01  0.000000E+00  0.000000E+00  0.696509E-05  0.841883E+01
  0.699675E+02  0.594456E+01  0.566170E+01  0.000000E+00  0.000000E+00  0.322283E-05  0.581342E+01
  0.854584E+02  0.410158E+01  0.389147E+01  0.000000E+00  0.000000E+00  0.148965E-05  0.400880E+01
  0.104379E+03  0.282633E+01  0.266633E+01  0.000000E+00  0.000000E+00  0.688450E-06  0.276006E+01
