  0.352308E-05  0.234176E+06  0.234176E+06  0.312234E+06  0.312234E+06  0.275825E+06  0.234410E+06
  0.364246E-05  0.234176E+06  0.234176E+06  0.312234E+06  0.312234E+06  0.275825E+06  0.234410E+06
  0.376588E-05  0.234176E+06  0.234176E+06  0.312234E+06  0.312234E+06  0.275825E+06  0.234410E+06
  0.389348E-05  0.234176E+06  0.234176E+06  0.312234E+06  0.312234E+06  0.275825E+06  0.234410E+06
  0.402541E-05  0.234176E+06  0.234176E+06  0.312234E+06  0.312234E+06  0.275825E+06  0.234410E+06
  0.416180E-05  0.234176E+06  0.234176E+06  0.312234E+06  0.312234E+06  0.275825E+06  0.234410E+06
  0.430282E-05  0.234176E+06  0.234176E+06  0.312234E+06  0.312234E+06  0.275825E+06  0.234410E+06
  0.444861E-05  0.234176E+06  0.234176E+06  0.312234E+06  0.312234E+06  0.275825E+06  0.234410E+06
  0.459935E-05  0.234176E+06  0.234176E+06  0.312234E+06  0.312234E+06  0.275825E+06  0.234410E+06
  0.475519E-05  0.234176E+06  0.234176E+06  0.312234E+06  0.312234E+06  0.275825E+06  0.234410E+06
  0.491631E-05  0.234176E+06  0.234176E+06  0.312234E+06  0.312234E+06  0.275825E+06  0.234410E+06
  0.508290E-05  0.234176E+06  0.234176E+06  0.312234E+06  0.312234E+06  0.275825E+06  0.234410E+06
  0.525512E-05  0.234176E+06  0.234176E+06  0.312234E+06  0.312234E+06  0.275825E+06  0.234410E+06
  0.543319E-05  0.234176E+06  0.234176E+06  0.312234E+06  0.312234E+06  0.275825E+06  0.234410E+06
  0.561728E-05  0.234176E+06  0.234176E+06  0.312234E+06  0.312234E+06  0.275825E+06  0.234410E+06
  0.580762E-05  0.234176E+06  0.234176E+06  0.312234E+06  0.312234E+06  0.275825E+06  0.234410E+06
  0.600440E-05  0.234176E+06  0.234176E+06  0.312234E+06  0.312234E+06  0.275825E+06  0.234410E+06
  0.620785E-05  0.234176E+06  0.234176E+06  0.312234E+06  0.312234E+06  0.275825E+06  0.234410E+06
  0.641820E-05  0.234176E+06  0.234176E+06  0.312234E+06  0.312233E+06  0.275825E+06  0.234410E+06
  0.663567E-05  0.234176E+06  0.234176E+06  0.312234E+06  0.312233E+06  0.275825E+06  0.234410E+06
  0.686051E-05  0.234176E+06  0.234176E+06  0.312233E+06  0.312233E+06  0.275825E+06  0.234410E+06
  0.709297E-05  0.234176E+06  0.234176E+06  0.312233E+06  0.312233E+06  0.275825E+06  0.234410E+06
  0.733330E-05  0.234176E+06  0.234176E+06  0.312233E+06  0.312233E+06  0.275825E+06  0.234410E+06
  0.758178E-05  0.234176E+06  0.234176E+06  0.312233E+06  0.312233E+06  0.275825E+06  0.234410E+06
  0.783868E-05  0.234176E+06  0.234176E+06  0.312233E+06  0.312233E+06  0.275825E+06  0.234410E+06
  0.810428E-05  0.234176E+06  0.234176E+06  0.312233E+06  0.312233E+06  0.275825E+06  0.234410E+06
  0.837889E-05  0.234176E+06  0.234176E+06  0.312233E+06  0.312233E+06  0.275825E+06  0.234410E+06
  0.866280E-05  0.234176E+06  0.234175E+06  0.312233E+06  0.312233E+06  0.275825E+06  0.234410E+06
  0.895632E-05  0.234176E+06  0.234175E+06  0.312233E+06  0.312233E+06  0.275824E+06  0.234410E+06
  0.925979E-05  0.234175E+06  0.234175E+06  0.312233E+06  0.312233E+06  0.275824E+06  0.234410E+06
  0.957355E-05  0.234175E+06  0.234175E+06  0.312233E+06  0.312233E+06  0.275824E+06  0.234410E+06
  0.989794E-05  0.234175E+06  0.234175E+06  0.312233E+06  0.312233E+06  0.275824E+06  0.234410E+06
  0.102333E-04  0.234175E+06  0.234175E+06  0.312233E+06  0.312233E+06  0.275824E+06  0.234410E+06
  0.105801E-04  0.234175E+06  0.234175E+06  0.312233E+06  0.312232E+06  0.275824E+06  0.234410E+06
  0.109385E-04  0.234175E+06  0.234175E+06  0.312233E+06  0.312232E+06  0.275824E+06  0.234410E+06
  0.113092E-04  0.234175E+06  0.234175E+06  0.312232E+06  0.312232E+06  0.275824E+06  0.234410E+06
  0.116924E-04  0.234175E+06  0.234175E+06  0.312232E+06  0.312232E+06  0.275824E+06  0.234410E+06
  0.120886E-04  0.234175E+06  0.234175E+06  0.312232E+06  0.312232E+06  0.275824E+06  0.234410E+06
  0.124982E-04  0.234175E+06  0.234175E+06  0.312232E+06  0.312232E+06  0.275824E+06  0.234410E+06
  0.129217E-04  0.234175E+06  0.234175E+06  0.312232E+06  0.312232E+06  0.275824E+06  0.234410E+06
  0.133595E-04  0.234175E+06  0.234175E+06  0.312232E+06  0.312232E+06  0.275824E+06  0.234410E+06
  0.138122E-04  0.234175E+06  0.234175E+06  0.312232E+06  0.312231E+06  0.275823E+06  0.234410E+06
  0.142802E-04  0.234175E+06  0.234175E+06  0.312232E+06  0.312231E+06  0.275823E+06  0.234410E+06
  0.147640E-04  0.234175E+06  0.234175E+06  0.312231E+06  0.312231E+06  0.275823E+06  0.234410E+06
  0.152643E-04  0.234175E+06  0.234175E+06  0.312231E+06  0.312231E+06  0.275823E+06  0.234410E+06
  0.157815E-04  0.234175E+06  0.234175E+06  0.312231E+06  0.312231E+06  0.275823E+06  0.234410E+06
  0.163162E-04  0.234175E+06  0.234175E+06  0.312231E+06  0.312230E+06  0.275823E+06  0.234410E+06
  0.168691E-04  0.234175E+06  0.234175E+06  0.312231E+06  0.312230E+06  0.275822E+06  0.234410E+06
  0.174407E-04  0.234175E+06  0.234175E+06  0.312230E+06  0.312230E+06  0.275822E+06  0.234410E+06
  0.180316E-04  0.234175E+06  0.234175E+06  0.312230E+06  0.312230E+06  0.275822E+06  0.234410E+06
  0.186426E-04  0.234175E+06  0.234175E+06  0.312230E+06  0.312229E+06  0.275822E+06  0.234410E+06
  0.192743E-04  0.234175E+06  0.234175E+06  0.312229E+06  0.312229E+06  0.275822E+06  0.234410E+06
  0.199274E-04  0.234175E+06  0.234175E+06  0.312229E+06  0.312229E+06  0.275821E+06  0.234410E+06
  0.206026E-04  0.234175E+06  0.234175E+06  0.312229E+06  0.312228E+06  0.275821E+06  0.234410E+06
  0.213007E-04  0.234175E+06  0.234175E+06  0.312228E+06  0.312228E+06  0.275821E+06  0.234410E+06
  0.220224E-04  0.234175E+06  0.234175E+06  0.312228E+06  0.312227E+06  0.275820E+06  0.234410E+06
  0.227686E-04  0.234175E+06  0.234175E+06  0.312228E+06  0.312227E+06  0.275820E+06  0.234410E+06
  0.235401E-04  0.234175E+06  0.234175E+06  0.312227E+06  0.312226E+06  0.275820E+06  0.234410E+06
  0.243377E-04  0.234175E+06  0.234175E+06  0.312227E+06  0.312226E+06  0.275819E+06  0.234410E+06
  0.251624E-04  0.234175E+06  0.234175E+06  0.312226E+06  0.312225E+06  0.275819E+06  0.234410E+06
  0.260149E-04  0.234175E+06  0.234175E+06  0.312226E+06  0.312225E+06  0.275818E+06  0.234410E+06
  0.268964E-04  0.234175E+06  0.234175E+06  0.312225E+06  0.312224E+06  0.275818E+06  0.234410E+06
  0.278078E-04  0.234175E+06  0.234175E+06  0.312225E+06  0.312223E+06  0.275817E+06  0.234410E+06
  0.287500E-04  0.234175E+06  0.234175E+06  0.312224E+06  0.312223E+06  0.275817E+06  0.234410E+06
  0.297242E-04  0.234175E+06  0.234175E+06  0.312223E+06  0.312222E+06  0.275816E+06  0.234410E+06
  0.307313E-04  0.234175E+06  0.234175E+06  0.312222E+06  0.312221E+06  0.275816E+06  0.234410E+06
  0.317726E-04  0.234175E+06  0.234175E+06  0.312222E+06  0.312220E+06  0.275815E+06  0.234410E+06
  0.328492E-04  0.234175E+06  0.234175E+06  0.312221E+06  0.312219E+06  0.275814E+06  0.234409E+06
  0.339622E-04  0.234175E+06  0.234175E+06  0.312220E+06  0.312218E+06  0.275814E+06  0.234409E+06
  0.351130E-04  0.234175E+06  0.234175E+06  0.312219E+06  0.312217E+06  0.275813E+06  0.234409E+06
  0.363028E-04  0.234175E+06  0.234175E+06  0.312218E+06  0.312216E+06  0.275812E+06  0.234409E+06
  0.375328E-04  0.234175E+06  0.234175E+06  0.312217E+06  0.312215E+06  0.275811E+06  0.234409E+06
  0.388046E-04  0.234175E+06  0.234175E+06  0.312216E+06  0.312213E+06  0.275810E+06  0.234409E+06
  0.401194E-04  0.234175E+06  0.234175E+06  0.312214E+06  0.312212E+06  0.275809E+06  0.234409E+06
  0.414788E-04  0.234175E+06  0.234174E+06  0.312213E+06  0.312210E+06  0.275808E+06  0.234409E+06
  0.428843E-04  0.234175E+06  0.234174E+06  0.312211E+06  0.312209E+06  0.275807E+06  0.234409E+06
  0.443373E-04  0.234174E+06  0.234174E+06  0.312210E+06  0.312207E+06  0.275805E+06  0.234409E+06
  0.458397E-04  0.234174E+06  0.234174E+06  0.312208E+06  0.312205E+06  0.275804E+06  0.234409E+06
  0.473929E-04  0.234174E+06  0.234174E+06  0.312206E+06  0.312203E+06  0.275803E+06  0.234409E+06
  0.489987E-04  0.234174E+06  0.234174E+06  0.312204E+06  0.312201E+06  0.275801E+06  0.234409E+06
  0.506590E-04  0.234174E+06  0.234174E+06  0.312202E+06  0.312199E+06  0.275799E+06  0.234409E+06
  0.523755E-04  0.234174E+06  0.234174E+06  0.312200E+06  0.312196E+06  0.275798E+06  0.234408E+06
  0.541501E-04  0.234174E+06  0.234174E+06  0.312198E+06  0.312194E+06  0.275796E+06  0.234408E+06
  0.559850E-04  0.234174E+06  0.234174E+06  0.312195E+06  0.312191E+06  0.275794E+06  0.234408E+06
  0.578819E-04  0.234174E+06  0.234174E+06  0.312193E+06  0.312188E+06  0.275791E+06  0.234408E+06
  0.598432E-04  0.234174E+06  0.234173E+06  0.312190E+06  0.312185E+06  0.275789E+06  0.234408E+06
  0.618709E-04  0.234174E+06  0.234173E+06  0.312187E+06  0.312182E+06  0.275787E+06  0.234408E+06
  0.639673E-04  0.234173E+06  0.234173E+06  0.312184E+06  0.312178E+06  0.275784E+06  0.234408E+06
  0.661347E-04  0.234173E+06  0.234173E+06  0.312180E+06  0.312174E+06  0.275781E+06  0.234407E+06
  0.683756E-04  0.234173E+06  0.234173E+06  0.312176E+06  0.312170E+06  0.275778E+06  0.234407E+06
  0.706924E-04  0.234173E+06  0.234172E+06  0.312172E+06  0.312166E+06  0.275775E+06  0.234407E+06
  0.730878E-04  0.234173E+06  0.234172E+06  0.312168E+06  0.312161E+06  0.275771E+06  0.234407E+06
  0.755642E-04  0.234172E+06  0.234172E+06  0.312164E+06  0.312156E+06  0.275768E+06  0.234407E+06
  0.781246E-04  0.234172E+06  0.234172E+06  0.312159E+06  0.312150E+06  0.275764E+06  0.234406E+06
  0.807718E-04  0.234172E+06  0.234172E+06  0.312154E+06  0.312145E+06  0.275759E+06  0.234406E+06
  0.835086E-04  0.234172E+06  0.234171E+06  0.312148E+06  0.312138E+06  0.275755E+06  0.234406E+06
  0.863382E-04  0.234172E+06  0.234171E+06  0.312142E+06  0.312132E+06  0.275750E+06  0.234406E+06
  0.892636E-04  0.234171E+06  0.234171E+06  0.312136E+06  0.312125E+06  0.275745E+06  0.234405E+06
  0.922882E-04  0.234171E+06  0.234170E+06  0.312129E+06  0.312117E+06  0.275739E+06  0.234405E+06
  0.954153E-04  0.234171E+06  0.234170E+06  0.312122E+06  0.312109E+06  0.275733E+06  0.234405E+06
  0.986483E-04  0.234170E+06  0.234170E+06  0.312114E+06  0.312101E+06  0.275727E+06  0.234404E+06
  0.101991E-03  0.234170E+06  0.234169E+06  0.312106E+06  0.312091E+06  0.275720E+06  0.234404E+06
  0.105447E-03  0.234170E+06  0.234169E+06  0.312097E+06  0.312082E+06  0.275713E+06  0.234403E+06
  0.109020E-03  0.234169E+06  0.234168E+06  0.312088E+06  0.312071E+06  0.275705E+06  0.234403E+06
  0.112714E-03  0.234169E+06  0.234168E+06  0.312078E+06  0.312060E+06  0.275697E+06  0.234402E+06
  0.116533E-03  0.234168E+06  0.234167E+06  0.312067E+06  0.312048E+06  0.275688E+06  0.234402E+06
  0.120481E-03  0.234168E+06  0.234167E+06  0.312055E+06  0.312035E+06  0.275678E+06  0.234401E+06
  0.124564E-03  0.234167E+06  0.234166E+06  0.312043E+06  0.312021E+06  0.275668E+06  0.234401E+06
  0.128784E-03  0.234167E+06  0.234165E+06  0.312030E+06  0.312007E+06  0.275658E+06  0.234400E+06
  0.133148E-03  0.234166E+06  0.234165E+06  0.312016E+06  0.311991E+06  0.275646E+06  0.234400E+06
  0.137660E-03  0.234165E+06  0.234164E+06  0.312001E+06  0.311974E+06  0.275634E+06  0.234399E+06
  0.142324E-03  0.234165E+06  0.234163E+06  0.311985E+06  0.311956E+06  0.275620E+06  0.234398E+06
  0.147146E-03  0.234164E+06  0.234162E+06  0.311967E+06  0.311937E+06  0.275606E+06  0.234397E+06
  0.152132E-03  0.234163E+06  0.234161E+06  0.311949E+06  0.311917E+06  0.275591E+06  0.234396E+06
  0.157287E-03  0.234162E+06  0.234161E+06  0.311929E+06  0.311895E+06  0.275575E+06  0.234395E+06
  0.162617E-03  0.234161E+06  0.234159E+06  0.311908E+06  0.311872E+06  0.275558E+06  0.234394E+06
  0.168127E-03  0.234160E+06  0.234158E+06  0.311886E+06  0.311847E+06  0.275539E+06  0.234393E+06
  0.173823E-03  0.234159E+06  0.234157E+06  0.311862E+06  0.311820E+06  0.275520E+06  0.234392E+06
  0.179713E-03  0.234158E+06  0.234156E+06  0.311836E+06  0.311792E+06  0.275499E+06  0.234391E+06
  0.185802E-03  0.234157E+06  0.234155E+06  0.311809E+06  0.311761E+06  0.275476E+06  0.234389E+06
  0.192098E-03  0.234156E+06  0.234153E+06  0.311780E+06  0.311729E+06  0.275452E+06  0.234388E+06
  0.198607E-03  0.234155E+06  0.234152E+06  0.311748E+06  0.311694E+06  0.275426E+06  0.234387E+06
  0.205337E-03  0.234153E+06  0.234150E+06  0.311715E+06  0.311657E+06  0.275399E+06  0.234385E+06
  0.212294E-03  0.234152E+06  0.234148E+06  0.311679E+06  0.311617E+06  0.275370E+06  0.234383E+06
  0.219487E-03  0.234150E+06  0.234146E+06  0.311641E+06  0.311574E+06  0.275338E+06  0.234381E+06
  0.226924E-03  0.234148E+06  0.234144E+06  0.311600E+06  0.311529E+06  0.275305E+06  0.234379E+06
  0.234613E-03  0.234146E+06  0.234142E+06  0.311556E+06  0.311480E+06  0.275269E+06  0.234377E+06
  0.242563E-03  0.234144E+06  0.234140E+06  0.311510E+06  0.311428E+06  0.275231E+06  0.234375E+06
  0.250782E-03  0.234142E+06  0.234137E+06  0.311460E+06  0.311373E+06  0.275190E+06  0.234372E+06
  0.259279E-03  0.234140E+06  0.234135E+06  0.311407E+06  0.311314E+06  0.275146E+06  0.234370E+06
  0.268065E-03  0.234137E+06  0.234132E+06  0.311350E+06  0.311250E+06  0.275099E+06  0.234367E+06
  0.277148E-03  0.234135E+06  0.234129E+06  0.311289E+06  0.311183E+06  0.275049E+06  0.234364E+06
  0.286538E-03  0.234132E+06  0.234126E+06  0.311224E+06  0.311110E+06  0.274996E+06  0.234361E+06
  0.296247E-03  0.234129E+06  0.234122E+06  0.311154E+06  0.311033E+06  0.274939E+06  0.234358E+06
  0.306285E-03  0.234126E+06  0.234119E+06  0.311080E+06  0.310950E+06  0.274878E+06  0.234354E+06
  0.316663E-03  0.234122E+06  0.234115E+06  0.311001E+06  0.310862E+06  0.274812E+06  0.234350E+06
  0.327393E-03  0.234118E+06  0.234110E+06  0.310916E+06  0.310768E+06  0.274743E+06  0.234346E+06
  0.338486E-03  0.234115E+06  0.234106E+06  0.310825E+06  0.310667E+06  0.274668E+06  0.234342E+06
  0.349956E-03  0.234110E+06  0.234101E+06  0.310728E+06  0.310559E+06  0.274589E+06  0.234337E+06
  0.361813E-03  0.234106E+06  0.234096E+06  0.310625E+06  0.310444E+06  0.274504E+06  0.234332E+06
  0.374073E-03  0.234101E+06  0.234091E+06  0.310514E+06  0.310321E+06  0.274413E+06  0.234326E+06
  0.386748E-03  0.234096E+06  0.234085E+06  0.310396E+06  0.310190E+06  0.274316E+06  0.234321E+06
  0.399852E-03  0.234090E+06  0.234079E+06  0.310269E+06  0.310049E+06  0.274212E+06  0.234315E+06
  0.413401E-03  0.234085E+06  0.234072E+06  0.310134E+06  0.309899E+06  0.274101E+06  0.234308E+06
  0.427408E-03  0.234078E+06  0.234065E+06  0.309990E+06  0.309739E+06  0.273983E+06  0.234301E+06
  0.441890E-03  0.234072E+06  0.234057E+06  0.309836E+06  0.309568E+06  0.273856E+06  0.234293E+06
  0.456863E-03  0.234064E+06  0.234049E+06  0.309671E+06  0.309385E+06  0.273721E+06  0.234285E+06
  0.472343E-03  0.234057E+06  0.234040E+06  0.309495E+06  0.309189E+06  0.273577E+06  0.234277E+06
  0.488348E-03  0.234049E+06  0.234031E+06  0.309307E+06  0.308980E+06  0.273422E+06  0.234268E+06
  0.504895E-03  0.234040E+06  0.234021E+06  0.309107E+06  0.308757E+06  0.273257E+06  0.234258E+06
  0.522003E-03  0.234031E+06  0.234010E+06  0.308892E+06  0.308519E+06  0.273081E+06  0.234247E+06
  0.539690E-03  0.234021E+06  0.233999E+06  0.308663E+06  0.308264E+06  0.272893E+06  0.234236E+06
  0.557977E-03  0.234010E+06  0.233987E+06  0.308418E+06  0.307992E+06  0.272692E+06  0.234224E+06
  0.576883E-03  0.233999E+06  0.233974E+06  0.308157E+06  0.307702E+06  0.272477E+06  0.234211E+06
  0.596430E-03  0.233986E+06  0.233960E+06  0.307877E+06  0.307392E+06  0.272248E+06  0.234198E+06
  0.616639E-03  0.233973E+06  0.233945E+06  0.307579E+06  0.307061E+06  0.272003E+06  0.234183E+06
  0.637533E-03  0.233959E+06  0.233929E+06  0.307260E+06  0.306707E+06  0.271742E+06  0.234168E+06
  0.659135E-03  0.233945E+06  0.233912E+06  0.306920E+06  0.306330E+06  0.271462E+06  0.234151E+06
  0.681469E-03  0.233929E+06  0.233894E+06  0.306557E+06  0.305926E+06  0.271164E+06  0.234133E+06
  0.704560E-03  0.233912E+06  0.233875E+06  0.306169E+06  0.305496E+06  0.270846E+06  0.234114E+06
  0.728433E-03  0.233894E+06  0.233854E+06  0.305755E+06  0.305036E+06  0.270506E+06  0.234094E+06
  0.753115E-03  0.233874E+06  0.233832E+06  0.305313E+06  0.304546E+06  0.270143E+06  0.234072E+06
  0.778633E-03  0.233854E+06  0.233808E+06  0.304841E+06  0.304022E+06  0.269755E+06  0.234049E+06
  0.805016E-03  0.233831E+06  0.233783E+06  0.304337E+06  0.303464E+06  0.269342E+06  0.234024E+06
  0.832293E-03  0.233808E+06  0.233756E+06  0.303799E+06  0.302868E+06  0.268901E+06  0.233997E+06
  0.860494E-03  0.233783E+06  0.233727E+06  0.303225E+06  0.302232E+06  0.268430E+06  0.233969E+06
  0.889651E-03  0.233756E+06  0.233697E+06  0.302612E+06  0.301553E+06  0.267927E+06  0.233939E+06
  0.919795E-03  0.233727E+06  0.233664E+06  0.301959E+06  0.300829E+06  0.267391E+06  0.233907E+06
  0.950961E-03  0.233696E+06  0.233629E+06  0.301262E+06  0.300058E+06  0.266819E+06  0.233872E+06
  0.983184E-03  0.233663E+06  0.233591E+06  0.300518E+06  0.299234E+06  0.266208E+06  0.233835E+06
  0.101650E-02  0.233628E+06  0.233551E+06  0.299725E+06  0.298357E+06  0.265558E+06  0.233796E+06
  0.105094E-02  0.233590E+06  0.233508E+06  0.298879E+06  0.297421E+06  0.264864E+06  0.233754E+06
  0.108655E-02  0.233550E+06  0.233462E+06  0.297977E+06  0.296424E+06  0.264124E+06  0.233709E+06
  0.112337E-02  0.233507E+06  0.233414E+06  0.297016E+06  0.295362E+06  0.263335E+06  0.233661E+06
  0.116143E-02  0.233462E+06  0.233361E+06  0.295991E+06  0.294230E+06  0.262495E+06  0.233610E+06
  0.120078E-02  0.233413E+06  0.233306E+06  0.294899E+06  0.293025E+06  0.261599E+06  0.233555E+06
  0.124147E-02  0.233361E+06  0.233246E+06  0.293736E+06  0.291741E+06  0.260645E+06  0.233497E+06
  0.128354E-02  0.233305E+06  0.233183E+06  0.292497E+06  0.290375E+06  0.259629E+06  0.233434E+06
  0.132703E-02  0.233246E+06  0.233115E+06  0.291177E+06  0.288920E+06  0.258547E+06  0.233368E+06
  0.137199E-02  0.233182E+06  0.233042E+06  0.289773E+06  0.287373E+06  0.257396E+06  0.233297E+06
  0.141848E-02  0.233114E+06  0.232965E+06  0.288278E+06  0.285728E+06  0.256170E+06  0.233221E+06
  0.146654E-02  0.233042E+06  0.232882E+06  0.286687E+06  0.283978E+06  0.254866E+06  0.233140E+06
  0.151623E-02  0.232965E+06  0.232794E+06  0.284995E+06  0.282119E+06  0.253480E+06  0.233054E+06
  0.156761E-02  0.232882E+06  0.232700E+06  0.283196E+06  0.280144E+06  0.252006E+06  0.232961E+06
  0.162073E-02  0.232794E+06  0.232599E+06  0.281285E+06  0.278047E+06  0.250439E+06  0.232863E+06
  0.167564E-02  0.232700E+06  0.232492E+06  0.279253E+06  0.275820E+06  0.248775E+06  0.232758E+06
  0.173242E-02  0.232600E+06  0.232377E+06  0.277096E+06  0.273459E+06  0.247008E+06  0.232647E+06
  0.179112E-02  0.232493E+06  0.232255E+06  0.274806E+06  0.270954E+06  0.245132E+06  0.232527E+06
  0.185181E-02  0.232379E+06  0.232125E+06  0.272377E+06  0.268301E+06  0.243143E+06  0.232400E+06
  0.191456E-02  0.232257E+06  0.231986E+06  0.269800E+06  0.265490E+06  0.241034E+06  0.232265E+06
  0.197943E-02  0.232128E+06  0.231837E+06  0.267070E+06  0.262515E+06  0.238799E+06  0.232120E+06
  0.204650E-02  0.231989E+06  0.231679E+06  0.264178E+06  0.259369E+06  0.236432E+06  0.231966E+06
  0.211584E-02  0.231842E+06  0.231510E+06  0.261116E+06  0.256044E+06  0.233927E+06  0.231802E+06
  0.218753E-02  0.231685E+06  0.231330E+06  0.257878E+06  0.252533E+06  0.231278E+06  0.231628E+06
  0.226165E-02  0.231517E+06  0.231139E+06  0.254455E+06  0.248828E+06  0.228479E+06  0.231441E+06
  0.233829E-02  0.231339E+06  0.230934E+06  0.250840E+06  0.244923E+06  0.225523E+06  0.231243E+06
  0.241752E-02  0.231149E+06  0.230716E+06  0.247025E+06  0.240810E+06  0.222404E+06  0.231033E+06
  0.249943E-02  0.230947E+06  0.230484E+06  0.243003E+06  0.236483E+06  0.219117E+06  0.230808E+06
  0.258412E-02  0.230731E+06  0.230237E+06  0.238767E+06  0.231937E+06  0.215657E+06  0.230569E+06
  0.267168E-02  0.230502E+06  0.229974E+06  0.234310E+06  0.227166E+06  0.212016E+06  0.230316E+06
  0.276221E-02  0.230258E+06  0.229694E+06  0.229626E+06  0.222166E+06  0.208191E+06  0.230046E+06
  0.285580E-02  0.229998E+06  0.229396E+06  0.224709E+06  0.216932E+06  0.204178E+06  0.229759E+06
  0.295257E-02  0.229722E+06  0.229079E+06  0.219554E+06  0.211463E+06  0.200011E+06  0.229455E+06
  0.305261E-02  0.229428E+06  0.228741E+06  0.214158E+06  0.205757E+06  0.195615E+06  0.229131E+06
  0.315604E-02  0.229116E+06  0.228382E+06  0.208519E+06  0.199814E+06  0.191022E+06  0.228788E+06
  0.326298E-02  0.228785E+06  0.228001E+06  0.202634E+06  0.193636E+06  0.186231E+06  0.228423E+06
  0.337354E-02  0.228433E+06  0.227596E+06  0.196503E+06  0.187228E+06  0.181243E+06  0.228037E+06
  0.348785E-02  0.228059E+06  0.227165E+06  0.190129E+06  0.180596E+06  0.176059E+06  0.227628E+06
  0.360603E-02  0.227663E+06  0.226708E+06  0.183516E+06  0.173747E+06  0.170683E+06  0.227194E+06
  0.372822E-02  0.227243E+06  0.226223E+06  0.176670E+06  0.166693E+06  0.165117E+06  0.226734E+06
  0.385454E-02  0.226797E+06  0.225708E+06  0.169600E+06  0.159448E+06  0.159373E+06  0.226248E+06
  0.398515E-02  0.226325E+06  0.225163E+06  0.162316E+06  0.152030E+06  0.153459E+06  0.225734E+06
  0.412018E-02  0.225826E+06  0.224584E+06  0.154835E+06  0.144459E+06  0.147386E+06  0.225191E+06
  0.425979E-02  0.225297E+06  0.223972E+06  0.147174E+06  0.136759E+06  0.141169E+06  0.224617E+06
  0.440412E-02  0.224738E+06  0.223323E+06  0.139354E+06  0.128959E+06  0.134824E+06  0.224012E+06
  0.455335E-02  0.224147E+06  0.222637E+06  0.131402E+06  0.121090E+06  0.128373E+06  0.223373E+06
  0.470764E-02  0.223524E+06  0.221912E+06  0.123347E+06  0.113188E+06  0.121838E+06  0.222700E+06
  0.486715E-02  0.222865E+06  0.221145E+06  0.115222E+06  0.105293E+06  0.115246E+06  0.221992E+06
  0.503206E-02  0.222171E+06  0.220336E+06  0.107065E+06  0.974462E+05  0.108624E+06  0.221247E+06
  0.520257E-02  0.221440E+06  0.219482E+06  0.989193E+05  0.896954E+05  0.102007E+06  0.220463E+06
  0.537885E-02  0.220670E+06  0.218581E+06  0.908296E+05  0.820892E+05  0.954277E+05  0.219640E+06
  0.556111E-02  0.219861E+06  0.217632E+06  0.828460E+05  0.746789E+05  0.889249E+05  0.218777E+06
  0.574954E-02  0.219010E+06  0.216634E+06  0.750216E+05  0.675172E+05  0.825377E+05  0.217873E+06
  0.594435E-02  0.218118E+06  0.215583E+06  0.674120E+05  0.606570E+05  0.763071E+05  0.216925E+06
  0.614577E-02  0.217181E+06  0.214479E+06  0.600748E+05  0.541505E+05  0.702751E+05  0.215934E+06
  0.635401E-02  0.216201E+06  0.213320E+06  0.530683E+05  0.480476E+05  0.644835E+05  0.214899E+06
  0.656931E-02  0.215174E+06  0.212104E+06  0.464503E+05  0.423942E+05  0.589732E+05  0.213818E+06
  0.679190E-02  0.214102E+06  0.210829E+06  0.402765E+05  0.372308E+05  0.537827E+05  0.212690E+06
  0.702203E-02  0.212981E+06  0.209495E+06  0.345991E+05  0.325903E+05  0.489473E+05  0.211516E+06
  0.725996E-02  0.211813E+06  0.208099E+06  0.294646E+05  0.284965E+05  0.444972E+05  0.210294E+06
  0.750596E-02  0.210596E+06  0.206640E+06  0.249117E+05  0.249619E+05  0.404564E+05  0.209024E+06
  0.776029E-02  0.209330E+06  0.205118E+06  0.209694E+05  0.219863E+05  0.368413E+05  0.207704E+06
  0.802324E-02  0.208015E+06  0.203530E+06  0.176545E+05  0.195554E+05  0.336588E+05  0.206336E+06
  0.829509E-02  0.206649E+06  0.201876E+06  0.149697E+05  0.176401E+05  0.309062E+05  0.204918E+06
  0.857616E-02  0.205233E+06  0.200155E+06  0.129023E+05  0.161962E+05  0.285692E+05  0.203449E+06
  0.886675E-02  0.203767E+06  0.198365E+06  0.114220E+05  0.151652E+05  0.266225E+05  0.201930E+06
  0.916719E-02  0.202251E+06  0.196507E+06  0.104811E+05  0.144755E+05  0.250291E+05  0.200360E+06
  0.947781E-02  0.200684E+06  0.194578E+06  0.100141E+05  0.140455E+05  0.237417E+05  0.198739E+06
  0.979895E-02  0.199067E+06  0.192578E+06  0.993932E+04  0.137870E+05  0.227040E+05  0.197066E+06
  0.101310E-01  0.197400E+06  0.190507E+06  0.101611E+05  0.136104E+05  0.218533E+05  0.195341E+06
  0.104742E-01  0.195683E+06  0.188363E+06  0.105736E+05  0.134295E+05  0.211233E+05  0.193563E+06
  0.108292E-01  0.193917E+06  0.186146E+06  0.110657E+05  0.131685E+05  0.204482E+05  0.191732E+06
  0.111961E-01  0.192100E+06  0.183854E+06  0.115277E+05  0.127674E+05  0.197673E+05  0.189848E+06
  0.115754E-01  0.190234E+06  0.181488E+06  0.118579E+05  0.121878E+05  0.190291E+05  0.187911E+06
  0.119677E-01  0.188318E+06  0.179046E+06  0.119709E+05  0.114170E+05  0.181959E+05  0.185919E+06
  0.123732E-01  0.186352E+06  0.176528E+06  0.118046E+05  0.104697E+05  0.172471E+05  0.183873E+06
  0.127924E-01  0.184336E+06  0.173932E+06  0.113267E+05  0.938723E+04  0.161818E+05  0.181772E+06
  0.132259E-01  0.182270E+06  0.171258E+06  0.105398E+05  0.823342E+04  0.150187E+05  0.179617E+06
  0.136740E-01  0.180153E+06  0.168504E+06  0.948230E+04  0.708660E+04  0.137944E+05  0.177406E+06
  0.141373E-01  0.177986E+06  0.165671E+06  0.822636E+04  0.602911E+04  0.125592E+05  0.175141E+06
  0.146164E-01  0.175767E+06  0.162758E+06  0.687147E+04  0.513470E+04  0.113700E+05  0.172820E+06
  0.151116E-01  0.173498E+06  0.159764E+06  0.553331E+04  0.445592E+04  0.102821E+05  0.170445E+06
  0.156237E-01  0.171178E+06  0.156690E+06  0.432901E+04  0.401361E+04  0.934054E+04  0.168015E+06
  0.161530E-01  0.168806E+06  0.153535E+06  0.336033E+04  0.379119E+04  0.857129E+04  0.165531E+06
  0.167004E-01  0.166384E+06  0.150301E+06  0.269690E+04  0.373565E+04  0.797625E+04  0.162993E+06
  0.172662E-01  0.163910E+06  0.146988E+06  0.236278E+04  0.376648E+04  0.753158E+04  0.160401E+06
  0.178513E-01  0.161387E+06  0.143599E+06  0.232948E+04  0.379201E+04  0.719150E+04  0.157755E+06
  0.184562E-01  0.158814E+06  0.140135E+06  0.251823E+04  0.373027E+04  0.689735E+04  0.155056E+06
  0.190815E-01  0.156192E+06  0.136600E+06  0.281288E+04  0.352997E+04  0.659052E+04  0.152305E+06
  0.197281E-01  0.153522E+06  0.132996E+06  0.308261E+04  0.318525E+04  0.622661E+04  0.149503E+06
  0.203965E-01  0.150805E+06  0.129329E+06  0.321080E+04  0.273876E+04  0.578705E+04  0.146652E+06
  0.210876E-01  0.148044E+06  0.125602E+06  0.312369E+04  0.226974E+04  0.528429E+04  0.143753E+06
  0.218022E-01  0.145238E+06  0.121822E+06  0.281092E+04  0.186845E+04  0.475781E+04  0.140809E+06
  0.225409E-01  0.142390E+06  0.117995E+06  0.233018E+04  0.160392E+04  0.426094E+04  0.137822E+06
  0.233047E-01  0.139503E+06  0.114130E+06  0.179160E+04  0.149641E+04  0.384176E+04  0.134797E+06
  0.240943E-01  0.136578E+06  0.110235E+06  0.132347E+04  0.150710E+04  0.352452E+04  0.131736E+06
  0.249107E-01  0.133619E+06  0.106319E+06  0.102823E+04  0.155263E+04  0.329949E+04  0.128644E+06
  0.257548E-01  0.130630E+06  0.102395E+06  0.943795E+03  0.154201E+04  0.312673E+04  0.125525E+06
  0.266274E-01  0.127612E+06  0.984757E+05  0.102716E+04  0.142108E+04  0.295424E+04  0.122383E+06
  0.275297E-01  0.124572E+06  0.945738E+05  0.117094E+04  0.120175E+04  0.274312E+04  0.119225E+06
  0.284625E-01  0.121514E+06  0.907049E+05  0.125086E+04  0.956595E+03  0.248752E+04  0.116057E+06
  0.294269E-01  0.118444E+06  0.868855E+05  0.118545E+04  0.776351E+03  0.221695E+04  0.112886E+06
  0.304240E-01  0.115366E+06  0.831329E+05  0.978410E+03  0.711793E+03  0.197745E+04  0.109719E+06
  0.314549E-01  0.112287E+06  0.794656E+05  0.716986E+03  0.737819E+03  0.180099E+04  0.106565E+06
  0.325207E-01  0.109214E+06  0.759029E+05  0.520390E+03  0.769776E+03  0.168287E+04  0.103432E+06
  0.336226E-01  0.106153E+06  0.724646E+05  0.463953E+03  0.727444E+03  0.158509E+04  0.100330E+06
  0.347618E-01  0.103114E+06  0.691709E+05  0.527214E+03  0.600664E+03  0.146599E+04  0.972676E+05
  0.359397E-01  0.100102E+06  0.660419E+05  0.607436E+03  0.458727E+03  0.131476E+04  0.942541E+05
  0.371575E-01  0.971276E+05  0.630970E+05  0.597672E+03  0.386410E+03  0.116025E+04  0.912998E+05
  0.384165E-01  0.941972E+05  0.603544E+05  0.474247E+03  0.399990E+03  0.104258E+04  0.884144E+05
  0.397182E-01  0.913195E+05  0.578308E+05  0.318154E+03  0.429426E+03  0.971699E+03  0.856075E+05
  0.410640E-01  0.885022E+05  0.555402E+05  0.241033E+03  0.395679E+03  0.915957E+03  0.828876E+05
  0.424554E-01  0.857529E+05  0.534935E+05  0.275703E+03  0.303574E+03  0.837549E+03  0.802625E+05
  0.438939E-01  0.830783E+05  0.516975E+05  0.341204E+03  0.235038E+03  0.737615E+03  0.777389E+05
  0.453571E-01  0.805251E+05  0.501772E+05  0.331860E+03  0.239129E+03  0.655321E+03  0.753601E+05
  0.468202E-01  0.781317E+05  0.489353E+05  0.242391E+03  0.264500E+03  0.612427E+03  0.731589E+05
  0.482833E-01  0.758887E+05  0.479399E+05  0.159675E+03  0.243300E+03  0.585199E+03  0.711222E+05
  0.497465E-01  0.737864E+05  0.471582E+05  0.150150E+03  0.184792E+03  0.540693E+03  0.692367E+05
  0.512096E-01  0.718148E+05  0.465568E+05  0.190941E+03  0.000000E+00  0.477861E+03  0.674887E+05
  0.526727E-01  0.699636E+05  0.461029E+05  0.210862E+03  0.000000E+00  0.423461E+03  0.658648E+05
  0.541358E-01  0.682227E+05  0.457642E+05  0.176997E+03  0.000000E+00  0.394298E+03  0.643513E+05
  0.555990E-01  0.665820E+05  0.455096E+05  0.123788E+03  0.000000E+00  0.378150E+03  0.629351E+05
  0.570621E-01  0.650316E+05  0.453098E+05  0.102456E+03  0.000000E+00  0.353359E+03  0.616031E+05
  0.585252E-01  0.635618E+05  0.451376E+05  0.120303E+03  0.000000E+00  0.316999E+03  0.603431E+05
  0.599884E-01  0.621637E+05  0.449682E+05  0.139491E+03  0.000000E+00  0.285333E+03  0.591436E+05
  0.614515E-01  0.608286E+05  0.447795E+05  0.127334E+03  0.000000E+00  0.270311E+03  0.579940E+05
  0.629146E-01  0.595485E+05  0.445522E+05  0.933176E+02  0.000000E+00  0.264744E+03  0.568847E+05
  0.643778E-01  0.583161E+05  0.442702E+05  0.724134E+02  0.000000E+00  0.253105E+03  0.558068E+05
  0.658409E-01  0.571247E+05  0.439206E+05  0.809842E+02  0.000000E+00  0.230995E+03  0.547528E+05
  0.673040E-01  0.559684E+05  0.434934E+05  0.994697E+02  0.000000E+00  0.208393E+03  0.537162E+05
  0.687672E-01  0.548422E+05  0.429819E+05  0.987372E+02  0.000000E+00  0.195352E+03  0.526917E+05
  0.702303E-01  0.537416E+05  0.423826E+05  0.749080E+02  0.000000E+00  0.190071E+03  0.516751E+05
  0.716934E-01  0.526629E+05  0.416946E+05  0.516384E+02  0.000000E+00  0.183057E+03  0.506632E+05
  0.731566E-01  0.516035E+05  0.409198E+05  0.504792E+02  0.000000E+00  0.169600E+03  0.496539E+05
  0.746197E-01  0.505609E+05  0.400626E+05  0.663634E+02  0.000000E+00  0.154343E+03  0.486459E+05
  0.760828E-01  0.495338E+05  0.391295E+05  0.121268E+03  0.000000E+00  0.143791E+03  0.476391E+05
  0.775459E-01  0.485206E+05  0.381282E+05  0.111494E+03  0.000000E+00  0.139247E+03  0.466334E+05
  0.790091E-01  0.475215E+05  0.370695E+05  0.630054E+02  0.000000E+00  0.135118E+03  0.456307E+05
  0.804722E-01  0.465368E+05  0.359646E+05  0.480046E+01  0.000000E+00  0.127162E+03  0.446328E+05
  0.819353E-01  0.455669E+05  0.348256E+05 -0.237106E+02  0.000000E+00  0.116813E+03  0.436420E+05
  0.833985E-01  0.446127E+05  0.336652E+05 -0.654604E+01  0.000000E+00  0.108342E+03  0.426611E+05
  0.848616E-01  0.436753E+05  0.324964E+05  0.381100E+02  0.000000E+00  0.103445E+03  0.416931E+05
  0.863247E-01  0.427562E+05  0.313322E+05  0.758661E+02  0.000000E+00  0.100014E+03  0.407410E+05
  0.877879E-01  0.418568E+05  0.301849E+05  0.829580E+02  0.000000E+00  0.953109E+02  0.398081E+05
  0.892510E-01  0.409785E+05  0.290667E+05  0.596250E+02  0.000000E+00  0.890095E+02  0.388975E+05
  0.907141E-01  0.401230E+05  0.279884E+05  0.240606E+02  0.000000E+00  0.828902E+02  0.380122E+05
  0.921773E-01  0.392917E+05  0.269601E+05 -0.320530E+01  0.000000E+00  0.784049E+02  0.371549E+05
  0.940024E-01  0.382906E+05  0.257606E+05 -0.110440E+02  0.000000E+00  0.745193E+02  0.361286E+05
  0.958275E-01  0.373314E+05  0.246664E+05  0.144917E+01  0.000000E+00  0.703198E+02  0.351538E+05
  0.976526E-01  0.364158E+05  0.236877E+05  0.105917E+02  0.000000E+00  0.652596E+02  0.342335E+05
  0.994777E-01  0.355451E+05  0.228311E+05  0.198990E+01  0.000000E+00  0.608034E+02  0.333699E+05
  0.101303E+00  0.347197E+05  0.220995E+05 -0.150550E+02  0.000000E+00  0.577457E+02  0.325636E+05
  0.103128E+00  0.339394E+05  0.214918E+05 -0.178825E+02  0.000000E+00  0.551074E+02  0.318146E+05
  0.104953E+00  0.332035E+05  0.210040E+05  0.344356E+01  0.000000E+00  0.518396E+02  0.311213E+05
  0.106778E+00  0.325105E+05  0.206284E+05  0.333206E+02  0.000000E+00  0.484433E+02  0.304815E+05
  0.108603E+00  0.318584E+05  0.203551E+05  0.467775E+02  0.000000E+00  0.460164E+02  0.298919E+05
  0.110428E+00  0.312446E+05  0.201717E+05  0.354022E+02  0.000000E+00  0.437743E+02  0.293485E+05
  0.112254E+00  0.306663E+05  0.200642E+05  0.131722E+02  0.000000E+00  0.419139E+02  0.288466E+05
  0.114079E+00  0.301201E+05  0.200173E+05 -0.948782E+00  0.000000E+00  0.400943E+02  0.283810E+05
  0.115904E+00  0.296026E+05  0.200154E+05 -0.580740E+00  0.000000E+00  0.383433E+02  0.279466E+05
  0.117729E+00  0.291102E+05  0.200425E+05  0.761955E+01  0.000000E+00  0.363408E+02  0.275377E+05
  0.119554E+00  0.286392E+05  0.200830E+05  0.149692E+02  0.000000E+00  0.344749E+02  0.271487E+05
  0.121379E+00  0.281857E+05  0.201222E+05  0.182089E+02  0.000000E+00  0.335741E+02  0.267743E+05
  0.123204E+00  0.277463E+05  0.201466E+05  0.178312E+02  0.000000E+00  0.330426E+02  0.264095E+05
  0.125029E+00  0.273178E+05  0.201446E+05  0.134941E+02  0.000000E+00  0.312969E+02  0.260496E+05
  0.126855E+00  0.268975E+05  0.201063E+05  0.424269E+01  0.000000E+00  0.285780E+02  0.256910E+05
  0.128680E+00  0.264828E+05  0.200242E+05 -0.677022E+01  0.000000E+00  0.270081E+02  0.253304E+05
  0.130505E+00  0.260720E+05  0.198926E+05 -0.114027E+02  0.000000E+00  0.270884E+02  0.249652E+05
  0.132330E+00  0.256632E+05  0.197083E+05 -0.458524E+01  0.000000E+00  0.266824E+02  0.245936E+05
  0.134155E+00  0.252553E+05  0.194700E+05  0.731282E+01  0.000000E+00  0.246479E+02  0.242143E+05
  0.135980E+00  0.248475E+05  0.191788E+05  0.116652E+02  0.000000E+00  0.228329E+02  0.238269E+05
  0.137805E+00  0.244393E+05  0.188372E+05  0.556158E+01  0.000000E+00  0.227648E+02  0.234314E+05
  0.139630E+00  0.240309E+05  0.184499E+05  0.118920E+01  0.000000E+00  0.228910E+02  0.230286E+05
  0.141455E+00  0.236228E+05  0.180230E+05  0.975973E+01  0.000000E+00  0.213348E+02  0.226198E+05
  0.143281E+00  0.232157E+05  0.175636E+05  0.240403E+02  0.000000E+00  0.191870E+02  0.222069E+05
  0.145106E+00  0.228107E+05  0.170799E+05  0.255484E+02  0.000000E+00  0.184819E+02  0.217920E+05
  0.146931E+00  0.224092E+05  0.165805E+05  0.918480E+01  0.000000E+00  0.186852E+02  0.213775E+05
  0.148756E+00  0.220124E+05  0.160743E+05 -0.846073E+01  0.000000E+00  0.179499E+02  0.209659E+05
  0.150581E+00  0.216217E+05  0.155699E+05 -0.956591E+01  0.000000E+00  0.164814E+02  0.205598E+05
  0.152406E+00  0.212385E+05  0.150755E+05  0.345526E+01  0.000000E+00  0.158397E+02  0.201615E+05
  0.154231E+00  0.208641E+05  0.145991E+05  0.137166E+02  0.000000E+00  0.159044E+02  0.197733E+05
  0.156056E+00  0.204998E+05  0.141474E+05  0.121255E+02  0.000000E+00  0.152917E+02  0.193975E+05
  0.157882E+00  0.201467E+05  0.137265E+05  0.496226E+01  0.000000E+00  0.140825E+02  0.190358E+05
  0.159707E+00  0.198058E+05  0.133412E+05  0.686572E+00  0.000000E+00  0.135059E+02  0.186899E+05
  0.161532E+00  0.194780E+05  0.129950E+05 -0.101639E+01  0.000000E+00  0.134430E+02  0.183611E+05
  0.163357E+00  0.191637E+05  0.126904E+05 -0.383102E+01  0.000000E+00  0.127540E+02  0.180501E+05
  0.165182E+00  0.188632E+05  0.124282E+05 -0.609092E+01  0.000000E+00  0.122943E+02  0.177572E+05
  0.167007E+00  0.185765E+05  0.122082E+05 -0.368025E+01  0.000000E+00  0.115237E+02  0.174825E+05
  0.168832E+00  0.183033E+05  0.120290E+05  0.206760E+01  0.000000E+00  0.111561E+02  0.172255E+05
  0.170657E+00  0.180433E+05  0.118880E+05  0.555938E+01  0.000000E+00  0.108295E+02  0.169854E+05
  0.172482E+00  0.177957E+05  0.117818E+05  0.496315E+01  0.000000E+00  0.103577E+02  0.167612E+05
  0.174308E+00  0.175599E+05  0.117063E+05  0.395989E+01  0.000000E+00  0.101519E+02  0.165516E+05
  0.176133E+00  0.173348E+05  0.116568E+05  0.534678E+01  0.000000E+00  0.101638E+02  0.163550E+05
  0.177958E+00  0.171194E+05  0.116280E+05  0.720700E+01  0.000000E+00  0.971458E+01  0.161698E+05
  0.179783E+00  0.169126E+05  0.116145E+05  0.656002E+01  0.000000E+00  0.883739E+01  0.159942E+05
  0.181608E+00  0.167132E+05  0.116108E+05  0.348225E+01  0.000000E+00  0.849303E+01  0.158263E+05
  0.183433E+00  0.165199E+05  0.116114E+05  0.129790E+00  0.000000E+00  0.893897E+01  0.156643E+05
  0.185258E+00  0.163315E+05  0.116114E+05 -0.173760E+01  0.000000E+00  0.914586E+01  0.155062E+05
  0.187083E+00  0.161468E+05  0.116059E+05 -0.900115E+00  0.000000E+00  0.843650E+01  0.153504E+05
  0.188909E+00  0.159649E+05  0.115907E+05  0.298749E+01  0.000000E+00  0.753829E+01  0.151954E+05
  0.190734E+00  0.157849E+05  0.115625E+05  0.729196E+01  0.000000E+00  0.732404E+01  0.150400E+05
  0.192559E+00  0.156060E+05  0.115183E+05  0.713217E+01  0.000000E+00  0.751722E+01  0.148830E+05
  0.194384E+00  0.154275E+05  0.114562E+05  0.106023E+01  0.000000E+00  0.737027E+01  0.147236E+05
  0.196209E+00  0.152489E+05  0.113748E+05 -0.555672E+01  0.000000E+00  0.682961E+01  0.145612E+05
  0.198034E+00  0.150699E+05  0.112736E+05 -0.603194E+01  0.000000E+00  0.636166E+01  0.143953E+05
  0.199859E+00  0.148903E+05  0.111526E+05 -0.576360E+00  0.000000E+00  0.621568E+01  0.142257E+05
  0.201684E+00  0.147099E+05  0.110127E+05  0.422416E+01  0.000000E+00  0.634793E+01  0.140527E+05
  0.203509E+00  0.145288E+05  0.108554E+05  0.416123E+01  0.000000E+00  0.657971E+01  0.138763E+05
  0.205335E+00  0.143473E+05  0.106826E+05  0.206612E+01  0.000000E+00  0.654895E+01  0.136972E+05
  0.207160E+00  0.141657E+05  0.104968E+05  0.244862E+01  0.000000E+00  0.603078E+01  0.135159E+05
  0.208985E+00  0.139844E+05  0.103008E+05  0.484248E+01  0.000000E+00  0.543652E+01  0.133333E+05
  0.210810E+00  0.138038E+05  0.100976E+05  0.538181E+01  0.000000E+00  0.537167E+01  0.131503E+05
  0.212635E+00  0.136246E+05  0.989024E+04  0.305313E+01  0.000000E+00  0.564744E+01  0.129677E+05
  0.214460E+00  0.134472E+05  0.968193E+04  0.808404E+00  0.000000E+00  0.549246E+01  0.127865E+05
  0.216285E+00  0.132722E+05  0.947567E+04  0.718027E+00  0.000000E+00  0.482214E+01  0.126076E+05
  0.218110E+00  0.131001E+05  0.927432E+04  0.130003E+01  0.000000E+00  0.441785E+01  0.124319E+05
  0.219936E+00  0.129314E+05  0.908051E+04  0.690591E+00  0.000000E+00  0.464433E+01  0.122603E+05
  0.221761E+00  0.127666E+05  0.889655E+04 -0.102447E+00  0.000000E+00  0.488985E+01  0.120934E+05
  0.223586E+00  0.126060E+05  0.872439E+04  0.917848E+00  0.000000E+00  0.462311E+01  0.119320E+05
  0.225411E+00  0.124502E+05  0.856557E+04  0.303304E+01  0.000000E+00  0.417621E+01  0.117765E+05
  0.227236E+00  0.122992E+05  0.842116E+04  0.329211E+01  0.000000E+00  0.403698E+01  0.116274E+05
  0.229061E+00  0.121532E+05  0.829178E+04  0.557460E+00  0.000000E+00  0.407977E+01  0.114848E+05
  0.230886E+00  0.120123E+05  0.817760E+04 -0.273269E+01  0.000000E+00  0.398626E+01  0.113489E+05
  0.232711E+00  0.118764E+05  0.807839E+04 -0.339389E+01  0.000000E+00  0.384127E+01  0.112195E+05
  0.234536E+00  0.117455E+05  0.799350E+04 -0.990620E+00  0.000000E+00  0.382684E+01  0.110964E+05
  0.236362E+00  0.116193E+05  0.792196E+04  0.213485E+01  0.000000E+00  0.379746E+01  0.109795E+05
  0.238187E+00  0.114977E+05  0.786252E+04  0.359590E+01  0.000000E+00  0.359849E+01  0.108682E+05
  0.240012E+00  0.113803E+05  0.781364E+04  0.299851E+01  0.000000E+00  0.341381E+01  0.107621E+05
  0.241837E+00  0.112668E+05  0.777362E+04  0.163824E+01  0.000000E+00  0.341334E+01  0.106607E+05
  0.243662E+00  0.111569E+05  0.774063E+04  0.934867E+00  0.000000E+00  0.340554E+01  0.105633E+05
  0.245487E+00  0.110500E+05  0.771274E+04  0.124225E+01  0.000000E+00  0.318779E+01  0.104693E+05
  0.247312E+00  0.109458E+05  0.768803E+04  0.178117E+01  0.000000E+00  0.292995E+01  0.103780E+05
  0.249137E+00  0.108438E+05  0.766464E+04  0.157366E+01  0.000000E+00  0.288649E+01  0.102888E+05
  0.250963E+00  0.107436E+05  0.764079E+04  0.554215E+00  0.000000E+00  0.299267E+01  0.102010E+05
  0.252788E+00  0.106448E+05  0.761491E+04 -0.286729E+00  0.000000E+00  0.303298E+01  0.101141E+05
  0.254613E+00  0.105472E+05  0.758559E+04 -0.149540E-01  0.000000E+00  0.298128E+01  0.100277E+05
  0.256438E+00  0.104503E+05  0.755165E+04  0.110806E+01  0.000000E+00  0.292443E+01  0.994110E+04
  0.258263E+00  0.103539E+05  0.751214E+04  0.187869E+01  0.000000E+00  0.285244E+01  0.985412E+04
  0.260088E+00  0.102579E+05  0.746639E+04  0.151638E+01  0.000000E+00  0.274155E+01  0.976642E+04
  0.261913E+00  0.101619E+05  0.741394E+04  0.436876E+00  0.000000E+00  0.266501E+01  0.967778E+04
  0.263738E+00  0.100660E+05  0.735465E+04 -0.424049E+00  0.000000E+00  0.264292E+01  0.958807E+04
  0.265563E+00  0.997000E+04  0.728857E+04 -0.662067E+00  0.000000E+00  0.255746E+01  0.949725E+04
  0.267389E+00  0.987392E+04  0.721604E+04 -0.459210E+00  0.000000E+00  0.237013E+01  0.940537E+04
  0.269214E+00  0.977782E+04  0.713758E+04  0.983534E-01  0.000000E+00  0.224296E+01  0.931255E+04
  0.271039E+00  0.968180E+04  0.705391E+04  0.113793E+01  0.000000E+00  0.229048E+01  0.921899E+04
  0.272864E+00  0.958597E+04  0.696590E+04  0.234254E+01  0.000000E+00  0.237776E+01  0.912491E+04
  0.274689E+00  0.949048E+04  0.687449E+04  0.277538E+01  0.000000E+00  0.232061E+01  0.903060E+04
  0.276514E+00  0.939551E+04  0.678073E+04  0.187729E+01  0.000000E+00  0.211637E+01  0.893635E+04
  0.278339E+00  0.930122E+04  0.668568E+04  0.408919E+00  0.000000E+00  0.198423E+01  0.884247E+04
  0.280164E+00  0.920781E+04  0.659043E+04 -0.199487E+00  0.000000E+00  0.201427E+01  0.874930E+04
  0.281990E+00  0.911546E+04  0.649601E+04  0.471040E+00  0.000000E+00  0.209290E+01  0.865715E+04
  0.283815E+00  0.902438E+04  0.640343E+04  0.130697E+01  0.000000E+00  0.209045E+01  0.856635E+04
  0.285640E+00  0.893474E+04  0.631361E+04  0.110993E+01  0.000000E+00  0.198082E+01  0.847719E+04
  0.287465E+00  0.884672E+04  0.622735E+04  0.143115E+00  0.000000E+00  0.183484E+01  0.838994E+04
  0.289290E+00  0.876046E+04  0.614534E+04 -0.292067E+00  0.000000E+00  0.176489E+01  0.830482E+04
  0.291115E+00  0.867608E+04  0.606810E+04  0.359713E+00  0.000000E+00  0.181923E+01  0.822202E+04
  0.292940E+00  0.859365E+04  0.599601E+04  0.119826E+01  0.000000E+00  0.189115E+01  0.814167E+04
  0.294765E+00  0.851322E+04  0.592929E+04  0.110774E+01  0.000000E+00  0.181709E+01  0.806382E+04
  0.296591E+00  0.843483E+04  0.586803E+04  0.163630E+00  0.000000E+00  0.160699E+01  0.798853E+04
  0.298416E+00  0.835845E+04  0.581215E+04 -0.608339E+00  0.000000E+00  0.147158E+01  0.791577E+04
  0.300241E+00  0.828407E+04  0.576147E+04 -0.551343E+00  0.000000E+00  0.154839E+01  0.784549E+04
  0.302066E+00  0.821162E+04  0.571566E+04  0.611521E-01  0.000000E+00  0.170375E+01  0.777759E+04
  0.303891E+00  0.814104E+04  0.567431E+04  0.671984E+00  0.000000E+00  0.171174E+01  0.771195E+04
  0.305716E+00  0.807222E+04  0.563690E+04  0.108815E+01  0.000000E+00  0.156086E+01  0.764839E+04
  0.307541E+00  0.800502E+04  0.560285E+04  0.132733E+01  0.000000E+00  0.144977E+01  0.758672E+04
  0.309366E+00  0.793931E+04  0.557153E+04  0.126772E+01  0.000000E+00  0.149472E+01  0.752672E+04
  0.311191E+00  0.787494E+04  0.554227E+04  0.816435E+00  0.000000E+00  0.157730E+01  0.746817E+04
  0.313017E+00  0.781176E+04  0.551442E+04  0.241131E+00  0.000000E+00  0.153135E+01  0.741083E+04
  0.314842E+00  0.774961E+04  0.548733E+04 -0.110626E-01  0.000000E+00  0.137805E+01  0.735449E+04
  0.316667E+00  0.768837E+04  0.546041E+04  0.184332E+00  0.000000E+00  0.127815E+01  0.729892E+04
  0.318492E+00  0.762790E+04  0.543310E+04  0.522649E+00  0.000000E+00  0.129828E+01  0.724395E+04
  0.320317E+00  0.756809E+04  0.540491E+04  0.661231E+00  0.000000E+00  0.133786E+01  0.718938E+04
  0.322142E+00  0.750881E+04  0.537540E+04  0.542419E+00  0.000000E+00  0.129597E+01  0.713506E+04
  0.323967E+00  0.744996E+04  0.534425E+04  0.332361E+00  0.000000E+00  0.120778E+01  0.708084E+04
  0.325792E+00  0.739146E+04  0.531117E+04  0.215799E+00  0.000000E+00  0.116676E+01  0.702662E+04
  0.327617E+00  0.733324E+04  0.527599E+04  0.277019E+00  0.000000E+00  0.118704E+01  0.697231E+04
  0.329443E+00  0.727524E+04  0.523864E+04  0.427934E+00  0.000000E+00  0.120876E+01  0.691785E+04
  0.331268E+00  0.721745E+04  0.519910E+04  0.427537E+00  0.000000E+00  0.119331E+01  0.686322E+04
  0.333093E+00  0.715986E+04  0.515748E+04  0.142155E+00  0.000000E+00  0.115177E+01  0.680843E+04
  0.334918E+00  0.710248E+04  0.511393E+04 -0.170037E+00  0.000000E+00  0.110943E+01  0.675352E+04
  0.336743E+00  0.704533E+04  0.506868E+04 -0.435757E-01  0.000000E+00  0.108990E+01  0.669854E+04
  0.338568E+00  0.698844E+04  0.502198E+04  0.595893E+00  0.000000E+00  0.110483E+01  0.664356E+04
  0.340393E+00  0.693186E+04  0.497416E+04  0.120270E+01  0.000000E+00  0.112323E+01  0.658866E+04
  0.342218E+00  0.687564E+04  0.492554E+04  0.119021E+01  0.000000E+00  0.108959E+01  0.653394E+04
  0.344044E+00  0.681984E+04  0.487649E+04  0.629125E+00  0.000000E+00  0.100470E+01  0.647950E+04
  0.345869E+00  0.676451E+04  0.482737E+04  0.129625E+00  0.000000E+00  0.940260E+00  0.642544E+04
  0.347694E+00  0.670973E+04  0.477854E+04  0.782719E-01  0.000000E+00  0.940462E+00  0.637190E+04
  0.349519E+00  0.665556E+04  0.473036E+04  0.271103E+00  0.000000E+00  0.965808E+00  0.631897E+04
  0.351344E+00  0.660208E+04  0.468315E+04  0.348576E+00  0.000000E+00  0.968298E+00  0.626676E+04
  0.353169E+00  0.654934E+04  0.463719E+04  0.296233E+00  0.000000E+00  0.955429E+00  0.621537E+04
  0.354994E+00  0.649738E+04  0.459271E+04  0.317428E+00  0.000000E+00  0.941265E+00  0.616486E+04
  0.356819E+00  0.644624E+04  0.454993E+04  0.413631E+00  0.000000E+00  0.909693E+00  0.611531E+04
  0.358645E+00  0.639595E+04  0.450897E+04  0.382302E+00  0.000000E+00  0.871215E+00  0.606675E+04
  0.360470E+00  0.634653E+04  0.446993E+04  0.185283E+00  0.000000E+00  0.874279E+00  0.601922E+04
  0.362295E+00  0.629798E+04  0.443288E+04  0.469154E-01  0.000000E+00  0.909300E+00  0.597274E+04
  0.364120E+00  0.625032E+04  0.439780E+04  0.117533E+00  0.000000E+00  0.890965E+00  0.592730E+04
  0.365945E+00  0.620354E+04  0.436465E+04  0.246109E+00  0.000000E+00  0.796596E+00  0.588290E+04
  0.367770E+00  0.615763E+04  0.433336E+04  0.219946E+00  0.000000E+00  0.727334E+00  0.583952E+04
  0.369595E+00  0.611256E+04  0.430378E+04  0.963763E-01  0.000000E+00  0.757254E+00  0.579711E+04
  0.371420E+00  0.606830E+04  0.427577E+04  0.125764E+00  0.000000E+00  0.814007E+00  0.575562E+04
  0.373245E+00  0.602480E+04  0.424912E+04  0.387258E+00  0.000000E+00  0.795877E+00  0.571499E+04
  0.375071E+00  0.598201E+04  0.422364E+04  0.656596E+00  0.000000E+00  0.723850E+00  0.567513E+04
  0.376896E+00  0.593989E+04  0.419910E+04  0.666327E+00  0.000000E+00  0.685097E+00  0.563597E+04
  0.378721E+00  0.589838E+04  0.417529E+04  0.400204E+00  0.000000E+00  0.697417E+00  0.559745E+04
  0.380546E+00  0.585743E+04  0.415199E+04  0.858768E-01  0.000000E+00  0.719579E+00  0.555947E+04
  0.382371E+00  0.581700E+04  0.412899E+04 -0.426357E-01  0.000000E+00  0.733268E+00  0.552197E+04
  0.384196E+00  0.577703E+04  0.410610E+04  0.658285E-01  0.000000E+00  0.734574E+00  0.548489E+04
  0.386021E+00  0.573748E+04  0.408313E+04  0.277508E+00  0.000000E+00  0.705745E+00  0.544814E+04
  0.387846E+00  0.569831E+04  0.405992E+04  0.405997E+00  0.000000E+00  0.663619E+00  0.541167E+04
  0.389672E+00  0.565947E+04  0.403634E+04  0.363274E+00  0.000000E+00  0.665491E+00  0.537541E+04
  0.391497E+00  0.562092E+04  0.401229E+04  0.220490E+00  0.000000E+00  0.705427E+00  0.533934E+04
  0.393322E+00  0.558265E+04  0.398768E+04  0.122636E+00  0.000000E+00  0.692620E+00  0.530340E+04
  0.395147E+00  0.554462E+04  0.396247E+04  0.133874E+00  0.000000E+00  0.601216E+00  0.526758E+04
  0.396972E+00  0.550683E+04  0.393665E+04  0.184880E+00  0.000000E+00  0.539684E+00  0.523186E+04
  0.398797E+00  0.546928E+04  0.391023E+04  0.183842E+00  0.000000E+00  0.584230E+00  0.519625E+04
  0.400622E+00  0.543196E+04  0.388326E+04  0.141641E+00  0.000000E+00  0.646930E+00  0.516075E+04
  0.402447E+00  0.539488E+04  0.385578E+04  0.144565E+00  0.000000E+00  0.617137E+00  0.512537E+04
  0.404272E+00  0.535803E+04  0.382787E+04  0.225078E+00  0.000000E+00  0.540880E+00  0.509012E+04
  0.406098E+00  0.532142E+04  0.379962E+04  0.319755E+00  0.000000E+00  0.535504E+00  0.505502E+04
  0.407923E+00  0.528508E+04  0.377113E+04  0.361838E+00  0.000000E+00  0.597235E+00  0.502009E+04
  0.409748E+00  0.524900E+04  0.374252E+04  0.356417E+00  0.000000E+00  0.622276E+00  0.498538E+04
  0.411573E+00  0.521322E+04  0.371392E+04  0.332564E+00  0.000000E+00  0.574245E+00  0.495092E+04
  0.413398E+00  0.517776E+04  0.368543E+04  0.273066E+00  0.000000E+00  0.514229E+00  0.491674E+04
  0.415223E+00  0.514264E+04  0.365718E+04  0.154882E+00  0.000000E+00  0.491783E+00  0.488288E+04
  0.417048E+00  0.510788E+04  0.362929E+04  0.388555E-01  0.000000E+00  0.501480E+00  0.484938E+04
  0.418873E+00  0.507349E+04  0.360184E+04  0.401000E-01  0.000000E+00  0.524643E+00  0.481627E+04
  0.420699E+00  0.503950E+04  0.357493E+04  0.180149E+00  0.000000E+00  0.538689E+00  0.478357E+04
  0.422524E+00  0.500590E+04  0.354863E+04  0.323601E+00  0.000000E+00  0.513601E+00  0.475130E+04
  0.424349E+00  0.497272E+04  0.352299E+04  0.316234E+00  0.000000E+00  0.460079E+00  0.471947E+04
  0.426174E+00  0.493996E+04  0.349807E+04  0.165672E+00  0.000000E+00  0.440706E+00  0.468812E+04
  0.427999E+00  0.490763E+04  0.347388E+04  0.309030E-01  0.000000E+00  0.478521E+00  0.465723E+04
  0.429824E+00  0.487573E+04  0.345046E+04  0.320437E-01  0.000000E+00  0.508657E+00  0.462683E+04
  0.431649E+00  0.484426E+04  0.342778E+04  0.123604E+00  0.000000E+00  0.478900E+00  0.459690E+04
  0.433474E+00  0.481322E+04  0.340583E+04  0.179120E+00  0.000000E+00  0.435211E+00  0.456745E+04
  0.435299E+00  0.478260E+04  0.338458E+04  0.155336E+00  0.000000E+00  0.440182E+00  0.453846E+04
  0.437125E+00  0.475238E+04  0.336397E+04  0.122696E+00  0.000000E+00  0.470265E+00  0.450990E+04
  0.438950E+00  0.472254E+04  0.334395E+04  0.150272E+00  0.000000E+00  0.469345E+00  0.448176E+04
  0.440775E+00  0.469308E+04  0.332446E+04  0.217301E+00  0.000000E+00  0.445717E+00  0.445401E+04
  0.442600E+00  0.466398E+04  0.330543E+04  0.254316E+00  0.000000E+00  0.436413E+00  0.442664E+04
  0.444425E+00  0.463522E+04  0.328679E+04  0.231392E+00  0.000000E+00  0.427579E+00  0.439961E+04
  0.446250E+00  0.460679E+04  0.326847E+04  0.175162E+00  0.000000E+00  0.391651E+00  0.437292E+04
  0.448075E+00  0.457868E+04  0.325040E+04  0.121095E+00  0.000000E+00  0.358818E+00  0.434652E+04
  0.449900E+00  0.455085E+04  0.323252E+04  0.850879E-01  0.000000E+00  0.370878E+00  0.432040E+04
  0.451726E+00  0.452330E+04  0.321474E+04  0.769424E-01  0.000000E+00  0.401114E+00  0.429452E+04
  0.453551E+00  0.449601E+04  0.319702E+04  0.106448E+00  0.000000E+00  0.396766E+00  0.426887E+04
  0.455376E+00  0.446895E+04  0.317930E+04  0.162094E+00  0.000000E+00  0.369181E+00  0.424341E+04
  0.457201E+00  0.444212E+04  0.316155E+04  0.203587E+00  0.000000E+00  0.368012E+00  0.421814E+04
  0.459026E+00  0.441550E+04  0.314371E+04  0.194190E+00  0.000000E+00  0.392273E+00  0.419304E+04
  0.460851E+00  0.438909E+04  0.312578E+04  0.137521E+00  0.000000E+00  0.397799E+00  0.416809E+04
  0.462676E+00  0.436288E+04  0.310775E+04  0.751952E-01  0.000000E+00  0.374431E+00  0.414330E+04
  0.464501E+00  0.433686E+04  0.308959E+04  0.512913E-01  0.000000E+00  0.352505E+00  0.411865E+04
  0.466326E+00  0.431103E+04  0.307133E+04  0.798857E-01  0.000000E+00  0.346143E+00  0.409414E+04
  0.468152E+00  0.428539E+04  0.305296E+04  0.136903E+00  0.000000E+00  0.343748E+00  0.406977E+04
  0.469977E+00  0.425993E+04  0.303450E+04  0.178091E+00  0.000000E+00  0.342067E+00  0.404554E+04
  0.471802E+00  0.423465E+04  0.301598E+04  0.175614E+00  0.000000E+00  0.344376E+00  0.402146E+04
  0.473627E+00  0.420956E+04  0.299742E+04  0.146255E+00  0.000000E+00  0.339571E+00  0.399752E+04
  0.475452E+00  0.418466E+04  0.297887E+04  0.134669E+00  0.000000E+00  0.322283E+00  0.397375E+04
  0.477277E+00  0.415996E+04  0.296036E+04  0.158460E+00  0.000000E+00  0.314510E+00  0.395015E+04
  0.479102E+00  0.413546E+04  0.294193E+04  0.180775E+00  0.000000E+00  0.329748E+00  0.392673E+04
  0.480927E+00  0.411117E+04  0.292361E+04  0.155203E+00  0.000000E+00  0.338963E+00  0.390351E+04
  0.482753E+00  0.408710E+04  0.290545E+04  0.912797E-01  0.000000E+00  0.313440E+00  0.388049E+04
  0.484578E+00  0.406323E+04  0.288746E+04  0.504566E-01  0.000000E+00  0.279417E+00  0.385767E+04
  0.486403E+00  0.403959E+04  0.286969E+04  0.718928E-01  0.000000E+00  0.284150E+00  0.383507E+04
  0.488228E+00  0.401617E+04  0.285215E+04  0.125540E+00  0.000000E+00  0.321674E+00  0.381270E+04
  0.490053E+00  0.399297E+04  0.283488E+04  0.152958E+00  0.000000E+00  0.338254E+00  0.379056E+04
  0.491878E+00  0.397001E+04  0.281789E+04  0.135895E+00  0.000000E+00  0.308203E+00  0.376865E+04
  0.493703E+00  0.394728E+04  0.280120E+04  0.102960E+00  0.000000E+00  0.264720E+00  0.374699E+04
  0.495528E+00  0.392479E+04  0.278482E+04  0.807600E-01  0.000000E+00  0.250645E+00  0.372557E+04
  0.497353E+00  0.390253E+04  0.276875E+04  0.679700E-01  0.000000E+00  0.267772E+00  0.370440E+04
  0.499179E+00  0.388051E+04  0.275298E+04  0.594216E-01  0.000000E+00  0.284082E+00  0.368347E+04
  0.501004E+00  0.385871E+04  0.273752E+04  0.665680E-01  0.000000E+00  0.274579E+00  0.366278E+04
  0.502829E+00  0.383714E+04  0.272234E+04  0.967471E-01  0.000000E+00  0.247365E+00  0.364232E+04
  0.504654E+00  0.381579E+04  0.270743E+04  0.129236E+00  0.000000E+00  0.234052E+00  0.362209E+04
  0.506479E+00  0.379465E+04  0.269278E+04  0.134234E+00  0.000000E+00  0.253781E+00  0.360208E+04
  0.508304E+00  0.377373E+04  0.267836E+04  0.111307E+00  0.000000E+00  0.287004E+00  0.358229E+04
  0.510129E+00  0.375301E+04  0.266416E+04  0.902444E-01  0.000000E+00  0.295168E+00  0.356270E+04
  0.511954E+00  0.373249E+04  0.265014E+04  0.919040E-01  0.000000E+00  0.268579E+00  0.354331E+04
  0.513780E+00  0.371217E+04  0.263630E+04  0.103687E+00  0.000000E+00  0.239160E+00  0.352410E+04
  0.515605E+00  0.369202E+04  0.262260E+04  0.100597E+00  0.000000E+00  0.237767E+00  0.350508E+04
  0.517430E+00  0.367206E+04  0.260901E+04  0.794466E-01  0.000000E+00  0.254875E+00  0.348621E+04
  0.519255E+00  0.365226E+04  0.259552E+04  0.617780E-01  0.000000E+00  0.258295E+00  0.346751E+04
  0.521080E+00  0.363263E+04  0.258212E+04  0.670582E-01  0.000000E+00  0.239044E+00  0.344896E+04
  0.522905E+00  0.361316E+04  0.256877E+04  0.915138E-01  0.000000E+00  0.220363E+00  0.343055E+04
  0.524730E+00  0.359385E+04  0.255548E+04  0.113119E+00  0.000000E+00  0.222210E+00  0.341228E+04
  0.526555E+00  0.357469E+04  0.254222E+04  0.112338E+00  0.000000E+00  0.234576E+00  0.339415E+04
  0.528381E+00  0.355568E+04  0.252900E+04  0.884562E-01  0.000000E+00  0.234851E+00  0.337614E+04
  0.530206E+00  0.353681E+04  0.251579E+04  0.599945E-01  0.000000E+00  0.220693E+00  0.335826E+04
  0.532031E+00  0.351809E+04  0.250261E+04  0.493168E-01  0.000000E+00  0.210735E+00  0.334050E+04
  0.533856E+00  0.349950E+04  0.248945E+04  0.631904E-01  0.000000E+00  0.214952E+00  0.332286E+04
  0.535681E+00  0.348104E+04  0.247631E+04  0.875102E-01  0.000000E+00  0.221290E+00  0.330533E+04
  0.537506E+00  0.346272E+04  0.246319E+04  0.102618E+00  0.000000E+00  0.217478E+00  0.328792E+04
  0.539331E+00  0.344454E+04  0.245011E+04  0.102396E+00  0.000000E+00  0.209922E+00  0.327063E+04
  0.541156E+00  0.342649E+04  0.243707E+04  0.954375E-01  0.000000E+00  0.208926E+00  0.325347E+04
  0.542981E+00  0.340858E+04  0.242409E+04  0.901041E-01  0.000000E+00  0.209370E+00  0.323642E+04
  0.544807E+00  0.339080E+04  0.241117E+04  0.854840E-01  0.000000E+00  0.202269E+00  0.321950E+04
  0.546632E+00  0.337317E+04  0.239832E+04  0.784035E-01  0.000000E+00  0.193618E+00  0.320271E+04
  0.548457E+00  0.335567E+04  0.238556E+04  0.718383E-01  0.000000E+00  0.192869E+00  0.318604E+04
  0.550282E+00  0.333830E+04  0.237289E+04  0.704416E-01  0.000000E+00  0.193250E+00  0.316951E+04
  0.552107E+00  0.332108E+04  0.236033E+04  0.718746E-01  0.000000E+00  0.184704E+00  0.315310E+04
  0.553932E+00  0.330399E+04  0.234788E+04  0.699984E-01  0.000000E+00  0.176975E+00  0.313683E+04
  0.555757E+00  0.328705E+04  0.233555E+04  0.657277E-01  0.000000E+00  0.185885E+00  0.312071E+04
  0.557582E+00  0.327025E+04  0.232336E+04  0.669131E-01  0.000000E+00  0.203525E+00  0.310472E+04
  0.559408E+00  0.325359E+04  0.231131E+04  0.750142E-01  0.000000E+00  0.207100E+00  0.308887E+04
  0.561233E+00  0.323708E+04  0.229939E+04  0.788283E-01  0.000000E+00  0.193325E+00  0.307316E+04
  0.563058E+00  0.322070E+04  0.228762E+04  0.677189E-01  0.000000E+00  0.180335E+00  0.305759E+04
  0.564883E+00  0.320446E+04  0.227599E+04  0.479185E-01  0.000000E+00  0.178717E+00  0.304216E+04
  0.566708E+00  0.318836E+04  0.226449E+04  0.383358E-01  0.000000E+00  0.182599E+00  0.302686E+04
  0.568533E+00  0.317239E+04  0.225314E+04  0.490972E-01  0.000000E+00  0.185275E+00  0.301170E+04
  0.570358E+00  0.315656E+04  0.224193E+04  0.696762E-01  0.000000E+00  0.183155E+00  0.299668E+04
  0.572183E+00  0.314087E+04  0.223085E+04  0.811632E-01  0.000000E+00  0.170881E+00  0.298179E+04
  0.574008E+00  0.312531E+04  0.221989E+04  0.765149E-01  0.000000E+00  0.152750E+00  0.296703E+04
  0.575834E+00  0.310988E+04  0.220906E+04  0.647455E-01  0.000000E+00  0.148510E+00  0.295241E+04
  0.577659E+00  0.309458E+04  0.219834E+04  0.575176E-01  0.000000E+00  0.165451E+00  0.293790E+04
  0.579484E+00  0.307940E+04  0.218773E+04  0.570886E-01  0.000000E+00  0.178310E+00  0.292352E+04
  0.581309E+00  0.306435E+04  0.217721E+04  0.582665E-01  0.000000E+00  0.163643E+00  0.290926E+04
  0.700351E+00  0.228496E+04  0.162399E+04  0.351870E-01  0.000000E+00  0.693628E-01  0.216940E+04
  0.855411E+00  0.165908E+04  0.117937E+04  0.181690E-01  0.000000E+00  0.441911E-01  0.157520E+04
  0.104480E+01  0.119894E+04  0.852346E+03  0.887671E-02  0.000000E+00  0.189016E-01  0.113834E+04
  0.127612E+01  0.862717E+03  0.613358E+03  0.429044E-02  0.000000E+00  0.959185E-02  0.819116E+03
  0.155866E+01  0.618360E+03  0.439653E+03  0.206182E-02  0.000000E+00  0.541940E-02  0.587112E+03
  0.190375E+01  0.441638E+03  0.314017E+03  0.987115E-03  0.000000E+00  0.271626E-02  0.419322E+03
  0.232525E+01  0.314395E+03  0.223552E+03  0.471098E-03  0.000000E+00  0.109623E-02  0.298510E+03
  0.284006E+01  0.223145E+03  0.158673E+03  0.224155E-03  0.000000E+00  0.499998E-03  0.211871E+03
  0.346886E+01  0.157946E+03  0.112314E+03  0.106362E-03  0.000000E+00  0.308116E-03  0.149967E+03
  0.423688E+01  0.111515E+03  0.792987E+02  0.503404E-04  0.000000E+00  0.160288E-03  0.105882E+03
  0.517493E+01  0.785503E+02  0.558579E+02  0.237701E-04  0.000000E+00  0.676894E-04  0.745822E+02
  0.632068E+01  0.552113E+02  0.392612E+02  0.112006E-04  0.000000E+00  0.284520E-04  0.524222E+02
  0.772010E+01  0.387298E+02  0.275406E+02  0.526697E-05  0.000000E+00  0.949520E-05  0.367732E+02
  0.942934E+01  0.271182E+02  0.192830E+02  0.247229E-05  0.000000E+00  0.976777E-05  0.257481E+02
  0.115170E+02  0.189553E+02  0.134778E+02  0.115840E-05  0.000000E+00  0.422024E-05  0.179975E+02
  0.140669E+02  0.132285E+02  0.940485E+01  0.541931E-06  0.000000E+00  0.185728E-05  0.125599E+02
  0.171814E+02  0.921807E+01  0.655258E+01  0.253145E-06  0.000000E+00  0.108647E-05  0.875202E+01
  0.209854E+02  0.641456E+01  0.455860E+01  0.118083E-06  0.000000E+00  0.393438E-06  0.609008E+01
  0.256316E+02  0.445788E+01  0.316685E+01  0.550107E-07  0.000000E+00  0.166959E-06  0.423219E+01
  0.313065E+02  0.309427E+01  0.219690E+01  0.255937E-07  0.000000E+00  0.725799E-07  0.293742E+01
  0.382379E+02  0.214530E+01  0.152183E+01  0.118940E-07  0.000000E+00 -0.357347E-08  0.203635E+01
  0.467038E+02  0.148576E+01  0.105261E+01  0.552124E-08  0.000000E+00  0.109855E-07  0.141009E+01
  0.570442E+02  0.102792E+01  0.726852E+00  0.256018E-08  0.000000E+00  0.129363E-07  0.975353E+00
  0.696740E+02  0.710470E+00  0.500939E+00  0.118592E-08  0.000000E+00  0.109721E-08  0.673914E+00
  0.850999E+02  0.490600E+00  0.344432E+00  0.548743E-09  0.000000E+00  0.212884E-08  0.465127E+00
  0.103941E+03  0.338465E+00  0.236108E+00  0.253638E-09  0.000000E+00 -0.123095E-08  0.320656E+00
