  0.352308E-05  0.121875E+08  0.121875E+08  0.162495E+08  0.162495E+08  0.121899E+08  0.121875E+08
  0.364246E-05  0.121875E+08  0.121875E+08  0.162495E+08  0.162494E+08  0.121899E+08  0.121875E+08
  0.376588E-05  0.121875E+08  0.121875E+08  0.162494E+08  0.162494E+08  0.121899E+08  0.121875E+08
  0.389348E-05  0.121875E+08  0.121875E+08  0.162494E+08  0.162493E+08  0.121899E+08  0.121875E+08
  0.402541E-05  0.121875E+08  0.121875E+08  0.162493E+08  0.162493E+08  0.121899E+08  0.121875E+08
  0.416180E-05  0.121875E+08  0.121875E+08  0.162493E+08  0.162492E+08  0.121899E+08  0.121875E+08
  0.430282E-05  0.121875E+08  0.121875E+08  0.162492E+08  0.162492E+08  0.121899E+08  0.121875E+08
  0.444861E-05  0.121875E+08  0.121875E+08  0.162492E+08  0.162491E+08  0.121899E+08  0.121875E+08
  0.459935E-05  0.121875E+08  0.121875E+08  0.162491E+08  0.162491E+08  0.121899E+08  0.121875E+08
  0.475519E-05  0.121875E+08  0.121875E+08  0.162490E+08  0.162490E+08  0.121899E+08  0.121875E+08
  0.491631E-05  0.121875E+08  0.121875E+08  0.162490E+08  0.162489E+08  0.121899E+08  0.121875E+08
  0.508290E-05  0.121875E+08  0.121875E+08  0.162489E+08  0.162489E+08  0.121899E+08  0.121875E+08
  0.525512E-05  0.121875E+08  0.121875E+08  0.162488E+08  0.162488E+08  0.121899E+08  0.121875E+08
  0.543319E-05  0.121875E+08  0.121875E+08  0.162488E+08  0.162487E+08  0.121899E+08  0.121875E+08
  0.561728E-05  0.121875E+08  0.121875E+08  0.162487E+08  0.162486E+08  0.121899E+08  0.121875E+08
  0.580762E-05  0.121875E+08  0.121875E+08  0.162486E+08  0.162485E+08  0.121899E+08  0.121875E+08
  0.600440E-05  0.121875E+08  0.121875E+08  0.162485E+08  0.162484E+08  0.121899E+08  0.121875E+08
  0.620785E-05  0.121875E+08  0.121875E+08  0.162484E+08  0.162483E+08  0.121899E+08  0.121875E+08
  0.641820E-05  0.121875E+08  0.121875E+08  0.162482E+08  0.162482E+08  0.121899E+08  0.121875E+08
  0.663567E-05  0.121875E+08  0.121875E+08  0.162481E+08  0.162481E+08  0.121899E+08  0.121875E+08
  0.686051E-05  0.121875E+08  0.121875E+08  0.162480E+08  0.162479E+08  0.121899E+08  0.121875E+08
  0.709297E-05  0.121875E+08  0.121875E+08  0.162479E+08  0.162478E+08  0.121899E+08  0.121875E+08
  0.733330E-05  0.121875E+08  0.121875E+08  0.162477E+08  0.162476E+08  0.121899E+08  0.121875E+08
  0.758178E-05  0.121875E+08  0.121875E+08  0.162475E+08  0.162475E+08  0.121899E+08  0.121875E+08
  0.783868E-05  0.121875E+08  0.121875E+08  0.162474E+08  0.162473E+08  0.121899E+08  0.121875E+08
  0.810428E-05  0.121875E+08  0.121875E+08  0.162472E+08  0.162471E+08  0.121899E+08  0.121875E+08
  0.837889E-05  0.121875E+08  0.121875E+08  0.162470E+08  0.162469E+08  0.121899E+08  0.121875E+08
  0.866280E-05  0.121875E+08  0.121875E+08  0.162468E+08  0.162467E+08  0.121899E+08  0.121875E+08
  0.895632E-05  0.121875E+08  0.121875E+08  0.162466E+08  0.162464E+08  0.121899E+08  0.121875E+08
  0.925979E-05  0.121875E+08  0.121875E+08  0.162463E+08  0.162462E+08  0.121898E+08  0.121875E+08
  0.957355E-05  0.121875E+08  0.121875E+08  0.162461E+08  0.162459E+08  0.121898E+08  0.121875E+08
  0.989794E-05  0.121875E+08  0.121875E+08  0.162458E+08  0.162456E+08  0.121898E+08  0.121875E+08
  0.102333E-04  0.121875E+08  0.121875E+08  0.162455E+08  0.162453E+08  0.121898E+08  0.121875E+08
  0.105801E-04  0.121875E+08  0.121875E+08  0.162452E+08  0.162450E+08  0.121898E+08  0.121875E+08
  0.109385E-04  0.121875E+08  0.121875E+08  0.162449E+08  0.162447E+08  0.121898E+08  0.121875E+08
  0.113092E-04  0.121875E+08  0.121875E+08  0.162445E+08  0.162443E+08  0.121898E+08  0.121875E+08
  0.116924E-04  0.121875E+08  0.121875E+08  0.162441E+08  0.162439E+08  0.121898E+08  0.121875E+08
  0.120886E-04  0.121875E+08  0.121875E+08  0.162437E+08  0.162435E+08  0.121898E+08  0.121875E+08
  0.124982E-04  0.121875E+08  0.121875E+08  0.162433E+08  0.162430E+08  0.121898E+08  0.121875E+08
  0.129217E-04  0.121875E+08  0.121875E+08  0.162428E+08  0.162426E+08  0.121898E+08  0.121875E+08
  0.133595E-04  0.121875E+08  0.121875E+08  0.162423E+08  0.162420E+08  0.121898E+08  0.121875E+08
  0.138122E-04  0.121875E+08  0.121875E+08  0.162418E+08  0.162415E+08  0.121898E+08  0.121875E+08
  0.142802E-04  0.121875E+08  0.121875E+08  0.162412E+08  0.162409E+08  0.121898E+08  0.121875E+08
  0.147640E-04  0.121875E+08  0.121875E+08  0.162406E+08  0.162403E+08  0.121898E+08  0.121875E+08
  0.152643E-04  0.121875E+08  0.121875E+08  0.162400E+08  0.162396E+08  0.121898E+08  0.121875E+08
  0.157815E-04  0.121875E+08  0.121875E+08  0.162393E+08  0.162389E+08  0.121898E+08  0.121875E+08
  0.163162E-04  0.121875E+08  0.121875E+08  0.162385E+08  0.162381E+08  0.121898E+08  0.121875E+08
  0.168691E-04  0.121875E+08  0.121875E+08  0.162377E+08  0.162373E+08  0.121897E+08  0.121875E+08
  0.174407E-04  0.121875E+08  0.121875E+08  0.162369E+08  0.162364E+08  0.121897E+08  0.121875E+08
  0.180316E-04  0.121875E+08  0.121875E+08  0.162360E+08  0.162355E+08  0.121897E+08  0.121875E+08
  0.186426E-04  0.121875E+08  0.121875E+08  0.162350E+08  0.162345E+08  0.121897E+08  0.121875E+08
  0.192743E-04  0.121875E+08  0.121875E+08  0.162340E+08  0.162334E+08  0.121897E+08  0.121875E+08
  0.199274E-04  0.121875E+08  0.121875E+08  0.162329E+08  0.162323E+08  0.121897E+08  0.121875E+08
  0.206026E-04  0.121875E+08  0.121875E+08  0.162317E+08  0.162310E+08  0.121897E+08  0.121875E+08
  0.213007E-04  0.121875E+08  0.121875E+08  0.162304E+08  0.162297E+08  0.121897E+08  0.121875E+08
  0.220224E-04  0.121875E+08  0.121875E+08  0.162291E+08  0.162283E+08  0.121896E+08  0.121875E+08
  0.227686E-04  0.121875E+08  0.121875E+08  0.162276E+08  0.162268E+08  0.121896E+08  0.121875E+08
  0.235401E-04  0.121874E+08  0.121874E+08  0.162261E+08  0.162252E+08  0.121896E+08  0.121875E+08
  0.243377E-04  0.121874E+08  0.121874E+08  0.162245E+08  0.162235E+08  0.121896E+08  0.121875E+08
  0.251624E-04  0.121874E+08  0.121874E+08  0.162227E+08  0.162217E+08  0.121896E+08  0.121874E+08
  0.260149E-04  0.121874E+08  0.121874E+08  0.162208E+08  0.162197E+08  0.121895E+08  0.121874E+08
  0.268964E-04  0.121874E+08  0.121874E+08  0.162188E+08  0.162177E+08  0.121895E+08  0.121874E+08
  0.278078E-04  0.121874E+08  0.121874E+08  0.162167E+08  0.162154E+08  0.121895E+08  0.121874E+08
  0.287500E-04  0.121874E+08  0.121874E+08  0.162144E+08  0.162130E+08  0.121895E+08  0.121874E+08
  0.297242E-04  0.121874E+08  0.121874E+08  0.162119E+08  0.162105E+08  0.121894E+08  0.121874E+08
  0.307313E-04  0.121874E+08  0.121874E+08  0.162093E+08  0.162078E+08  0.121894E+08  0.121874E+08
  0.317726E-04  0.121874E+08  0.121874E+08  0.162065E+08  0.162049E+08  0.121894E+08  0.121874E+08
  0.328492E-04  0.121874E+08  0.121874E+08  0.162035E+08  0.162018E+08  0.121893E+08  0.121874E+08
  0.339622E-04  0.121874E+08  0.121874E+08  0.162003E+08  0.161984E+08  0.121893E+08  0.121874E+08
  0.351130E-04  0.121874E+08  0.121874E+08  0.161968E+08  0.161949E+08  0.121893E+08  0.121874E+08
  0.363028E-04  0.121874E+08  0.121873E+08  0.161932E+08  0.161911E+08  0.121892E+08  0.121874E+08
  0.375328E-04  0.121873E+08  0.121873E+08  0.161893E+08  0.161871E+08  0.121892E+08  0.121873E+08
  0.388046E-04  0.121873E+08  0.121873E+08  0.161851E+08  0.161827E+08  0.121891E+08  0.121873E+08
  0.401194E-04  0.121873E+08  0.121873E+08  0.161806E+08  0.161781E+08  0.121891E+08  0.121873E+08
  0.414788E-04  0.121873E+08  0.121873E+08  0.161759E+08  0.161731E+08  0.121890E+08  0.121873E+08
  0.428843E-04  0.121873E+08  0.121873E+08  0.161708E+08  0.161679E+08  0.121890E+08  0.121873E+08
  0.443373E-04  0.121873E+08  0.121873E+08  0.161653E+08  0.161622E+08  0.121889E+08  0.121873E+08
  0.458397E-04  0.121873E+08  0.121872E+08  0.161595E+08  0.161562E+08  0.121888E+08  0.121873E+08
  0.473929E-04  0.121872E+08  0.121872E+08  0.161533E+08  0.161497E+08  0.121887E+08  0.121872E+08
  0.489987E-04  0.121872E+08  0.121872E+08  0.161466E+08  0.161428E+08  0.121887E+08  0.121872E+08
  0.506590E-04  0.121872E+08  0.121872E+08  0.161395E+08  0.161355E+08  0.121886E+08  0.121872E+08
  0.523755E-04  0.121872E+08  0.121872E+08  0.161319E+08  0.161276E+08  0.121885E+08  0.121872E+08
  0.541501E-04  0.121872E+08  0.121871E+08  0.161238E+08  0.161192E+08  0.121884E+08  0.121872E+08
  0.559850E-04  0.121871E+08  0.121871E+08  0.161152E+08  0.161102E+08  0.121883E+08  0.121871E+08
  0.578819E-04  0.121871E+08  0.121871E+08  0.161059E+08  0.161006E+08  0.121882E+08  0.121871E+08
  0.598432E-04  0.121871E+08  0.121871E+08  0.160960E+08  0.160904E+08  0.121881E+08  0.121871E+08
  0.618709E-04  0.121870E+08  0.121870E+08  0.160855E+08  0.160794E+08  0.121879E+08  0.121870E+08
  0.639673E-04  0.121870E+08  0.121870E+08  0.160742E+08  0.160677E+08  0.121878E+08  0.121870E+08
  0.661347E-04  0.121870E+08  0.121870E+08  0.160621E+08  0.160553E+08  0.121876E+08  0.121870E+08
  0.683756E-04  0.121869E+08  0.121869E+08  0.160493E+08  0.160419E+08  0.121875E+08  0.121869E+08
  0.706924E-04  0.121869E+08  0.121869E+08  0.160355E+08  0.160277E+08  0.121873E+08  0.121869E+08
  0.730878E-04  0.121868E+08  0.121868E+08  0.160208E+08  0.160124E+08  0.121872E+08  0.121868E+08
  0.755642E-04  0.121868E+08  0.121868E+08  0.160051E+08  0.159962E+08  0.121870E+08  0.121868E+08
  0.781246E-04  0.121868E+08  0.121867E+08  0.159884E+08  0.159788E+08  0.121868E+08  0.121868E+08
  0.807718E-04  0.121867E+08  0.121867E+08  0.159705E+08  0.159603E+08  0.121865E+08  0.121867E+08
  0.835086E-04  0.121866E+08  0.121866E+08  0.159514E+08  0.159405E+08  0.121863E+08  0.121866E+08
  0.863382E-04  0.121866E+08  0.121866E+08  0.159310E+08  0.159194E+08  0.121861E+08  0.121866E+08
  0.892636E-04  0.121865E+08  0.121865E+08  0.159093E+08  0.158968E+08  0.121858E+08  0.121865E+08
  0.922882E-04  0.121865E+08  0.121864E+08  0.158860E+08  0.158728E+08  0.121855E+08  0.121864E+08
  0.954153E-04  0.121864E+08  0.121863E+08  0.158612E+08  0.158471E+08  0.121852E+08  0.121864E+08
  0.986483E-04  0.121863E+08  0.121863E+08  0.158348E+08  0.158196E+08  0.121849E+08  0.121863E+08
  0.101991E-03  0.121862E+08  0.121862E+08  0.158065E+08  0.157904E+08  0.121846E+08  0.121862E+08
  0.105447E-03  0.121861E+08  0.121861E+08  0.157764E+08  0.157592E+08  0.121842E+08  0.121861E+08
  0.109020E-03  0.121860E+08  0.121860E+08  0.157443E+08  0.157259E+08  0.121838E+08  0.121860E+08
  0.112714E-03  0.121859E+08  0.121859E+08  0.157100E+08  0.156903E+08  0.121834E+08  0.121859E+08
  0.116533E-03  0.121858E+08  0.121858E+08  0.156734E+08  0.156524E+08  0.121829E+08  0.121858E+08
  0.120481E-03  0.121857E+08  0.121856E+08  0.156344E+08  0.156120E+08  0.121825E+08  0.121857E+08
  0.124564E-03  0.121856E+08  0.121855E+08  0.155928E+08  0.155689E+08  0.121819E+08  0.121856E+08
  0.128784E-03  0.121854E+08  0.121854E+08  0.155484E+08  0.155230E+08  0.121814E+08  0.121854E+08
  0.133148E-03  0.121853E+08  0.121852E+08  0.155011E+08  0.154740E+08  0.121808E+08  0.121853E+08
  0.137660E-03  0.121851E+08  0.121851E+08  0.154508E+08  0.154219E+08  0.121802E+08  0.121851E+08
  0.142324E-03  0.121850E+08  0.121849E+08  0.153971E+08  0.153663E+08  0.121795E+08  0.121850E+08
  0.147146E-03  0.121848E+08  0.121847E+08  0.153399E+08  0.153071E+08  0.121788E+08  0.121848E+08
  0.152132E-03  0.121846E+08  0.121845E+08  0.152790E+08  0.152440E+08  0.121780E+08  0.121846E+08
  0.157287E-03  0.121844E+08  0.121843E+08  0.152142E+08  0.151769E+08  0.121772E+08  0.121844E+08
  0.162617E-03  0.121842E+08  0.121841E+08  0.151452E+08  0.151054E+08  0.121764E+08  0.121842E+08
  0.168127E-03  0.121840E+08  0.121839E+08  0.150717E+08  0.150294E+08  0.121754E+08  0.121839E+08
  0.173823E-03  0.121837E+08  0.121836E+08  0.149936E+08  0.149486E+08  0.121744E+08  0.121837E+08
  0.179713E-03  0.121835E+08  0.121834E+08  0.149105E+08  0.148626E+08  0.121734E+08  0.121834E+08
  0.185802E-03  0.121832E+08  0.121831E+08  0.148222E+08  0.147712E+08  0.121722E+08  0.121831E+08
  0.192098E-03  0.121829E+08  0.121828E+08  0.147283E+08  0.146741E+08  0.121710E+08  0.121828E+08
  0.198607E-03  0.121826E+08  0.121824E+08  0.146287E+08  0.145710E+08  0.121697E+08  0.121825E+08
  0.205337E-03  0.121823E+08  0.121821E+08  0.145228E+08  0.144616E+08  0.121684E+08  0.121822E+08
  0.212294E-03  0.121819E+08  0.121817E+08  0.144105E+08  0.143454E+08  0.121669E+08  0.121818E+08
  0.219487E-03  0.121815E+08  0.121813E+08  0.142914E+08  0.142222E+08  0.121653E+08  0.121814E+08
  0.226924E-03  0.121811E+08  0.121809E+08  0.141650E+08  0.140917E+08  0.121636E+08  0.121810E+08
  0.234613E-03  0.121807E+08  0.121805E+08  0.140312E+08  0.139534E+08  0.121618E+08  0.121806E+08
  0.242563E-03  0.121802E+08  0.121800E+08  0.138895E+08  0.138070E+08  0.121599E+08  0.121801E+08
  0.250782E-03  0.121797E+08  0.121795E+08  0.137396E+08  0.136521E+08  0.121578E+08  0.121796E+08
  0.259279E-03  0.121792E+08  0.121789E+08  0.135810E+08  0.134884E+08  0.121557E+08  0.121790E+08
  0.268065E-03  0.121786E+08  0.121783E+08  0.134135E+08  0.133154E+08  0.121533E+08  0.121785E+08
  0.277148E-03  0.121780E+08  0.121777E+08  0.132366E+08  0.131329E+08  0.121508E+08  0.121779E+08
  0.286538E-03  0.121774E+08  0.121770E+08  0.130501E+08  0.129404E+08  0.121482E+08  0.121772E+08
  0.296247E-03  0.121767E+08  0.121763E+08  0.128535E+08  0.127376E+08  0.121453E+08  0.121765E+08
  0.306285E-03  0.121759E+08  0.121756E+08  0.126465E+08  0.125242E+08  0.121423E+08  0.121757E+08
  0.316663E-03  0.121751E+08  0.121748E+08  0.124288E+08  0.122999E+08  0.121390E+08  0.121750E+08
  0.327393E-03  0.121743E+08  0.121739E+08  0.122002E+08  0.120644E+08  0.121355E+08  0.121741E+08
  0.338486E-03  0.121734E+08  0.121730E+08  0.119604E+08  0.118175E+08  0.121319E+08  0.121732E+08
  0.349956E-03  0.121725E+08  0.121720E+08  0.117091E+08  0.115589E+08  0.121279E+08  0.121722E+08
  0.361813E-03  0.121714E+08  0.121710E+08  0.114462E+08  0.112885E+08  0.121237E+08  0.121712E+08
  0.374073E-03  0.121704E+08  0.121698E+08  0.111715E+08  0.110062E+08  0.121192E+08  0.121701E+08
  0.386748E-03  0.121692E+08  0.121687E+08  0.108851E+08  0.107120E+08  0.121144E+08  0.121689E+08
  0.399852E-03  0.121680E+08  0.121674E+08  0.105870E+08  0.104060E+08  0.121093E+08  0.121677E+08
  0.413401E-03  0.121667E+08  0.121660E+08  0.102773E+08  0.100883E+08  0.121038E+08  0.121663E+08
  0.427408E-03  0.121653E+08  0.121646E+08  0.995611E+07  0.975918E+07  0.120980E+08  0.121649E+08
  0.441890E-03  0.121638E+08  0.121631E+08  0.962387E+07  0.941901E+07  0.120918E+08  0.121634E+08
  0.456863E-03  0.121622E+08  0.121615E+08  0.928098E+07  0.906829E+07  0.120852E+08  0.121618E+08
  0.472343E-03  0.121605E+08  0.121597E+08  0.892803E+07  0.870766E+07  0.120782E+08  0.121601E+08
  0.488348E-03  0.121588E+08  0.121579E+08  0.856572E+07  0.833793E+07  0.120707E+08  0.121583E+08
  0.504895E-03  0.121569E+08  0.121560E+08  0.819495E+07  0.796004E+07  0.120627E+08  0.121564E+08
  0.522003E-03  0.121548E+08  0.121539E+08  0.781673E+07  0.757512E+07  0.120542E+08  0.121543E+08
  0.539690E-03  0.121527E+08  0.121517E+08  0.743230E+07  0.718450E+07  0.120451E+08  0.121521E+08
  0.557977E-03  0.121504E+08  0.121493E+08  0.704304E+07  0.678966E+07  0.120355E+08  0.121498E+08
  0.576883E-03  0.121480E+08  0.121469E+08  0.665052E+07  0.639228E+07  0.120252E+08  0.121473E+08
  0.596430E-03  0.121454E+08  0.121442E+08  0.625650E+07  0.599423E+07  0.120143E+08  0.121447E+08
  0.616639E-03  0.121427E+08  0.121414E+08  0.586289E+07  0.559756E+07  0.120027E+08  0.121420E+08
  0.637533E-03  0.121398E+08  0.121385E+08  0.547179E+07  0.520447E+07  0.119903E+08  0.121390E+08
  0.659135E-03  0.121367E+08  0.121353E+08  0.508544E+07  0.481731E+07  0.119772E+08  0.121359E+08
  0.681469E-03  0.121334E+08  0.121320E+08  0.470617E+07  0.443853E+07  0.119633E+08  0.121326E+08
  0.704560E-03  0.121300E+08  0.121284E+08  0.433642E+07  0.407068E+07  0.119484E+08  0.121291E+08
  0.728433E-03  0.121263E+08  0.121247E+08  0.397867E+07  0.371632E+07  0.119327E+08  0.121253E+08
  0.753115E-03  0.121224E+08  0.121208E+08  0.363539E+07  0.337799E+07  0.119160E+08  0.121214E+08
  0.778633E-03  0.121183E+08  0.121166E+08  0.330896E+07  0.305813E+07  0.118983E+08  0.121172E+08
  0.805016E-03  0.121140E+08  0.121122E+08  0.300164E+07  0.275903E+07  0.118795E+08  0.121128E+08
  0.832293E-03  0.121094E+08  0.121075E+08  0.271546E+07  0.248270E+07  0.118596E+08  0.121082E+08
  0.860494E-03  0.121046E+08  0.121026E+08  0.245217E+07  0.223083E+07  0.118385E+08  0.121033E+08
  0.889651E-03  0.120994E+08  0.120973E+08  0.221311E+07  0.200470E+07  0.118161E+08  0.120981E+08
  0.919795E-03  0.120940E+08  0.120919E+08  0.199917E+07  0.180505E+07  0.117925E+08  0.120926E+08
  0.950961E-03  0.120883E+08  0.120861E+08  0.181069E+07  0.163205E+07  0.117675E+08  0.120868E+08
  0.983184E-03  0.120823E+08  0.120800E+08  0.164741E+07  0.148520E+07  0.117411E+08  0.120807E+08
  0.101650E-02  0.120760E+08  0.120735E+08  0.150841E+07  0.136332E+07  0.117131E+08  0.120742E+08
  0.105094E-02  0.120693E+08  0.120668E+08  0.139211E+07  0.126452E+07  0.116837E+08  0.120675E+08
  0.108655E-02  0.120623E+08  0.120597E+08  0.129628E+07  0.118622E+07  0.116526E+08  0.120603E+08
  0.112337E-02  0.120548E+08  0.120522E+08  0.121811E+07  0.112525E+07  0.116199E+08  0.120528E+08
  0.116143E-02  0.120471E+08  0.120443E+08  0.115427E+07  0.107790E+07  0.115854E+08  0.120449E+08
  0.120078E-02  0.120389E+08  0.120361E+08  0.110112E+07  0.104020E+07  0.115491E+08  0.120366E+08
  0.124147E-02  0.120303E+08  0.120274E+08  0.105486E+07  0.100801E+07  0.115109E+08  0.120279E+08
  0.128354E-02  0.120212E+08  0.120183E+08  0.101182E+07  0.977369E+06  0.114709E+08  0.120187E+08
  0.132703E-02  0.120117E+08  0.120087E+08  0.968653E+06  0.944744E+06  0.114288E+08  0.120091E+08
  0.137199E-02  0.120017E+08  0.119987E+08  0.922646E+06  0.907301E+06  0.113848E+08  0.119990E+08
  0.141848E-02  0.119913E+08  0.119882E+08  0.871950E+06  0.863164E+06  0.113386E+08  0.119883E+08
  0.146654E-02  0.119803E+08  0.119771E+08  0.815765E+06  0.811610E+06  0.112904E+08  0.119772E+08
  0.151623E-02  0.119688E+08  0.119656E+08  0.754439E+06  0.753156E+06  0.112400E+08  0.119656E+08
  0.156761E-02  0.119567E+08  0.119535E+08  0.689446E+06  0.689524E+06  0.111873E+08  0.119533E+08
  0.162073E-02  0.119440E+08  0.119408E+08  0.623222E+06  0.623449E+06  0.111325E+08  0.119405E+08
  0.167564E-02  0.119308E+08  0.119276E+08  0.558849E+06  0.558337E+06  0.110754E+08  0.119271E+08
  0.173242E-02  0.119169E+08  0.119137E+08  0.499617E+06  0.497787E+06  0.110160E+08  0.119131E+08
  0.179112E-02  0.119024E+08  0.118991E+08  0.448487E+06  0.445027E+06  0.109544E+08  0.118984E+08
  0.185181E-02  0.118872E+08  0.118839E+08  0.407556E+06  0.402350E+06  0.108905E+08  0.118830E+08
  0.191456E-02  0.118713E+08  0.118680E+08  0.377593E+06  0.370652E+06  0.108243E+08  0.118669E+08
  0.197943E-02  0.118547E+08  0.118514E+08  0.357787E+06  0.349180E+06  0.107559E+08  0.118501E+08
  0.204650E-02  0.118373E+08  0.118341E+08  0.345764E+06  0.335585E+06  0.106853E+08  0.118325E+08
  0.211584E-02  0.118192E+08  0.118159E+08  0.337962E+06  0.326328E+06  0.106125E+08  0.118142E+08
  0.218753E-02  0.118003E+08  0.117970E+08  0.330314E+06  0.317411E+06  0.105376E+08  0.117951E+08
  0.226165E-02  0.117805E+08  0.117772E+08  0.319157E+06  0.305298E+06  0.104606E+08  0.117751E+08
  0.233829E-02  0.117599E+08  0.117566E+08  0.302140E+06  0.287825E+06  0.103816E+08  0.117542E+08
  0.241752E-02  0.117384E+08  0.117351E+08  0.278893E+06  0.264822E+06  0.103005E+08  0.117325E+08
  0.249943E-02  0.117160E+08  0.117126E+08  0.251192E+06  0.238203E+06  0.102176E+08  0.117099E+08
  0.258412E-02  0.116926E+08  0.116892E+08  0.222477E+06  0.211399E+06  0.101329E+08  0.116863E+08
  0.267168E-02  0.116683E+08  0.116649E+08  0.196758E+06  0.188211E+06  0.100463E+08  0.116617E+08
  0.276221E-02  0.116429E+08  0.116395E+08  0.177214E+06  0.171402E+06  0.995804E+07  0.116361E+08
  0.285580E-02  0.116166E+08  0.116131E+08  0.164957E+06  0.161561E+06  0.986806E+07  0.116095E+08
  0.295257E-02  0.115893E+08  0.115857E+08  0.158530E+06  0.156751E+06  0.978612E+07  0.115820E+08
  0.305261E-02  0.115607E+08  0.115571E+08  0.154464E+06  0.153257E+06  0.969275E+07  0.115532E+08
  0.315604E-02  0.115311E+08  0.115274E+08  0.148862E+06  0.147265E+06  0.959761E+07  0.115233E+08
  0.326298E-02  0.115003E+08  0.114966E+08  0.139313E+06  0.136754E+06  0.950067E+07  0.114923E+08
  0.337354E-02  0.114684E+08  0.114645E+08  0.126211E+06  0.122609E+06  0.940189E+07  0.114601E+08
  0.348785E-02  0.114352E+08  0.114313E+08  0.112553E+06  0.108170E+06  0.930124E+07  0.114267E+08
  0.360603E-02  0.114008E+08  0.113968E+08  0.102111E+06  0.972249E+05  0.919864E+07  0.113920E+08
  0.372822E-02  0.113651E+08  0.113610E+08  0.968705E+05  0.915196E+05  0.909108E+07  0.113560E+08
  0.385454E-02  0.113281E+08  0.113239E+08  0.954481E+05  0.894647E+05  0.898415E+07  0.113187E+08
  0.398515E-02  0.112898E+08  0.112855E+08  0.938284E+05  0.872001E+05  0.887510E+07  0.112801E+08
  0.412018E-02  0.112501E+08  0.112457E+08  0.882912E+05  0.815553E+05  0.876387E+07  0.112401E+08
  0.425979E-02  0.112090E+08  0.112045E+08  0.784508E+05  0.726910E+05  0.865043E+07  0.111988E+08
  0.440412E-02  0.111665E+08  0.111619E+08  0.677322E+05  0.639957E+05  0.853476E+07  0.111560E+08
  0.455335E-02  0.111225E+08  0.111178E+08  0.604038E+05  0.589126E+05  0.841786E+07  0.111117E+08
  0.470764E-02  0.110770E+08  0.110722E+08  0.575602E+05  0.574552E+05  0.829789E+07  0.110659E+08
  0.486715E-02  0.110300E+08  0.110250E+08  0.561121E+05  0.561174E+05  0.817576E+07  0.110186E+08
  0.503206E-02  0.109815E+08  0.109763E+08  0.523068E+05  0.517707E+05  0.805152E+07  0.109698E+08
  0.520257E-02  0.109313E+08  0.109260E+08  0.461607E+05  0.453933E+05  0.792526E+07  0.109193E+08
  0.537885E-02  0.108796E+08  0.108741E+08  0.412734E+05  0.408316E+05  0.779672E+07  0.108672E+08
  0.556111E-02  0.108261E+08  0.108205E+08  0.396926E+05  0.396148E+05  0.766655E+07  0.108135E+08
  0.574954E-02  0.107710E+08  0.107651E+08  0.386750E+05  0.388080E+05  0.753456E+07  0.107580E+08
  0.594435E-02  0.107142E+08  0.107081E+08  0.347504E+05  0.360633E+05  0.740082E+07  0.107009E+08
  0.614577E-02  0.106556E+08  0.106493E+08  0.296476E+05  0.328208E+05  0.726540E+07  0.106420E+08
  0.635401E-02  0.105952E+08  0.105887E+08  0.280132E+05  0.000000E+00  0.712850E+07  0.105813E+08
  0.656931E-02  0.105330E+08  0.105263E+08  0.293748E+05  0.000000E+00  0.699004E+07  0.105188E+08
  0.679190E-02  0.104690E+08  0.104620E+08  0.284766E+05  0.000000E+00  0.685025E+07  0.104544E+08
  0.702203E-02  0.104031E+08  0.103958E+08  0.248348E+05  0.000000E+00  0.670929E+07  0.103882E+08
  0.725996E-02  0.103353E+08  0.103276E+08  0.234836E+05  0.000000E+00  0.656733E+07  0.103200E+08
  0.750596E-02  0.102655E+08  0.102576E+08  0.242553E+05  0.000000E+00  0.642458E+07  0.102499E+08
  0.776029E-02  0.101937E+08  0.101855E+08  0.220465E+05  0.000000E+00  0.628117E+07  0.101779E+08
  0.802324E-02  0.101200E+08  0.101114E+08  0.183393E+05  0.000000E+00  0.613715E+07  0.101038E+08
  0.829509E-02  0.100442E+08  0.100352E+08  0.172764E+05  0.000000E+00  0.599253E+07  0.100277E+08
  0.857616E-02  0.996632E+07  0.995692E+07  0.158386E+05  0.000000E+00  0.584723E+07  0.994952E+07
  0.886675E-02  0.988634E+07  0.987653E+07  0.141092E+05  0.000000E+00  0.570118E+07  0.986923E+07
  0.916719E-02  0.980424E+07  0.979398E+07  0.145066E+05  0.000000E+00  0.555440E+07  0.978682E+07
  0.947781E-02  0.971997E+07  0.970924E+07  0.135894E+05  0.000000E+00  0.540704E+07  0.970224E+07
  0.979895E-02  0.963350E+07  0.962227E+07  0.118724E+05  0.000000E+00  0.525943E+07  0.961547E+07
  0.101310E-01  0.954481E+07  0.953305E+07  0.119200E+05  0.000000E+00  0.511199E+07  0.952647E+07
  0.104742E-01  0.945385E+07  0.944154E+07  0.986678E+04  0.000000E+00  0.496516E+07  0.943522E+07
  0.108292E-01  0.936061E+07  0.934770E+07  0.883259E+04  0.000000E+00  0.481924E+07  0.934169E+07
  0.111961E-01  0.926504E+07  0.925152E+07  0.915838E+04  0.000000E+00  0.467429E+07  0.924584E+07
  0.115754E-01  0.916714E+07  0.915297E+07  0.796122E+04  0.000000E+00  0.453020E+07  0.914766E+07
  0.119677E-01  0.906686E+07  0.905201E+07  0.788859E+04  0.000000E+00  0.438678E+07  0.904712E+07
  0.123732E-01  0.896419E+07  0.894861E+07  0.684971E+04  0.000000E+00  0.424394E+07  0.894418E+07
  0.127924E-01  0.885909E+07  0.884276E+07  0.655873E+04  0.000000E+00  0.410180E+07  0.883883E+07
  0.132259E-01  0.875154E+07  0.873442E+07  0.536647E+04  0.000000E+00  0.396068E+07  0.873104E+07
  0.136740E-01  0.864153E+07  0.862358E+07  0.536792E+04  0.000000E+00  0.382093E+07  0.862078E+07
  0.141373E-01  0.852903E+07  0.851022E+07  0.480943E+04  0.000000E+00  0.368284E+07  0.850805E+07
  0.146164E-01  0.841402E+07  0.839431E+07  0.497185E+04  0.000000E+00  0.354655E+07  0.839283E+07
  0.151116E-01  0.829651E+07  0.827586E+07  0.408213E+04  0.000000E+00  0.341209E+07  0.827511E+07
  0.156237E-01  0.817648E+07  0.815486E+07  0.381489E+04  0.000000E+00  0.327948E+07  0.815488E+07
  0.161530E-01  0.805393E+07  0.803130E+07  0.337497E+04  0.000000E+00  0.314873E+07  0.803214E+07
  0.167004E-01  0.792887E+07  0.790519E+07  0.326050E+04  0.000000E+00  0.301989E+07  0.790691E+07
  0.172662E-01  0.780132E+07  0.777655E+07  0.331820E+04  0.000000E+00  0.289310E+07  0.777918E+07
  0.178513E-01  0.767128E+07  0.764540E+07  0.255839E+04  0.000000E+00  0.276856E+07  0.764900E+07
  0.184562E-01  0.753880E+07  0.751177E+07  0.232975E+04  0.000000E+00  0.264646E+07  0.751638E+07
  0.190815E-01  0.740392E+07  0.737572E+07  0.252330E+04  0.000000E+00  0.252680E+07  0.738137E+07
  0.197281E-01  0.726669E+07  0.723729E+07  0.223774E+04  0.000000E+00  0.240959E+07  0.724403E+07
  0.203965E-01  0.712718E+07  0.709657E+07  0.174899E+04  0.000000E+00  0.229503E+07  0.710442E+07
  0.210876E-01  0.698548E+07  0.695364E+07  0.172269E+04  0.000000E+00  0.218339E+07  0.696264E+07
  0.218022E-01  0.684169E+07  0.680861E+07  0.164258E+04  0.000000E+00  0.207473E+07  0.681879E+07
  0.225409E-01  0.669593E+07  0.666161E+07  0.152904E+04  0.000000E+00  0.196894E+07  0.667298E+07
  0.233047E-01  0.654834E+07  0.651279E+07  0.140044E+04  0.000000E+00  0.186607E+07  0.652537E+07
  0.240943E-01  0.639910E+07  0.636233E+07  0.123476E+04  0.000000E+00  0.176632E+07  0.637612E+07
  0.249107E-01  0.624838E+07  0.621042E+07  0.105984E+04  0.000000E+00  0.166982E+07  0.622542E+07
  0.257548E-01  0.609642E+07  0.605730E+07  0.102065E+04  0.000000E+00  0.157659E+07  0.607350E+07
  0.266274E-01  0.594344E+07  0.590321E+07  0.919002E+03  0.000000E+00  0.148658E+07  0.592058E+07
  0.275297E-01  0.578973E+07  0.574845E+07  0.852812E+03  0.000000E+00  0.139984E+07  0.576696E+07
  0.284625E-01  0.563559E+07  0.559333E+07  0.820313E+03  0.000000E+00  0.131646E+07  0.561292E+07
  0.294269E-01  0.548134E+07  0.543819E+07  0.678539E+03  0.000000E+00  0.123644E+07  0.545881E+07
  0.304240E-01  0.532735E+07  0.528342E+07  0.658811E+03  0.000000E+00  0.115975E+07  0.530499E+07
  0.314549E-01  0.517400E+07  0.512942E+07  0.579267E+03  0.000000E+00  0.108648E+07  0.515184E+07
  0.325207E-01  0.502172E+07  0.497662E+07  0.546138E+03  0.000000E+00  0.101658E+07  0.499978E+07
  0.336226E-01  0.487093E+07  0.482546E+07  0.471911E+03  0.000000E+00  0.950076E+06  0.484925E+07
  0.347618E-01  0.472209E+07  0.467642E+07  0.439356E+03  0.000000E+00  0.887045E+06  0.470070E+07
  0.359397E-01  0.457566E+07  0.452999E+07  0.384561E+03  0.000000E+00  0.827403E+06  0.455459E+07
  0.371575E-01  0.443212E+07  0.438663E+07  0.372985E+03  0.000000E+00  0.771048E+06  0.441140E+07
  0.384165E-01  0.429192E+07  0.424684E+07  0.332451E+03  0.000000E+00  0.717978E+06  0.427159E+07
  0.397182E-01  0.415552E+07  0.411107E+07  0.289927E+03  0.000000E+00  0.668123E+06  0.413561E+07
  0.410640E-01  0.402333E+07  0.397975E+07  0.252044E+03  0.000000E+00  0.621400E+06  0.400388E+07
  0.424554E-01  0.389575E+07  0.385327E+07  0.234646E+03  0.000000E+00  0.577721E+06  0.387678E+07
  0.438939E-01  0.377310E+07  0.373194E+07  0.207924E+03  0.000000E+00  0.536948E+06  0.375464E+07
  0.453571E-01  0.365746E+07  0.361783E+07  0.209469E+03  0.000000E+00  0.499592E+06  0.363953E+07
  0.468202E-01  0.355043E+07  0.351247E+07  0.169202E+03  0.000000E+00  0.465887E+06  0.353303E+07
  0.482833E-01  0.345137E+07  0.341521E+07  0.168085E+03  0.000000E+00  0.435422E+06  0.343451E+07
  0.497465E-01  0.335966E+07  0.332537E+07  0.145825E+03  0.000000E+00  0.407829E+06  0.334333E+07
  0.512096E-01  0.327462E+07  0.324226E+07  0.137709E+03  0.000000E+00  0.382763E+06  0.325882E+07
  0.526727E-01  0.319561E+07  0.316520E+07  0.127806E+03  0.000000E+00  0.359929E+06  0.318032E+07
  0.541358E-01  0.312196E+07  0.309348E+07  0.119568E+03  0.000000E+00  0.339067E+06  0.310716E+07
  0.555990E-01  0.305302E+07  0.302645E+07  0.102840E+03  0.000000E+00  0.319947E+06  0.303871E+07
  0.570621E-01  0.298819E+07  0.296346E+07  0.897186E+02  0.000000E+00  0.302351E+06  0.297434E+07
  0.585252E-01  0.292686E+07  0.290389E+07  0.957836E+02  0.000000E+00  0.286112E+06  0.291345E+07
  0.599884E-01  0.286848E+07  0.284716E+07  0.880594E+02  0.000000E+00  0.271062E+06  0.285549E+07
  0.614515E-01  0.281254E+07  0.279274E+07  0.767865E+02  0.000000E+00  0.257066E+06  0.279994E+07
  0.629146E-01  0.275857E+07  0.274015E+07  0.771173E+02  0.000000E+00  0.244002E+06  0.274634E+07
  0.643778E-01  0.270614E+07  0.268896E+07  0.736238E+02  0.000000E+00  0.231771E+06  0.269425E+07
  0.658409E-01  0.265489E+07  0.263880E+07  0.645189E+02  0.000000E+00  0.220279E+06  0.264332E+07
  0.673040E-01  0.260450E+07  0.258934E+07  0.694891E+02  0.000000E+00  0.209450E+06  0.259322E+07
  0.687672E-01  0.255473E+07  0.254032E+07  0.598644E+02  0.000000E+00  0.199224E+06  0.254371E+07
  0.702303E-01  0.250535E+07  0.249155E+07  0.578832E+02  0.000000E+00  0.189540E+06  0.249458E+07
  0.716934E-01  0.245623E+07  0.244288E+07  0.556065E+02  0.000000E+00  0.180357E+06  0.244567E+07
  0.731566E-01  0.240724E+07  0.239420E+07  0.494142E+02  0.000000E+00  0.171634E+06  0.239689E+07
  0.746197E-01  0.235835E+07  0.234547E+07  0.462065E+02  0.000000E+00  0.163340E+06  0.234817E+07
  0.760828E-01  0.230952E+07  0.229669E+07  0.512073E+02  0.000000E+00  0.155447E+06  0.229950E+07
  0.775459E-01  0.226076E+07  0.224787E+07  0.442592E+02  0.000000E+00  0.147933E+06  0.225089E+07
  0.790091E-01  0.221216E+07  0.219912E+07  0.396089E+02  0.000000E+00  0.140782E+06  0.220242E+07
  0.804722E-01  0.216381E+07  0.215053E+07  0.432461E+02  0.000000E+00  0.133975E+06  0.215418E+07
  0.819353E-01  0.211581E+07  0.210223E+07  0.307056E+02  0.000000E+00  0.127503E+06  0.210629E+07
  0.833985E-01  0.206830E+07  0.205438E+07  0.259923E+02  0.000000E+00  0.121352E+06  0.205888E+07
  0.848616E-01  0.202142E+07  0.200713E+07  0.394053E+02  0.000000E+00  0.115514E+06  0.201210E+07
  0.863247E-01  0.197532E+07  0.196065E+07  0.237469E+02  0.000000E+00  0.109977E+06  0.196609E+07
  0.877879E-01  0.193015E+07  0.191510E+07  0.174363E+02  0.000000E+00  0.104735E+06  0.192101E+07
  0.892510E-01  0.188606E+07  0.187065E+07  0.257542E+02  0.000000E+00  0.997768E+05  0.187701E+07
  0.907141E-01  0.184319E+07  0.182745E+07  0.228006E+02  0.000000E+00  0.950946E+05  0.183423E+07
  0.921773E-01  0.180168E+07  0.178565E+07  0.223499E+02  0.000000E+00  0.906804E+05  0.179282E+07
  0.940024E-01  0.175199E+07  0.173567E+07  0.198176E+02  0.000000E+00  0.855335E+05  0.174324E+07
  0.958275E-01  0.170478E+07  0.168827E+07  0.205622E+02  0.000000E+00  0.807691E+05  0.169616E+07
  0.976526E-01  0.166021E+07  0.164361E+07  0.246235E+02  0.000000E+00  0.763675E+05  0.165173E+07
  0.994777E-01  0.161837E+07  0.160179E+07  0.211629E+02  0.000000E+00  0.723068E+05  0.161003E+07
  0.101303E+00  0.157930E+07  0.156286E+07  0.128744E+02  0.000000E+00  0.685668E+05  0.157111E+07
  0.103128E+00  0.154299E+07  0.152680E+07  0.143775E+02  0.000000E+00  0.651228E+05  0.153496E+07
  0.104953E+00  0.150937E+07  0.149354E+07  0.178476E+02  0.000000E+00  0.619540E+05  0.150151E+07
  0.106778E+00  0.147833E+07  0.146295E+07  0.131698E+02  0.000000E+00  0.590362E+05  0.147065E+07
  0.108603E+00  0.144971E+07  0.143488E+07  0.124703E+02  0.000000E+00  0.563469E+05  0.144222E+07
  0.110428E+00  0.142333E+07  0.140909E+07  0.156381E+02  0.000000E+00  0.538633E+05  0.141601E+07
  0.112254E+00  0.139894E+07  0.138537E+07  0.115137E+02  0.000000E+00  0.515641E+05  0.139181E+07
  0.114079E+00  0.137631E+07  0.136344E+07  0.820324E+01  0.000000E+00  0.494283E+05  0.136937E+07
  0.115904E+00  0.135519E+07  0.134303E+07  0.100547E+02  0.000000E+00  0.474370E+05  0.134843E+07
  0.117729E+00  0.133530E+07  0.132386E+07  0.899084E+01  0.000000E+00  0.455720E+05  0.132872E+07
  0.119554E+00  0.131638E+07  0.130564E+07  0.895574E+01  0.000000E+00  0.438166E+05  0.130997E+07
  0.121379E+00  0.129817E+07  0.128809E+07  0.116257E+02  0.000000E+00  0.421565E+05  0.129192E+07
  0.123204E+00  0.128042E+07  0.127097E+07  0.950844E+01  0.000000E+00  0.405775E+05  0.127433E+07
  0.125029E+00  0.126292E+07  0.125404E+07  0.714390E+01  0.000000E+00  0.390698E+05  0.125698E+07
  0.126855E+00  0.124548E+07  0.123711E+07  0.815150E+01  0.000000E+00  0.376228E+05  0.123968E+07
  0.128680E+00  0.122795E+07  0.122002E+07  0.663027E+01  0.000000E+00  0.362299E+05  0.122228E+07
  0.130505E+00  0.121022E+07  0.120264E+07  0.606515E+01  0.000000E+00  0.348845E+05  0.120466E+07
  0.132330E+00  0.119217E+07  0.118488E+07  0.875436E+01  0.000000E+00  0.335819E+05  0.118672E+07
  0.134155E+00  0.117377E+07  0.116667E+07  0.774096E+01  0.000000E+00  0.323190E+05  0.116842E+07
  0.135980E+00  0.115498E+07  0.114801E+07  0.000000E+00  0.000000E+00  0.310928E+05  0.114971E+07
  0.137805E+00  0.113580E+07  0.112889E+07  0.000000E+00  0.000000E+00  0.299025E+05  0.113061E+07
  0.139630E+00  0.111628E+07  0.110937E+07  0.000000E+00  0.000000E+00  0.287474E+05  0.111115E+07
  0.141455E+00  0.109648E+07  0.108951E+07  0.000000E+00  0.000000E+00  0.276277E+05  0.109141E+07
  0.143281E+00  0.107647E+07  0.106941E+07  0.000000E+00  0.000000E+00  0.265441E+05  0.107146E+07
  0.145106E+00  0.105638E+07  0.104918E+07  0.000000E+00  0.000000E+00  0.254977E+05  0.105142E+07
  0.146931E+00  0.103632E+07  0.102895E+07  0.000000E+00  0.000000E+00  0.244897E+05  0.103140E+07
  0.148756E+00  0.101639E+07  0.100886E+07  0.000000E+00  0.000000E+00  0.235210E+05  0.101152E+07
  0.150581E+00  0.996731E+06  0.989019E+06  0.000000E+00  0.000000E+00  0.225929E+05  0.991902E+06
  0.152406E+00  0.977452E+06  0.969571E+06  0.000000E+00  0.000000E+00  0.217058E+05  0.972666E+06
  0.154231E+00  0.958664E+06  0.950628E+06  0.000000E+00  0.000000E+00  0.208607E+05  0.953921E+06
  0.156056E+00  0.940471E+06  0.932304E+06  0.000000E+00  0.000000E+00  0.200573E+05  0.935772E+06
  0.157882E+00  0.922965E+06  0.914697E+06  0.000000E+00  0.000000E+00  0.192962E+05  0.918312E+06
  0.159707E+00  0.906219E+06  0.897884E+06  0.000000E+00  0.000000E+00  0.185762E+05  0.901616E+06
  0.161532E+00  0.890292E+06  0.881928E+06  0.000000E+00  0.000000E+00  0.178973E+05  0.885741E+06
  0.163357E+00  0.875226E+06  0.866875E+06  0.000000E+00  0.000000E+00  0.172579E+05  0.870731E+06
  0.165182E+00  0.861039E+06  0.852741E+06  0.000000E+00  0.000000E+00  0.166565E+05  0.856603E+06
  0.167007E+00  0.847725E+06  0.839520E+06  0.000000E+00  0.000000E+00  0.160915E+05  0.843351E+06
  0.168832E+00  0.835264E+06  0.827191E+06  0.000000E+00  0.000000E+00  0.155605E+05  0.830954E+06
  0.170657E+00  0.823619E+06  0.815713E+06  0.000000E+00  0.000000E+00  0.150613E+05  0.819377E+06
  0.172482E+00  0.812741E+06  0.805032E+06  0.000000E+00  0.000000E+00  0.145916E+05  0.808568E+06
  0.174308E+00  0.802566E+06  0.795080E+06  0.000000E+00  0.000000E+00  0.141488E+05  0.798464E+06
  0.176133E+00  0.793020E+06  0.785779E+06  0.000000E+00  0.000000E+00  0.137305E+05  0.788991E+06
  0.177958E+00  0.784024E+06  0.777041E+06  0.000000E+00  0.000000E+00  0.133343E+05  0.780067E+06
  0.179783E+00  0.775491E+06  0.768774E+06  0.000000E+00  0.000000E+00  0.129574E+05  0.771606E+06
  0.181608E+00  0.767331E+06  0.760882E+06  0.000000E+00  0.000000E+00  0.125980E+05  0.763516E+06
  0.183433E+00  0.759451E+06  0.753267E+06  0.000000E+00  0.000000E+00  0.122534E+05  0.755706E+06
  0.185258E+00  0.751765E+06  0.745837E+06  0.000000E+00  0.000000E+00  0.119219E+05  0.748087E+06
  0.187083E+00  0.744192E+06  0.738506E+06  0.000000E+00  0.000000E+00  0.116016E+05  0.740579E+06
  0.188909E+00  0.736661E+06  0.731198E+06  0.000000E+00  0.000000E+00  0.112909E+05  0.733109E+06
  0.190734E+00  0.729109E+06  0.723847E+06  0.000000E+00  0.000000E+00  0.109886E+05  0.725615E+06
  0.192559E+00  0.721484E+06  0.716399E+06  0.000000E+00  0.000000E+00  0.106937E+05  0.718045E+06
  0.194384E+00  0.713744E+06  0.708809E+06  0.000000E+00  0.000000E+00  0.104051E+05  0.710356E+06
  0.196209E+00  0.705857E+06  0.701046E+06  0.000000E+00  0.000000E+00  0.101225E+05  0.702517E+06
  0.198034E+00  0.697807E+06  0.693092E+06  0.000000E+00  0.000000E+00  0.984511E+04  0.694511E+06
  0.199859E+00  0.689586E+06  0.684939E+06  0.000000E+00  0.000000E+00  0.957299E+04  0.686330E+06
  0.201684E+00  0.681194E+06  0.676591E+06  0.000000E+00  0.000000E+00  0.930584E+04  0.677975E+06
  0.203509E+00  0.672645E+06  0.668063E+06  0.000000E+00  0.000000E+00  0.904377E+04  0.669460E+06
  0.205335E+00  0.663965E+06  0.659383E+06  0.000000E+00  0.000000E+00  0.878698E+04  0.660812E+06
  0.207160E+00  0.655185E+06  0.650585E+06  0.000000E+00  0.000000E+00  0.853573E+04  0.652061E+06
  0.208985E+00  0.646341E+06  0.641711E+06  0.000000E+00  0.000000E+00  0.829029E+04  0.643244E+06
  0.210810E+00  0.637476E+06  0.632804E+06  0.000000E+00  0.000000E+00  0.805115E+04  0.634405E+06
  0.212635E+00  0.628635E+06  0.623915E+06  0.000000E+00  0.000000E+00  0.781846E+04  0.625588E+06
  0.214460E+00  0.619862E+06  0.615091E+06  0.000000E+00  0.000000E+00  0.759282E+04  0.616839E+06
  0.216285E+00  0.611202E+06  0.606380E+06  0.000000E+00  0.000000E+00  0.737435E+04  0.608202E+06
  0.218110E+00  0.602696E+06  0.597828E+06  0.000000E+00  0.000000E+00  0.716337E+04  0.599721E+06
  0.219936E+00  0.594386E+06  0.589477E+06  0.000000E+00  0.000000E+00  0.696016E+04  0.591434E+06
  0.221761E+00  0.586306E+06  0.581366E+06  0.000000E+00  0.000000E+00  0.676471E+04  0.583379E+06
  0.223586E+00  0.578490E+06  0.573530E+06  0.000000E+00  0.000000E+00  0.657733E+04  0.575588E+06
  0.225411E+00  0.570961E+06  0.565994E+06  0.000000E+00  0.000000E+00  0.639782E+04  0.568085E+06
  0.227236E+00  0.563738E+06  0.558778E+06  0.000000E+00  0.000000E+00  0.622619E+04  0.560889E+06
  0.229061E+00  0.556830E+06  0.551891E+06  0.000000E+00  0.000000E+00  0.606227E+04  0.554010E+06
  0.230886E+00  0.550242E+06  0.545339E+06  0.000000E+00  0.000000E+00  0.590580E+04  0.547452E+06
  0.232711E+00  0.543970E+06  0.539116E+06  0.000000E+00  0.000000E+00  0.575649E+04  0.541210E+06
  0.234536E+00  0.538005E+06  0.533214E+06  0.000000E+00  0.000000E+00  0.561401E+04  0.535277E+06
  0.236362E+00  0.532332E+06  0.527616E+06  0.000000E+00  0.000000E+00  0.547790E+04  0.529636E+06
  0.238187E+00  0.526933E+06  0.522302E+06  0.000000E+00  0.000000E+00  0.534785E+04  0.524270E+06
  0.240012E+00  0.521785E+06  0.517249E+06  0.000000E+00  0.000000E+00  0.522332E+04  0.519155E+06
  0.241837E+00  0.516862E+06  0.512426E+06  0.000000E+00  0.000000E+00  0.510391E+04  0.514266E+06
  0.243662E+00  0.512134E+06  0.507803E+06  0.000000E+00  0.000000E+00  0.498916E+04  0.509571E+06
  0.245487E+00  0.507570E+06  0.503346E+06  0.000000E+00  0.000000E+00  0.487858E+04  0.505040E+06
  0.247312E+00  0.503137E+06  0.499021E+06  0.000000E+00  0.000000E+00  0.477176E+04  0.500640E+06
  0.249137E+00  0.498804E+06  0.494794E+06  0.000000E+00  0.000000E+00  0.466826E+04  0.496340E+06
  0.250963E+00  0.494542E+06  0.490635E+06  0.000000E+00  0.000000E+00  0.456770E+04  0.492109E+06
  0.252788E+00  0.490324E+06  0.486514E+06  0.000000E+00  0.000000E+00  0.446980E+04  0.487922E+06
  0.254613E+00  0.486125E+06  0.482405E+06  0.000000E+00  0.000000E+00  0.437414E+04  0.483752E+06
  0.256438E+00  0.481923E+06  0.478286E+06  0.000000E+00  0.000000E+00  0.428058E+04  0.479578E+06
  0.258263E+00  0.477701E+06  0.474138E+06  0.000000E+00  0.000000E+00  0.418884E+04  0.475383E+06
  0.260088E+00  0.473445E+06  0.469947E+06  0.000000E+00  0.000000E+00  0.409879E+04  0.471153E+06
  0.261913E+00  0.469144E+06  0.465701E+06  0.000000E+00  0.000000E+00  0.401026E+04  0.466876E+06
  0.263738E+00  0.464793E+06  0.461395E+06  0.000000E+00  0.000000E+00  0.392319E+04  0.462548E+06
  0.265563E+00  0.460389E+06  0.457027E+06  0.000000E+00  0.000000E+00  0.383752E+04  0.458165E+06
  0.267389E+00  0.455935E+06  0.452600E+06  0.000000E+00  0.000000E+00  0.375326E+04  0.453732E+06
  0.269214E+00  0.451436E+06  0.448121E+06  0.000000E+00  0.000000E+00  0.367039E+04  0.449252E+06
  0.271039E+00  0.446901E+06  0.443598E+06  0.000000E+00  0.000000E+00  0.358897E+04  0.444736E+06
  0.272864E+00  0.442343E+06  0.439045E+06  0.000000E+00  0.000000E+00  0.350908E+04  0.440195E+06
  0.274689E+00  0.437773E+06  0.434477E+06  0.000000E+00  0.000000E+00  0.343073E+04  0.435643E+06
  0.276514E+00  0.433208E+06  0.429908E+06  0.000000E+00  0.000000E+00  0.335407E+04  0.431093E+06
  0.278339E+00  0.428661E+06  0.425356E+06  0.000000E+00  0.000000E+00  0.327909E+04  0.426562E+06
  0.280164E+00  0.424148E+06  0.420836E+06  0.000000E+00  0.000000E+00  0.320595E+04  0.422065E+06
  0.281990E+00  0.419685E+06  0.416367E+06  0.000000E+00  0.000000E+00  0.313467E+04  0.417617E+06
  0.283815E+00  0.415287E+06  0.411963E+06  0.000000E+00  0.000000E+00  0.306530E+04  0.413234E+06
  0.285640E+00  0.410968E+06  0.407641E+06  0.000000E+00  0.000000E+00  0.299795E+04  0.408931E+06
  0.287465E+00  0.406742E+06  0.403415E+06  0.000000E+00  0.000000E+00  0.293260E+04  0.404720E+06
  0.289290E+00  0.402619E+06  0.399295E+06  0.000000E+00  0.000000E+00  0.286930E+04  0.400613E+06
  0.291115E+00  0.398607E+06  0.395292E+06  0.000000E+00  0.000000E+00  0.280806E+04  0.396617E+06
  0.292940E+00  0.394714E+06  0.391411E+06  0.000000E+00  0.000000E+00  0.274883E+04  0.392740E+06
  0.294765E+00  0.390942E+06  0.387656E+06  0.000000E+00  0.000000E+00  0.269164E+04  0.388985E+06
  0.296591E+00  0.387293E+06  0.384029E+06  0.000000E+00  0.000000E+00  0.263638E+04  0.385352E+06
  0.298416E+00  0.383766E+06  0.380529E+06  0.000000E+00  0.000000E+00  0.258302E+04  0.381842E+06
  0.300241E+00  0.380358E+06  0.377153E+06  0.000000E+00  0.000000E+00  0.253151E+04  0.378452E+06
  0.302066E+00  0.377066E+06  0.373897E+06  0.000000E+00  0.000000E+00  0.248173E+04  0.375178E+06
  0.303891E+00  0.373883E+06  0.370753E+06  0.000000E+00  0.000000E+00  0.243359E+04  0.372012E+06
  0.305716E+00  0.370800E+06  0.367712E+06  0.000000E+00  0.000000E+00  0.238704E+04  0.368947E+06
  0.307541E+00  0.367809E+06  0.364765E+06  0.000000E+00  0.000000E+00  0.234191E+04  0.365974E+06
  0.309366E+00  0.364898E+06  0.361900E+06  0.000000E+00  0.000000E+00  0.229816E+04  0.363081E+06
  0.311191E+00  0.362057E+06  0.359106E+06  0.000000E+00  0.000000E+00  0.225561E+04  0.360258E+06
  0.313017E+00  0.359275E+06  0.356371E+06  0.000000E+00  0.000000E+00  0.221424E+04  0.357493E+06
  0.314842E+00  0.356540E+06  0.353684E+06  0.000000E+00  0.000000E+00  0.217391E+04  0.354776E+06
  0.316667E+00  0.353844E+06  0.351033E+06  0.000000E+00  0.000000E+00  0.213452E+04  0.352097E+06
  0.318492E+00  0.351176E+06  0.348409E+06  0.000000E+00  0.000000E+00  0.209603E+04  0.349446E+06
  0.320317E+00  0.348529E+06  0.345803E+06  0.000000E+00  0.000000E+00  0.205833E+04  0.346814E+06
  0.322142E+00  0.345893E+06  0.343206E+06  0.000000E+00  0.000000E+00  0.202139E+04  0.344194E+06
  0.323967E+00  0.343263E+06  0.340612E+06  0.000000E+00  0.000000E+00  0.198512E+04  0.341579E+06
  0.325792E+00  0.340633E+06  0.338014E+06  0.000000E+00  0.000000E+00  0.194949E+04  0.338964E+06
  0.327617E+00  0.337999E+06  0.335409E+06  0.000000E+00  0.000000E+00  0.191447E+04  0.336344E+06
  0.329443E+00  0.335358E+06  0.332794E+06  0.000000E+00  0.000000E+00  0.188002E+04  0.333717E+06
  0.331268E+00  0.332709E+06  0.330168E+06  0.000000E+00  0.000000E+00  0.184611E+04  0.331081E+06
  0.333093E+00  0.330053E+06  0.327531E+06  0.000000E+00  0.000000E+00  0.181278E+04  0.328438E+06
  0.334918E+00  0.327391E+06  0.324886E+06  0.000000E+00  0.000000E+00  0.177997E+04  0.325788E+06
  0.336743E+00  0.324726E+06  0.322235E+06  0.000000E+00  0.000000E+00  0.174772E+04  0.323135E+06
  0.338568E+00  0.322061E+06  0.319581E+06  0.000000E+00  0.000000E+00  0.171601E+04  0.320482E+06
  0.340393E+00  0.319400E+06  0.316930E+06  0.000000E+00  0.000000E+00  0.168487E+04  0.317833E+06
  0.342218E+00  0.316749E+06  0.314287E+06  0.000000E+00  0.000000E+00  0.165432E+04  0.315192E+06
  0.344044E+00  0.314111E+06  0.311656E+06  0.000000E+00  0.000000E+00  0.162434E+04  0.312565E+06
  0.345869E+00  0.311492E+06  0.309043E+06  0.000000E+00  0.000000E+00  0.159496E+04  0.309956E+06
  0.347694E+00  0.308897E+06  0.306455E+06  0.000000E+00  0.000000E+00  0.156623E+04  0.307372E+06
  0.349519E+00  0.306333E+06  0.303896E+06  0.000000E+00  0.000000E+00  0.153810E+04  0.304818E+06
  0.351344E+00  0.303803E+06  0.301374E+06  0.000000E+00  0.000000E+00  0.151063E+04  0.302299E+06
  0.353169E+00  0.301313E+06  0.298891E+06  0.000000E+00  0.000000E+00  0.148381E+04  0.299819E+06
  0.354994E+00  0.298866E+06  0.296453E+06  0.000000E+00  0.000000E+00  0.145765E+04  0.297383E+06
  0.356819E+00  0.296464E+06  0.294062E+06  0.000000E+00  0.000000E+00  0.143214E+04  0.294992E+06
  0.358645E+00  0.294111E+06  0.291720E+06  0.000000E+00  0.000000E+00  0.140727E+04  0.292649E+06
  0.360470E+00  0.291808E+06  0.289429E+06  0.000000E+00  0.000000E+00  0.138305E+04  0.290356E+06
  0.362295E+00  0.289554E+06  0.287191E+06  0.000000E+00  0.000000E+00  0.135947E+04  0.288113E+06
  0.364120E+00  0.287352E+06  0.285004E+06  0.000000E+00  0.000000E+00  0.133647E+04  0.285921E+06
  0.365945E+00  0.285200E+06  0.282870E+06  0.000000E+00  0.000000E+00  0.131411E+04  0.283780E+06
  0.367770E+00  0.283096E+06  0.280786E+06  0.000000E+00  0.000000E+00  0.129231E+04  0.281687E+06
  0.369595E+00  0.281040E+06  0.278750E+06  0.000000E+00  0.000000E+00  0.127108E+04  0.279642E+06
  0.371420E+00  0.279029E+06  0.276759E+06  0.000000E+00  0.000000E+00  0.125038E+04  0.277641E+06
  0.373245E+00  0.277058E+06  0.274811E+06  0.000000E+00  0.000000E+00  0.123018E+04  0.275681E+06
  0.375071E+00  0.275125E+06  0.272901E+06  0.000000E+00  0.000000E+00  0.121049E+04  0.273759E+06
  0.376896E+00  0.273226E+06  0.271025E+06  0.000000E+00  0.000000E+00  0.119123E+04  0.271870E+06
  0.378721E+00  0.271357E+06  0.269179E+06  0.000000E+00  0.000000E+00  0.117240E+04  0.270012E+06
  0.380546E+00  0.269515E+06  0.267361E+06  0.000000E+00  0.000000E+00  0.115398E+04  0.268181E+06
  0.382371E+00  0.267697E+06  0.265565E+06  0.000000E+00  0.000000E+00  0.113594E+04  0.266372E+06
  0.384196E+00  0.265898E+06  0.263788E+06  0.000000E+00  0.000000E+00  0.111826E+04  0.264584E+06
  0.386021E+00  0.264116E+06  0.262027E+06  0.000000E+00  0.000000E+00  0.110092E+04  0.262811E+06
  0.387846E+00  0.262347E+06  0.260279E+06  0.000000E+00  0.000000E+00  0.108388E+04  0.261052E+06
  0.389672E+00  0.260589E+06  0.258541E+06  0.000000E+00  0.000000E+00  0.106716E+04  0.259303E+06
  0.391497E+00  0.258839E+06  0.256810E+06  0.000000E+00  0.000000E+00  0.105071E+04  0.257563E+06
  0.393322E+00  0.257096E+06  0.255084E+06  0.000000E+00  0.000000E+00  0.103454E+04  0.255830E+06
  0.395147E+00  0.255359E+06  0.253364E+06  0.000000E+00  0.000000E+00  0.101863E+04  0.254102E+06
  0.396972E+00  0.253628E+06  0.251647E+06  0.000000E+00  0.000000E+00  0.100297E+04  0.252379E+06
  0.398797E+00  0.251901E+06  0.249934E+06  0.000000E+00  0.000000E+00  0.987568E+03  0.250661E+06
  0.400622E+00  0.250180E+06  0.248226E+06  0.000000E+00  0.000000E+00  0.972411E+03  0.248948E+06
  0.402447E+00  0.248465E+06  0.246523E+06  0.000000E+00  0.000000E+00  0.957499E+03  0.247241E+06
  0.404272E+00  0.246756E+06  0.244825E+06  0.000000E+00  0.000000E+00  0.942836E+03  0.245540E+06
  0.406098E+00  0.245055E+06  0.243134E+06  0.000000E+00  0.000000E+00  0.928396E+03  0.243847E+06
  0.407923E+00  0.243362E+06  0.241450E+06  0.000000E+00  0.000000E+00  0.914218E+03  0.242162E+06
  0.409748E+00  0.241680E+06  0.239777E+06  0.000000E+00  0.000000E+00  0.900272E+03  0.240487E+06
  0.411573E+00  0.240010E+06  0.238115E+06  0.000000E+00  0.000000E+00  0.886570E+03  0.238824E+06
  0.413398E+00  0.238353E+06  0.236467E+06  0.000000E+00  0.000000E+00  0.873116E+03  0.237175E+06
  0.415223E+00  0.236712E+06  0.234834E+06  0.000000E+00  0.000000E+00  0.859912E+03  0.235542E+06
  0.417048E+00  0.235089E+06  0.233219E+06  0.000000E+00  0.000000E+00  0.846959E+03  0.233925E+06
  0.418873E+00  0.233484E+06  0.231623E+06  0.000000E+00  0.000000E+00  0.834255E+03  0.232328E+06
  0.420699E+00  0.231899E+06  0.230046E+06  0.000000E+00  0.000000E+00  0.821798E+03  0.230750E+06
  0.422524E+00  0.230335E+06  0.228491E+06  0.000000E+00  0.000000E+00  0.809597E+03  0.229193E+06
  0.424349E+00  0.228792E+06  0.226958E+06  0.000000E+00  0.000000E+00  0.797640E+03  0.227658E+06
  0.426174E+00  0.227272E+06  0.225448E+06  0.000000E+00  0.000000E+00  0.785920E+03  0.226145E+06
  0.427999E+00  0.225775E+06  0.223961E+06  0.000000E+00  0.000000E+00  0.774456E+03  0.224655E+06
  0.429824E+00  0.224302E+06  0.222498E+06  0.000000E+00  0.000000E+00  0.763215E+03  0.223188E+06
  0.431649E+00  0.222851E+06  0.221059E+06  0.000000E+00  0.000000E+00  0.752219E+03  0.221745E+06
  0.433474E+00  0.221423E+06  0.219643E+06  0.000000E+00  0.000000E+00  0.741442E+03  0.220324E+06
  0.435299E+00  0.220017E+06  0.218249E+06  0.000000E+00  0.000000E+00  0.730889E+03  0.218926E+06
  0.437125E+00  0.218633E+06  0.216877E+06  0.000000E+00  0.000000E+00  0.720553E+03  0.217548E+06
  0.438950E+00  0.217269E+06  0.215525E+06  0.000000E+00  0.000000E+00  0.710413E+03  0.216191E+06
  0.440775E+00  0.215923E+06  0.214193E+06  0.000000E+00  0.000000E+00  0.700478E+03  0.214852E+06
  0.442600E+00  0.214596E+06  0.212879E+06  0.000000E+00  0.000000E+00  0.690736E+03  0.213532E+06
  0.444425E+00  0.213286E+06  0.211581E+06  0.000000E+00  0.000000E+00  0.681170E+03  0.212229E+06
  0.446250E+00  0.211991E+06  0.210300E+06  0.000000E+00  0.000000E+00  0.671790E+03  0.210941E+06
  0.448075E+00  0.210711E+06  0.209033E+06  0.000000E+00  0.000000E+00  0.662572E+03  0.209668E+06
  0.449900E+00  0.209444E+06  0.207779E+06  0.000000E+00  0.000000E+00  0.653524E+03  0.208408E+06
  0.451726E+00  0.208190E+06  0.206537E+06  0.000000E+00  0.000000E+00  0.644632E+03  0.207159E+06
  0.453551E+00  0.206946E+06  0.205305E+06  0.000000E+00  0.000000E+00  0.635883E+03  0.205922E+06
  0.455376E+00  0.205712E+06  0.204083E+06  0.000000E+00  0.000000E+00  0.627286E+03  0.204694E+06
  0.457201E+00  0.204486E+06  0.202869E+06  0.000000E+00  0.000000E+00  0.618826E+03  0.203475E+06
  0.459026E+00  0.203269E+06  0.201663E+06  0.000000E+00  0.000000E+00  0.610492E+03  0.202264E+06
  0.460851E+00  0.202060E+06  0.200464E+06  0.000000E+00  0.000000E+00  0.602300E+03  0.201061E+06
  0.462676E+00  0.200857E+06  0.199273E+06  0.000000E+00  0.000000E+00  0.594223E+03  0.199865E+06
  0.464501E+00  0.199662E+06  0.198088E+06  0.000000E+00  0.000000E+00  0.586281E+03  0.198676E+06
  0.466326E+00  0.198474E+06  0.196909E+06  0.000000E+00  0.000000E+00  0.578451E+03  0.197494E+06
  0.468152E+00  0.197293E+06  0.195737E+06  0.000000E+00  0.000000E+00  0.570742E+03  0.196318E+06
  0.469977E+00  0.196118E+06  0.194571E+06  0.000000E+00  0.000000E+00  0.563158E+03  0.195149E+06
  0.471802E+00  0.194951E+06  0.193412E+06  0.000000E+00  0.000000E+00  0.555679E+03  0.193987E+06
  0.473627E+00  0.193791E+06  0.192259E+06  0.000000E+00  0.000000E+00  0.548322E+03  0.192833E+06
  0.475452E+00  0.192638E+06  0.191115E+06  0.000000E+00  0.000000E+00  0.541077E+03  0.191686E+06
  0.477277E+00  0.191494E+06  0.189979E+06  0.000000E+00  0.000000E+00  0.533947E+03  0.190547E+06
  0.479102E+00  0.190359E+06  0.188851E+06  0.000000E+00  0.000000E+00  0.526931E+03  0.189417E+06
  0.480927E+00  0.189233E+06  0.187733E+06  0.000000E+00  0.000000E+00  0.520026E+03  0.188297E+06
  0.482753E+00  0.188117E+06  0.186624E+06  0.000000E+00  0.000000E+00  0.513233E+03  0.187186E+06
  0.484578E+00  0.187012E+06  0.185526E+06  0.000000E+00  0.000000E+00  0.506557E+03  0.186086E+06
  0.486403E+00  0.185916E+06  0.184438E+06  0.000000E+00  0.000000E+00  0.499981E+03  0.184996E+06
  0.488228E+00  0.184832E+06  0.183360E+06  0.000000E+00  0.000000E+00  0.493525E+03  0.183916E+06
  0.490053E+00  0.183758E+06  0.182294E+06  0.000000E+00  0.000000E+00  0.487172E+03  0.182848E+06
  0.491878E+00  0.182696E+06  0.181240E+06  0.000000E+00  0.000000E+00  0.480926E+03  0.181791E+06
  0.493703E+00  0.181646E+06  0.180198E+06  0.000000E+00  0.000000E+00  0.474790E+03  0.180746E+06
  0.495528E+00  0.180608E+06  0.179167E+06  0.000000E+00  0.000000E+00  0.468754E+03  0.179713E+06
  0.497353E+00  0.179582E+06  0.178149E+06  0.000000E+00  0.000000E+00  0.462826E+03  0.178692E+06
  0.499179E+00  0.178567E+06  0.177142E+06  0.000000E+00  0.000000E+00  0.456999E+03  0.177682E+06
  0.501004E+00  0.177564E+06  0.176147E+06  0.000000E+00  0.000000E+00  0.451267E+03  0.176684E+06
  0.502829E+00  0.176573E+06  0.175163E+06  0.000000E+00  0.000000E+00  0.445640E+03  0.175697E+06
  0.504654E+00  0.175592E+06  0.174191E+06  0.000000E+00  0.000000E+00  0.440099E+03  0.174721E+06
  0.506479E+00  0.174622E+06  0.173229E+06  0.000000E+00  0.000000E+00  0.434656E+03  0.173756E+06
  0.508304E+00  0.173662E+06  0.172278E+06  0.000000E+00  0.000000E+00  0.429301E+03  0.172801E+06
  0.510129E+00  0.172712E+06  0.171336E+06  0.000000E+00  0.000000E+00  0.424033E+03  0.171856E+06
  0.511954E+00  0.171772E+06  0.170404E+06  0.000000E+00  0.000000E+00  0.418850E+03  0.170921E+06
  0.513780E+00  0.170841E+06  0.169482E+06  0.000000E+00  0.000000E+00  0.413749E+03  0.169995E+06
  0.515605E+00  0.169918E+06  0.168567E+06  0.000000E+00  0.000000E+00  0.408726E+03  0.169077E+06
  0.517430E+00  0.169004E+06  0.167661E+06  0.000000E+00  0.000000E+00  0.403787E+03  0.168167E+06
  0.519255E+00  0.168097E+06  0.166762E+06  0.000000E+00  0.000000E+00  0.398914E+03  0.167265E+06
  0.521080E+00  0.167198E+06  0.165871E+06  0.000000E+00  0.000000E+00  0.394120E+03  0.166370E+06
  0.522905E+00  0.166305E+06  0.164986E+06  0.000000E+00  0.000000E+00  0.389398E+03  0.165482E+06
  0.524730E+00  0.165419E+06  0.164108E+06  0.000000E+00  0.000000E+00  0.384741E+03  0.164601E+06
  0.526555E+00  0.164540E+06  0.163236E+06  0.000000E+00  0.000000E+00  0.380160E+03  0.163726E+06
  0.528381E+00  0.163667E+06  0.162371E+06  0.000000E+00  0.000000E+00  0.375636E+03  0.162857E+06
  0.530206E+00  0.162800E+06  0.161511E+06  0.000000E+00  0.000000E+00  0.371186E+03  0.161995E+06
  0.532031E+00  0.161939E+06  0.160657E+06  0.000000E+00  0.000000E+00  0.366794E+03  0.161138E+06
  0.533856E+00  0.161084E+06  0.159808E+06  0.000000E+00  0.000000E+00  0.362464E+03  0.160287E+06
  0.535681E+00  0.160235E+06  0.158965E+06  0.000000E+00  0.000000E+00  0.358199E+03  0.159442E+06
  0.537506E+00  0.159391E+06  0.158128E+06  0.000000E+00  0.000000E+00  0.353992E+03  0.158602E+06
  0.539331E+00  0.158552E+06  0.157296E+06  0.000000E+00  0.000000E+00  0.349844E+03  0.157768E+06
  0.541156E+00  0.157720E+06  0.156470E+06  0.000000E+00  0.000000E+00  0.345758E+03  0.156940E+06
  0.542981E+00  0.156894E+06  0.155650E+06  0.000000E+00  0.000000E+00  0.341725E+03  0.156117E+06
  0.544807E+00  0.156074E+06  0.154836E+06  0.000000E+00  0.000000E+00  0.337755E+03  0.155301E+06
  0.546632E+00  0.155260E+06  0.154028E+06  0.000000E+00  0.000000E+00  0.333838E+03  0.154491E+06
  0.548457E+00  0.154452E+06  0.153226E+06  0.000000E+00  0.000000E+00  0.329978E+03  0.153687E+06
  0.550282E+00  0.153650E+06  0.152430E+06  0.000000E+00  0.000000E+00  0.326177E+03  0.152889E+06
  0.552107E+00  0.152855E+06  0.151641E+06  0.000000E+00  0.000000E+00  0.322426E+03  0.152098E+06
  0.553932E+00  0.152066E+06  0.150858E+06  0.000000E+00  0.000000E+00  0.318734E+03  0.151313E+06
  0.555757E+00  0.151285E+06  0.150082E+06  0.000000E+00  0.000000E+00  0.315095E+03  0.150535E+06
  0.557582E+00  0.150509E+06  0.149313E+06  0.000000E+00  0.000000E+00  0.311507E+03  0.149764E+06
  0.559408E+00  0.149741E+06  0.148550E+06  0.000000E+00  0.000000E+00  0.307978E+03  0.148999E+06
  0.561233E+00  0.148980E+06  0.147795E+06  0.000000E+00  0.000000E+00  0.304492E+03  0.148242E+06
  0.563058E+00  0.148225E+06  0.147046E+06  0.000000E+00  0.000000E+00  0.301064E+03  0.147490E+06
  0.564883E+00  0.147477E+06  0.146304E+06  0.000000E+00  0.000000E+00  0.297683E+03  0.146746E+06
  0.566708E+00  0.146735E+06  0.145568E+06  0.000000E+00  0.000000E+00  0.294349E+03  0.146008E+06
  0.568533E+00  0.146000E+06  0.144839E+06  0.000000E+00  0.000000E+00  0.291068E+03  0.145277E+06
  0.570358E+00  0.145272E+06  0.144116E+06  0.000000E+00  0.000000E+00  0.287832E+03  0.144552E+06
  0.572183E+00  0.144550E+06  0.143400E+06  0.000000E+00  0.000000E+00  0.284644E+03  0.143834E+06
  0.574008E+00  0.143835E+06  0.142691E+06  0.000000E+00  0.000000E+00  0.281502E+03  0.143122E+06
  0.575834E+00  0.143126E+06  0.141988E+06  0.000000E+00  0.000000E+00  0.278405E+03  0.142417E+06
  0.577659E+00  0.142423E+06  0.141290E+06  0.000000E+00  0.000000E+00  0.275353E+03  0.141717E+06
  0.579484E+00  0.141726E+06  0.140599E+06  0.000000E+00  0.000000E+00  0.272343E+03  0.141023E+06
  0.581309E+00  0.141034E+06  0.139913E+06  0.000000E+00  0.000000E+00  0.269373E+03  0.140335E+06
  0.700351E+00  0.105167E+06  0.104332E+06  0.000000E+00  0.000000E+00  0.140013E+03  0.104646E+06
  0.855411E+00  0.763615E+05  0.757554E+05  0.000000E+00  0.000000E+00  0.687947E+02  0.759830E+05
  0.104480E+01  0.551834E+05  0.547455E+05  0.000000E+00  0.000000E+00  0.335576E+02  0.549099E+05
  0.127612E+01  0.397083E+05  0.393932E+05  0.000000E+00  0.000000E+00  0.162671E+02  0.395114E+05
  0.155866E+01  0.284614E+05  0.282355E+05  0.000000E+00  0.000000E+00  0.108672E+02  0.283203E+05
  0.190375E+01  0.203274E+05  0.201660E+05  0.000000E+00  0.000000E+00  0.522715E+01  0.202266E+05
  0.232525E+01  0.144708E+05  0.143558E+05  0.000000E+00  0.000000E+00  0.250267E+01  0.143990E+05
  0.284006E+01  0.102708E+05  0.101891E+05  0.000000E+00  0.000000E+00  0.119348E+01  0.102198E+05
  0.346886E+01  0.726985E+04  0.721190E+04  0.000000E+00  0.000000E+00  0.567172E+00  0.723376E+04
  0.423688E+01  0.513275E+04  0.509171E+04  0.000000E+00  0.000000E+00  0.268721E+00  0.510725E+04
  0.517493E+01  0.361545E+04  0.358642E+04  0.000000E+00  0.000000E+00  0.126979E+00  0.359747E+04
  0.632068E+01  0.254120E+04  0.252067E+04  0.000000E+00  0.000000E+00  0.598553E-01  0.252854E+04
  0.772010E+01  0.178259E+04  0.176805E+04  0.000000E+00  0.000000E+00  0.281547E-01  0.177369E+04
  0.942934E+01  0.124813E+04  0.123780E+04  0.000000E+00  0.000000E+00  0.132167E-01  0.124187E+04
  0.115170E+02  0.872405E+03  0.865036E+03  0.000000E+00  0.000000E+00  0.619350E-02  0.868009E+03
  0.140669E+02  0.608804E+03  0.603504E+03  0.000000E+00  0.000000E+00  0.289735E-02  0.605712E+03
  0.171814E+02  0.424209E+03  0.420353E+03  0.000000E+00  0.000000E+00  0.135324E-02  0.422029E+03
  0.209854E+02  0.295165E+03  0.292312E+03  0.000000E+00  0.000000E+00  0.631158E-03  0.293621E+03
  0.256316E+02  0.205098E+03  0.202940E+03  0.000000E+00  0.000000E+00  0.293932E-03  0.203999E+03
  0.313065E+02  0.142330E+03  0.140651E+03  0.000000E+00  0.000000E+00  0.136718E-03  0.141539E+03
  0.382379E+02  0.986476E+02  0.972955E+02  0.000000E+00  0.000000E+00  0.634982E-04  0.980697E+02
  0.467038E+02  0.682866E+02  0.671572E+02  0.000000E+00  0.000000E+00  0.294493E-04  0.678565E+02
  0.570442E+02  0.472100E+02  0.462304E+02  0.000000E+00  0.000000E+00  0.136398E-04  0.468817E+02
  0.696740E+02  0.325953E+02  0.317153E+02  0.000000E+00  0.000000E+00  0.630656E-05  0.323369E+02
  0.850999E+02  0.224722E+02  0.216578E+02  0.000000E+00  0.000000E+00  0.290991E-05  0.222617E+02
  0.103941E+03  0.154671E+02  0.146960E+02  0.000000E+00  0.000000E+00  0.134004E-05  0.152895E+02
