  0.352308E-05  0.191991E+08  0.191991E+08  0.255974E+08  0.255974E+08  0.192003E+08  0.191991E+08
  0.364246E-05  0.191991E+08  0.191991E+08  0.255973E+08  0.255973E+08  0.192003E+08  0.191991E+08
  0.376588E-05  0.191991E+08  0.191991E+08  0.255972E+08  0.255972E+08  0.192003E+08  0.191991E+08
  0.389348E-05  0.191991E+08  0.191991E+08  0.255971E+08  0.255971E+08  0.192003E+08  0.191991E+08
  0.402541E-05  0.191991E+08  0.191991E+08  0.255970E+08  0.255969E+08  0.192003E+08  0.191991E+08
  0.416180E-05  0.191991E+08  0.191991E+08  0.255969E+08  0.255968E+08  0.192003E+08  0.191991E+08
  0.430282E-05  0.191991E+08  0.191991E+08  0.255967E+08  0.255967E+08  0.192003E+08  0.191991E+08
  0.444861E-05  0.191991E+08  0.191991E+08  0.255966E+08  0.255965E+08  0.192003E+08  0.191991E+08
  0.459935E-05  0.191991E+08  0.191991E+08  0.255964E+08  0.255963E+08  0.192003E+08  0.191991E+08
  0.475519E-05  0.191991E+08  0.191991E+08  0.255962E+08  0.255962E+08  0.192003E+08  0.191991E+08
  0.491631E-05  0.191991E+08  0.191991E+08  0.255961E+08  0.255960E+08  0.192003E+08  0.191991E+08
  0.508290E-05  0.191991E+08  0.191991E+08  0.255959E+08  0.255958E+08  0.192003E+08  0.191991E+08
  0.525512E-05  0.191991E+08  0.191991E+08  0.255957E+08  0.255956E+08  0.192003E+08  0.191991E+08
  0.543319E-05  0.191991E+08  0.191991E+08  0.255955E+08  0.255954E+08  0.192003E+08  0.191991E+08
  0.561728E-05  0.191991E+08  0.191991E+08  0.255952E+08  0.255951E+08  0.192003E+08  0.191991E+08
  0.580762E-05  0.191991E+08  0.191991E+08  0.255950E+08  0.255949E+08  0.192003E+08  0.191991E+08
  0.600440E-05  0.191991E+08  0.191991E+08  0.255947E+08  0.255946E+08  0.192003E+08  0.191991E+08
  0.620785E-05  0.191991E+08  0.191991E+08  0.255944E+08  0.255943E+08  0.192003E+08  0.191991E+08
  0.641820E-05  0.191991E+08  0.191991E+08  0.255941E+08  0.255940E+08  0.192003E+08  0.191991E+08
  0.663567E-05  0.191991E+08  0.191991E+08  0.255938E+08  0.255936E+08  0.192003E+08  0.191991E+08
  0.686051E-05  0.191991E+08  0.191991E+08  0.255934E+08  0.255933E+08  0.192003E+08  0.191991E+08
  0.709297E-05  0.191991E+08  0.191991E+08  0.255931E+08  0.255929E+08  0.192003E+08  0.191991E+08
  0.733330E-05  0.191991E+08  0.191991E+08  0.255927E+08  0.255925E+08  0.192003E+08  0.191991E+08
  0.758178E-05  0.191991E+08  0.191991E+08  0.255922E+08  0.255920E+08  0.192003E+08  0.191991E+08
  0.783868E-05  0.191991E+08  0.191991E+08  0.255918E+08  0.255916E+08  0.192003E+08  0.191991E+08
  0.810428E-05  0.191991E+08  0.191991E+08  0.255913E+08  0.255911E+08  0.192003E+08  0.191991E+08
  0.837889E-05  0.191991E+08  0.191991E+08  0.255908E+08  0.255905E+08  0.192003E+08  0.191991E+08
  0.866280E-05  0.191991E+08  0.191991E+08  0.255902E+08  0.255900E+08  0.192002E+08  0.191991E+08
  0.895632E-05  0.191991E+08  0.191991E+08  0.255896E+08  0.255893E+08  0.192002E+08  0.191991E+08
  0.925979E-05  0.191991E+08  0.191991E+08  0.255890E+08  0.255887E+08  0.192002E+08  0.191991E+08
  0.957355E-05  0.191991E+08  0.191991E+08  0.255883E+08  0.255880E+08  0.192002E+08  0.191991E+08
  0.989794E-05  0.191991E+08  0.191991E+08  0.255876E+08  0.255872E+08  0.192002E+08  0.191991E+08
  0.102333E-04  0.191991E+08  0.191991E+08  0.255868E+08  0.255864E+08  0.192002E+08  0.191991E+08
  0.105801E-04  0.191991E+08  0.191991E+08  0.255860E+08  0.255856E+08  0.192002E+08  0.191991E+08
  0.109385E-04  0.191991E+08  0.191991E+08  0.255851E+08  0.255847E+08  0.192002E+08  0.191991E+08
  0.113092E-04  0.191991E+08  0.191991E+08  0.255841E+08  0.255837E+08  0.192002E+08  0.191991E+08
  0.116924E-04  0.191991E+08  0.191991E+08  0.255831E+08  0.255826E+08  0.192002E+08  0.191991E+08
  0.120886E-04  0.191991E+08  0.191991E+08  0.255820E+08  0.255815E+08  0.192002E+08  0.191991E+08
  0.124982E-04  0.191991E+08  0.191991E+08  0.255809E+08  0.255803E+08  0.192002E+08  0.191991E+08
  0.129217E-04  0.191991E+08  0.191991E+08  0.255796E+08  0.255790E+08  0.192002E+08  0.191991E+08
  0.133595E-04  0.191991E+08  0.191991E+08  0.255783E+08  0.255777E+08  0.192002E+08  0.191991E+08
  0.138122E-04  0.191991E+08  0.191991E+08  0.255769E+08  0.255762E+08  0.192002E+08  0.191991E+08
  0.142802E-04  0.191991E+08  0.191991E+08  0.255754E+08  0.255747E+08  0.192002E+08  0.191991E+08
  0.147640E-04  0.191991E+08  0.191991E+08  0.255737E+08  0.255730E+08  0.192002E+08  0.191991E+08
  0.152643E-04  0.191991E+08  0.191991E+08  0.255720E+08  0.255712E+08  0.192001E+08  0.191991E+08
  0.157815E-04  0.191991E+08  0.191991E+08  0.255702E+08  0.255693E+08  0.192001E+08  0.191991E+08
  0.163162E-04  0.191991E+08  0.191991E+08  0.255682E+08  0.255673E+08  0.192001E+08  0.191991E+08
  0.168691E-04  0.191991E+08  0.191991E+08  0.255661E+08  0.255651E+08  0.192001E+08  0.191991E+08
  0.174407E-04  0.191991E+08  0.191991E+08  0.255638E+08  0.255628E+08  0.192001E+08  0.191991E+08
  0.180316E-04  0.191991E+08  0.191991E+08  0.255614E+08  0.255603E+08  0.192001E+08  0.191991E+08
  0.186426E-04  0.191991E+08  0.191991E+08  0.255588E+08  0.255576E+08  0.192001E+08  0.191991E+08
  0.192743E-04  0.191991E+08  0.191991E+08  0.255561E+08  0.255548E+08  0.192000E+08  0.191991E+08
  0.199274E-04  0.191991E+08  0.191991E+08  0.255531E+08  0.255518E+08  0.192000E+08  0.191991E+08
  0.206026E-04  0.191990E+08  0.191990E+08  0.255500E+08  0.255485E+08  0.192000E+08  0.191991E+08
  0.213007E-04  0.191990E+08  0.191990E+08  0.255466E+08  0.255451E+08  0.192000E+08  0.191990E+08
  0.220224E-04  0.191990E+08  0.191990E+08  0.255430E+08  0.255414E+08  0.192000E+08  0.191990E+08
  0.227686E-04  0.191990E+08  0.191990E+08  0.255392E+08  0.255374E+08  0.191999E+08  0.191990E+08
  0.235401E-04  0.191990E+08  0.191990E+08  0.255351E+08  0.255332E+08  0.191999E+08  0.191990E+08
  0.243377E-04  0.191990E+08  0.191990E+08  0.255307E+08  0.255286E+08  0.191999E+08  0.191990E+08
  0.251624E-04  0.191990E+08  0.191990E+08  0.255260E+08  0.255238E+08  0.191999E+08  0.191990E+08
  0.260149E-04  0.191990E+08  0.191990E+08  0.255210E+08  0.255187E+08  0.191998E+08  0.191990E+08
  0.268964E-04  0.191990E+08  0.191990E+08  0.255156E+08  0.255131E+08  0.191998E+08  0.191990E+08
  0.278078E-04  0.191990E+08  0.191990E+08  0.255099E+08  0.255072E+08  0.191998E+08  0.191990E+08
  0.287500E-04  0.191990E+08  0.191990E+08  0.255038E+08  0.255009E+08  0.191997E+08  0.191990E+08
  0.297242E-04  0.191990E+08  0.191989E+08  0.254972E+08  0.254942E+08  0.191997E+08  0.191990E+08
  0.307313E-04  0.191989E+08  0.191989E+08  0.254902E+08  0.254870E+08  0.191997E+08  0.191989E+08
  0.317726E-04  0.191989E+08  0.191989E+08  0.254828E+08  0.254793E+08  0.191996E+08  0.191989E+08
  0.328492E-04  0.191989E+08  0.191989E+08  0.254748E+08  0.254711E+08  0.191996E+08  0.191989E+08
  0.339622E-04  0.191989E+08  0.191989E+08  0.254662E+08  0.254623E+08  0.191995E+08  0.191989E+08
  0.351130E-04  0.191989E+08  0.191989E+08  0.254571E+08  0.254529E+08  0.191995E+08  0.191989E+08
  0.363028E-04  0.191989E+08  0.191988E+08  0.254474E+08  0.254429E+08  0.191994E+08  0.191989E+08
  0.375328E-04  0.191988E+08  0.191988E+08  0.254370E+08  0.254322E+08  0.191993E+08  0.191988E+08
  0.388046E-04  0.191988E+08  0.191988E+08  0.254258E+08  0.254207E+08  0.191993E+08  0.191988E+08
  0.401194E-04  0.191988E+08  0.191988E+08  0.254140E+08  0.254085E+08  0.191992E+08  0.191988E+08
  0.414788E-04  0.191988E+08  0.191988E+08  0.254013E+08  0.253954E+08  0.191991E+08  0.191988E+08
  0.428843E-04  0.191987E+08  0.191987E+08  0.253877E+08  0.253815E+08  0.191990E+08  0.191987E+08
  0.443373E-04  0.191987E+08  0.191987E+08  0.253732E+08  0.253665E+08  0.191990E+08  0.191987E+08
  0.458397E-04  0.191987E+08  0.191987E+08  0.253577E+08  0.253506E+08  0.191989E+08  0.191987E+08
  0.473929E-04  0.191987E+08  0.191986E+08  0.253412E+08  0.253336E+08  0.191988E+08  0.191987E+08
  0.489987E-04  0.191986E+08  0.191986E+08  0.253235E+08  0.253154E+08  0.191987E+08  0.191986E+08
  0.506590E-04  0.191986E+08  0.191986E+08  0.253046E+08  0.252960E+08  0.191986E+08  0.191986E+08
  0.523755E-04  0.191985E+08  0.191985E+08  0.252845E+08  0.252752E+08  0.191984E+08  0.191985E+08
  0.541501E-04  0.191985E+08  0.191985E+08  0.252630E+08  0.252530E+08  0.191983E+08  0.191985E+08
  0.559850E-04  0.191985E+08  0.191984E+08  0.252400E+08  0.252294E+08  0.191982E+08  0.191985E+08
  0.578819E-04  0.191984E+08  0.191984E+08  0.252154E+08  0.252041E+08  0.191980E+08  0.191984E+08
  0.598432E-04  0.191984E+08  0.191983E+08  0.251892E+08  0.251771E+08  0.191979E+08  0.191984E+08
  0.618709E-04  0.191983E+08  0.191983E+08  0.251612E+08  0.251482E+08  0.191977E+08  0.191983E+08
  0.639673E-04  0.191983E+08  0.191982E+08  0.251312E+08  0.251175E+08  0.191975E+08  0.191982E+08
  0.661347E-04  0.191982E+08  0.191982E+08  0.250993E+08  0.250846E+08  0.191973E+08  0.191982E+08
  0.683756E-04  0.191981E+08  0.191981E+08  0.250652E+08  0.250495E+08  0.191971E+08  0.191981E+08
  0.706924E-04  0.191981E+08  0.191980E+08  0.250288E+08  0.250120E+08  0.191969E+08  0.191980E+08
  0.730878E-04  0.191980E+08  0.191980E+08  0.249900E+08  0.249721E+08  0.191967E+08  0.191980E+08
  0.755642E-04  0.191979E+08  0.191979E+08  0.249485E+08  0.249294E+08  0.191964E+08  0.191979E+08
  0.781246E-04  0.191978E+08  0.191978E+08  0.249043E+08  0.248839E+08  0.191962E+08  0.191978E+08
  0.807718E-04  0.191977E+08  0.191977E+08  0.248570E+08  0.248353E+08  0.191959E+08  0.191977E+08
  0.835086E-04  0.191976E+08  0.191976E+08  0.248066E+08  0.247834E+08  0.191956E+08  0.191976E+08
  0.863382E-04  0.191975E+08  0.191975E+08  0.247529E+08  0.247281E+08  0.191952E+08  0.191975E+08
  0.892636E-04  0.191974E+08  0.191974E+08  0.246956E+08  0.246691E+08  0.191949E+08  0.191974E+08
  0.922882E-04  0.191973E+08  0.191972E+08  0.246344E+08  0.246062E+08  0.191945E+08  0.191973E+08
  0.954153E-04  0.191972E+08  0.191971E+08  0.245692E+08  0.245391E+08  0.191941E+08  0.191972E+08
  0.986483E-04  0.191970E+08  0.191970E+08  0.244997E+08  0.244676E+08  0.191937E+08  0.191970E+08
  0.101991E-03  0.191969E+08  0.191968E+08  0.244256E+08  0.243913E+08  0.191932E+08  0.191969E+08
  0.105447E-03  0.191967E+08  0.191967E+08  0.243466E+08  0.243101E+08  0.191928E+08  0.191967E+08
  0.109020E-03  0.191966E+08  0.191965E+08  0.242624E+08  0.242235E+08  0.191922E+08  0.191965E+08
  0.112714E-03  0.191964E+08  0.191963E+08  0.241727E+08  0.241312E+08  0.191917E+08  0.191964E+08
  0.116533E-03  0.191962E+08  0.191961E+08  0.240772E+08  0.240330E+08  0.191911E+08  0.191962E+08
  0.120481E-03  0.191960E+08  0.191959E+08  0.239754E+08  0.239284E+08  0.191905E+08  0.191960E+08
  0.124564E-03  0.191958E+08  0.191957E+08  0.238672E+08  0.238171E+08  0.191898E+08  0.191958E+08
  0.128784E-03  0.191956E+08  0.191955E+08  0.237519E+08  0.236986E+08  0.191891E+08  0.191955E+08
  0.133148E-03  0.191953E+08  0.191952E+08  0.236293E+08  0.235725E+08  0.191883E+08  0.191953E+08
  0.137660E-03  0.191950E+08  0.191949E+08  0.234988E+08  0.234385E+08  0.191875E+08  0.191950E+08
  0.142324E-03  0.191948E+08  0.191947E+08  0.233602E+08  0.232959E+08  0.191866E+08  0.191947E+08
  0.147146E-03  0.191945E+08  0.191944E+08  0.232128E+08  0.231445E+08  0.191856E+08  0.191944E+08
  0.152132E-03  0.191941E+08  0.191940E+08  0.230562E+08  0.229836E+08  0.191846E+08  0.191941E+08
  0.157287E-03  0.191938E+08  0.191937E+08  0.228899E+08  0.228127E+08  0.191836E+08  0.191937E+08
  0.162617E-03  0.191934E+08  0.191933E+08  0.227133E+08  0.226314E+08  0.191824E+08  0.191934E+08
  0.168127E-03  0.191930E+08  0.191929E+08  0.225260E+08  0.224390E+08  0.191812E+08  0.191930E+08
  0.173823E-03  0.191926E+08  0.191925E+08  0.223274E+08  0.222351E+08  0.191799E+08  0.191926E+08
  0.179713E-03  0.191922E+08  0.191920E+08  0.221169E+08  0.220190E+08  0.191785E+08  0.191921E+08
  0.185802E-03  0.191917E+08  0.191915E+08  0.218939E+08  0.217901E+08  0.191770E+08  0.191916E+08
  0.192098E-03  0.191912E+08  0.191910E+08  0.216579E+08  0.215479E+08  0.191754E+08  0.191911E+08
  0.198607E-03  0.191907E+08  0.191905E+08  0.214082E+08  0.212918E+08  0.191737E+08  0.191906E+08
  0.205337E-03  0.191901E+08  0.191899E+08  0.211443E+08  0.210211E+08  0.191718E+08  0.191900E+08
  0.212294E-03  0.191895E+08  0.191892E+08  0.208655E+08  0.207353E+08  0.191699E+08  0.191894E+08
  0.219487E-03  0.191888E+08  0.191886E+08  0.205714E+08  0.204337E+08  0.191678E+08  0.191887E+08
  0.226924E-03  0.191881E+08  0.191878E+08  0.202612E+08  0.201159E+08  0.191656E+08  0.191880E+08
  0.234613E-03  0.191874E+08  0.191871E+08  0.199345E+08  0.197813E+08  0.191632E+08  0.191872E+08
  0.242563E-03  0.191866E+08  0.191862E+08  0.195907E+08  0.194293E+08  0.191607E+08  0.191864E+08
  0.250782E-03  0.191857E+08  0.191854E+08  0.192294E+08  0.190595E+08  0.191580E+08  0.191856E+08
  0.259279E-03  0.191848E+08  0.191844E+08  0.188500E+08  0.186714E+08  0.191551E+08  0.191846E+08
  0.268065E-03  0.191838E+08  0.191834E+08  0.184523E+08  0.182647E+08  0.191520E+08  0.191836E+08
  0.277148E-03  0.191828E+08  0.191824E+08  0.180359E+08  0.178392E+08  0.191487E+08  0.191826E+08
  0.286538E-03  0.191817E+08  0.191813E+08  0.176006E+08  0.173945E+08  0.191452E+08  0.191815E+08
  0.296247E-03  0.191805E+08  0.191800E+08  0.171463E+08  0.169307E+08  0.191414E+08  0.191803E+08
  0.306285E-03  0.191793E+08  0.191788E+08  0.166728E+08  0.164477E+08  0.191374E+08  0.191790E+08
  0.316663E-03  0.191779E+08  0.191774E+08  0.161804E+08  0.159458E+08  0.191331E+08  0.191777E+08
  0.327393E-03  0.191765E+08  0.191759E+08  0.156693E+08  0.154252E+08  0.191286E+08  0.191762E+08
  0.338486E-03  0.191750E+08  0.191744E+08  0.151400E+08  0.148864E+08  0.191237E+08  0.191747E+08
  0.349956E-03  0.191734E+08  0.191727E+08  0.145930E+08  0.143302E+08  0.191185E+08  0.191731E+08
  0.361813E-03  0.191716E+08  0.191710E+08  0.140291E+08  0.137574E+08  0.191130E+08  0.191713E+08
  0.374073E-03  0.191698E+08  0.191691E+08  0.134495E+08  0.131693E+08  0.191071E+08  0.191695E+08
  0.386748E-03  0.191679E+08  0.191671E+08  0.128554E+08  0.125671E+08  0.191008E+08  0.191675E+08
  0.399852E-03  0.191658E+08  0.191650E+08  0.122483E+08  0.119527E+08  0.190941E+08  0.191654E+08
  0.413401E-03  0.191636E+08  0.191627E+08  0.116302E+08  0.113279E+08  0.190869E+08  0.191632E+08
  0.427408E-03  0.191612E+08  0.191603E+08  0.110031E+08  0.106950E+08  0.190793E+08  0.191608E+08
  0.441890E-03  0.191587E+08  0.191578E+08  0.103693E+08  0.100566E+08  0.190712E+08  0.191583E+08
  0.456863E-03  0.191561E+08  0.191551E+08  0.973176E+07  0.941554E+07  0.190626E+08  0.191556E+08
  0.472343E-03  0.191533E+08  0.191522E+08  0.909331E+07  0.877496E+07  0.190533E+08  0.191527E+08
  0.488348E-03  0.191503E+08  0.191491E+08  0.845728E+07  0.813830E+07  0.190435E+08  0.191497E+08
  0.504895E-03  0.191471E+08  0.191459E+08  0.782719E+07  0.750926E+07  0.190331E+08  0.191465E+08
  0.522003E-03  0.191437E+08  0.191425E+08  0.720680E+07  0.689174E+07  0.190220E+08  0.191431E+08
  0.539690E-03  0.191401E+08  0.191388E+08  0.660004E+07  0.628978E+07  0.190102E+08  0.191394E+08
  0.557977E-03  0.191363E+08  0.191349E+08  0.601096E+07  0.570756E+07  0.189976E+08  0.191356E+08
  0.576883E-03  0.191323E+08  0.191308E+08  0.544363E+07  0.514922E+07  0.189842E+08  0.191315E+08
  0.596430E-03  0.191281E+08  0.191265E+08  0.490209E+07  0.461884E+07  0.189700E+08  0.191272E+08
  0.616639E-03  0.191235E+08  0.191219E+08  0.439019E+07  0.412031E+07  0.189549E+08  0.191227E+08
  0.637533E-03  0.191188E+08  0.191170E+08  0.391153E+07  0.365718E+07  0.189388E+08  0.191178E+08
  0.659135E-03  0.191137E+08  0.191119E+08  0.346930E+07  0.323252E+07  0.189217E+08  0.191127E+08
  0.681469E-03  0.191083E+08  0.191064E+08  0.306615E+07  0.284884E+07  0.189036E+08  0.191073E+08
  0.704560E-03  0.191027E+08  0.191007E+08  0.270402E+07  0.250785E+07  0.188844E+08  0.191016E+08
  0.728433E-03  0.190967E+08  0.190946E+08  0.238408E+07  0.221041E+07  0.188640E+08  0.190955E+08
  0.753115E-03  0.190904E+08  0.190882E+08  0.210655E+07  0.195637E+07  0.188424E+08  0.190891E+08
  0.778633E-03  0.190837E+08  0.190814E+08  0.187062E+07  0.174449E+07  0.188195E+08  0.190824E+08
  0.805016E-03  0.190767E+08  0.190743E+08  0.167442E+07  0.157238E+07  0.187952E+08  0.190752E+08
  0.832293E-03  0.190692E+08  0.190667E+08  0.151497E+07  0.143652E+07  0.187694E+08  0.190677E+08
  0.860494E-03  0.190614E+08  0.190588E+08  0.138827E+07  0.133233E+07  0.187422E+08  0.190598E+08
  0.889651E-03  0.190531E+08  0.190504E+08  0.128939E+07  0.125428E+07  0.187134E+08  0.190514E+08
  0.919795E-03  0.190444E+08  0.190416E+08  0.121269E+07  0.119617E+07  0.186829E+08  0.190426E+08
  0.950961E-03  0.190352E+08  0.190324E+08  0.115206E+07  0.115139E+07  0.186507E+08  0.190334E+08
  0.983184E-03  0.190256E+08  0.190226E+08  0.110131E+07  0.111332E+07  0.186166E+08  0.190236E+08
  0.101650E-02  0.190154E+08  0.190124E+08  0.105451E+07  0.107575E+07  0.185807E+08  0.190133E+08
  0.105094E-02  0.190047E+08  0.190016E+08  0.100647E+07  0.103335E+07  0.185428E+08  0.190025E+08
  0.108655E-02  0.189935E+08  0.189903E+08  0.953098E+06  0.982093E+06  0.185028E+08  0.189912E+08
  0.112337E-02  0.189817E+08  0.189783E+08  0.891807E+06  0.919641E+06  0.184607E+08  0.189792E+08
  0.116143E-02  0.189693E+08  0.189658E+08  0.821734E+06  0.845585E+06  0.184164E+08  0.189667E+08
  0.120078E-02  0.189562E+08  0.189527E+08  0.743842E+06  0.761513E+06  0.183697E+08  0.189535E+08
  0.124147E-02  0.189425E+08  0.189389E+08  0.660795E+06  0.670854E+06  0.183207E+08  0.189396E+08
  0.128354E-02  0.189281E+08  0.189245E+08  0.576612E+06  0.578466E+06  0.182692E+08  0.189251E+08
  0.132703E-02  0.189130E+08  0.189093E+08  0.496093E+06  0.489988E+06  0.182152E+08  0.189099E+08
  0.137199E-02  0.188972E+08  0.188934E+08  0.424063E+06  0.411001E+06  0.181585E+08  0.188938E+08
  0.141848E-02  0.188806E+08  0.188767E+08  0.364534E+06  0.346113E+06  0.180992E+08  0.188771E+08
  0.146654E-02  0.188631E+08  0.188593E+08  0.319909E+06  0.298098E+06  0.180371E+08  0.188595E+08
  0.151623E-02  0.188449E+08  0.188410E+08  0.290398E+06  0.267276E+06  0.179722E+08  0.188410E+08
  0.156761E-02  0.188257E+08  0.188218E+08  0.273807E+06  0.251305E+06  0.179044E+08  0.188217E+08
  0.162073E-02  0.188057E+08  0.188017E+08  0.265816E+06  0.245503E+06  0.178337E+08  0.188014E+08
  0.167564E-02  0.187847E+08  0.187807E+08  0.260783E+06  0.243728E+06  0.177600E+08  0.187802E+08
  0.173242E-02  0.187627E+08  0.187587E+08  0.252980E+06  0.239713E+06  0.176833E+08  0.187581E+08
  0.179112E-02  0.187397E+08  0.187357E+08  0.238008E+06  0.228575E+06  0.176036E+08  0.187349E+08
  0.185181E-02  0.187157E+08  0.187117E+08  0.214035E+06  0.208118E+06  0.175208E+08  0.187106E+08
  0.191456E-02  0.186905E+08  0.186865E+08  0.182450E+06  0.179507E+06  0.174350E+08  0.186852E+08
  0.197943E-02  0.186642E+08  0.186602E+08  0.147590E+06  0.146964E+06  0.173461E+08  0.186587E+08
  0.204650E-02  0.186368E+08  0.186328E+08  0.115458E+06  0.116433E+06  0.172541E+08  0.186310E+08
  0.211584E-02  0.186081E+08  0.186041E+08  0.916992E+05  0.934899E+05  0.171590E+08  0.186021E+08
  0.218753E-02  0.185781E+08  0.185741E+08  0.794499E+05  0.811888E+05  0.170610E+08  0.185719E+08
  0.226165E-02  0.185469E+08  0.185429E+08  0.779271E+05  0.787031E+05  0.169599E+08  0.185403E+08
  0.233829E-02  0.185143E+08  0.185103E+08  0.825065E+05  0.815109E+05  0.168558E+08  0.185075E+08
  0.241752E-02  0.184803E+08  0.184763E+08  0.865354E+05  0.833031E+05  0.167487E+08  0.184732E+08
  0.249943E-02  0.184448E+08  0.184408E+08  0.843151E+05  0.789626E+05  0.166387E+08  0.184375E+08
  0.258412E-02  0.184079E+08  0.184038E+08  0.739135E+05  0.672167E+05  0.165258E+08  0.184003E+08
  0.267168E-02  0.183694E+08  0.183654E+08  0.582249E+05  0.514045E+05  0.164100E+08  0.183615E+08
  0.276221E-02  0.183294E+08  0.183253E+08  0.433534E+05  0.375796E+05  0.162914E+08  0.183212E+08
  0.285580E-02  0.182878E+08  0.182836E+08  0.348889E+05  0.307183E+05  0.161698E+08  0.182792E+08
  0.295257E-02  0.182447E+08  0.182404E+08  0.342175E+05  0.313092E+05  0.160567E+08  0.182358E+08
  0.305261E-02  0.181996E+08  0.181953E+08  0.374878E+05  0.348575E+05  0.159292E+08  0.181905E+08
  0.315604E-02  0.181528E+08  0.181485E+08  0.384199E+05  0.351627E+05  0.157986E+08  0.181434E+08
  0.326298E-02  0.181042E+08  0.180998E+08  0.332516E+05  0.292674E+05  0.156648E+08  0.180945E+08
  0.337354E-02  0.180538E+08  0.180492E+08  0.238835E+05  0.200297E+05  0.155277E+08  0.180437E+08
  0.348785E-02  0.180014E+08  0.179968E+08  0.160891E+05  0.135709E+05  0.153873E+08  0.179910E+08
  0.360603E-02  0.179471E+08  0.179424E+08  0.138653E+05  0.133371E+05  0.152435E+08  0.179363E+08
  0.372822E-02  0.178907E+08  0.178859E+08  0.153033E+05  0.164720E+05  0.150930E+08  0.178796E+08
  0.385454E-02  0.178323E+08  0.178274E+08  0.148025E+05  0.168458E+05  0.149418E+08  0.178208E+08
  0.398515E-02  0.177719E+08  0.177669E+08  0.990107E+04  0.121204E+05  0.147869E+08  0.177600E+08
  0.412018E-02  0.177092E+08  0.177041E+08  0.471541E+04  0.662498E+04  0.146283E+08  0.176970E+08
  0.425979E-02  0.176444E+08  0.176392E+08  0.474962E+04  0.570390E+04  0.144658E+08  0.176318E+08
  0.440412E-02  0.175773E+08  0.175720E+08  0.899939E+04  0.831130E+04  0.142996E+08  0.175643E+08
  0.455335E-02  0.175079E+08  0.175025E+08  0.107853E+05  0.106465E+05  0.141306E+08  0.174945E+08
  0.470764E-02  0.174362E+08  0.174307E+08  0.754163E+04  0.149808E+05  0.139570E+08  0.174224E+08
  0.486715E-02  0.173621E+08  0.173564E+08  0.485145E+04  0.000000E+00  0.137796E+08  0.173478E+08
  0.503206E-02  0.172854E+08  0.172796E+08  0.683978E+04  0.000000E+00  0.135985E+08  0.172708E+08
  0.520257E-02  0.172063E+08  0.172004E+08  0.849837E+04  0.000000E+00  0.134138E+08  0.171913E+08
  0.537885E-02  0.171247E+08  0.171185E+08  0.499865E+04  0.000000E+00  0.132253E+08  0.171092E+08
  0.556111E-02  0.170404E+08  0.170341E+08  0.157703E+04  0.000000E+00  0.130335E+08  0.170245E+08
  0.574954E-02  0.169535E+08  0.169469E+08  0.326045E+04  0.000000E+00  0.128383E+08  0.169371E+08
  0.594435E-02  0.168638E+08  0.168571E+08  0.456766E+04  0.000000E+00  0.126398E+08  0.168470E+08
  0.614577E-02  0.167714E+08  0.167645E+08  0.225634E+04  0.000000E+00  0.124381E+08  0.167542E+08
  0.635401E-02  0.166762E+08  0.166690E+08  0.211786E+04  0.000000E+00  0.122332E+08  0.166586E+08
  0.656931E-02  0.165782E+08  0.165707E+08  0.314910E+04  0.000000E+00  0.120253E+08  0.165600E+08
  0.679190E-02  0.164772E+08  0.164695E+08  0.350172E+03  0.000000E+00  0.118146E+08  0.164586E+08
  0.702203E-02  0.163732E+08  0.163653E+08 -0.404933E+03  0.000000E+00  0.116014E+08  0.163542E+08
  0.725996E-02  0.162663E+08  0.162580E+08  0.185094E+04  0.000000E+00  0.113857E+08  0.162468E+08
  0.750596E-02  0.161563E+08  0.161477E+08  0.516328E+03  0.000000E+00  0.111680E+08  0.161364E+08
  0.776029E-02  0.160432E+08  0.160343E+08 -0.133258E+03  0.000000E+00  0.109481E+08  0.160228E+08
  0.802324E-02  0.159269E+08  0.159176E+08  0.382262E+03  0.000000E+00  0.107263E+08  0.159061E+08
  0.829509E-02  0.158074E+08  0.157978E+08 -0.871952E+02  0.000000E+00  0.105024E+08  0.157861E+08
  0.857616E-02  0.156847E+08  0.156746E+08  0.140822E+04  0.000000E+00  0.102765E+08  0.156630E+08
  0.886675E-02  0.155586E+08  0.155481E+08 -0.609290E+03  0.000000E+00  0.100484E+08  0.155364E+08
  0.916719E-02  0.154292E+08  0.154183E+08  0.442067E+03  0.000000E+00  0.981834E+07  0.154066E+08
  0.947781E-02  0.152963E+08  0.152850E+08 -0.133274E+03  0.000000E+00  0.958668E+07  0.152733E+08
  0.979895E-02  0.151601E+08  0.151482E+08 -0.731835E+03  0.000000E+00  0.935390E+07  0.151366E+08
  0.101310E-01  0.150203E+08  0.150078E+08 -0.539838E+02  0.000000E+00  0.912053E+07  0.149964E+08
  0.104742E-01  0.148769E+08  0.148639E+08 -0.503220E+03  0.000000E+00  0.888701E+07  0.148526E+08
  0.108292E-01  0.147300E+08  0.147164E+08 -0.324668E+03  0.000000E+00  0.865357E+07  0.147052E+08
  0.111961E-01  0.145794E+08  0.145652E+08 -0.781114E+02  0.000000E+00  0.842020E+07  0.145542E+08
  0.115754E-01  0.144251E+08  0.144102E+08 -0.640411E+03  0.000000E+00  0.818680E+07  0.143995E+08
  0.119677E-01  0.142671E+08  0.142515E+08 -0.734437E+02  0.000000E+00  0.795328E+07  0.142411E+08
  0.123732E-01  0.141053E+08  0.140890E+08 -0.662533E+03  0.000000E+00  0.771978E+07  0.140790E+08
  0.127924E-01  0.139397E+08  0.139227E+08 -0.316411E+03  0.000000E+00  0.748660E+07  0.139130E+08
  0.132259E-01  0.137702E+08  0.137524E+08 -0.284551E+03  0.000000E+00  0.725420E+07  0.137432E+08
  0.136740E-01  0.135969E+08  0.135783E+08 -0.410288E+03  0.000000E+00  0.702297E+07  0.135695E+08
  0.141373E-01  0.134196E+08  0.134002E+08 -0.101441E+03  0.000000E+00  0.679319E+07  0.133919E+08
  0.146164E-01  0.132384E+08  0.132181E+08 -0.400701E+03  0.000000E+00  0.656507E+07  0.132104E+08
  0.151116E-01  0.130533E+08  0.130320E+08 -0.423194E+03  0.000000E+00  0.633872E+07  0.130250E+08
  0.156237E-01  0.128642E+08  0.128419E+08 -0.440296E+03  0.000000E+00  0.611427E+07  0.128356E+08
  0.161530E-01  0.126712E+08  0.126479E+08 -0.702512E+01  0.000000E+00  0.589181E+07  0.126423E+08
  0.167004E-01  0.124741E+08  0.124498E+08 -0.300966E+03  0.000000E+00  0.567156E+07  0.124450E+08
  0.172662E-01  0.122732E+08  0.122478E+08 -0.337881E+03  0.000000E+00  0.545383E+07  0.122439E+08
  0.178513E-01  0.120684E+08  0.120418E+08 -0.334829E+03  0.000000E+00  0.523894E+07  0.120388E+08
  0.184562E-01  0.118597E+08  0.118320E+08 -0.327289E+03  0.000000E+00  0.502706E+07  0.118300E+08
  0.190815E-01  0.116473E+08  0.116184E+08 -0.208625E+03  0.000000E+00  0.481826E+07  0.116173E+08
  0.197281E-01  0.114311E+08  0.114011E+08 -0.207210E+03  0.000000E+00  0.461279E+07  0.114011E+08
  0.203965E-01  0.112114E+08  0.111801E+08 -0.246343E+03  0.000000E+00  0.441106E+07  0.111812E+08
  0.210876E-01  0.109882E+08  0.109557E+08 -0.137106E+03  0.000000E+00  0.421334E+07  0.109579E+08
  0.218022E-01  0.107618E+08  0.107280E+08 -0.113221E+02  0.000000E+00  0.401966E+07  0.107314E+08
  0.225409E-01  0.105322E+08  0.104972E+08 -0.105289E+03  0.000000E+00  0.383010E+07  0.105018E+08
  0.233047E-01  0.102998E+08  0.102636E+08 -0.230247E+03  0.000000E+00  0.364489E+07  0.102694E+08
  0.240943E-01  0.100648E+08  0.100274E+08 -0.104701E+03  0.000000E+00  0.346433E+07  0.100344E+08
  0.249107E-01  0.982750E+07  0.978886E+07 -0.133281E+03  0.000000E+00  0.328859E+07  0.979714E+07
  0.257548E-01  0.958822E+07  0.954843E+07 -0.109788E+03  0.000000E+00  0.311777E+07  0.955794E+07
  0.266274E-01  0.934737E+07  0.930646E+07 -0.102031E+03  0.000000E+00  0.295196E+07  0.931719E+07
  0.275297E-01  0.910536E+07  0.906341E+07 -0.721661E+02  0.000000E+00  0.279136E+07  0.907532E+07
  0.284625E-01  0.886268E+07  0.881976E+07 -0.232774E+02  0.000000E+00  0.263613E+07  0.883282E+07
  0.294269E-01  0.861986E+07  0.857606E+07 -0.672316E+02  0.000000E+00  0.248632E+07  0.859021E+07
  0.304240E-01  0.837746E+07  0.833288E+07 -0.974400E+02  0.000000E+00  0.234209E+07  0.834805E+07
  0.314549E-01  0.813609E+07  0.809085E+07 -0.607787E+02  0.000000E+00  0.220353E+07  0.810696E+07
  0.325207E-01  0.789640E+07  0.785065E+07 -0.205380E+02  0.000000E+00  0.207069E+07  0.786759E+07
  0.336226E-01  0.765909E+07  0.761298E+07 -0.685641E+02  0.000000E+00  0.194374E+07  0.763063E+07
  0.347618E-01  0.742486E+07  0.737856E+07 -0.615987E+02  0.000000E+00  0.182271E+07  0.739679E+07
  0.359397E-01  0.719444E+07  0.714815E+07 -0.105949E+02  0.000000E+00  0.170754E+07  0.716681E+07
  0.371575E-01  0.696859E+07  0.692250E+07 -0.453007E+02  0.000000E+00  0.159824E+07  0.694142E+07
  0.384165E-01  0.674802E+07  0.670235E+07 -0.234820E+02  0.000000E+00  0.149480E+07  0.672135E+07
  0.397182E-01  0.653345E+07  0.648843E+07 -0.455881E+02  0.000000E+00  0.139714E+07  0.650731E+07
  0.410640E-01  0.632554E+07  0.628140E+07 -0.391619E+02  0.000000E+00  0.130520E+07  0.629997E+07
  0.424554E-01  0.612489E+07  0.608187E+07 -0.231143E+02  0.000000E+00  0.121882E+07  0.609993E+07
  0.438939E-01  0.593202E+07  0.589035E+07 -0.195312E+02  0.000000E+00  0.113786E+07  0.590768E+07
  0.453571E-01  0.575020E+07  0.571008E+07 -0.218931E+02  0.000000E+00  0.106334E+07  0.572651E+07
  0.468202E-01  0.558194E+07  0.554352E+07 -0.124934E+02  0.000000E+00  0.995808E+06  0.555889E+07
  0.482833E-01  0.542625E+07  0.538964E+07 -0.124284E+02  0.000000E+00  0.934536E+06  0.540383E+07
  0.497465E-01  0.528211E+07  0.524740E+07 -0.213239E+02  0.000000E+00  0.878806E+06  0.526031E+07
  0.512096E-01  0.514849E+07  0.511573E+07 -0.216273E+02  0.000000E+00  0.827999E+06  0.512731E+07
  0.526727E-01  0.502434E+07  0.499355E+07 -0.153674E+02  0.000000E+00  0.781544E+06  0.500375E+07
  0.541358E-01  0.490863E+07  0.487980E+07 -0.130589E+02  0.000000E+00  0.738956E+06  0.488862E+07
  0.555990E-01  0.480034E+07  0.477344E+07 -0.391683E+01  0.000000E+00  0.699768E+06  0.478089E+07
  0.570621E-01  0.469850E+07  0.467345E+07 -0.131731E+02  0.000000E+00  0.663592E+06  0.467958E+07
  0.585252E-01  0.460217E+07  0.457889E+07 -0.116135E+02  0.000000E+00  0.630073E+06  0.458375E+07
  0.599884E-01  0.451046E+07  0.448886E+07 -0.125031E+02  0.000000E+00  0.598902E+06  0.449254E+07
  0.614515E-01  0.442258E+07  0.440252E+07 -0.110667E+02  0.000000E+00  0.569804E+06  0.440512E+07
  0.629146E-01  0.433779E+07  0.431912E+07 -0.119837E+02  0.000000E+00  0.542547E+06  0.432075E+07
  0.643778E-01  0.425541E+07  0.423799E+07 -0.765629E+01  0.000000E+00  0.516927E+06  0.423878E+07
  0.658409E-01  0.417487E+07  0.415855E+07 -0.571239E+01  0.000000E+00  0.492760E+06  0.415862E+07
  0.673040E-01  0.409569E+07  0.408030E+07 -0.466110E+01  0.000000E+00  0.469908E+06  0.407979E+07
  0.687672E-01  0.401745E+07  0.400283E+07 -0.500755E+01  0.000000E+00  0.448233E+06  0.400188E+07
  0.702303E-01  0.393982E+07  0.392581E+07 -0.864201E+01  0.000000E+00  0.427635E+06  0.392457E+07
  0.716934E-01  0.386258E+07  0.384902E+07 -0.829805E+01  0.000000E+00  0.408021E+06  0.384760E+07
  0.731566E-01  0.378555E+07  0.377230E+07 -0.885079E+00  0.000000E+00  0.389320E+06  0.377084E+07
  0.746197E-01  0.370864E+07  0.369557E+07 -0.660587E+01  0.000000E+00  0.371469E+06  0.369418E+07
  0.760828E-01  0.363183E+07  0.361880E+07 -0.367813E+01  0.000000E+00  0.354418E+06  0.361760E+07
  0.775459E-01  0.355512E+07  0.354203E+07 -0.614713E+00  0.000000E+00  0.338126E+06  0.354110E+07
  0.790091E-01  0.347865E+07  0.346541E+07 -0.126410E+02  0.000000E+00  0.322562E+06  0.346484E+07
  0.804722E-01  0.340256E+07  0.338908E+07 -0.102814E+02  0.000000E+00  0.307700E+06  0.338894E+07
  0.819353E-01  0.332703E+07  0.331325E+07 -0.739782E+01  0.000000E+00  0.293519E+06  0.331359E+07
  0.833985E-01  0.325226E+07  0.323814E+07 -0.104964E+02  0.000000E+00  0.280000E+06  0.323899E+07
  0.848616E-01  0.317848E+07  0.316398E+07 -0.554168E+00  0.000000E+00  0.267124E+06  0.316538E+07
  0.863247E-01  0.310592E+07  0.309104E+07 -0.105554E+01  0.000000E+00  0.254881E+06  0.309299E+07
  0.877879E-01  0.303483E+07  0.301957E+07 -0.878875E+01  0.000000E+00  0.243253E+06  0.302206E+07
  0.892510E-01  0.296544E+07  0.294981E+07 -0.390547E+01  0.000000E+00  0.232227E+06  0.295283E+07
  0.907141E-01  0.289798E+07  0.288202E+07 -0.517650E+01  0.000000E+00  0.221789E+06  0.288553E+07
  0.921773E-01  0.283266E+07  0.281641E+07 -0.104799E+02  0.000000E+00  0.211922E+06  0.282037E+07
  0.940024E-01  0.275445E+07  0.273792E+07 -0.854050E+01  0.000000E+00  0.200390E+06  0.274237E+07
  0.958275E-01  0.268018E+07  0.266345E+07 -0.370720E+00  0.000000E+00  0.189687E+06  0.266830E+07
  0.976526E-01  0.261005E+07  0.259324E+07 -0.488919E+01  0.000000E+00  0.179773E+06  0.259839E+07
  0.994777E-01  0.254424E+07  0.252745E+07 -0.697488E+01  0.000000E+00  0.170609E+06  0.253279E+07
  0.101303E+00  0.248279E+07  0.246614E+07 -0.458673E+00  0.000000E+00  0.162149E+06  0.247156E+07
  0.103128E+00  0.242569E+07  0.240930E+07 -0.153030E+01  0.000000E+00  0.154347E+06  0.241468E+07
  0.104953E+00  0.237284E+07  0.235681E+07 -0.977759E+00  0.000000E+00  0.147154E+06  0.236205E+07
  0.106778E+00  0.232405E+07  0.230848E+07 -0.229683E+01  0.000000E+00  0.140521E+06  0.231350E+07
  0.108603E+00  0.227908E+07  0.226406E+07 -0.233371E+01  0.000000E+00  0.134398E+06  0.226876E+07
  0.110428E+00  0.223763E+07  0.222322E+07 -0.345073E+01  0.000000E+00  0.128735E+06  0.222753E+07
  0.112254E+00  0.219933E+07  0.218558E+07 -0.405385E+01  0.000000E+00  0.123485E+06  0.218946E+07
  0.114079E+00  0.216379E+07  0.215075E+07 -0.827057E+00  0.000000E+00  0.118600E+06  0.215415E+07
  0.115904E+00  0.213062E+07  0.211831E+07 -0.333712E+01  0.000000E+00  0.114040E+06  0.212120E+07
  0.117729E+00  0.209940E+07  0.208781E+07 -0.305140E+01  0.000000E+00  0.109761E+06  0.209019E+07
  0.119554E+00  0.206970E+07  0.205882E+07 -0.230729E+01  0.000000E+00  0.105727E+06  0.206069E+07
  0.121379E+00  0.204111E+07  0.203090E+07 -0.513033E+00  0.000000E+00  0.101903E+06  0.203230E+07
  0.123204E+00  0.201324E+07  0.200367E+07  0.208163E+00  0.000000E+00  0.982601E+05  0.200462E+07
  0.125029E+00  0.198576E+07  0.197677E+07 -0.116399E+01  0.000000E+00  0.947720E+05  0.197732E+07
  0.126855E+00  0.195838E+07  0.194989E+07 -0.172940E+01  0.000000E+00  0.914173E+05  0.195011E+07
  0.128680E+00  0.193085E+07  0.192280E+07 -0.194889E+00  0.000000E+00  0.881793E+05  0.192273E+07
  0.130505E+00  0.190298E+07  0.189529E+07 -0.289428E+01  0.000000E+00  0.850432E+05  0.189501E+07
  0.132330E+00  0.187462E+07  0.186722E+07 -0.104996E+01  0.000000E+00  0.819994E+05  0.186679E+07
  0.134155E+00  0.184569E+07  0.183849E+07 -0.120987E+01  0.000000E+00  0.790394E+05  0.183799E+07
  0.135980E+00  0.181613E+07  0.180906E+07  0.000000E+00  0.000000E+00  0.761584E+05  0.180856E+07
  0.137805E+00  0.178598E+07  0.177897E+07  0.000000E+00  0.000000E+00  0.733541E+05  0.177851E+07
  0.139630E+00  0.175527E+07  0.174826E+07  0.000000E+00  0.000000E+00  0.706258E+05  0.174791E+07
  0.141455E+00  0.172411E+07  0.171704E+07  0.000000E+00  0.000000E+00  0.679745E+05  0.171685E+07
  0.143281E+00  0.169264E+07  0.168547E+07  0.000000E+00  0.000000E+00  0.654024E+05  0.168546E+07
  0.145106E+00  0.166102E+07  0.165372E+07  0.000000E+00  0.000000E+00  0.629133E+05  0.165394E+07
  0.146931E+00  0.162945E+07  0.162198E+07  0.000000E+00  0.000000E+00  0.605102E+05  0.162244E+07
  0.148756E+00  0.159809E+07  0.159045E+07  0.000000E+00  0.000000E+00  0.581963E+05  0.159117E+07
  0.150581E+00  0.156715E+07  0.155933E+07  0.000000E+00  0.000000E+00  0.559751E+05  0.156030E+07
  0.152406E+00  0.153681E+07  0.152882E+07  0.000000E+00  0.000000E+00  0.538486E+05  0.153004E+07
  0.154231E+00  0.150724E+07  0.149910E+07  0.000000E+00  0.000000E+00  0.518192E+05  0.150055E+07
  0.156056E+00  0.147861E+07  0.147034E+07  0.000000E+00  0.000000E+00  0.498876E+05  0.147200E+07
  0.157882E+00  0.145106E+07  0.144269E+07  0.000000E+00  0.000000E+00  0.480547E+05  0.144454E+07
  0.159707E+00  0.142472E+07  0.141627E+07  0.000000E+00  0.000000E+00  0.463196E+05  0.141827E+07
  0.161532E+00  0.139966E+07  0.139119E+07  0.000000E+00  0.000000E+00  0.446809E+05  0.139330E+07
  0.163357E+00  0.137596E+07  0.136751E+07  0.000000E+00  0.000000E+00  0.431365E+05  0.136968E+07
  0.165182E+00  0.135365E+07  0.134525E+07  0.000000E+00  0.000000E+00  0.416828E+05  0.134746E+07
  0.167007E+00  0.133272E+07  0.132441E+07  0.000000E+00  0.000000E+00  0.403155E+05  0.132661E+07
  0.168832E+00  0.131313E+07  0.130495E+07  0.000000E+00  0.000000E+00  0.390299E+05  0.130711E+07
  0.170657E+00  0.129483E+07  0.128682E+07  0.000000E+00  0.000000E+00  0.378206E+05  0.128890E+07
  0.172482E+00  0.127773E+07  0.126992E+07  0.000000E+00  0.000000E+00  0.366818E+05  0.127190E+07
  0.174308E+00  0.126175E+07  0.125417E+07  0.000000E+00  0.000000E+00  0.356079E+05  0.125600E+07
  0.176133E+00  0.124675E+07  0.123942E+07  0.000000E+00  0.000000E+00  0.345924E+05  0.124110E+07
  0.177958E+00  0.123262E+07  0.122555E+07  0.000000E+00  0.000000E+00  0.336299E+05  0.122706E+07
  0.179783E+00  0.121922E+07  0.121242E+07  0.000000E+00  0.000000E+00  0.327140E+05  0.121375E+07
  0.181608E+00  0.120641E+07  0.119988E+07  0.000000E+00  0.000000E+00  0.318391E+05  0.120102E+07
  0.183433E+00  0.119404E+07  0.118778E+07  0.000000E+00  0.000000E+00  0.310001E+05  0.118873E+07
  0.185258E+00  0.118197E+07  0.117597E+07  0.000000E+00  0.000000E+00  0.301916E+05  0.117675E+07
  0.187083E+00  0.117008E+07  0.116432E+07  0.000000E+00  0.000000E+00  0.294096E+05  0.116494E+07
  0.188909E+00  0.115826E+07  0.115272E+07  0.000000E+00  0.000000E+00  0.286500E+05  0.115319E+07
  0.190734E+00  0.114639E+07  0.114106E+07  0.000000E+00  0.000000E+00  0.279099E+05  0.114140E+07
  0.192559E+00  0.113441E+07  0.112926E+07  0.000000E+00  0.000000E+00  0.271866E+05  0.112949E+07
  0.194384E+00  0.112225E+07  0.111725E+07  0.000000E+00  0.000000E+00  0.264779E+05  0.111739E+07
  0.196209E+00  0.110986E+07  0.110498E+07  0.000000E+00  0.000000E+00  0.257824E+05  0.110506E+07
  0.198034E+00  0.109721E+07  0.109242E+07  0.000000E+00  0.000000E+00  0.250990E+05  0.109247E+07
  0.199859E+00  0.108428E+07  0.107957E+07  0.000000E+00  0.000000E+00  0.244271E+05  0.107960E+07
  0.201684E+00  0.107108E+07  0.106641E+07  0.000000E+00  0.000000E+00  0.237666E+05  0.106646E+07
  0.203509E+00  0.105764E+07  0.105299E+07  0.000000E+00  0.000000E+00  0.231175E+05  0.105306E+07
  0.205335E+00  0.104398E+07  0.103934E+07  0.000000E+00  0.000000E+00  0.224806E+05  0.103946E+07
  0.207160E+00  0.103017E+07  0.102551E+07  0.000000E+00  0.000000E+00  0.218565E+05  0.102569E+07
  0.208985E+00  0.101626E+07  0.101156E+07  0.000000E+00  0.000000E+00  0.212460E+05  0.101182E+07
  0.210810E+00  0.100231E+07  0.997573E+06  0.000000E+00  0.000000E+00  0.206502E+05  0.997917E+06
  0.212635E+00  0.988398E+06  0.983613E+06  0.000000E+00  0.000000E+00  0.200701E+05  0.984048E+06
  0.214460E+00  0.974594E+06  0.969758E+06  0.000000E+00  0.000000E+00  0.195066E+05  0.970285E+06
  0.216285E+00  0.960967E+06  0.956080E+06  0.000000E+00  0.000000E+00  0.189606E+05  0.956699E+06
  0.218110E+00  0.947584E+06  0.942650E+06  0.000000E+00  0.000000E+00  0.184327E+05  0.943357E+06
  0.219936E+00  0.934509E+06  0.929534E+06  0.000000E+00  0.000000E+00  0.179238E+05  0.930322E+06
  0.221761E+00  0.921797E+06  0.916792E+06  0.000000E+00  0.000000E+00  0.174341E+05  0.917651E+06
  0.223586E+00  0.909500E+06  0.904475E+06  0.000000E+00  0.000000E+00  0.169640E+05  0.905395E+06
  0.225411E+00  0.897657E+06  0.892625E+06  0.000000E+00  0.000000E+00  0.165135E+05  0.893593E+06
  0.227236E+00  0.886295E+06  0.881271E+06  0.000000E+00  0.000000E+00  0.160825E+05  0.882273E+06
  0.229061E+00  0.875432E+06  0.870429E+06  0.000000E+00  0.000000E+00  0.156707E+05  0.871452E+06
  0.230886E+00  0.865072E+06  0.860105E+06  0.000000E+00  0.000000E+00  0.152773E+05  0.861135E+06
  0.232711E+00  0.855211E+06  0.850294E+06  0.000000E+00  0.000000E+00  0.149018E+05  0.851317E+06
  0.234536E+00  0.845833E+06  0.840981E+06  0.000000E+00  0.000000E+00  0.145433E+05  0.841983E+06
  0.236362E+00  0.836917E+06  0.832140E+06  0.000000E+00  0.000000E+00  0.142007E+05  0.833110E+06
  0.238187E+00  0.828432E+06  0.823741E+06  0.000000E+00  0.000000E+00  0.138732E+05  0.824669E+06
  0.240012E+00  0.820343E+06  0.815747E+06  0.000000E+00  0.000000E+00  0.135595E+05  0.816623E+06
  0.241837E+00  0.812608E+06  0.808114E+06  0.000000E+00  0.000000E+00  0.132585E+05  0.808932E+06
  0.243662E+00  0.805180E+06  0.800792E+06  0.000000E+00  0.000000E+00  0.129692E+05  0.801547E+06
  0.245487E+00  0.798009E+06  0.793730E+06  0.000000E+00  0.000000E+00  0.126901E+05  0.794419E+06
  0.247312E+00  0.791046E+06  0.786876E+06  0.000000E+00  0.000000E+00  0.124204E+05  0.787498E+06
  0.249137E+00  0.784241E+06  0.780178E+06  0.000000E+00  0.000000E+00  0.121589E+05  0.780734E+06
  0.250963E+00  0.777546E+06  0.773586E+06  0.000000E+00  0.000000E+00  0.119047E+05  0.774079E+06
  0.252788E+00  0.770919E+06  0.767058E+06  0.000000E+00  0.000000E+00  0.116569E+05  0.767491E+06
  0.254613E+00  0.764321E+06  0.760552E+06  0.000000E+00  0.000000E+00  0.114146E+05  0.760931E+06
  0.256438E+00  0.757719E+06  0.754033E+06  0.000000E+00  0.000000E+00  0.111774E+05  0.754366E+06
  0.258263E+00  0.751085E+06  0.747474E+06  0.000000E+00  0.000000E+00  0.109446E+05  0.747767E+06
  0.260088E+00  0.744396E+06  0.740851E+06  0.000000E+00  0.000000E+00  0.107158E+05  0.741113E+06
  0.261913E+00  0.737636E+06  0.734146E+06  0.000000E+00  0.000000E+00  0.104907E+05  0.734386E+06
  0.263738E+00  0.730796E+06  0.727352E+06  0.000000E+00  0.000000E+00  0.102691E+05  0.727577E+06
  0.265563E+00  0.723871E+06  0.720464E+06  0.000000E+00  0.000000E+00  0.100508E+05  0.720683E+06
  0.267389E+00  0.716868E+06  0.713488E+06  0.000000E+00  0.000000E+00  0.983583E+04  0.713709E+06
  0.269214E+00  0.709793E+06  0.706432E+06  0.000000E+00  0.000000E+00  0.962423E+04  0.706663E+06
  0.271039E+00  0.702661E+06  0.699313E+06  0.000000E+00  0.000000E+00  0.941616E+04  0.699559E+06
  0.272864E+00  0.695491E+06  0.692148E+06  0.000000E+00  0.000000E+00  0.921171E+04  0.692416E+06
  0.274689E+00  0.688304E+06  0.684962E+06  0.000000E+00  0.000000E+00  0.901115E+04  0.685255E+06
  0.276514E+00  0.681122E+06  0.677778E+06  0.000000E+00  0.000000E+00  0.881465E+04  0.678098E+06
  0.278339E+00  0.673969E+06  0.670620E+06  0.000000E+00  0.000000E+00  0.862238E+04  0.670971E+06
  0.280164E+00  0.666870E+06  0.663514E+06  0.000000E+00  0.000000E+00  0.843463E+04  0.663896E+06
  0.281990E+00  0.659849E+06  0.656487E+06  0.000000E+00  0.000000E+00  0.825151E+04  0.656900E+06
  0.283815E+00  0.652931E+06  0.649563E+06  0.000000E+00  0.000000E+00  0.807327E+04  0.650006E+06
  0.285640E+00  0.646138E+06  0.642767E+06  0.000000E+00  0.000000E+00  0.790000E+04  0.643236E+06
  0.287465E+00  0.639490E+06  0.636119E+06  0.000000E+00  0.000000E+00  0.773185E+04  0.636613E+06
  0.289290E+00  0.633004E+06  0.629637E+06  0.000000E+00  0.000000E+00  0.756890E+04  0.630152E+06
  0.291115E+00  0.626695E+06  0.623336E+06  0.000000E+00  0.000000E+00  0.741113E+04  0.623867E+06
  0.292940E+00  0.620572E+06  0.617226E+06  0.000000E+00  0.000000E+00  0.725854E+04  0.617768E+06
  0.294765E+00  0.614641E+06  0.611312E+06  0.000000E+00  0.000000E+00  0.711107E+04  0.611861E+06
  0.296591E+00  0.608903E+06  0.605597E+06  0.000000E+00  0.000000E+00  0.696858E+04  0.606147E+06
  0.298416E+00  0.603358E+06  0.600078E+06  0.000000E+00  0.000000E+00  0.683093E+04  0.600626E+06
  0.300241E+00  0.598001E+06  0.594753E+06  0.000000E+00  0.000000E+00  0.669793E+04  0.595294E+06
  0.302066E+00  0.592826E+06  0.589614E+06  0.000000E+00  0.000000E+00  0.656940E+04  0.590143E+06
  0.303891E+00  0.587822E+06  0.584650E+06  0.000000E+00  0.000000E+00  0.644512E+04  0.585163E+06
  0.305716E+00  0.582976E+06  0.579847E+06  0.000000E+00  0.000000E+00  0.632478E+04  0.580342E+06
  0.307541E+00  0.578275E+06  0.575191E+06  0.000000E+00  0.000000E+00  0.620817E+04  0.575665E+06
  0.309366E+00  0.573700E+06  0.570663E+06  0.000000E+00  0.000000E+00  0.609500E+04  0.571114E+06
  0.311191E+00  0.569236E+06  0.566246E+06  0.000000E+00  0.000000E+00  0.598499E+04  0.566673E+06
  0.313017E+00  0.564863E+06  0.561921E+06  0.000000E+00  0.000000E+00  0.587789E+04  0.562324E+06
  0.314842E+00  0.560566E+06  0.557672E+06  0.000000E+00  0.000000E+00  0.577342E+04  0.558050E+06
  0.316667E+00  0.556329E+06  0.553481E+06  0.000000E+00  0.000000E+00  0.567141E+04  0.553836E+06
  0.318492E+00  0.552137E+06  0.549332E+06  0.000000E+00  0.000000E+00  0.557161E+04  0.549665E+06
  0.320317E+00  0.547976E+06  0.545214E+06  0.000000E+00  0.000000E+00  0.547383E+04  0.545526E+06
  0.322142E+00  0.543834E+06  0.541111E+06  0.000000E+00  0.000000E+00  0.537794E+04  0.541405E+06
  0.323967E+00  0.539700E+06  0.537013E+06  0.000000E+00  0.000000E+00  0.528375E+04  0.537292E+06
  0.325792E+00  0.535566E+06  0.532912E+06  0.000000E+00  0.000000E+00  0.519117E+04  0.533178E+06
  0.327617E+00  0.531425E+06  0.528800E+06  0.000000E+00  0.000000E+00  0.510008E+04  0.529057E+06
  0.329443E+00  0.527273E+06  0.524675E+06  0.000000E+00  0.000000E+00  0.501042E+04  0.524924E+06
  0.331268E+00  0.523108E+06  0.520533E+06  0.000000E+00  0.000000E+00  0.492217E+04  0.520778E+06
  0.333093E+00  0.518932E+06  0.516376E+06  0.000000E+00  0.000000E+00  0.483525E+04  0.516620E+06
  0.334918E+00  0.514746E+06  0.512208E+06  0.000000E+00  0.000000E+00  0.474972E+04  0.512452E+06
  0.336743E+00  0.510556E+06  0.508031E+06  0.000000E+00  0.000000E+00  0.466556E+04  0.508279E+06
  0.338568E+00  0.506365E+06  0.503852E+06  0.000000E+00  0.000000E+00  0.458279E+04  0.504106E+06
  0.340393E+00  0.502181E+06  0.499678E+06  0.000000E+00  0.000000E+00  0.450144E+04  0.499939E+06
  0.342218E+00  0.498011E+06  0.495516E+06  0.000000E+00  0.000000E+00  0.442155E+04  0.495785E+06
  0.344044E+00  0.493862E+06  0.491374E+06  0.000000E+00  0.000000E+00  0.434316E+04  0.491652E+06
  0.345869E+00  0.489743E+06  0.487262E+06  0.000000E+00  0.000000E+00  0.426631E+04  0.487549E+06
  0.347694E+00  0.485662E+06  0.483187E+06  0.000000E+00  0.000000E+00  0.419104E+04  0.483484E+06
  0.349519E+00  0.481629E+06  0.479160E+06  0.000000E+00  0.000000E+00  0.411740E+04  0.479467E+06
  0.351344E+00  0.477651E+06  0.475189E+06  0.000000E+00  0.000000E+00  0.404541E+04  0.475504E+06
  0.353169E+00  0.473734E+06  0.471280E+06  0.000000E+00  0.000000E+00  0.397509E+04  0.471603E+06
  0.354994E+00  0.469886E+06  0.467441E+06  0.000000E+00  0.000000E+00  0.390647E+04  0.467770E+06
  0.356819E+00  0.466110E+06  0.463675E+06  0.000000E+00  0.000000E+00  0.383953E+04  0.464010E+06
  0.358645E+00  0.462409E+06  0.459986E+06  0.000000E+00  0.000000E+00  0.377427E+04  0.460325E+06
  0.360470E+00  0.458787E+06  0.456377E+06  0.000000E+00  0.000000E+00  0.371067E+04  0.456718E+06
  0.362295E+00  0.455244E+06  0.452849E+06  0.000000E+00  0.000000E+00  0.364870E+04  0.453190E+06
  0.364120E+00  0.451781E+06  0.449403E+06  0.000000E+00  0.000000E+00  0.358834E+04  0.449742E+06
  0.365945E+00  0.448397E+06  0.446037E+06  0.000000E+00  0.000000E+00  0.352953E+04  0.446374E+06
  0.367770E+00  0.445091E+06  0.442749E+06  0.000000E+00  0.000000E+00  0.347224E+04  0.443082E+06
  0.369595E+00  0.441858E+06  0.439538E+06  0.000000E+00  0.000000E+00  0.341640E+04  0.439865E+06
  0.371420E+00  0.438696E+06  0.436397E+06  0.000000E+00  0.000000E+00  0.336194E+04  0.436717E+06
  0.373245E+00  0.435598E+06  0.433321E+06  0.000000E+00  0.000000E+00  0.330881E+04  0.433634E+06
  0.375071E+00  0.432560E+06  0.430306E+06  0.000000E+00  0.000000E+00  0.325692E+04  0.430610E+06
  0.376896E+00  0.429575E+06  0.427344E+06  0.000000E+00  0.000000E+00  0.320622E+04  0.427640E+06
  0.378721E+00  0.426637E+06  0.424431E+06  0.000000E+00  0.000000E+00  0.315662E+04  0.424717E+06
  0.380546E+00  0.423742E+06  0.421559E+06  0.000000E+00  0.000000E+00  0.310807E+04  0.421836E+06
  0.382371E+00  0.420884E+06  0.418723E+06  0.000000E+00  0.000000E+00  0.306051E+04  0.418992E+06
  0.384196E+00  0.418056E+06  0.415918E+06  0.000000E+00  0.000000E+00  0.301387E+04  0.416178E+06
  0.386021E+00  0.415255E+06  0.413138E+06  0.000000E+00  0.000000E+00  0.296810E+04  0.413390E+06
  0.387846E+00  0.412474E+06  0.410379E+06  0.000000E+00  0.000000E+00  0.292315E+04  0.410623E+06
  0.389672E+00  0.409710E+06  0.407635E+06  0.000000E+00  0.000000E+00  0.287897E+04  0.407873E+06
  0.391497E+00  0.406960E+06  0.404903E+06  0.000000E+00  0.000000E+00  0.283552E+04  0.405135E+06
  0.393322E+00  0.404220E+06  0.402181E+06  0.000000E+00  0.000000E+00  0.279276E+04  0.402408E+06
  0.395147E+00  0.401490E+06  0.399467E+06  0.000000E+00  0.000000E+00  0.275069E+04  0.399690E+06
  0.396972E+00  0.398767E+06  0.396760E+06  0.000000E+00  0.000000E+00  0.270927E+04  0.396980E+06
  0.398797E+00  0.396053E+06  0.394059E+06  0.000000E+00  0.000000E+00  0.266849E+04  0.394278E+06
  0.400622E+00  0.393347E+06  0.391366E+06  0.000000E+00  0.000000E+00  0.262836E+04  0.391584E+06
  0.402447E+00  0.390650E+06  0.388681E+06  0.000000E+00  0.000000E+00  0.258885E+04  0.388898E+06
  0.404272E+00  0.387963E+06  0.386005E+06  0.000000E+00  0.000000E+00  0.254997E+04  0.386223E+06
  0.406098E+00  0.385288E+06  0.383340E+06  0.000000E+00  0.000000E+00  0.251171E+04  0.383559E+06
  0.407923E+00  0.382626E+06  0.380688E+06  0.000000E+00  0.000000E+00  0.247407E+04  0.380909E+06
  0.409748E+00  0.379980E+06  0.378052E+06  0.000000E+00  0.000000E+00  0.243707E+04  0.378275E+06
  0.411573E+00  0.377354E+06  0.375434E+06  0.000000E+00  0.000000E+00  0.240069E+04  0.375659E+06
  0.413398E+00  0.374749E+06  0.372838E+06  0.000000E+00  0.000000E+00  0.236497E+04  0.373065E+06
  0.415223E+00  0.372169E+06  0.370266E+06  0.000000E+00  0.000000E+00  0.232989E+04  0.370496E+06
  0.417048E+00  0.369616E+06  0.367721E+06  0.000000E+00  0.000000E+00  0.229545E+04  0.367953E+06
  0.418873E+00  0.367092E+06  0.365206E+06  0.000000E+00  0.000000E+00  0.226168E+04  0.365440E+06
  0.420699E+00  0.364600E+06  0.362723E+06  0.000000E+00  0.000000E+00  0.222856E+04  0.362958E+06
  0.422524E+00  0.362140E+06  0.360272E+06  0.000000E+00  0.000000E+00  0.219609E+04  0.360510E+06
  0.424349E+00  0.359715E+06  0.357857E+06  0.000000E+00  0.000000E+00  0.216427E+04  0.358095E+06
  0.426174E+00  0.357325E+06  0.355477E+06  0.000000E+00  0.000000E+00  0.213308E+04  0.355715E+06
  0.427999E+00  0.354971E+06  0.353133E+06  0.000000E+00  0.000000E+00  0.210253E+04  0.353371E+06
  0.429824E+00  0.352654E+06  0.350827E+06  0.000000E+00  0.000000E+00  0.207261E+04  0.351064E+06
  0.431649E+00  0.350374E+06  0.348558E+06  0.000000E+00  0.000000E+00  0.204330E+04  0.348794E+06
  0.433474E+00  0.348129E+06  0.346325E+06  0.000000E+00  0.000000E+00  0.201458E+04  0.346559E+06
  0.435299E+00  0.345919E+06  0.344127E+06  0.000000E+00  0.000000E+00  0.198644E+04  0.344359E+06
  0.437125E+00  0.343742E+06  0.341963E+06  0.000000E+00  0.000000E+00  0.195887E+04  0.342192E+06
  0.438950E+00  0.341597E+06  0.339830E+06  0.000000E+00  0.000000E+00  0.193184E+04  0.340057E+06
  0.440775E+00  0.339482E+06  0.337728E+06  0.000000E+00  0.000000E+00  0.190532E+04  0.337952E+06
  0.442600E+00  0.337395E+06  0.335655E+06  0.000000E+00  0.000000E+00  0.187932E+04  0.335875E+06
  0.444425E+00  0.335335E+06  0.333608E+06  0.000000E+00  0.000000E+00  0.185379E+04  0.333825E+06
  0.446250E+00  0.333300E+06  0.331587E+06  0.000000E+00  0.000000E+00  0.182873E+04  0.331799E+06
  0.448075E+00  0.331288E+06  0.329587E+06  0.000000E+00  0.000000E+00  0.180412E+04  0.329797E+06
  0.449900E+00  0.329297E+06  0.327609E+06  0.000000E+00  0.000000E+00  0.177993E+04  0.327815E+06
  0.451726E+00  0.327324E+06  0.325649E+06  0.000000E+00  0.000000E+00  0.175616E+04  0.325851E+06
  0.453551E+00  0.325369E+06  0.323706E+06  0.000000E+00  0.000000E+00  0.173278E+04  0.323905E+06
  0.455376E+00  0.323428E+06  0.321778E+06  0.000000E+00  0.000000E+00  0.170978E+04  0.321974E+06
  0.457201E+00  0.321502E+06  0.319863E+06  0.000000E+00  0.000000E+00  0.168713E+04  0.320056E+06
  0.459026E+00  0.319588E+06  0.317961E+06  0.000000E+00  0.000000E+00  0.166484E+04  0.318151E+06
  0.460851E+00  0.317687E+06  0.316071E+06  0.000000E+00  0.000000E+00  0.164289E+04  0.316259E+06
  0.462676E+00  0.315797E+06  0.314191E+06  0.000000E+00  0.000000E+00  0.162127E+04  0.314377E+06
  0.464501E+00  0.313918E+06  0.312322E+06  0.000000E+00  0.000000E+00  0.159998E+04  0.312507E+06
  0.466326E+00  0.312050E+06  0.310464E+06  0.000000E+00  0.000000E+00  0.157900E+04  0.310647E+06
  0.468152E+00  0.310193E+06  0.308616E+06  0.000000E+00  0.000000E+00  0.155834E+04  0.308798E+06
  0.469977E+00  0.308346E+06  0.306778E+06  0.000000E+00  0.000000E+00  0.153799E+04  0.306959E+06
  0.471802E+00  0.306510E+06  0.304950E+06  0.000000E+00  0.000000E+00  0.151794E+04  0.305132E+06
  0.473627E+00  0.304686E+06  0.303134E+06  0.000000E+00  0.000000E+00  0.149819E+04  0.303316E+06
  0.475452E+00  0.302874E+06  0.301330E+06  0.000000E+00  0.000000E+00  0.147875E+04  0.301512E+06
  0.477277E+00  0.301075E+06  0.299539E+06  0.000000E+00  0.000000E+00  0.145960E+04  0.299721E+06
  0.479102E+00  0.299291E+06  0.297762E+06  0.000000E+00  0.000000E+00  0.144076E+04  0.297944E+06
  0.480927E+00  0.297520E+06  0.296000E+06  0.000000E+00  0.000000E+00  0.142220E+04  0.296181E+06
  0.482753E+00  0.295766E+06  0.294252E+06  0.000000E+00  0.000000E+00  0.140395E+04  0.294434E+06
  0.484578E+00  0.294027E+06  0.292521E+06  0.000000E+00  0.000000E+00  0.138599E+04  0.292703E+06
  0.486403E+00  0.292305E+06  0.290806E+06  0.000000E+00  0.000000E+00  0.136833E+04  0.290988E+06
  0.488228E+00  0.290599E+06  0.289108E+06  0.000000E+00  0.000000E+00  0.135095E+04  0.289290E+06
  0.490053E+00  0.288912E+06  0.287428E+06  0.000000E+00  0.000000E+00  0.133386E+04  0.287610E+06
  0.491878E+00  0.287242E+06  0.285766E+06  0.000000E+00  0.000000E+00  0.131706E+04  0.285948E+06
  0.493703E+00  0.285591E+06  0.284123E+06  0.000000E+00  0.000000E+00  0.130054E+04  0.284304E+06
  0.495528E+00  0.283959E+06  0.282498E+06  0.000000E+00  0.000000E+00  0.128429E+04  0.282679E+06
  0.497353E+00  0.282345E+06  0.280893E+06  0.000000E+00  0.000000E+00  0.126833E+04  0.281073E+06
  0.499179E+00  0.280750E+06  0.279306E+06  0.000000E+00  0.000000E+00  0.125263E+04  0.279485E+06
  0.501004E+00  0.279173E+06  0.277737E+06  0.000000E+00  0.000000E+00  0.123719E+04  0.277915E+06
  0.502829E+00  0.277614E+06  0.276186E+06  0.000000E+00  0.000000E+00  0.122202E+04  0.276362E+06
  0.504654E+00  0.276072E+06  0.274652E+06  0.000000E+00  0.000000E+00  0.120708E+04  0.274827E+06
  0.506479E+00  0.274547E+06  0.273135E+06  0.000000E+00  0.000000E+00  0.119240E+04  0.273309E+06
  0.508304E+00  0.273038E+06  0.271635E+06  0.000000E+00  0.000000E+00  0.117796E+04  0.271807E+06
  0.510129E+00  0.271545E+06  0.270150E+06  0.000000E+00  0.000000E+00  0.116375E+04  0.270321E+06
  0.511954E+00  0.270067E+06  0.268681E+06  0.000000E+00  0.000000E+00  0.114976E+04  0.268850E+06
  0.513780E+00  0.268603E+06  0.267225E+06  0.000000E+00  0.000000E+00  0.113599E+04  0.267392E+06
  0.515605E+00  0.267152E+06  0.265783E+06  0.000000E+00  0.000000E+00  0.112244E+04  0.265949E+06
  0.517430E+00  0.265715E+06  0.264354E+06  0.000000E+00  0.000000E+00  0.110909E+04  0.264518E+06
  0.519255E+00  0.264289E+06  0.262936E+06  0.000000E+00  0.000000E+00  0.109594E+04  0.263098E+06
  0.521080E+00  0.262875E+06  0.261530E+06  0.000000E+00  0.000000E+00  0.108299E+04  0.261691E+06
  0.522905E+00  0.261472E+06  0.260135E+06  0.000000E+00  0.000000E+00  0.107022E+04  0.260294E+06
  0.524730E+00  0.260079E+06  0.258750E+06  0.000000E+00  0.000000E+00  0.105765E+04  0.258908E+06
  0.526555E+00  0.258697E+06  0.257375E+06  0.000000E+00  0.000000E+00  0.104525E+04  0.257532E+06
  0.528381E+00  0.257324E+06  0.256010E+06  0.000000E+00  0.000000E+00  0.103302E+04  0.256166E+06
  0.530206E+00  0.255962E+06  0.254655E+06  0.000000E+00  0.000000E+00  0.102098E+04  0.254809E+06
  0.532031E+00  0.254608E+06  0.253308E+06  0.000000E+00  0.000000E+00  0.100910E+04  0.253461E+06
  0.533856E+00  0.253263E+06  0.251970E+06  0.000000E+00  0.000000E+00  0.997382E+03  0.252123E+06
  0.535681E+00  0.251927E+06  0.250641E+06  0.000000E+00  0.000000E+00  0.985831E+03  0.250793E+06
  0.537506E+00  0.250600E+06  0.249321E+06  0.000000E+00  0.000000E+00  0.974440E+03  0.249472E+06
  0.539331E+00  0.249283E+06  0.248010E+06  0.000000E+00  0.000000E+00  0.963207E+03  0.248160E+06
  0.541156E+00  0.247974E+06  0.246708E+06  0.000000E+00  0.000000E+00  0.952131E+03  0.246857E+06
  0.542981E+00  0.246675E+06  0.245415E+06  0.000000E+00  0.000000E+00  0.941213E+03  0.245564E+06
  0.544807E+00  0.245385E+06  0.244131E+06  0.000000E+00  0.000000E+00  0.930447E+03  0.244280E+06
  0.546632E+00  0.244106E+06  0.242857E+06  0.000000E+00  0.000000E+00  0.919829E+03  0.243006E+06
  0.548457E+00  0.242835E+06  0.241593E+06  0.000000E+00  0.000000E+00  0.909367E+03  0.241741E+06
  0.550282E+00  0.241575E+06  0.240339E+06  0.000000E+00  0.000000E+00  0.899050E+03  0.240486E+06
  0.552107E+00  0.240325E+06  0.239094E+06  0.000000E+00  0.000000E+00  0.888882E+03  0.239242E+06
  0.553932E+00  0.239085E+06  0.237860E+06  0.000000E+00  0.000000E+00  0.878859E+03  0.238007E+06
  0.555757E+00  0.237855E+06  0.236637E+06  0.000000E+00  0.000000E+00  0.868980E+03  0.236783E+06
  0.557582E+00  0.236637E+06  0.235424E+06  0.000000E+00  0.000000E+00  0.859247E+03  0.235570E+06
  0.559408E+00  0.235429E+06  0.234222E+06  0.000000E+00  0.000000E+00  0.849650E+03  0.234368E+06
  0.561233E+00  0.234231E+06  0.233031E+06  0.000000E+00  0.000000E+00  0.840196E+03  0.233176E+06
  0.563058E+00  0.233045E+06  0.231850E+06  0.000000E+00  0.000000E+00  0.830876E+03  0.231994E+06
  0.564883E+00  0.231869E+06  0.230680E+06  0.000000E+00  0.000000E+00  0.821691E+03  0.230823E+06
  0.566708E+00  0.230703E+06  0.229520E+06  0.000000E+00  0.000000E+00  0.812638E+03  0.229663E+06
  0.568533E+00  0.229547E+06  0.228370E+06  0.000000E+00  0.000000E+00  0.803715E+03  0.228512E+06
  0.570358E+00  0.228402E+06  0.227231E+06  0.000000E+00  0.000000E+00  0.794920E+03  0.227373E+06
  0.572183E+00  0.227267E+06  0.226102E+06  0.000000E+00  0.000000E+00  0.786251E+03  0.226243E+06
  0.574008E+00  0.226143E+06  0.224983E+06  0.000000E+00  0.000000E+00  0.777705E+03  0.225123E+06
  0.575834E+00  0.225028E+06  0.223874E+06  0.000000E+00  0.000000E+00  0.769281E+03  0.224013E+06
  0.577659E+00  0.223922E+06  0.222775E+06  0.000000E+00  0.000000E+00  0.760975E+03  0.222913E+06
  0.579484E+00  0.222826E+06  0.221684E+06  0.000000E+00  0.000000E+00  0.752784E+03  0.221822E+06
  0.581309E+00  0.221739E+06  0.220603E+06  0.000000E+00  0.000000E+00  0.744707E+03  0.220739E+06
  0.700351E+00  0.165347E+06  0.164501E+06  0.000000E+00  0.000000E+00  0.390683E+03  0.164601E+06
  0.855411E+00  0.120058E+06  0.119444E+06  0.000000E+00  0.000000E+00  0.193609E+03  0.119516E+06
  0.104480E+01  0.867615E+05  0.863176E+05  0.000000E+00  0.000000E+00  0.951185E+02  0.863697E+05
  0.127612E+01  0.624308E+05  0.621114E+05  0.000000E+00  0.000000E+00  0.463807E+02  0.621488E+05
  0.155866E+01  0.447480E+05  0.445190E+05  0.000000E+00  0.000000E+00  0.310241E+02  0.445459E+05
  0.190375E+01  0.319595E+05  0.317957E+05  0.000000E+00  0.000000E+00  0.150059E+02  0.318151E+05
  0.232525E+01  0.227515E+05  0.226348E+05  0.000000E+00  0.000000E+00  0.721665E+01  0.226486E+05
  0.284006E+01  0.161481E+05  0.160651E+05  0.000000E+00  0.000000E+00  0.345350E+01  0.160751E+05
  0.346886E+01  0.114299E+05  0.113710E+05  0.000000E+00  0.000000E+00  0.164558E+01  0.113782E+05
  0.423688E+01  0.806987E+04  0.802807E+04  0.000000E+00  0.000000E+00  0.781209E+00  0.803332E+04
  0.517493E+01  0.568432E+04  0.565468E+04  0.000000E+00  0.000000E+00  0.369672E+00  0.565854E+04
  0.632068E+01  0.399535E+04  0.397430E+04  0.000000E+00  0.000000E+00  0.174439E+00  0.397720E+04
  0.772010E+01  0.280263E+04  0.278764E+04  0.000000E+00  0.000000E+00  0.821101E-01  0.278986E+04
  0.942934E+01  0.196233E+04  0.195159E+04  0.000000E+00  0.000000E+00  0.385655E-01  0.195335E+04
  0.115170E+02  0.137160E+04  0.136385E+04  0.000000E+00  0.000000E+00  0.180779E-01  0.136529E+04
  0.140669E+02  0.957155E+03  0.951494E+03  0.000000E+00  0.000000E+00  0.845894E-02  0.952710E+03
  0.171814E+02  0.666926E+03  0.662716E+03  0.000000E+00  0.000000E+00  0.395153E-02  0.663788E+03
  0.209854E+02  0.464037E+03  0.460832E+03  0.000000E+00  0.000000E+00  0.184313E-02  0.461811E+03
  0.256316E+02  0.322430E+03  0.319918E+03  0.000000E+00  0.000000E+00  0.858427E-03  0.320839E+03
  0.313065E+02  0.223743E+03  0.221705E+03  0.000000E+00  0.000000E+00  0.399252E-03  0.222593E+03
  0.382379E+02  0.155062E+03  0.153345E+03  0.000000E+00  0.000000E+00  0.185425E-03  0.154217E+03
  0.467038E+02  0.107326E+03  0.105824E+03  0.000000E+00  0.000000E+00  0.859916E-04  0.106693E+03
  0.570442E+02  0.741877E+02  0.728274E+02  0.000000E+00  0.000000E+00  0.398193E-04  0.736997E+02
  0.696740E+02  0.512089E+02  0.499405E+02  0.000000E+00  0.000000E+00  0.184051E-04  0.508208E+02
  0.850999E+02  0.352920E+02  0.340823E+02  0.000000E+00  0.000000E+00  0.849045E-05  0.349723E+02
  0.103941E+03  0.242776E+02  0.231058E+02  0.000000E+00  0.000000E+00  0.390639E-05  0.240048E+02
