  0.355810E-05  0.183097E+08  0.183097E+08  0.244117E+08  0.244116E+08  0.183098E+08  0.183097E+08
  0.367857E-05  0.183097E+08  0.183097E+08  0.244116E+08  0.244115E+08  0.183098E+08  0.183097E+08
  0.380311E-05  0.183097E+08  0.183097E+08  0.244115E+08  0.244114E+08  0.183098E+08  0.183097E+08
  0.393186E-05  0.183097E+08  0.183097E+08  0.244114E+08  0.244113E+08  0.183098E+08  0.183097E+08
  0.406498E-05  0.183097E+08  0.183097E+08  0.244113E+08  0.244112E+08  0.183098E+08  0.183097E+08
  0.420260E-05  0.183097E+08  0.183097E+08  0.244112E+08  0.244111E+08  0.183098E+08  0.183097E+08
  0.434489E-05  0.183097E+08  0.183097E+08  0.244110E+08  0.244110E+08  0.183098E+08  0.183097E+08
  0.449198E-05  0.183097E+08  0.183097E+08  0.244109E+08  0.244108E+08  0.183098E+08  0.183097E+08
  0.464406E-05  0.183097E+08  0.183097E+08  0.244108E+08  0.244107E+08  0.183098E+08  0.183097E+08
  0.480129E-05  0.183097E+08  0.183097E+08  0.244106E+08  0.244105E+08  0.183098E+08  0.183097E+08
  0.496384E-05  0.183097E+08  0.183097E+08  0.244104E+08  0.244104E+08  0.183098E+08  0.183097E+08
  0.513190E-05  0.183097E+08  0.183097E+08  0.244103E+08  0.244102E+08  0.183098E+08  0.183097E+08
  0.530564E-05  0.183097E+08  0.183097E+08  0.244101E+08  0.244100E+08  0.183098E+08  0.183097E+08
  0.548527E-05  0.183097E+08  0.183097E+08  0.244099E+08  0.244098E+08  0.183098E+08  0.183097E+08
  0.567098E-05  0.183097E+08  0.183097E+08  0.244096E+08  0.244095E+08  0.183098E+08  0.183097E+08
  0.586297E-05  0.183097E+08  0.183097E+08  0.244094E+08  0.244093E+08  0.183098E+08  0.183097E+08
  0.606147E-05  0.183097E+08  0.183097E+08  0.244092E+08  0.244091E+08  0.183098E+08  0.183097E+08
  0.626668E-05  0.183097E+08  0.183097E+08  0.244089E+08  0.244088E+08  0.183098E+08  0.183097E+08
  0.647885E-05  0.183097E+08  0.183097E+08  0.244086E+08  0.244085E+08  0.183098E+08  0.183097E+08
  0.669819E-05  0.183097E+08  0.183097E+08  0.244083E+08  0.244082E+08  0.183098E+08  0.183097E+08
  0.692496E-05  0.183097E+08  0.183097E+08  0.244080E+08  0.244079E+08  0.183098E+08  0.183097E+08
  0.715941E-05  0.183097E+08  0.183097E+08  0.244077E+08  0.244075E+08  0.183098E+08  0.183097E+08
  0.740180E-05  0.183097E+08  0.183097E+08  0.244073E+08  0.244071E+08  0.183098E+08  0.183097E+08
  0.765239E-05  0.183097E+08  0.183097E+08  0.244069E+08  0.244067E+08  0.183098E+08  0.183097E+08
  0.791147E-05  0.183097E+08  0.183097E+08  0.244065E+08  0.244063E+08  0.183098E+08  0.183097E+08
  0.817932E-05  0.183097E+08  0.183097E+08  0.244060E+08  0.244058E+08  0.183098E+08  0.183097E+08
  0.845624E-05  0.183097E+08  0.183097E+08  0.244056E+08  0.244053E+08  0.183098E+08  0.183097E+08
  0.874253E-05  0.183097E+08  0.183097E+08  0.244050E+08  0.244048E+08  0.183098E+08  0.183097E+08
  0.903851E-05  0.183097E+08  0.183097E+08  0.244045E+08  0.244042E+08  0.183098E+08  0.183097E+08
  0.934452E-05  0.183097E+08  0.183097E+08  0.244039E+08  0.244036E+08  0.183098E+08  0.183097E+08
  0.966088E-05  0.183097E+08  0.183097E+08  0.244033E+08  0.244030E+08  0.183098E+08  0.183097E+08
  0.998796E-05  0.183097E+08  0.183097E+08  0.244026E+08  0.244023E+08  0.183098E+08  0.183097E+08
  0.103261E-04  0.183097E+08  0.183097E+08  0.244019E+08  0.244016E+08  0.183098E+08  0.183097E+08
  0.106757E-04  0.183097E+08  0.183097E+08  0.244012E+08  0.244008E+08  0.183098E+08  0.183097E+08
  0.110371E-04  0.183097E+08  0.183097E+08  0.244003E+08  0.244000E+08  0.183098E+08  0.183097E+08
  0.114108E-04  0.183097E+08  0.183097E+08  0.243995E+08  0.243991E+08  0.183097E+08  0.183097E+08
  0.117971E-04  0.183097E+08  0.183097E+08  0.243985E+08  0.243981E+08  0.183097E+08  0.183097E+08
  0.121965E-04  0.183097E+08  0.183097E+08  0.243975E+08  0.243971E+08  0.183097E+08  0.183097E+08
  0.126095E-04  0.183097E+08  0.183097E+08  0.243965E+08  0.243960E+08  0.183097E+08  0.183097E+08
  0.130364E-04  0.183097E+08  0.183097E+08  0.243953E+08  0.243948E+08  0.183097E+08  0.183097E+08
  0.134777E-04  0.183097E+08  0.183097E+08  0.243941E+08  0.243936E+08  0.183097E+08  0.183097E+08
  0.139340E-04  0.183097E+08  0.183097E+08  0.243928E+08  0.243922E+08  0.183097E+08  0.183097E+08
  0.144058E-04  0.183097E+08  0.183097E+08  0.243914E+08  0.243908E+08  0.183097E+08  0.183097E+08
  0.148935E-04  0.183097E+08  0.183097E+08  0.243900E+08  0.243893E+08  0.183097E+08  0.183097E+08
  0.153977E-04  0.183097E+08  0.183097E+08  0.243884E+08  0.243876E+08  0.183097E+08  0.183097E+08
  0.159190E-04  0.183097E+08  0.183097E+08  0.243867E+08  0.243859E+08  0.183097E+08  0.183097E+08
  0.164580E-04  0.183097E+08  0.183097E+08  0.243849E+08  0.243840E+08  0.183097E+08  0.183097E+08
  0.170152E-04  0.183097E+08  0.183097E+08  0.243829E+08  0.243820E+08  0.183097E+08  0.183097E+08
  0.175912E-04  0.183097E+08  0.183097E+08  0.243809E+08  0.243799E+08  0.183097E+08  0.183097E+08
  0.181868E-04  0.183097E+08  0.183097E+08  0.243787E+08  0.243776E+08  0.183097E+08  0.183097E+08
  0.188025E-04  0.183097E+08  0.183097E+08  0.243763E+08  0.243752E+08  0.183097E+08  0.183097E+08
  0.194391E-04  0.183097E+08  0.183097E+08  0.243738E+08  0.243726E+08  0.183097E+08  0.183097E+08
  0.200972E-04  0.183097E+08  0.183097E+08  0.243711E+08  0.243698E+08  0.183097E+08  0.183097E+08
  0.207776E-04  0.183097E+08  0.183097E+08  0.243682E+08  0.243668E+08  0.183097E+08  0.183097E+08
  0.214810E-04  0.183097E+08  0.183097E+08  0.243651E+08  0.243637E+08  0.183097E+08  0.183097E+08
  0.222083E-04  0.183096E+08  0.183096E+08  0.243618E+08  0.243603E+08  0.183097E+08  0.183096E+08
  0.229602E-04  0.183096E+08  0.183096E+08  0.243583E+08  0.243566E+08  0.183097E+08  0.183096E+08
  0.237375E-04  0.183096E+08  0.183096E+08  0.243545E+08  0.243528E+08  0.183097E+08  0.183096E+08
  0.245412E-04  0.183096E+08  0.183096E+08  0.243505E+08  0.243486E+08  0.183097E+08  0.183096E+08
  0.253720E-04  0.183096E+08  0.183096E+08  0.243462E+08  0.243442E+08  0.183096E+08  0.183096E+08
  0.262310E-04  0.183096E+08  0.183096E+08  0.243416E+08  0.243395E+08  0.183096E+08  0.183096E+08
  0.271191E-04  0.183096E+08  0.183096E+08  0.243367E+08  0.243344E+08  0.183096E+08  0.183096E+08
  0.280372E-04  0.183096E+08  0.183096E+08  0.243315E+08  0.243290E+08  0.183096E+08  0.183096E+08
  0.289864E-04  0.183096E+08  0.183096E+08  0.243259E+08  0.243232E+08  0.183096E+08  0.183096E+08
  0.299678E-04  0.183096E+08  0.183096E+08  0.243199E+08  0.243171E+08  0.183096E+08  0.183096E+08
  0.309824E-04  0.183096E+08  0.183096E+08  0.243135E+08  0.243105E+08  0.183096E+08  0.183096E+08
  0.320313E-04  0.183095E+08  0.183095E+08  0.243066E+08  0.243034E+08  0.183096E+08  0.183095E+08
  0.331158E-04  0.183095E+08  0.183095E+08  0.242993E+08  0.242959E+08  0.183096E+08  0.183095E+08
  0.342369E-04  0.183095E+08  0.183095E+08  0.242915E+08  0.242879E+08  0.183095E+08  0.183095E+08
  0.353960E-04  0.183095E+08  0.183095E+08  0.242832E+08  0.242793E+08  0.183095E+08  0.183095E+08
  0.365944E-04  0.183095E+08  0.183095E+08  0.242742E+08  0.242701E+08  0.183095E+08  0.183095E+08
  0.378333E-04  0.183095E+08  0.183095E+08  0.242647E+08  0.242603E+08  0.183095E+08  0.183095E+08
  0.391142E-04  0.183095E+08  0.183094E+08  0.242545E+08  0.242498E+08  0.183095E+08  0.183095E+08
  0.404384E-04  0.183094E+08  0.183094E+08  0.242437E+08  0.242386E+08  0.183094E+08  0.183094E+08
  0.418075E-04  0.183094E+08  0.183094E+08  0.242320E+08  0.242266E+08  0.183094E+08  0.183094E+08
  0.432229E-04  0.183094E+08  0.183094E+08  0.242196E+08  0.242138E+08  0.183094E+08  0.183094E+08
  0.446863E-04  0.183094E+08  0.183094E+08  0.242064E+08  0.242002E+08  0.183094E+08  0.183094E+08
  0.461992E-04  0.183093E+08  0.183093E+08  0.241922E+08  0.241856E+08  0.183093E+08  0.183093E+08
  0.477633E-04  0.183093E+08  0.183093E+08  0.241771E+08  0.241700E+08  0.183093E+08  0.183093E+08
  0.493803E-04  0.183093E+08  0.183093E+08  0.241609E+08  0.241534E+08  0.183093E+08  0.183093E+08
  0.510521E-04  0.183092E+08  0.183092E+08  0.241436E+08  0.241356E+08  0.183093E+08  0.183092E+08
  0.527805E-04  0.183092E+08  0.183092E+08  0.241252E+08  0.241166E+08  0.183092E+08  0.183092E+08
  0.545675E-04  0.183092E+08  0.183092E+08  0.241055E+08  0.240963E+08  0.183092E+08  0.183092E+08
  0.564149E-04  0.183091E+08  0.183091E+08  0.240844E+08  0.240746E+08  0.183091E+08  0.183091E+08
  0.583249E-04  0.183091E+08  0.183091E+08  0.240620E+08  0.240515E+08  0.183091E+08  0.183091E+08
  0.602995E-04  0.183091E+08  0.183090E+08  0.240380E+08  0.240268E+08  0.183090E+08  0.183091E+08
  0.623410E-04  0.183090E+08  0.183090E+08  0.240124E+08  0.240004E+08  0.183090E+08  0.183090E+08
  0.644516E-04  0.183090E+08  0.183089E+08  0.239850E+08  0.239722E+08  0.183089E+08  0.183090E+08
  0.666336E-04  0.183089E+08  0.183089E+08  0.239558E+08  0.239421E+08  0.183089E+08  0.183089E+08
  0.688896E-04  0.183088E+08  0.183088E+08  0.239246E+08  0.239100E+08  0.183088E+08  0.183088E+08
  0.712219E-04  0.183088E+08  0.183088E+08  0.238913E+08  0.238758E+08  0.183088E+08  0.183088E+08
  0.736331E-04  0.183087E+08  0.183087E+08  0.238558E+08  0.238392E+08  0.183087E+08  0.183087E+08
  0.761260E-04  0.183086E+08  0.183086E+08  0.238178E+08  0.238001E+08  0.183086E+08  0.183086E+08
  0.787033E-04  0.183086E+08  0.183085E+08  0.237773E+08  0.237584E+08  0.183085E+08  0.183086E+08
  0.813679E-04  0.183085E+08  0.183085E+08  0.237341E+08  0.237140E+08  0.183085E+08  0.183085E+08
  0.841227E-04  0.183084E+08  0.183084E+08  0.236880E+08  0.236665E+08  0.183084E+08  0.183084E+08
  0.869707E-04  0.183083E+08  0.183083E+08  0.236389E+08  0.236159E+08  0.183083E+08  0.183083E+08
  0.899151E-04  0.183082E+08  0.183082E+08  0.235864E+08  0.235619E+08  0.183082E+08  0.183082E+08
  0.929593E-04  0.183081E+08  0.183081E+08  0.235305E+08  0.235043E+08  0.183080E+08  0.183081E+08
  0.961065E-04  0.183080E+08  0.183080E+08  0.234708E+08  0.234429E+08  0.183079E+08  0.183080E+08
  0.993603E-04  0.183079E+08  0.183078E+08  0.234072E+08  0.233774E+08  0.183078E+08  0.183079E+08
  0.102724E-03  0.183078E+08  0.183077E+08  0.233394E+08  0.233077E+08  0.183077E+08  0.183077E+08
  0.106202E-03  0.183076E+08  0.183076E+08  0.232671E+08  0.232333E+08  0.183075E+08  0.183076E+08
  0.109798E-03  0.183075E+08  0.183074E+08  0.231900E+08  0.231540E+08  0.183074E+08  0.183075E+08
  0.113515E-03  0.183073E+08  0.183072E+08  0.231080E+08  0.230696E+08  0.183072E+08  0.183073E+08
  0.117358E-03  0.183072E+08  0.183071E+08  0.230205E+08  0.229796E+08  0.183070E+08  0.183071E+08
  0.121331E-03  0.183070E+08  0.183069E+08  0.229274E+08  0.228838E+08  0.183068E+08  0.183070E+08
  0.125439E-03  0.183068E+08  0.183067E+08  0.228283E+08  0.227819E+08  0.183066E+08  0.183068E+08
  0.129686E-03  0.183066E+08  0.183065E+08  0.227228E+08  0.226733E+08  0.183064E+08  0.183066E+08
  0.134076E-03  0.183064E+08  0.183063E+08  0.226105E+08  0.225578E+08  0.183062E+08  0.183063E+08
  0.138616E-03  0.183061E+08  0.183060E+08  0.224910E+08  0.224350E+08  0.183059E+08  0.183061E+08
  0.143309E-03  0.183059E+08  0.183058E+08  0.223640E+08  0.223044E+08  0.183057E+08  0.183059E+08
  0.148160E-03  0.183056E+08  0.183055E+08  0.222290E+08  0.221656E+08  0.183054E+08  0.183056E+08
  0.153176E-03  0.183053E+08  0.183052E+08  0.220855E+08  0.220181E+08  0.183051E+08  0.183053E+08
  0.158362E-03  0.183050E+08  0.183049E+08  0.219331E+08  0.218615E+08  0.183048E+08  0.183050E+08
  0.163724E-03  0.183047E+08  0.183046E+08  0.217712E+08  0.216952E+08  0.183044E+08  0.183047E+08
  0.169267E-03  0.183044E+08  0.183042E+08  0.215995E+08  0.215187E+08  0.183041E+08  0.183043E+08
  0.174997E-03  0.183040E+08  0.183038E+08  0.214174E+08  0.213316E+08  0.183037E+08  0.183040E+08
  0.180922E-03  0.183036E+08  0.183034E+08  0.212242E+08  0.211333E+08  0.183033E+08  0.183036E+08
  0.187047E-03  0.183032E+08  0.183030E+08  0.210196E+08  0.209232E+08  0.183028E+08  0.183032E+08
  0.193380E-03  0.183027E+08  0.183026E+08  0.208029E+08  0.207007E+08  0.183024E+08  0.183027E+08
  0.199927E-03  0.183023E+08  0.183021E+08  0.205737E+08  0.204654E+08  0.183019E+08  0.183022E+08
  0.206696E-03  0.183018E+08  0.183015E+08  0.203312E+08  0.202166E+08  0.183013E+08  0.183017E+08
  0.213693E-03  0.183012E+08  0.183010E+08  0.200750E+08  0.199538E+08  0.183007E+08  0.183012E+08
  0.220928E-03  0.183006E+08  0.183004E+08  0.198045E+08  0.196764E+08  0.183001E+08  0.183006E+08
  0.228408E-03  0.183000E+08  0.182998E+08  0.195192E+08  0.193839E+08  0.182995E+08  0.183000E+08
  0.236141E-03  0.182994E+08  0.182991E+08  0.192185E+08  0.190757E+08  0.182988E+08  0.182993E+08
  0.244136E-03  0.182986E+08  0.182984E+08  0.189019E+08  0.187514E+08  0.182980E+08  0.182986E+08
  0.252401E-03  0.182979E+08  0.182976E+08  0.185689E+08  0.184104E+08  0.182972E+08  0.182978E+08
  0.260946E-03  0.182971E+08  0.182968E+08  0.182191E+08  0.180523E+08  0.182964E+08  0.182970E+08
  0.269781E-03  0.182962E+08  0.182959E+08  0.178520E+08  0.176768E+08  0.182955E+08  0.182962E+08
  0.278914E-03  0.182953E+08  0.182949E+08  0.174674E+08  0.172835E+08  0.182945E+08  0.182952E+08
  0.288357E-03  0.182944E+08  0.182939E+08  0.170650E+08  0.168722E+08  0.182935E+08  0.182943E+08
  0.298120E-03  0.182933E+08  0.182929E+08  0.166446E+08  0.164428E+08  0.182924E+08  0.182932E+08
  0.308213E-03  0.182922E+08  0.182918E+08  0.162061E+08  0.159951E+08  0.182912E+08  0.182921E+08
  0.318648E-03  0.182910E+08  0.182905E+08  0.157495E+08  0.155294E+08  0.182899E+08  0.182909E+08
  0.329436E-03  0.182898E+08  0.182893E+08  0.152751E+08  0.150457E+08  0.182886E+08  0.182897E+08
  0.340589E-03  0.182884E+08  0.182879E+08  0.147830E+08  0.145445E+08  0.182872E+08  0.182883E+08
  0.352120E-03  0.182870E+08  0.182864E+08  0.142738E+08  0.140263E+08  0.182857E+08  0.182869E+08
  0.364041E-03  0.182855E+08  0.182849E+08  0.137482E+08  0.134919E+08  0.182841E+08  0.182854E+08
  0.376366E-03  0.182839E+08  0.182832E+08  0.132069E+08  0.129422E+08  0.182824E+08  0.182837E+08
  0.389108E-03  0.182822E+08  0.182815E+08  0.126512E+08  0.123784E+08  0.182805E+08  0.182820E+08
  0.402282E-03  0.182804E+08  0.182796E+08  0.120822E+08  0.118019E+08  0.182786E+08  0.182802E+08
  0.415901E-03  0.182784E+08  0.182776E+08  0.115017E+08  0.112145E+08  0.182765E+08  0.182782E+08
  0.429982E-03  0.182763E+08  0.182755E+08  0.109113E+08  0.106180E+08  0.182743E+08  0.182762E+08
  0.444539E-03  0.182741E+08  0.182732E+08  0.103133E+08  0.100148E+08  0.182720E+08  0.182739E+08
  0.459589E-03  0.182718E+08  0.182709E+08  0.970996E+07  0.940733E+07  0.182695E+08  0.182716E+08
  0.475149E-03  0.182693E+08  0.182683E+08  0.910403E+07  0.879847E+07  0.182669E+08  0.182691E+08
  0.491236E-03  0.182667E+08  0.182656E+08  0.849843E+07  0.819130E+07  0.182640E+08  0.182665E+08
  0.507867E-03  0.182639E+08  0.182628E+08  0.789637E+07  0.758917E+07  0.182611E+08  0.182636E+08
  0.525061E-03  0.182609E+08  0.182597E+08  0.730128E+07  0.699565E+07  0.182579E+08  0.182607E+08
  0.542837E-03  0.182578E+08  0.182565E+08  0.671677E+07  0.641450E+07  0.182545E+08  0.182575E+08
  0.561215E-03  0.182544E+08  0.182531E+08  0.614661E+07  0.584960E+07  0.182510E+08  0.182541E+08
  0.580216E-03  0.182509E+08  0.182495E+08  0.559465E+07  0.530489E+07  0.182472E+08  0.182506E+08
  0.599859E-03  0.182472E+08  0.182457E+08  0.506473E+07  0.478430E+07  0.182432E+08  0.182468E+08
  0.620168E-03  0.182432E+08  0.182416E+08  0.456063E+07  0.429162E+07  0.182390E+08  0.182428E+08
  0.641164E-03  0.182390E+08  0.182373E+08  0.408590E+07  0.383041E+07  0.182345E+08  0.182386E+08
  0.662871E-03  0.182345E+08  0.182328E+08  0.364381E+07  0.340387E+07  0.182297E+08  0.182341E+08
  0.685313E-03  0.182298E+08  0.182280E+08  0.323719E+07  0.301472E+07  0.182246E+08  0.182294E+08
  0.708515E-03  0.182248E+08  0.182229E+08  0.286830E+07  0.266504E+07  0.182193E+08  0.182244E+08
  0.732502E-03  0.182196E+08  0.182176E+08  0.253870E+07  0.235616E+07  0.182137E+08  0.182191E+08
  0.757302E-03  0.182140E+08  0.182119E+08  0.224917E+07  0.208854E+07  0.182077E+08  0.182135E+08
  0.782941E-03  0.182082E+08  0.182060E+08  0.199954E+07  0.186163E+07  0.182014E+08  0.182076E+08
  0.809448E-03  0.182020E+08  0.181997E+08  0.178866E+07  0.167384E+07  0.181948E+08  0.182014E+08
  0.836852E-03  0.181954E+08  0.181931E+08  0.161435E+07  0.152250E+07  0.181877E+08  0.181949E+08
  0.865185E-03  0.181886E+08  0.181861E+08  0.147343E+07  0.140387E+07  0.181803E+08  0.181880E+08
  0.894476E-03  0.181813E+08  0.181787E+08  0.136175E+07  0.131327E+07  0.181725E+08  0.181807E+08
  0.924759E-03  0.181737E+08  0.181710E+08  0.127436E+07  0.124519E+07  0.181643E+08  0.181730E+08
  0.956068E-03  0.181656E+08  0.181629E+08  0.120575E+07  0.119358E+07  0.181556E+08  0.181649E+08
  0.988436E-03  0.181571E+08  0.181543E+08  0.115006E+07  0.115214E+07  0.181464E+08  0.181564E+08
  0.102190E-02  0.181482E+08  0.181453E+08  0.110150E+07  0.111472E+07  0.181368E+08  0.181474E+08
  0.105650E-02  0.181388E+08  0.181358E+08  0.105469E+07  0.107571E+07  0.181266E+08  0.181380E+08
  0.109227E-02  0.181290E+08  0.181259E+08  0.100508E+07  0.103051E+07  0.181159E+08  0.181281E+08
  0.112925E-02  0.181186E+08  0.181154E+08  0.949336E+06  0.975885E+06  0.181046E+08  0.181177E+08
  0.116748E-02  0.181077E+08  0.181044E+08  0.885616E+06  0.910303E+06  0.180928E+08  0.181068E+08
  0.120700E-02  0.180963E+08  0.180929E+08  0.813777E+06  0.834107E+06  0.180803E+08  0.180953E+08
  0.124787E-02  0.180843E+08  0.180808E+08  0.735376E+06  0.749492E+06  0.180672E+08  0.180833E+08
  0.129011E-02  0.180717E+08  0.180681E+08  0.653482E+06  0.660275E+06  0.180535E+08  0.180706E+08
  0.133379E-02  0.180584E+08  0.180548E+08  0.572261E+06  0.571414E+06  0.180390E+08  0.180573E+08
  0.137895E-02  0.180445E+08  0.180409E+08  0.496359E+06  0.488322E+06  0.180238E+08  0.180434E+08
  0.142563E-02  0.180300E+08  0.180263E+08  0.430148E+06  0.416032E+06  0.180078E+08  0.180287E+08
  0.147390E-02  0.180147E+08  0.180109E+08  0.376930E+06  0.358337E+06  0.179910E+08  0.180134E+08
  0.152380E-02  0.179986E+08  0.179949E+08  0.338242E+06  0.317038E+06  0.179734E+08  0.179973E+08
  0.157539E-02  0.179819E+08  0.179780E+08  0.313422E+06  0.291495E+06  0.179549E+08  0.179805E+08
  0.162872E-02  0.179643E+08  0.179604E+08  0.299568E+06  0.278605E+06  0.179355E+08  0.179628E+08
  0.168387E-02  0.179458E+08  0.179420E+08  0.291994E+06  0.273306E+06  0.179151E+08  0.179443E+08
  0.174087E-02  0.179265E+08  0.179226E+08  0.285159E+06  0.269593E+06  0.178938E+08  0.179250E+08
  0.179981E-02  0.179063E+08  0.179024E+08  0.273935E+06  0.261869E+06  0.178714E+08  0.179047E+08
  0.186075E-02  0.178852E+08  0.178813E+08  0.254933E+06  0.246349E+06  0.178479E+08  0.178835E+08
  0.192374E-02  0.178630E+08  0.178591E+08  0.227510E+06  0.222111E+06  0.178233E+08  0.178613E+08
  0.198887E-02  0.178399E+08  0.178360E+08  0.194094E+06  0.191415E+06  0.177975E+08  0.178380E+08
  0.205621E-02  0.178156E+08  0.178118E+08  0.159573E+06  0.159049E+06  0.177705E+08  0.178137E+08
  0.212582E-02  0.177903E+08  0.177864E+08  0.129776E+06  0.130746E+06  0.177422E+08  0.177883E+08
  0.219779E-02  0.177638E+08  0.177600E+08  0.109424E+06  0.111109E+06  0.177126E+08  0.177618E+08
  0.227220E-02  0.177362E+08  0.177323E+08  0.100252E+06  0.101752E+06  0.176815E+08  0.177340E+08
  0.234913E-02  0.177073E+08  0.177034E+08  0.100122E+06  0.100499E+06  0.176491E+08  0.177050E+08
  0.242866E-02  0.176771E+08  0.176732E+08  0.103693E+06  0.102172E+06  0.176151E+08  0.176747E+08
  0.251089E-02  0.176456E+08  0.176417E+08  0.104642E+06  0.100881E+06  0.175796E+08  0.176431E+08
  0.259589E-02  0.176127E+08  0.176087E+08  0.985954E+05  0.928959E+05  0.175424E+08  0.176101E+08
  0.268378E-02  0.175784E+08  0.175744E+08  0.853556E+05  0.786521E+05  0.175036E+08  0.175756E+08
  0.277464E-02  0.175426E+08  0.175385E+08  0.690336E+05  0.625736E+05  0.174630E+08  0.175396E+08
  0.286858E-02  0.175052E+08  0.175011E+08  0.556635E+05  0.504597E+05  0.174205E+08  0.175021E+08
  0.296570E-02  0.174663E+08  0.174621E+08  0.494094E+05  0.457407E+05  0.173762E+08  0.174630E+08
  0.306610E-02  0.174257E+08  0.174215E+08  0.497273E+05  0.470262E+05  0.173300E+08  0.174223E+08
  0.316991E-02  0.173834E+08  0.173791E+08  0.516882E+05  0.489719E+05  0.172817E+08  0.173798E+08
  0.327723E-02  0.173393E+08  0.173350E+08  0.496874E+05  0.463143E+05  0.172313E+08  0.173355E+08
  0.338818E-02  0.172935E+08  0.172890E+08  0.419766E+05  0.381900E+05  0.171787E+08  0.172894E+08
  0.350289E-02  0.172457E+08  0.172412E+08  0.321494E+05  0.289416E+05  0.171239E+08  0.172415E+08
  0.362148E-02  0.171960E+08  0.171914E+08  0.257598E+05  0.241123E+05  0.170668E+08  0.171916E+08
  0.374409E-02  0.171443E+08  0.171396E+08  0.247793E+05  0.249277E+05  0.170073E+08  0.171396E+08
  0.387085E-02  0.170905E+08  0.170858E+08  0.255207E+05  0.269166E+05  0.169453E+08  0.170856E+08
  0.400190E-02  0.170347E+08  0.170298E+08  0.228985E+05  0.248169E+05  0.168807E+08  0.170294E+08
  0.413739E-02  0.169766E+08  0.169716E+08  0.167789E+05  0.187765E+05  0.168136E+08  0.169711E+08
  0.427746E-02  0.169163E+08  0.169112E+08  0.124928E+05  0.141705E+05  0.167437E+08  0.169105E+08
  0.442228E-02  0.168536E+08  0.168484E+08  0.138035E+05  0.144425E+05  0.166710E+08  0.168475E+08
  0.457200E-02  0.167886E+08  0.167832E+08  0.172308E+05  0.163333E+05  0.165955E+08  0.167822E+08
  0.472678E-02  0.167211E+08  0.167156E+08  0.166514E+05  0.181539E+05  0.165171E+08  0.167143E+08
  0.488681E-02  0.166511E+08  0.166455E+08  0.125609E+05  0.214233E+05  0.164357E+08  0.166440E+08
  0.505226E-02  0.165785E+08  0.165728E+08  0.111888E+05  0.000000E+00  0.163511E+08  0.165710E+08
  0.522331E-02  0.165032E+08  0.164974E+08  0.135101E+05  0.000000E+00  0.162635E+08  0.164954E+08
  0.540015E-02  0.164253E+08  0.164192E+08  0.131456E+05  0.000000E+00  0.161726E+08  0.164170E+08
  0.558297E-02  0.163445E+08  0.163383E+08  0.855703E+04  0.000000E+00  0.160784E+08  0.163359E+08
  0.577199E-02  0.162610E+08  0.162545E+08  0.655906E+04  0.000000E+00  0.159809E+08  0.162519E+08
  0.596740E-02  0.161745E+08  0.161679E+08  0.855121E+04  0.000000E+00  0.158800E+08  0.161649E+08
  0.616943E-02  0.160851E+08  0.160782E+08  0.799520E+04  0.000000E+00  0.157756E+08  0.160750E+08
  0.637830E-02  0.159926E+08  0.159855E+08  0.551734E+04  0.000000E+00  0.156677E+08  0.159821E+08
  0.659425E-02  0.158971E+08  0.158898E+08  0.627522E+04  0.000000E+00  0.155562E+08  0.158861E+08
  0.681750E-02  0.157984E+08  0.157908E+08  0.597836E+04  0.000000E+00  0.154411E+08  0.157869E+08
  0.704831E-02  0.156965E+08  0.156887E+08  0.279831E+04  0.000000E+00  0.153223E+08  0.156845E+08
  0.728694E-02  0.155914E+08  0.155833E+08  0.339538E+04  0.000000E+00  0.151998E+08  0.155788E+08
  0.753364E-02  0.154831E+08  0.154746E+08  0.450762E+04  0.000000E+00  0.150736E+08  0.154699E+08
  0.778870E-02  0.153713E+08  0.153626E+08  0.253864E+04  0.000000E+00  0.149435E+08  0.153576E+08
  0.805239E-02  0.152562E+08  0.152471E+08  0.267921E+04  0.000000E+00  0.148097E+08  0.152419E+08
  0.832501E-02  0.151377E+08  0.151282E+08  0.236750E+04  0.000000E+00  0.146720E+08  0.151227E+08
  0.860686E-02  0.150157E+08  0.150058E+08  0.233530E+04  0.000000E+00  0.145304E+08  0.150001E+08
  0.889825E-02  0.148902E+08  0.148799E+08  0.217261E+04  0.000000E+00  0.143849E+08  0.148740E+08
  0.919951E-02  0.147612E+08  0.147504E+08  0.121051E+04  0.000000E+00  0.142355E+08  0.147443E+08
  0.951096E-02  0.146286E+08  0.146174E+08  0.251846E+04  0.000000E+00  0.140821E+08  0.146110E+08
  0.983296E-02  0.144924E+08  0.144807E+08  0.838580E+03  0.000000E+00  0.139248E+08  0.144741E+08
  0.101659E-01  0.143544E+08  0.143422E+08  0.129852E+04  0.000000E+00  0.137677E+08  0.143355E+08
  0.105100E-01  0.142111E+08  0.141983E+08  0.976465E+03  0.000000E+00  0.136025E+08  0.141915E+08
  0.108659E-01  0.140640E+08  0.140507E+08  0.107936E+04  0.000000E+00  0.134332E+08  0.140437E+08
  0.112337E-01  0.139133E+08  0.138993E+08  0.715541E+03  0.000000E+00  0.132599E+08  0.138922E+08
  0.116141E-01  0.137589E+08  0.137443E+08  0.117765E+04  0.000000E+00  0.130825E+08  0.137370E+08
  0.120073E-01  0.136007E+08  0.135854E+08  0.285347E+03  0.000000E+00  0.129011E+08  0.135781E+08
  0.124138E-01  0.134388E+08  0.134228E+08  0.932047E+03  0.000000E+00  0.127158E+08  0.134154E+08
  0.128341E-01  0.132727E+08  0.132559E+08  0.349403E+03  0.000000E+00  0.125256E+08  0.132485E+08
  0.132686E-01  0.131032E+08  0.130857E+08  0.318673E+03  0.000000E+00  0.123322E+08  0.130782E+08
  0.137178E-01  0.129300E+08  0.129117E+08  0.535294E+03  0.000000E+00  0.121348E+08  0.129042E+08
  0.141822E-01  0.127531E+08  0.127339E+08  0.256516E+03  0.000000E+00  0.119337E+08  0.127264E+08
  0.146624E-01  0.125723E+08  0.125522E+08  0.342935E+03  0.000000E+00  0.117287E+08  0.125448E+08
  0.151588E-01  0.123879E+08  0.123668E+08  0.337416E+03  0.000000E+00  0.115200E+08  0.123595E+08
  0.156720E-01  0.121999E+08  0.121779E+08  0.269626E+03  0.000000E+00  0.113079E+08  0.121706E+08
  0.162026E-01  0.120080E+08  0.119850E+08  0.169107E+03  0.000000E+00  0.110919E+08  0.119779E+08
  0.167511E-01  0.118125E+08  0.117885E+08  0.194904E+03  0.000000E+00  0.108725E+08  0.117816E+08
  0.173182E-01  0.116134E+08  0.115883E+08  0.291254E+03  0.000000E+00  0.106497E+08  0.115816E+08
  0.179045E-01  0.114108E+08  0.113846E+08  0.129138E+03  0.000000E+00  0.104236E+08  0.113782E+08
  0.185107E-01  0.112046E+08  0.111773E+08  0.172062E+03  0.000000E+00  0.101942E+08  0.111712E+08
  0.191374E-01  0.109951E+08  0.109666E+08  0.501559E+02  0.000000E+00  0.996201E+07  0.109608E+08
  0.197853E-01  0.107824E+08  0.107527E+08 -0.213793E+01  0.000000E+00  0.972700E+07  0.107472E+08
  0.204552E-01  0.105664E+08  0.105355E+08  0.467690E+02  0.000000E+00  0.948943E+07  0.105305E+08
  0.211477E-01  0.103475E+08  0.103154E+08 -0.125148E+02  0.000000E+00  0.924957E+07  0.103107E+08
  0.218637E-01  0.101258E+08  0.100924E+08  0.453247E+02  0.000000E+00  0.900772E+07  0.100882E+08
  0.226039E-01  0.990139E+07  0.986683E+07  0.175189E+03  0.000000E+00  0.876415E+07  0.986312E+07
  0.233691E-01  0.967464E+07  0.963886E+07  0.818319E+02  0.000000E+00  0.851919E+07  0.963566E+07
  0.241603E-01  0.944579E+07  0.940880E+07  0.877836E+02  0.000000E+00  0.827319E+07  0.940613E+07
  0.249783E-01  0.921512E+07  0.917696E+07  0.106767E+03  0.000000E+00  0.802646E+07  0.917481E+07
  0.258240E-01  0.898299E+07  0.894368E+07  0.802165E+02  0.000000E+00  0.777938E+07  0.894208E+07
  0.266982E-01  0.874977E+07  0.870937E+07  0.430742E+01  0.000000E+00  0.753232E+07  0.870829E+07
  0.276021E-01  0.851586E+07  0.847442E+07  0.509878E+02  0.000000E+00  0.728572E+07  0.847386E+07
  0.285366E-01  0.828172E+07  0.823932E+07  0.795167E+02  0.000000E+00  0.704007E+07  0.823923E+07
  0.295027E-01  0.804782E+07  0.800455E+07  0.601971E+02  0.000000E+00  0.679591E+07  0.800491E+07
  0.305016E-01  0.781470E+07  0.777066E+07  0.608815E+02  0.000000E+00  0.655381E+07  0.777141E+07
  0.315342E-01  0.758293E+07  0.753825E+07  0.591136E+01  0.000000E+00  0.631440E+07  0.753932E+07
  0.326019E-01  0.735312E+07  0.730793E+07  0.316972E+02  0.000000E+00  0.607827E+07  0.730925E+07
  0.337056E-01  0.712591E+07  0.708036E+07  0.147156E+02  0.000000E+00  0.584603E+07  0.708183E+07
  0.348467E-01  0.690197E+07  0.685623E+07  0.355915E+02  0.000000E+00  0.561826E+07  0.685775E+07
  0.360265E-01  0.668198E+07  0.663625E+07  0.401802E+02  0.000000E+00  0.539551E+07  0.663768E+07
  0.372462E-01  0.646662E+07  0.642109E+07  0.231575E+02  0.000000E+00  0.517836E+07  0.642231E+07
  0.385072E-01  0.625658E+07  0.621146E+07  0.906900E+01  0.000000E+00  0.496732E+07  0.621229E+07
  0.398109E-01  0.605248E+07  0.600801E+07  0.700511E+01  0.000000E+00  0.476289E+07  0.600829E+07
  0.411587E-01  0.585494E+07  0.581134E+07  0.175183E+02  0.000000E+00  0.456552E+07  0.581088E+07
  0.425522E-01  0.566448E+07  0.562198E+07  0.157597E+02  0.000000E+00  0.437559E+07  0.562061E+07
  0.439928E-01  0.548157E+07  0.544040E+07  0.105887E+02  0.000000E+00  0.419340E+07  0.543792E+07
  0.454592E-01  0.530913E+07  0.526950E+07 -0.160963E+01  0.000000E+00  0.402174E+07  0.526574E+07
  0.469257E-01  0.514966E+07  0.511171E+07  0.711218E+01  0.000000E+00  0.386293E+07  0.510654E+07
  0.483921E-01  0.500220E+07  0.496604E+07  0.739623E+01  0.000000E+00  0.371589E+07  0.495936E+07
  0.498585E-01  0.486575E+07  0.483146E+07  0.295601E+01  0.000000E+00  0.357959E+07  0.482320E+07
  0.513249E-01  0.473931E+07  0.470696E+07  0.748759E+01  0.000000E+00  0.345300E+07  0.469705E+07
  0.527914E-01  0.462189E+07  0.459149E+07 -0.314104E+00  0.000000E+00  0.333518E+07  0.457992E+07
  0.542578E-01  0.451250E+07  0.448404E+07  0.103570E+01  0.000000E+00  0.322520E+07  0.447080E+07
  0.557242E-01  0.441018E+07  0.438362E+07  0.490588E+01  0.000000E+00  0.312215E+07  0.436875E+07
  0.571907E-01  0.431401E+07  0.428929E+07  0.116699E+02  0.000000E+00  0.302519E+07  0.427283E+07
  0.586571E-01  0.422309E+07  0.420013E+07  0.141003E+01  0.000000E+00  0.293355E+07  0.418216E+07
  0.601235E-01  0.413661E+07  0.411529E+07  0.290803E+01  0.000000E+00  0.284653E+07  0.409591E+07
  0.615899E-01  0.405380E+07  0.403400E+07 -0.556672E+00  0.000000E+00  0.276348E+07  0.401333E+07
  0.630564E-01  0.397397E+07  0.395556E+07  0.103833E+01  0.000000E+00  0.268386E+07  0.393371E+07
  0.645228E-01  0.389649E+07  0.387932E+07 -0.109211E+01  0.000000E+00  0.260715E+07  0.385645E+07
  0.659892E-01  0.382084E+07  0.380475E+07  0.246273E+01  0.000000E+00  0.253295E+07  0.378100E+07
  0.674556E-01  0.374655E+07  0.373138E+07  0.460611E+01  0.000000E+00  0.246088E+07  0.370691E+07
  0.689221E-01  0.367323E+07  0.365882E+07  0.554893E+01  0.000000E+00  0.239064E+07  0.363380E+07
  0.703885E-01  0.360058E+07  0.358678E+07  0.637252E+01  0.000000E+00  0.232200E+07  0.356136E+07
  0.718549E-01  0.352839E+07  0.351503E+07  0.388723E+00  0.000000E+00  0.225477E+07  0.348938E+07
  0.733214E-01  0.345649E+07  0.344344E+07  0.287446E+01  0.000000E+00  0.218884E+07  0.341770E+07
  0.747878E-01  0.338484E+07  0.337196E+07 -0.327744E+01  0.000000E+00  0.212415E+07  0.334628E+07
  0.762542E-01  0.331330E+07  0.330046E+07  0.274316E+01  0.000000E+00  0.206059E+07  0.327498E+07
  0.777206E-01  0.324198E+07  0.322908E+07 -0.260120E+01  0.000000E+00  0.199821E+07  0.320391E+07
  0.791871E-01  0.317097E+07  0.315791E+07 -0.892195E+01  0.000000E+00  0.193704E+07  0.313316E+07
  0.806535E-01  0.310039E+07  0.308709E+07 -0.569109E+01  0.000000E+00  0.187713E+07  0.306285E+07
  0.821199E-01  0.303040E+07  0.301681E+07 -0.143857E+01  0.000000E+00  0.181855E+07  0.299315E+07
  0.835864E-01  0.296119E+07  0.294726E+07  0.121374E+01  0.000000E+00  0.176139E+07  0.292424E+07
  0.850528E-01  0.289296E+07  0.287865E+07  0.297833E+00  0.000000E+00  0.170573E+07  0.285631E+07
  0.865192E-01  0.282592E+07  0.281123E+07 -0.187596E+01  0.000000E+00  0.165168E+07  0.278959E+07
  0.879856E-01  0.276028E+07  0.274522E+07 -0.177822E+00  0.000000E+00  0.159932E+07  0.272428E+07
  0.894521E-01  0.269627E+07  0.268084E+07 -0.387539E+01  0.000000E+00  0.154873E+07  0.266061E+07
  0.909185E-01  0.263408E+07  0.261833E+07 -0.812279E+01  0.000000E+00  0.150000E+07  0.259876E+07
  0.923849E-01  0.257390E+07  0.255786E+07  0.992067E+00  0.000000E+00  0.145318E+07  0.253892E+07
  0.942171E-01  0.250178E+07  0.248546E+07  0.133857E+01  0.000000E+00  0.139745E+07  0.246724E+07
  0.960494E-01  0.243334E+07  0.241682E+07 -0.332525E+01  0.000000E+00  0.134486E+07  0.239922E+07
  0.978816E-01  0.236876E+07  0.235216E+07 -0.164348E+01  0.000000E+00  0.129544E+07  0.233508E+07
  0.997138E-01  0.230819E+07  0.229162E+07 -0.403140E+01  0.000000E+00  0.124915E+07  0.227493E+07
  0.101546E+00  0.225167E+07  0.223525E+07 -0.146214E+01  0.000000E+00  0.120594E+07  0.221882E+07
  0.103378E+00  0.219918E+07  0.218301E+07 -0.463694E+00  0.000000E+00  0.116571E+07  0.216672E+07
  0.105211E+00  0.215061E+07  0.213480E+07 -0.179703E+01  0.000000E+00  0.112831E+07  0.211853E+07
  0.107043E+00  0.210579E+07  0.209044E+07 -0.955602E-01  0.000000E+00  0.109357E+07  0.207407E+07
  0.108875E+00  0.206449E+07  0.204968E+07 -0.132503E+01  0.000000E+00  0.106130E+07  0.203311E+07
  0.110707E+00  0.202641E+07  0.201222E+07 -0.202180E+01  0.000000E+00  0.103128E+07  0.199536E+07
  0.112539E+00  0.199124E+07  0.197770E+07  0.137545E+01  0.000000E+00  0.100328E+07  0.196049E+07
  0.114372E+00  0.195859E+07  0.194576E+07  0.668491E+00  0.000000E+00  0.977059E+06  0.192815E+07
  0.116204E+00  0.192811E+07  0.191600E+07  0.732457E+00  0.000000E+00  0.952383E+06  0.189794E+07
  0.118036E+00  0.189942E+07  0.188802E+07  0.232114E+01  0.000000E+00  0.929023E+06  0.186951E+07
  0.119868E+00  0.187211E+07  0.186141E+07 -0.137938E+01  0.000000E+00  0.906751E+06  0.184245E+07
  0.121701E+00  0.184581E+07  0.183579E+07 -0.367983E+00  0.000000E+00  0.885356E+06  0.181640E+07
  0.123533E+00  0.182018E+07  0.181078E+07 -0.104286E+01  0.000000E+00  0.864650E+06  0.179101E+07
  0.125365E+00  0.179491E+07  0.178607E+07 -0.100739E+01  0.000000E+00  0.844469E+06  0.176597E+07
  0.127197E+00  0.176972E+07  0.176138E+07 -0.709886E+00  0.000000E+00  0.824675E+06  0.174101E+07
  0.129030E+00  0.174439E+07  0.173649E+07 -0.230189E+00  0.000000E+00  0.805157E+06  0.171592E+07
  0.130862E+00  0.171876E+07  0.171121E+07 -0.146277E+01  0.000000E+00  0.785830E+06  0.169052E+07
  0.132694E+00  0.169270E+07  0.168542E+07 -0.135088E+01  0.000000E+00  0.766634E+06  0.166470E+07
  0.134526E+00  0.166612E+07  0.165905E+07  0.000000E+00  0.000000E+00  0.747533E+06  0.163838E+07
  0.136358E+00  0.163900E+07  0.163204E+07  0.000000E+00  0.000000E+00  0.728506E+06  0.161150E+07
  0.138191E+00  0.161134E+07  0.160444E+07  0.000000E+00  0.000000E+00  0.709565E+06  0.158410E+07
  0.140023E+00  0.158320E+07  0.157629E+07  0.000000E+00  0.000000E+00  0.690734E+06  0.155624E+07
  0.141855E+00  0.155468E+07  0.154771E+07  0.000000E+00  0.000000E+00  0.672051E+06  0.152799E+07
  0.143687E+00  0.152589E+07  0.151882E+07  0.000000E+00  0.000000E+00  0.653567E+06  0.149949E+07
  0.145520E+00  0.149700E+07  0.148979E+07  0.000000E+00  0.000000E+00  0.635349E+06  0.147089E+07
  0.147352E+00  0.146818E+07  0.146080E+07  0.000000E+00  0.000000E+00  0.617461E+06  0.144235E+07
  0.149184E+00  0.143958E+07  0.143203E+07  0.000000E+00  0.000000E+00  0.599968E+06  0.141405E+07
  0.151016E+00  0.141139E+07  0.140366E+07  0.000000E+00  0.000000E+00  0.582933E+06  0.138616E+07
  0.152849E+00  0.138377E+07  0.137588E+07  0.000000E+00  0.000000E+00  0.566417E+06  0.135884E+07
  0.154681E+00  0.135689E+07  0.134884E+07  0.000000E+00  0.000000E+00  0.550472E+06  0.133225E+07
  0.156513E+00  0.133088E+07  0.132271E+07  0.000000E+00  0.000000E+00  0.535143E+06  0.130654E+07
  0.158345E+00  0.130589E+07  0.129761E+07  0.000000E+00  0.000000E+00  0.520468E+06  0.128182E+07
  0.160177E+00  0.128200E+07  0.127366E+07  0.000000E+00  0.000000E+00  0.506472E+06  0.125821E+07
  0.162010E+00  0.125930E+07  0.125094E+07  0.000000E+00  0.000000E+00  0.493171E+06  0.123578E+07
  0.163842E+00  0.123785E+07  0.122950E+07  0.000000E+00  0.000000E+00  0.480570E+06  0.121459E+07
  0.165674E+00  0.121766E+07  0.120938E+07  0.000000E+00  0.000000E+00  0.468661E+06  0.119466E+07
  0.167506E+00  0.119874E+07  0.119055E+07  0.000000E+00  0.000000E+00  0.457425E+06  0.117597E+07
  0.169339E+00  0.118104E+07  0.117299E+07  0.000000E+00  0.000000E+00  0.446830E+06  0.115850E+07
  0.171171E+00  0.116451E+07  0.115663E+07  0.000000E+00  0.000000E+00  0.436841E+06  0.114218E+07
  0.173003E+00  0.114907E+07  0.114139E+07  0.000000E+00  0.000000E+00  0.427415E+06  0.112695E+07
  0.174835E+00  0.113463E+07  0.112718E+07  0.000000E+00  0.000000E+00  0.418504E+06  0.111270E+07
  0.176668E+00  0.112108E+07  0.111388E+07  0.000000E+00  0.000000E+00  0.410056E+06  0.109934E+07
  0.178500E+00  0.110830E+07  0.110136E+07  0.000000E+00  0.000000E+00  0.402018E+06  0.108674E+07
  0.180332E+00  0.109617E+07  0.108950E+07  0.000000E+00  0.000000E+00  0.394334E+06  0.107478E+07
  0.182164E+00  0.108457E+07  0.107816E+07  0.000000E+00  0.000000E+00  0.386950E+06  0.106334E+07
  0.183996E+00  0.107335E+07  0.106721E+07  0.000000E+00  0.000000E+00  0.379814E+06  0.105228E+07
  0.185829E+00  0.106239E+07  0.105651E+07  0.000000E+00  0.000000E+00  0.372874E+06  0.104148E+07
  0.187661E+00  0.105159E+07  0.104594E+07  0.000000E+00  0.000000E+00  0.366087E+06  0.103082E+07
  0.189493E+00  0.104083E+07  0.103540E+07  0.000000E+00  0.000000E+00  0.359415E+06  0.102022E+07
  0.191325E+00  0.103002E+07  0.102480E+07  0.000000E+00  0.000000E+00  0.352824E+06  0.100957E+07
  0.193158E+00  0.101911E+07  0.101405E+07  0.000000E+00  0.000000E+00  0.346288E+06  0.998805E+06
  0.194990E+00  0.100802E+07  0.100311E+07  0.000000E+00  0.000000E+00  0.339787E+06  0.987873E+06
  0.196822E+00  0.996721E+06  0.991932E+06  0.000000E+00  0.000000E+00  0.333307E+06  0.976730E+06
  0.198654E+00  0.985182E+06  0.980485E+06  0.000000E+00  0.000000E+00  0.326840E+06  0.965353E+06
  0.200487E+00  0.973399E+06  0.968766E+06  0.000000E+00  0.000000E+00  0.320383E+06  0.953734E+06
  0.202319E+00  0.961376E+06  0.956783E+06  0.000000E+00  0.000000E+00  0.313940E+06  0.941878E+06
  0.204151E+00  0.949133E+06  0.944557E+06  0.000000E+00  0.000000E+00  0.307516E+06  0.929808E+06
  0.205983E+00  0.936710E+06  0.932131E+06  0.000000E+00  0.000000E+00  0.301124E+06  0.917559E+06
  0.207815E+00  0.924154E+06  0.919555E+06  0.000000E+00  0.000000E+00  0.294780E+06  0.905180E+06
  0.209648E+00  0.911519E+06  0.906887E+06  0.000000E+00  0.000000E+00  0.288500E+06  0.892725E+06
  0.211480E+00  0.898866E+06  0.894191E+06  0.000000E+00  0.000000E+00  0.282303E+06  0.880253E+06
  0.213312E+00  0.886261E+06  0.881536E+06  0.000000E+00  0.000000E+00  0.276208E+06  0.867829E+06
  0.215144E+00  0.873767E+06  0.868991E+06  0.000000E+00  0.000000E+00  0.270232E+06  0.855517E+06
  0.216977E+00  0.861448E+06  0.856621E+06  0.000000E+00  0.000000E+00  0.264394E+06  0.843379E+06
  0.218809E+00  0.849364E+06  0.844491E+06  0.000000E+00  0.000000E+00  0.258709E+06  0.831473E+06
  0.220641E+00  0.837570E+06  0.832659E+06  0.000000E+00  0.000000E+00  0.253191E+06  0.819856E+06
  0.222473E+00  0.826117E+06  0.821176E+06  0.000000E+00  0.000000E+00  0.247852E+06  0.808576E+06
  0.224306E+00  0.815048E+06  0.810089E+06  0.000000E+00  0.000000E+00  0.242702E+06  0.797676E+06
  0.226138E+00  0.804398E+06  0.799434E+06  0.000000E+00  0.000000E+00  0.237746E+06  0.787190E+06
  0.227970E+00  0.794190E+06  0.789236E+06  0.000000E+00  0.000000E+00  0.232988E+06  0.777142E+06
  0.229802E+00  0.784438E+06  0.779509E+06  0.000000E+00  0.000000E+00  0.228428E+06  0.767545E+06
  0.231634E+00  0.775145E+06  0.770254E+06  0.000000E+00  0.000000E+00  0.224063E+06  0.758400E+06
  0.233467E+00  0.766304E+06  0.761466E+06  0.000000E+00  0.000000E+00  0.219886E+06  0.749703E+06
  0.235299E+00  0.757900E+06  0.753128E+06  0.000000E+00  0.000000E+00  0.215891E+06  0.741438E+06
  0.237131E+00  0.749911E+06  0.745216E+06  0.000000E+00  0.000000E+00  0.212066E+06  0.733581E+06
  0.238963E+00  0.742307E+06  0.737700E+06  0.000000E+00  0.000000E+00  0.208400E+06  0.726105E+06
  0.240796E+00  0.735056E+06  0.730543E+06  0.000000E+00  0.000000E+00  0.204880E+06  0.718976E+06
  0.242628E+00  0.728118E+06  0.723708E+06  0.000000E+00  0.000000E+00  0.201493E+06  0.712156E+06
  0.244460E+00  0.721450E+06  0.717146E+06  0.000000E+00  0.000000E+00  0.198224E+06  0.705603E+06
  0.246292E+00  0.715006E+06  0.710810E+06  0.000000E+00  0.000000E+00  0.195059E+06  0.699271E+06
  0.248125E+00  0.708741E+06  0.704653E+06  0.000000E+00  0.000000E+00  0.191982E+06  0.693115E+06
  0.249957E+00  0.702610E+06  0.698627E+06  0.000000E+00  0.000000E+00  0.188980E+06  0.687091E+06
  0.251789E+00  0.696570E+06  0.692690E+06  0.000000E+00  0.000000E+00  0.186040E+06  0.681156E+06
  0.253621E+00  0.690583E+06  0.686799E+06  0.000000E+00  0.000000E+00  0.183152E+06  0.675274E+06
  0.255453E+00  0.684616E+06  0.680921E+06  0.000000E+00  0.000000E+00  0.180304E+06  0.669411E+06
  0.257286E+00  0.678639E+06  0.675025E+06  0.000000E+00  0.000000E+00  0.177489E+06  0.663538E+06
  0.259118E+00  0.672628E+06  0.669086E+06  0.000000E+00  0.000000E+00  0.174699E+06  0.657632E+06
  0.260950E+00  0.666565E+06  0.663085E+06  0.000000E+00  0.000000E+00  0.171931E+06  0.651673E+06
  0.262782E+00  0.660436E+06  0.657009E+06  0.000000E+00  0.000000E+00  0.169179E+06  0.645650E+06
  0.264615E+00  0.654233E+06  0.650849E+06  0.000000E+00  0.000000E+00  0.166443E+06  0.639555E+06
  0.266447E+00  0.647955E+06  0.644605E+06  0.000000E+00  0.000000E+00  0.163720E+06  0.633386E+06
  0.268279E+00  0.641607E+06  0.638282E+06  0.000000E+00  0.000000E+00  0.161014E+06  0.627147E+06
  0.270111E+00  0.635198E+06  0.631890E+06  0.000000E+00  0.000000E+00  0.158325E+06  0.620848E+06
  0.271944E+00  0.628740E+06  0.625443E+06  0.000000E+00  0.000000E+00  0.155657E+06  0.614503E+06
  0.273776E+00  0.622253E+06  0.618960E+06  0.000000E+00  0.000000E+00  0.153013E+06  0.608127E+06
  0.275608E+00  0.615755E+06  0.612462E+06  0.000000E+00  0.000000E+00  0.150399E+06  0.601742E+06
  0.277440E+00  0.609269E+06  0.605972E+06  0.000000E+00  0.000000E+00  0.147820E+06  0.595369E+06
  0.279272E+00  0.602816E+06  0.599513E+06  0.000000E+00  0.000000E+00  0.145280E+06  0.589029E+06
  0.281105E+00  0.596418E+06  0.593108E+06  0.000000E+00  0.000000E+00  0.142784E+06  0.582743E+06
  0.282937E+00  0.590098E+06  0.586781E+06  0.000000E+00  0.000000E+00  0.140336E+06  0.576534E+06
  0.284769E+00  0.583876E+06  0.580555E+06  0.000000E+00  0.000000E+00  0.137941E+06  0.570423E+06
  0.286601E+00  0.577773E+06  0.574449E+06  0.000000E+00  0.000000E+00  0.135603E+06  0.564429E+06
  0.288434E+00  0.571807E+06  0.568484E+06  0.000000E+00  0.000000E+00  0.133324E+06  0.558570E+06
  0.290266E+00  0.565992E+06  0.562674E+06  0.000000E+00  0.000000E+00  0.131108E+06  0.552860E+06
  0.292098E+00  0.560341E+06  0.557031E+06  0.000000E+00  0.000000E+00  0.128956E+06  0.547312E+06
  0.293930E+00  0.554860E+06  0.551564E+06  0.000000E+00  0.000000E+00  0.126868E+06  0.541932E+06
  0.295763E+00  0.549555E+06  0.546278E+06  0.000000E+00  0.000000E+00  0.124845E+06  0.536725E+06
  0.297595E+00  0.544426E+06  0.541172E+06  0.000000E+00  0.000000E+00  0.122885E+06  0.531691E+06
  0.299427E+00  0.539470E+06  0.536244E+06  0.000000E+00  0.000000E+00  0.120988E+06  0.526828E+06
  0.301259E+00  0.534683E+06  0.531490E+06  0.000000E+00  0.000000E+00  0.119149E+06  0.522132E+06
  0.303091E+00  0.530058E+06  0.526903E+06  0.000000E+00  0.000000E+00  0.117369E+06  0.517596E+06
  0.304924E+00  0.525586E+06  0.522470E+06  0.000000E+00  0.000000E+00  0.115642E+06  0.513209E+06
  0.306756E+00  0.521253E+06  0.518181E+06  0.000000E+00  0.000000E+00  0.113965E+06  0.508960E+06
  0.308588E+00  0.517048E+06  0.514021E+06  0.000000E+00  0.000000E+00  0.112335E+06  0.504836E+06
  0.310420E+00  0.512953E+06  0.509973E+06  0.000000E+00  0.000000E+00  0.110748E+06  0.500822E+06
  0.312253E+00  0.508954E+06  0.506021E+06  0.000000E+00  0.000000E+00  0.109199E+06  0.496901E+06
  0.314085E+00  0.505035E+06  0.502149E+06  0.000000E+00  0.000000E+00  0.107684E+06  0.493059E+06
  0.315917E+00  0.501179E+06  0.498340E+06  0.000000E+00  0.000000E+00  0.106199E+06  0.489279E+06
  0.317749E+00  0.497373E+06  0.494579E+06  0.000000E+00  0.000000E+00  0.104742E+06  0.485548E+06
  0.319582E+00  0.493603E+06  0.490852E+06  0.000000E+00  0.000000E+00  0.103308E+06  0.481852E+06
  0.321414E+00  0.489858E+06  0.487147E+06  0.000000E+00  0.000000E+00  0.101894E+06  0.478181E+06
  0.323246E+00  0.486126E+06  0.483454E+06  0.000000E+00  0.000000E+00  0.100499E+06  0.474523E+06
  0.325078E+00  0.482399E+06  0.479762E+06  0.000000E+00  0.000000E+00  0.991207E+05  0.470870E+06
  0.326910E+00  0.478670E+06  0.476065E+06  0.000000E+00  0.000000E+00  0.977564E+05  0.467214E+06
  0.328743E+00  0.474934E+06  0.472357E+06  0.000000E+00  0.000000E+00  0.964054E+05  0.463551E+06
  0.330575E+00  0.471187E+06  0.468635E+06  0.000000E+00  0.000000E+00  0.950668E+05  0.459878E+06
  0.332407E+00  0.467429E+06  0.464898E+06  0.000000E+00  0.000000E+00  0.937403E+05  0.456194E+06
  0.334239E+00  0.463660E+06  0.461147E+06  0.000000E+00  0.000000E+00  0.924259E+05  0.452499E+06
  0.336072E+00  0.459883E+06  0.457386E+06  0.000000E+00  0.000000E+00  0.911241E+05  0.448796E+06
  0.337904E+00  0.456104E+06  0.453620E+06  0.000000E+00  0.000000E+00  0.898357E+05  0.445091E+06
  0.339736E+00  0.452327E+06  0.449854E+06  0.000000E+00  0.000000E+00  0.885615E+05  0.441389E+06
  0.341568E+00  0.448558E+06  0.446094E+06  0.000000E+00  0.000000E+00  0.873025E+05  0.437694E+06
  0.343401E+00  0.444805E+06  0.442348E+06  0.000000E+00  0.000000E+00  0.860599E+05  0.434015E+06
  0.345233E+00  0.441074E+06  0.438624E+06  0.000000E+00  0.000000E+00  0.848348E+05  0.430358E+06
  0.347065E+00  0.437373E+06  0.434929E+06  0.000000E+00  0.000000E+00  0.836284E+05  0.426730E+06
  0.348897E+00  0.433709E+06  0.431272E+06  0.000000E+00  0.000000E+00  0.824419E+05  0.423139E+06
  0.350729E+00  0.430090E+06  0.427659E+06  0.000000E+00  0.000000E+00  0.812764E+05  0.419592E+06
  0.352562E+00  0.426523E+06  0.424099E+06  0.000000E+00  0.000000E+00  0.801329E+05  0.416097E+06
  0.354394E+00  0.423015E+06  0.420599E+06  0.000000E+00  0.000000E+00  0.790124E+05  0.412659E+06
  0.356226E+00  0.419570E+06  0.417163E+06  0.000000E+00  0.000000E+00  0.779155E+05  0.409284E+06
  0.358058E+00  0.416192E+06  0.413796E+06  0.000000E+00  0.000000E+00  0.768424E+05  0.405974E+06
  0.359891E+00  0.412884E+06  0.410500E+06  0.000000E+00  0.000000E+00  0.757933E+05  0.402734E+06
  0.361723E+00  0.409648E+06  0.407277E+06  0.000000E+00  0.000000E+00  0.747682E+05  0.399564E+06
  0.363555E+00  0.406484E+06  0.404128E+06  0.000000E+00  0.000000E+00  0.737668E+05  0.396465E+06
  0.365387E+00  0.403392E+06  0.401053E+06  0.000000E+00  0.000000E+00  0.727887E+05  0.393437E+06
  0.367220E+00  0.400371E+06  0.398050E+06  0.000000E+00  0.000000E+00  0.718334E+05  0.390478E+06
  0.369052E+00  0.397418E+06  0.395118E+06  0.000000E+00  0.000000E+00  0.709002E+05  0.387588E+06
  0.370884E+00  0.394532E+06  0.392252E+06  0.000000E+00  0.000000E+00  0.699882E+05  0.384762E+06
  0.372716E+00  0.391708E+06  0.389449E+06  0.000000E+00  0.000000E+00  0.690963E+05  0.381997E+06
  0.374548E+00  0.388940E+06  0.386704E+06  0.000000E+00  0.000000E+00  0.682234E+05  0.379288E+06
  0.376381E+00  0.386224E+06  0.384011E+06  0.000000E+00  0.000000E+00  0.673683E+05  0.376630E+06
  0.378213E+00  0.383555E+06  0.381365E+06  0.000000E+00  0.000000E+00  0.665298E+05  0.374017E+06
  0.380045E+00  0.380926E+06  0.378760E+06  0.000000E+00  0.000000E+00  0.657067E+05  0.371444E+06
  0.381877E+00  0.378334E+06  0.376190E+06  0.000000E+00  0.000000E+00  0.648980E+05  0.368907E+06
  0.383710E+00  0.375772E+06  0.373651E+06  0.000000E+00  0.000000E+00  0.641025E+05  0.366400E+06
  0.385542E+00  0.373236E+06  0.371138E+06  0.000000E+00  0.000000E+00  0.633193E+05  0.363919E+06
  0.387374E+00  0.370723E+06  0.368646E+06  0.000000E+00  0.000000E+00  0.625475E+05  0.361459E+06
  0.389206E+00  0.368227E+06  0.366170E+06  0.000000E+00  0.000000E+00  0.617861E+05  0.359017E+06
  0.391039E+00  0.365745E+06  0.363708E+06  0.000000E+00  0.000000E+00  0.610346E+05  0.356588E+06
  0.392871E+00  0.363275E+06  0.361255E+06  0.000000E+00  0.000000E+00  0.602922E+05  0.354170E+06
  0.394703E+00  0.360813E+06  0.358811E+06  0.000000E+00  0.000000E+00  0.595585E+05  0.351762E+06
  0.396535E+00  0.358359E+06  0.356372E+06  0.000000E+00  0.000000E+00  0.588331E+05  0.349360E+06
  0.398367E+00  0.355912E+06  0.353940E+06  0.000000E+00  0.000000E+00  0.581159E+05  0.346966E+06
  0.400200E+00  0.353473E+06  0.351514E+06  0.000000E+00  0.000000E+00  0.574066E+05  0.344578E+06
  0.402032E+00  0.351040E+06  0.349094E+06  0.000000E+00  0.000000E+00  0.567054E+05  0.342198E+06
  0.403864E+00  0.348617E+06  0.346681E+06  0.000000E+00  0.000000E+00  0.560124E+05  0.339826E+06
  0.405696E+00  0.346203E+06  0.344278E+06  0.000000E+00  0.000000E+00  0.553275E+05  0.337464E+06
  0.407529E+00  0.343800E+06  0.341886E+06  0.000000E+00  0.000000E+00  0.546509E+05  0.335114E+06
  0.409361E+00  0.341411E+06  0.339506E+06  0.000000E+00  0.000000E+00  0.539829E+05  0.332776E+06
  0.411193E+00  0.339038E+06  0.337141E+06  0.000000E+00  0.000000E+00  0.533237E+05  0.330454E+06
  0.413025E+00  0.336683E+06  0.334794E+06  0.000000E+00  0.000000E+00  0.526736E+05  0.328149E+06
  0.414858E+00  0.334348E+06  0.332468E+06  0.000000E+00  0.000000E+00  0.520328E+05  0.325865E+06
  0.416690E+00  0.332036E+06  0.330165E+06  0.000000E+00  0.000000E+00  0.514017E+05  0.323603E+06
  0.418522E+00  0.329751E+06  0.327887E+06  0.000000E+00  0.000000E+00  0.507804E+05  0.321367E+06
  0.420354E+00  0.327492E+06  0.325637E+06  0.000000E+00  0.000000E+00  0.501692E+05  0.319158E+06
  0.422186E+00  0.325263E+06  0.323417E+06  0.000000E+00  0.000000E+00  0.495682E+05  0.316977E+06
  0.424019E+00  0.323064E+06  0.321227E+06  0.000000E+00  0.000000E+00  0.489774E+05  0.314827E+06
  0.425851E+00  0.320897E+06  0.319069E+06  0.000000E+00  0.000000E+00  0.483968E+05  0.312707E+06
  0.427683E+00  0.318762E+06  0.316944E+06  0.000000E+00  0.000000E+00  0.478265E+05  0.310619E+06
  0.429515E+00  0.316660E+06  0.314852E+06  0.000000E+00  0.000000E+00  0.472663E+05  0.308563E+06
  0.431348E+00  0.314590E+06  0.312794E+06  0.000000E+00  0.000000E+00  0.467163E+05  0.306539E+06
  0.433180E+00  0.312554E+06  0.310769E+06  0.000000E+00  0.000000E+00  0.461761E+05  0.304548E+06
  0.435012E+00  0.310549E+06  0.308776E+06  0.000000E+00  0.000000E+00  0.456456E+05  0.302588E+06
  0.436844E+00  0.308576E+06  0.306815E+06  0.000000E+00  0.000000E+00  0.451245E+05  0.300659E+06
  0.438677E+00  0.306633E+06  0.304885E+06  0.000000E+00  0.000000E+00  0.446125E+05  0.298759E+06
  0.440509E+00  0.304717E+06  0.302982E+06  0.000000E+00  0.000000E+00  0.441092E+05  0.296887E+06
  0.442341E+00  0.302829E+06  0.301106E+06  0.000000E+00  0.000000E+00  0.436143E+05  0.295040E+06
  0.444173E+00  0.300965E+06  0.299256E+06  0.000000E+00  0.000000E+00  0.431275E+05  0.293218E+06
  0.446005E+00  0.299124E+06  0.297428E+06  0.000000E+00  0.000000E+00  0.426483E+05  0.291419E+06
  0.447838E+00  0.297305E+06  0.295622E+06  0.000000E+00  0.000000E+00  0.421764E+05  0.289641E+06
  0.449670E+00  0.295505E+06  0.293835E+06  0.000000E+00  0.000000E+00  0.417115E+05  0.287882E+06
  0.451502E+00  0.293723E+06  0.292066E+06  0.000000E+00  0.000000E+00  0.412533E+05  0.286141E+06
  0.453334E+00  0.291958E+06  0.290313E+06  0.000000E+00  0.000000E+00  0.408015E+05  0.284416E+06
  0.455167E+00  0.290207E+06  0.288575E+06  0.000000E+00  0.000000E+00  0.403556E+05  0.282704E+06
  0.456999E+00  0.288470E+06  0.286849E+06  0.000000E+00  0.000000E+00  0.399155E+05  0.281006E+06
  0.458831E+00  0.286744E+06  0.285135E+06  0.000000E+00  0.000000E+00  0.394810E+05  0.279320E+06
  0.460663E+00  0.285030E+06  0.283431E+06  0.000000E+00  0.000000E+00  0.390517E+05  0.277644E+06
  0.462496E+00  0.283326E+06  0.281738E+06  0.000000E+00  0.000000E+00  0.386277E+05  0.275979E+06
  0.464328E+00  0.281632E+06  0.280054E+06  0.000000E+00  0.000000E+00  0.382087E+05  0.274324E+06
  0.466160E+00  0.279948E+06  0.278379E+06  0.000000E+00  0.000000E+00  0.377947E+05  0.272678E+06
  0.467992E+00  0.278273E+06  0.276714E+06  0.000000E+00  0.000000E+00  0.373856E+05  0.271042E+06
  0.469824E+00  0.276609E+06  0.275059E+06  0.000000E+00  0.000000E+00  0.369813E+05  0.269415E+06
  0.471657E+00  0.274954E+06  0.273413E+06  0.000000E+00  0.000000E+00  0.365819E+05  0.267798E+06
  0.473489E+00  0.273309E+06  0.271776E+06  0.000000E+00  0.000000E+00  0.361872E+05  0.266191E+06
  0.475321E+00  0.271676E+06  0.270150E+06  0.000000E+00  0.000000E+00  0.357974E+05  0.264595E+06
  0.477153E+00  0.270053E+06  0.268536E+06  0.000000E+00  0.000000E+00  0.354124E+05  0.263009E+06
  0.478986E+00  0.268443E+06  0.266933E+06  0.000000E+00  0.000000E+00  0.350323E+05  0.261436E+06
  0.480818E+00  0.266845E+06  0.265343E+06  0.000000E+00  0.000000E+00  0.346571E+05  0.259875E+06
  0.482650E+00  0.265261E+06  0.263766E+06  0.000000E+00  0.000000E+00  0.342868E+05  0.258327E+06
  0.484482E+00  0.263692E+06  0.262204E+06  0.000000E+00  0.000000E+00  0.339216E+05  0.256794E+06
  0.486315E+00  0.262137E+06  0.260657E+06  0.000000E+00  0.000000E+00  0.335614E+05  0.255275E+06
  0.488147E+00  0.260598E+06  0.259125E+06  0.000000E+00  0.000000E+00  0.332061E+05  0.253771E+06
  0.489979E+00  0.259074E+06  0.257608E+06  0.000000E+00  0.000000E+00  0.328559E+05  0.252283E+06
  0.491811E+00  0.257566E+06  0.256108E+06  0.000000E+00  0.000000E+00  0.325106E+05  0.250810E+06
  0.493643E+00  0.256075E+06  0.254625E+06  0.000000E+00  0.000000E+00  0.321704E+05  0.249353E+06
  0.495476E+00  0.254601E+06  0.253158E+06  0.000000E+00  0.000000E+00  0.318350E+05  0.247913E+06
  0.497308E+00  0.253143E+06  0.251708E+06  0.000000E+00  0.000000E+00  0.315046E+05  0.246490E+06
  0.499140E+00  0.251703E+06  0.250276E+06  0.000000E+00  0.000000E+00  0.311791E+05  0.245083E+06
  0.500972E+00  0.250279E+06  0.248860E+06  0.000000E+00  0.000000E+00  0.308583E+05  0.243692E+06
  0.502805E+00  0.248871E+06  0.247460E+06  0.000000E+00  0.000000E+00  0.305421E+05  0.242317E+06
  0.504637E+00  0.247479E+06  0.246076E+06  0.000000E+00  0.000000E+00  0.302305E+05  0.240958E+06
  0.506469E+00  0.246102E+06  0.244708E+06  0.000000E+00  0.000000E+00  0.299233E+05  0.239613E+06
  0.508301E+00  0.244741E+06  0.243354E+06  0.000000E+00  0.000000E+00  0.296205E+05  0.238284E+06
  0.510134E+00  0.243393E+06  0.242015E+06  0.000000E+00  0.000000E+00  0.293219E+05  0.236968E+06
  0.511966E+00  0.242060E+06  0.240690E+06  0.000000E+00  0.000000E+00  0.290273E+05  0.235666E+06
  0.513798E+00  0.240739E+06  0.239378E+06  0.000000E+00  0.000000E+00  0.287368E+05  0.234376E+06
  0.515630E+00  0.239431E+06  0.238078E+06  0.000000E+00  0.000000E+00  0.284501E+05  0.233100E+06
  0.517462E+00  0.238136E+06  0.236791E+06  0.000000E+00  0.000000E+00  0.281672E+05  0.231834E+06
  0.519295E+00  0.236851E+06  0.235514E+06  0.000000E+00  0.000000E+00  0.278879E+05  0.230580E+06
  0.521127E+00  0.235577E+06  0.234248E+06  0.000000E+00  0.000000E+00  0.276120E+05  0.229336E+06
  0.522959E+00  0.234313E+06  0.232992E+06  0.000000E+00  0.000000E+00  0.273396E+05  0.228102E+06
  0.524791E+00  0.233058E+06  0.231745E+06  0.000000E+00  0.000000E+00  0.270704E+05  0.226877E+06
  0.526624E+00  0.231812E+06  0.230506E+06  0.000000E+00  0.000000E+00  0.268044E+05  0.225661E+06
  0.528456E+00  0.230575E+06  0.229277E+06  0.000000E+00  0.000000E+00  0.265416E+05  0.224454E+06
  0.530288E+00  0.229347E+06  0.228056E+06  0.000000E+00  0.000000E+00  0.262819E+05  0.223255E+06
  0.532120E+00  0.228128E+06  0.226844E+06  0.000000E+00  0.000000E+00  0.260253E+05  0.222065E+06
  0.533953E+00  0.226917E+06  0.225640E+06  0.000000E+00  0.000000E+00  0.257716E+05  0.220882E+06
  0.535785E+00  0.225714E+06  0.224444E+06  0.000000E+00  0.000000E+00  0.255208E+05  0.219708E+06
  0.537617E+00  0.224519E+06  0.223256E+06  0.000000E+00  0.000000E+00  0.252730E+05  0.218542E+06
  0.539449E+00  0.223332E+06  0.222075E+06  0.000000E+00  0.000000E+00  0.250280E+05  0.217383E+06
  0.541281E+00  0.222154E+06  0.220903E+06  0.000000E+00  0.000000E+00  0.247858E+05  0.216233E+06
  0.543114E+00  0.220984E+06  0.219739E+06  0.000000E+00  0.000000E+00  0.245465E+05  0.215091E+06
  0.544946E+00  0.219822E+06  0.218584E+06  0.000000E+00  0.000000E+00  0.243101E+05  0.213957E+06
  0.546778E+00  0.218670E+06  0.217437E+06  0.000000E+00  0.000000E+00  0.240764E+05  0.212832E+06
  0.548610E+00  0.217526E+06  0.216300E+06  0.000000E+00  0.000000E+00  0.238456E+05  0.211716E+06
  0.550443E+00  0.216392E+06  0.215171E+06  0.000000E+00  0.000000E+00  0.236175E+05  0.210609E+06
  0.552275E+00  0.215266E+06  0.214051E+06  0.000000E+00  0.000000E+00  0.233922E+05  0.209510E+06
  0.554107E+00  0.214149E+06  0.212940E+06  0.000000E+00  0.000000E+00  0.231696E+05  0.208420E+06
  0.555939E+00  0.213042E+06  0.211839E+06  0.000000E+00  0.000000E+00  0.229497E+05  0.207340E+06
  0.557772E+00  0.211945E+06  0.210747E+06  0.000000E+00  0.000000E+00  0.227326E+05  0.206269E+06
  0.559604E+00  0.210857E+06  0.209665E+06  0.000000E+00  0.000000E+00  0.225182E+05  0.205207E+06
  0.561436E+00  0.209778E+06  0.208593E+06  0.000000E+00  0.000000E+00  0.223064E+05  0.204155E+06
  0.563268E+00  0.208710E+06  0.207530E+06  0.000000E+00  0.000000E+00  0.220973E+05  0.203112E+06
  0.565100E+00  0.207651E+06  0.206477E+06  0.000000E+00  0.000000E+00  0.218909E+05  0.202079E+06
  0.566933E+00  0.206602E+06  0.205434E+06  0.000000E+00  0.000000E+00  0.216870E+05  0.201055E+06
  0.568765E+00  0.205562E+06  0.204400E+06  0.000000E+00  0.000000E+00  0.214856E+05  0.200040E+06
  0.570597E+00  0.204531E+06  0.203375E+06  0.000000E+00  0.000000E+00  0.212867E+05  0.199035E+06
  0.572429E+00  0.203510E+06  0.202359E+06  0.000000E+00  0.000000E+00  0.210902E+05  0.198038E+06
  0.574262E+00  0.202497E+06  0.201352E+06  0.000000E+00  0.000000E+00  0.208962E+05  0.197050E+06
  0.576094E+00  0.201493E+06  0.200354E+06  0.000000E+00  0.000000E+00  0.207046E+05  0.196071E+06
  0.577926E+00  0.200498E+06  0.199365E+06  0.000000E+00  0.000000E+00  0.205153E+05  0.195100E+06
  0.579758E+00  0.199512E+06  0.198384E+06  0.000000E+00  0.000000E+00  0.203282E+05  0.194138E+06
  0.581591E+00  0.198533E+06  0.197412E+06  0.000000E+00  0.000000E+00  0.201434E+05  0.193183E+06
  0.583423E+00  0.197563E+06  0.196447E+06  0.000000E+00  0.000000E+00  0.199608E+05  0.192236E+06
  0.585255E+00  0.196599E+06  0.195489E+06  0.000000E+00  0.000000E+00  0.197802E+05  0.191297E+06
  0.587087E+00  0.195644E+06  0.194539E+06  0.000000E+00  0.000000E+00  0.196018E+05  0.190364E+06
  0.707312E+00  0.145777E+06  0.144954E+06  0.000000E+00  0.000000E+00  0.112987E+05  0.141747E+06
  0.863914E+00  0.105786E+06  0.105189E+06  0.000000E+00  0.000000E+00  0.613315E+04  0.102802E+06
  0.105519E+01  0.764105E+05  0.759790E+05  0.000000E+00  0.000000E+00  0.326732E+04  0.742211E+05
  0.128881E+01  0.549628E+05  0.546523E+05  0.000000E+00  0.000000E+00  0.171119E+04  0.533694E+05
  0.157415E+01  0.393861E+05  0.391635E+05  0.000000E+00  0.000000E+00  0.109445E+04  0.382404E+05
  0.192267E+01  0.281221E+05  0.279631E+05  0.000000E+00  0.000000E+00  0.565684E+03  0.272978E+05
  0.234836E+01  0.200150E+05  0.199017E+05  0.000000E+00  0.000000E+00  0.288337E+03  0.194250E+05
  0.286829E+01  0.142031E+05  0.141225E+05  0.000000E+00  0.000000E+00  0.145126E+03  0.137827E+05
  0.350334E+01  0.100515E+05  0.999430E+04  0.000000E+00  0.000000E+00  0.722176E+02  0.975304E+04
  0.427899E+01  0.709563E+04  0.705509E+04  0.000000E+00  0.000000E+00  0.355713E+02  0.688447E+04
  0.522637E+01  0.499744E+04  0.496870E+04  0.000000E+00  0.000000E+00  0.173611E+02  0.484847E+04
  0.638351E+01  0.351216E+04  0.349177E+04  0.000000E+00  0.000000E+00  0.840447E+01  0.340732E+04
  0.779683E+01  0.246343E+04  0.244893E+04  0.000000E+00  0.000000E+00  0.403933E+01  0.238981E+04
  0.952307E+01  0.172467E+04  0.171430E+04  0.000000E+00  0.000000E+00  0.192911E+01  0.167307E+04
  0.116315E+02  0.120538E+04  0.119792E+04  0.000000E+00  0.000000E+00  0.916241E+00  0.116927E+04
  0.142067E+02  0.841096E+03  0.835661E+03  0.000000E+00  0.000000E+00  0.433108E+00  0.815861E+03
  0.173522E+02  0.586017E+03  0.581993E+03  0.000000E+00  0.000000E+00  0.203895E+00  0.568396E+03
  0.211940E+02  0.407715E+03  0.404669E+03  0.000000E+00  0.000000E+00  0.956536E-01  0.395417E+03
  0.258864E+02  0.283279E+03  0.280907E+03  0.000000E+00  0.000000E+00  0.447396E-01  0.274694E+03
  0.316177E+02  0.196564E+03  0.194654E+03  0.000000E+00  0.000000E+00  0.208716E-01  0.190567E+03
  0.386180E+02  0.136219E+03  0.134623E+03  0.000000E+00  0.000000E+00  0.971448E-02  0.132022E+03
  0.471681E+02  0.942799E+02  0.928949E+02  0.000000E+00  0.000000E+00  0.451205E-02  0.913322E+02
  0.576112E+02  0.651672E+02  0.639219E+02  0.000000E+00  0.000000E+00  0.209144E-02  0.630860E+02
  0.703666E+02  0.449811E+02  0.438269E+02  0.000000E+00  0.000000E+00  0.967413E-03  0.434999E+02
  0.859458E+02  0.309994E+02  0.299040E+02  0.000000E+00  0.000000E+00  0.446462E-03  0.299331E+02
  0.104975E+03  0.213246E+02  0.202674E+02  0.000000E+00  0.000000E+00  0.205482E-03  0.205450E+02
