  0.355810E-05  0.116350E+08  0.116350E+08  0.155128E+08  0.155128E+08  0.116351E+08  0.116350E+08
  0.367857E-05  0.116350E+08  0.116350E+08  0.155128E+08  0.155128E+08  0.116351E+08  0.116350E+08
  0.380311E-05  0.116350E+08  0.116350E+08  0.155128E+08  0.155128E+08  0.116351E+08  0.116350E+08
  0.393186E-05  0.116350E+08  0.116350E+08  0.155127E+08  0.155127E+08  0.116351E+08  0.116350E+08
  0.406498E-05  0.116350E+08  0.116350E+08  0.155127E+08  0.155127E+08  0.116351E+08  0.116350E+08
  0.420260E-05  0.116350E+08  0.116350E+08  0.155126E+08  0.155126E+08  0.116351E+08  0.116350E+08
  0.434489E-05  0.116350E+08  0.116350E+08  0.155126E+08  0.155126E+08  0.116351E+08  0.116350E+08
  0.449198E-05  0.116350E+08  0.116350E+08  0.155125E+08  0.155125E+08  0.116351E+08  0.116350E+08
  0.464406E-05  0.116350E+08  0.116350E+08  0.155125E+08  0.155125E+08  0.116351E+08  0.116350E+08
  0.480129E-05  0.116350E+08  0.116350E+08  0.155124E+08  0.155124E+08  0.116351E+08  0.116350E+08
  0.496384E-05  0.116350E+08  0.116350E+08  0.155124E+08  0.155123E+08  0.116351E+08  0.116350E+08
  0.513190E-05  0.116350E+08  0.116350E+08  0.155123E+08  0.155123E+08  0.116351E+08  0.116350E+08
  0.530564E-05  0.116350E+08  0.116350E+08  0.155122E+08  0.155122E+08  0.116351E+08  0.116350E+08
  0.548527E-05  0.116350E+08  0.116350E+08  0.155122E+08  0.155121E+08  0.116351E+08  0.116350E+08
  0.567098E-05  0.116350E+08  0.116350E+08  0.155121E+08  0.155120E+08  0.116351E+08  0.116350E+08
  0.586297E-05  0.116350E+08  0.116350E+08  0.155120E+08  0.155119E+08  0.116351E+08  0.116350E+08
  0.606147E-05  0.116350E+08  0.116350E+08  0.155119E+08  0.155118E+08  0.116351E+08  0.116350E+08
  0.626668E-05  0.116350E+08  0.116350E+08  0.155118E+08  0.155117E+08  0.116351E+08  0.116350E+08
  0.647885E-05  0.116350E+08  0.116350E+08  0.155117E+08  0.155116E+08  0.116351E+08  0.116350E+08
  0.669819E-05  0.116350E+08  0.116350E+08  0.155116E+08  0.155115E+08  0.116350E+08  0.116350E+08
  0.692496E-05  0.116350E+08  0.116350E+08  0.155115E+08  0.155114E+08  0.116350E+08  0.116350E+08
  0.715941E-05  0.116350E+08  0.116350E+08  0.155113E+08  0.155113E+08  0.116350E+08  0.116350E+08
  0.740180E-05  0.116350E+08  0.116350E+08  0.155112E+08  0.155111E+08  0.116350E+08  0.116350E+08
  0.765239E-05  0.116350E+08  0.116350E+08  0.155110E+08  0.155110E+08  0.116350E+08  0.116350E+08
  0.791147E-05  0.116350E+08  0.116350E+08  0.155109E+08  0.155108E+08  0.116350E+08  0.116350E+08
  0.817932E-05  0.116350E+08  0.116350E+08  0.155107E+08  0.155106E+08  0.116350E+08  0.116350E+08
  0.845624E-05  0.116350E+08  0.116350E+08  0.155105E+08  0.155104E+08  0.116350E+08  0.116350E+08
  0.874253E-05  0.116350E+08  0.116350E+08  0.155103E+08  0.155102E+08  0.116350E+08  0.116350E+08
  0.903851E-05  0.116350E+08  0.116350E+08  0.155101E+08  0.155100E+08  0.116350E+08  0.116350E+08
  0.934452E-05  0.116350E+08  0.116350E+08  0.155099E+08  0.155098E+08  0.116350E+08  0.116350E+08
  0.966088E-05  0.116350E+08  0.116350E+08  0.155097E+08  0.155095E+08  0.116350E+08  0.116350E+08
  0.998796E-05  0.116350E+08  0.116350E+08  0.155094E+08  0.155093E+08  0.116350E+08  0.116350E+08
  0.103261E-04  0.116350E+08  0.116350E+08  0.155091E+08  0.155090E+08  0.116350E+08  0.116350E+08
  0.106757E-04  0.116350E+08  0.116350E+08  0.155089E+08  0.155087E+08  0.116350E+08  0.116350E+08
  0.110371E-04  0.116350E+08  0.116350E+08  0.155086E+08  0.155084E+08  0.116350E+08  0.116350E+08
  0.114108E-04  0.116350E+08  0.116350E+08  0.155082E+08  0.155080E+08  0.116350E+08  0.116350E+08
  0.117971E-04  0.116350E+08  0.116350E+08  0.155079E+08  0.155077E+08  0.116350E+08  0.116350E+08
  0.121965E-04  0.116350E+08  0.116350E+08  0.155075E+08  0.155073E+08  0.116350E+08  0.116350E+08
  0.126095E-04  0.116350E+08  0.116350E+08  0.155071E+08  0.155069E+08  0.116350E+08  0.116350E+08
  0.130364E-04  0.116350E+08  0.116350E+08  0.155067E+08  0.155064E+08  0.116350E+08  0.116350E+08
  0.134777E-04  0.116350E+08  0.116350E+08  0.155062E+08  0.155059E+08  0.116350E+08  0.116350E+08
  0.139340E-04  0.116350E+08  0.116350E+08  0.155057E+08  0.155054E+08  0.116350E+08  0.116350E+08
  0.144058E-04  0.116350E+08  0.116350E+08  0.155052E+08  0.155049E+08  0.116350E+08  0.116350E+08
  0.148935E-04  0.116350E+08  0.116350E+08  0.155046E+08  0.155043E+08  0.116350E+08  0.116350E+08
  0.153977E-04  0.116350E+08  0.116350E+08  0.155040E+08  0.155037E+08  0.116350E+08  0.116350E+08
  0.159190E-04  0.116350E+08  0.116350E+08  0.155034E+08  0.155030E+08  0.116350E+08  0.116350E+08
  0.164580E-04  0.116350E+08  0.116350E+08  0.155027E+08  0.155023E+08  0.116350E+08  0.116350E+08
  0.170152E-04  0.116350E+08  0.116350E+08  0.155020E+08  0.155015E+08  0.116350E+08  0.116350E+08
  0.175912E-04  0.116350E+08  0.116350E+08  0.155012E+08  0.155007E+08  0.116350E+08  0.116350E+08
  0.181868E-04  0.116350E+08  0.116350E+08  0.155003E+08  0.154999E+08  0.116350E+08  0.116350E+08
  0.188025E-04  0.116350E+08  0.116350E+08  0.154994E+08  0.154989E+08  0.116350E+08  0.116350E+08
  0.194391E-04  0.116350E+08  0.116350E+08  0.154985E+08  0.154979E+08  0.116350E+08  0.116350E+08
  0.200972E-04  0.116350E+08  0.116350E+08  0.154975E+08  0.154969E+08  0.116350E+08  0.116350E+08
  0.207776E-04  0.116350E+08  0.116350E+08  0.154964E+08  0.154958E+08  0.116350E+08  0.116350E+08
  0.214810E-04  0.116350E+08  0.116350E+08  0.154952E+08  0.154945E+08  0.116350E+08  0.116350E+08
  0.222083E-04  0.116350E+08  0.116349E+08  0.154940E+08  0.154932E+08  0.116350E+08  0.116350E+08
  0.229602E-04  0.116349E+08  0.116349E+08  0.154926E+08  0.154919E+08  0.116350E+08  0.116349E+08
  0.237375E-04  0.116349E+08  0.116349E+08  0.154912E+08  0.154904E+08  0.116350E+08  0.116349E+08
  0.245412E-04  0.116349E+08  0.116349E+08  0.154897E+08  0.154888E+08  0.116350E+08  0.116349E+08
  0.253720E-04  0.116349E+08  0.116349E+08  0.154881E+08  0.154871E+08  0.116350E+08  0.116349E+08
  0.262310E-04  0.116349E+08  0.116349E+08  0.154863E+08  0.154853E+08  0.116350E+08  0.116349E+08
  0.271191E-04  0.116349E+08  0.116349E+08  0.154845E+08  0.154834E+08  0.116350E+08  0.116349E+08
  0.280372E-04  0.116349E+08  0.116349E+08  0.154825E+08  0.154813E+08  0.116350E+08  0.116349E+08
  0.289864E-04  0.116349E+08  0.116349E+08  0.154803E+08  0.154791E+08  0.116350E+08  0.116349E+08
  0.299678E-04  0.116349E+08  0.116349E+08  0.154781E+08  0.154768E+08  0.116349E+08  0.116349E+08
  0.309824E-04  0.116349E+08  0.116349E+08  0.154756E+08  0.154743E+08  0.116349E+08  0.116349E+08
  0.320313E-04  0.116349E+08  0.116349E+08  0.154731E+08  0.154716E+08  0.116349E+08  0.116349E+08
  0.331158E-04  0.116349E+08  0.116349E+08  0.154703E+08  0.154687E+08  0.116349E+08  0.116349E+08
  0.342369E-04  0.116349E+08  0.116349E+08  0.154673E+08  0.154656E+08  0.116349E+08  0.116349E+08
  0.353960E-04  0.116349E+08  0.116349E+08  0.154642E+08  0.154623E+08  0.116349E+08  0.116349E+08
  0.365944E-04  0.116349E+08  0.116349E+08  0.154608E+08  0.154588E+08  0.116349E+08  0.116349E+08
  0.378333E-04  0.116348E+08  0.116348E+08  0.154572E+08  0.154551E+08  0.116349E+08  0.116348E+08
  0.391142E-04  0.116348E+08  0.116348E+08  0.154533E+08  0.154511E+08  0.116349E+08  0.116348E+08
  0.404384E-04  0.116348E+08  0.116348E+08  0.154492E+08  0.154468E+08  0.116349E+08  0.116348E+08
  0.418075E-04  0.116348E+08  0.116348E+08  0.154448E+08  0.154422E+08  0.116348E+08  0.116348E+08
  0.432229E-04  0.116348E+08  0.116348E+08  0.154401E+08  0.154374E+08  0.116348E+08  0.116348E+08
  0.446863E-04  0.116348E+08  0.116348E+08  0.154350E+08  0.154321E+08  0.116348E+08  0.116348E+08
  0.461992E-04  0.116348E+08  0.116348E+08  0.154297E+08  0.154266E+08  0.116348E+08  0.116348E+08
  0.477633E-04  0.116348E+08  0.116347E+08  0.154239E+08  0.154206E+08  0.116348E+08  0.116348E+08
  0.493803E-04  0.116347E+08  0.116347E+08  0.154178E+08  0.154142E+08  0.116348E+08  0.116347E+08
  0.510521E-04  0.116347E+08  0.116347E+08  0.154112E+08  0.154074E+08  0.116347E+08  0.116347E+08
  0.527805E-04  0.116347E+08  0.116347E+08  0.154042E+08  0.154002E+08  0.116347E+08  0.116347E+08
  0.545675E-04  0.116347E+08  0.116347E+08  0.153967E+08  0.153924E+08  0.116347E+08  0.116347E+08
  0.564149E-04  0.116347E+08  0.116346E+08  0.153887E+08  0.153841E+08  0.116347E+08  0.116347E+08
  0.583249E-04  0.116346E+08  0.116346E+08  0.153802E+08  0.153753E+08  0.116346E+08  0.116346E+08
  0.602995E-04  0.116346E+08  0.116346E+08  0.153710E+08  0.153658E+08  0.116346E+08  0.116346E+08
  0.623410E-04  0.116346E+08  0.116346E+08  0.153613E+08  0.153557E+08  0.116346E+08  0.116346E+08
  0.644516E-04  0.116346E+08  0.116345E+08  0.153509E+08  0.153449E+08  0.116346E+08  0.116345E+08
  0.666336E-04  0.116345E+08  0.116345E+08  0.153397E+08  0.153333E+08  0.116345E+08  0.116345E+08
  0.688896E-04  0.116345E+08  0.116345E+08  0.153279E+08  0.153210E+08  0.116345E+08  0.116345E+08
  0.712219E-04  0.116345E+08  0.116344E+08  0.153152E+08  0.153079E+08  0.116345E+08  0.116344E+08
  0.736331E-04  0.116344E+08  0.116344E+08  0.153016E+08  0.152938E+08  0.116344E+08  0.116344E+08
  0.761260E-04  0.116344E+08  0.116344E+08  0.152871E+08  0.152788E+08  0.116344E+08  0.116344E+08
  0.787033E-04  0.116343E+08  0.116343E+08  0.152717E+08  0.152628E+08  0.116343E+08  0.116343E+08
  0.813679E-04  0.116343E+08  0.116343E+08  0.152552E+08  0.152457E+08  0.116343E+08  0.116343E+08
  0.841227E-04  0.116342E+08  0.116342E+08  0.152375E+08  0.152274E+08  0.116342E+08  0.116342E+08
  0.869707E-04  0.116342E+08  0.116342E+08  0.152187E+08  0.152079E+08  0.116342E+08  0.116342E+08
  0.899151E-04  0.116341E+08  0.116341E+08  0.151986E+08  0.151871E+08  0.116341E+08  0.116341E+08
  0.929593E-04  0.116341E+08  0.116340E+08  0.151772E+08  0.151648E+08  0.116340E+08  0.116341E+08
  0.961065E-04  0.116340E+08  0.116340E+08  0.151543E+08  0.151411E+08  0.116340E+08  0.116340E+08
  0.993603E-04  0.116339E+08  0.116339E+08  0.151299E+08  0.151158E+08  0.116339E+08  0.116339E+08
  0.102724E-03  0.116339E+08  0.116338E+08  0.151038E+08  0.150888E+08  0.116338E+08  0.116338E+08
  0.106202E-03  0.116338E+08  0.116337E+08  0.150760E+08  0.150599E+08  0.116337E+08  0.116338E+08
  0.109798E-03  0.116337E+08  0.116336E+08  0.150463E+08  0.150292E+08  0.116336E+08  0.116337E+08
  0.113515E-03  0.116336E+08  0.116336E+08  0.150146E+08  0.149964E+08  0.116335E+08  0.116336E+08
  0.117358E-03  0.116335E+08  0.116335E+08  0.149809E+08  0.149614E+08  0.116334E+08  0.116335E+08
  0.121331E-03  0.116334E+08  0.116333E+08  0.149448E+08  0.149241E+08  0.116333E+08  0.116334E+08
  0.125439E-03  0.116333E+08  0.116332E+08  0.149064E+08  0.148843E+08  0.116332E+08  0.116333E+08
  0.129686E-03  0.116332E+08  0.116331E+08  0.148655E+08  0.148418E+08  0.116331E+08  0.116332E+08
  0.134076E-03  0.116330E+08  0.116330E+08  0.148218E+08  0.147966E+08  0.116329E+08  0.116330E+08
  0.138616E-03  0.116329E+08  0.116328E+08  0.147753E+08  0.147484E+08  0.116328E+08  0.116329E+08
  0.143309E-03  0.116328E+08  0.116327E+08  0.147258E+08  0.146971E+08  0.116326E+08  0.116328E+08
  0.148160E-03  0.116326E+08  0.116325E+08  0.146730E+08  0.146424E+08  0.116324E+08  0.116326E+08
  0.153176E-03  0.116325E+08  0.116324E+08  0.146167E+08  0.145842E+08  0.116323E+08  0.116324E+08
  0.158362E-03  0.116323E+08  0.116322E+08  0.145568E+08  0.145222E+08  0.116321E+08  0.116323E+08
  0.163724E-03  0.116321E+08  0.116320E+08  0.144931E+08  0.144562E+08  0.116319E+08  0.116321E+08
  0.169267E-03  0.116319E+08  0.116318E+08  0.144253E+08  0.143859E+08  0.116317E+08  0.116319E+08
  0.174997E-03  0.116317E+08  0.116316E+08  0.143531E+08  0.143112E+08  0.116314E+08  0.116317E+08
  0.180922E-03  0.116314E+08  0.116313E+08  0.142763E+08  0.142317E+08  0.116312E+08  0.116314E+08
  0.187047E-03  0.116312E+08  0.116311E+08  0.141947E+08  0.141473E+08  0.116309E+08  0.116312E+08
  0.193380E-03  0.116309E+08  0.116308E+08  0.141080E+08  0.140575E+08  0.116306E+08  0.116309E+08
  0.199927E-03  0.116307E+08  0.116305E+08  0.140158E+08  0.139622E+08  0.116303E+08  0.116306E+08
  0.206696E-03  0.116304E+08  0.116302E+08  0.139180E+08  0.138609E+08  0.116300E+08  0.116303E+08
  0.213693E-03  0.116301E+08  0.116299E+08  0.138141E+08  0.137535E+08  0.116297E+08  0.116300E+08
  0.220928E-03  0.116297E+08  0.116295E+08  0.137039E+08  0.136395E+08  0.116293E+08  0.116297E+08
  0.228408E-03  0.116294E+08  0.116292E+08  0.135871E+08  0.135187E+08  0.116289E+08  0.116293E+08
  0.236141E-03  0.116290E+08  0.116288E+08  0.134632E+08  0.133907E+08  0.116285E+08  0.116289E+08
  0.244136E-03  0.116286E+08  0.116283E+08  0.133321E+08  0.132552E+08  0.116280E+08  0.116285E+08
  0.252401E-03  0.116281E+08  0.116279E+08  0.131932E+08  0.131117E+08  0.116275E+08  0.116281E+08
  0.260946E-03  0.116277E+08  0.116274E+08  0.130464E+08  0.129600E+08  0.116270E+08  0.116276E+08
  0.269781E-03  0.116272E+08  0.116269E+08  0.128912E+08  0.127997E+08  0.116265E+08  0.116271E+08
  0.278914E-03  0.116266E+08  0.116263E+08  0.127273E+08  0.126305E+08  0.116259E+08  0.116266E+08
  0.288357E-03  0.116260E+08  0.116257E+08  0.125543E+08  0.124519E+08  0.116253E+08  0.116260E+08
  0.298120E-03  0.116254E+08  0.116251E+08  0.123719E+08  0.122638E+08  0.116246E+08  0.116254E+08
  0.308213E-03  0.116248E+08  0.116245E+08  0.121798E+08  0.120656E+08  0.116239E+08  0.116247E+08
  0.318648E-03  0.116241E+08  0.116237E+08  0.119777E+08  0.118573E+08  0.116231E+08  0.116240E+08
  0.329436E-03  0.116234E+08  0.116230E+08  0.117653E+08  0.116384E+08  0.116223E+08  0.116233E+08
  0.340589E-03  0.116226E+08  0.116222E+08  0.115423E+08  0.114087E+08  0.116215E+08  0.116225E+08
  0.352120E-03  0.116217E+08  0.116213E+08  0.113085E+08  0.111680E+08  0.116206E+08  0.116216E+08
  0.364041E-03  0.116208E+08  0.116204E+08  0.110638E+08  0.109161E+08  0.116196E+08  0.116207E+08
  0.376366E-03  0.116199E+08  0.116194E+08  0.108079E+08  0.106530E+08  0.116185E+08  0.116198E+08
  0.389108E-03  0.116189E+08  0.116184E+08  0.105408E+08  0.103785E+08  0.116174E+08  0.116188E+08
  0.402282E-03  0.116178E+08  0.116172E+08  0.102626E+08  0.100928E+08  0.116163E+08  0.116177E+08
  0.415901E-03  0.116166E+08  0.116161E+08  0.997322E+07  0.979577E+07  0.116150E+08  0.116165E+08
  0.429982E-03  0.116154E+08  0.116148E+08  0.967285E+07  0.948776E+07  0.116136E+08  0.116153E+08
  0.444539E-03  0.116141E+08  0.116134E+08  0.936176E+07  0.916903E+07  0.116122E+08  0.116140E+08
  0.459589E-03  0.116127E+08  0.116120E+08  0.904030E+07  0.883999E+07  0.116107E+08  0.116126E+08
  0.475149E-03  0.116112E+08  0.116105E+08  0.870895E+07  0.850118E+07  0.116091E+08  0.116111E+08
  0.491236E-03  0.116097E+08  0.116089E+08  0.836832E+07  0.815328E+07  0.116073E+08  0.116095E+08
  0.507867E-03  0.116080E+08  0.116072E+08  0.801917E+07  0.779712E+07  0.116055E+08  0.116078E+08
  0.525061E-03  0.116062E+08  0.116053E+08  0.766239E+07  0.743368E+07  0.116036E+08  0.116060E+08
  0.542837E-03  0.116043E+08  0.116034E+08  0.729907E+07  0.706412E+07  0.116015E+08  0.116041E+08
  0.561215E-03  0.116023E+08  0.116013E+08  0.693042E+07  0.668978E+07  0.115993E+08  0.116021E+08
  0.580216E-03  0.116002E+08  0.115991E+08  0.655785E+07  0.631214E+07  0.115969E+08  0.115999E+08
  0.599859E-03  0.115979E+08  0.115968E+08  0.618294E+07  0.593291E+07  0.115944E+08  0.115977E+08
  0.620168E-03  0.115955E+08  0.115943E+08  0.580744E+07  0.555393E+07  0.115918E+08  0.115952E+08
  0.641164E-03  0.115930E+08  0.115917E+08  0.543324E+07  0.517722E+07  0.115890E+08  0.115927E+08
  0.662871E-03  0.115903E+08  0.115889E+08  0.506241E+07  0.480495E+07  0.115860E+08  0.115899E+08
  0.685313E-03  0.115874E+08  0.115860E+08  0.469711E+07  0.443940E+07  0.115828E+08  0.115870E+08
  0.708515E-03  0.115844E+08  0.115829E+08  0.433962E+07  0.408295E+07  0.115795E+08  0.115840E+08
  0.732502E-03  0.115811E+08  0.115796E+08  0.399229E+07  0.373803E+07  0.115759E+08  0.115807E+08
  0.757302E-03  0.115777E+08  0.115761E+08  0.365746E+07  0.340708E+07  0.115721E+08  0.115773E+08
  0.782941E-03  0.115741E+08  0.115724E+08  0.333745E+07  0.309247E+07  0.115681E+08  0.115737E+08
  0.809448E-03  0.115703E+08  0.115685E+08  0.303450E+07  0.279647E+07  0.115639E+08  0.115698E+08
  0.836852E-03  0.115663E+08  0.115644E+08  0.275064E+07  0.252114E+07  0.115594E+08  0.115658E+08
  0.865185E-03  0.115620E+08  0.115601E+08  0.248770E+07  0.226826E+07  0.115547E+08  0.115615E+08
  0.894476E-03  0.115575E+08  0.115555E+08  0.224716E+07  0.203926E+07  0.115497E+08  0.115570E+08
  0.924759E-03  0.115527E+08  0.115507E+08  0.203012E+07  0.183514E+07  0.115444E+08  0.115522E+08
  0.956068E-03  0.115477E+08  0.115456E+08  0.183718E+07  0.165635E+07  0.115388E+08  0.115471E+08
  0.988436E-03  0.115424E+08  0.115402E+08  0.166841E+07  0.150278E+07  0.115329E+08  0.115418E+08
  0.102190E-02  0.115368E+08  0.115345E+08  0.152328E+07  0.137364E+07  0.115267E+08  0.115362E+08
  0.105650E-02  0.115310E+08  0.115286E+08  0.140063E+07  0.126752E+07  0.115201E+08  0.115303E+08
  0.109227E-02  0.115248E+08  0.115223E+08  0.129866E+07  0.118230E+07  0.115132E+08  0.115241E+08
  0.112925E-02  0.115183E+08  0.115157E+08  0.121499E+07  0.111525E+07  0.115058E+08  0.115175E+08
  0.116748E-02  0.115114E+08  0.115088E+08  0.114670E+07  0.106313E+07  0.114981E+08  0.115106E+08
  0.120700E-02  0.115042E+08  0.115015E+08  0.109048E+07  0.102228E+07  0.114900E+08  0.115034E+08
  0.124787E-02  0.114966E+08  0.114939E+08  0.104277E+07  0.988799E+06  0.114815E+08  0.114958E+08
  0.129011E-02  0.114887E+08  0.114859E+08  0.999992E+06  0.958828E+06  0.114725E+08  0.114878E+08
  0.133379E-02  0.114803E+08  0.114774E+08  0.958754E+06  0.928746E+06  0.114631E+08  0.114794E+08
  0.137895E-02  0.114716E+08  0.114686E+08  0.916128E+06  0.895465E+06  0.114531E+08  0.114706E+08
  0.142563E-02  0.114623E+08  0.114594E+08  0.869883E+06  0.856683E+06  0.114427E+08  0.114613E+08
  0.147390E-02  0.114527E+08  0.114497E+08  0.818697E+06  0.811098E+06  0.114317E+08  0.114516E+08
  0.152380E-02  0.114425E+08  0.114395E+08  0.762304E+06  0.758553E+06  0.114201E+08  0.114414E+08
  0.157539E-02  0.114319E+08  0.114288E+08  0.701532E+06  0.700070E+06  0.114080E+08  0.114308E+08
  0.162872E-02  0.114208E+08  0.114177E+08  0.638228E+06  0.637750E+06  0.113952E+08  0.114196E+08
  0.168387E-02  0.114091E+08  0.114060E+08  0.575037E+06  0.574527E+06  0.113818E+08  0.114078E+08
  0.174087E-02  0.113969E+08  0.113937E+08  0.515043E+06  0.513780E+06  0.113678E+08  0.113956E+08
  0.179981E-02  0.113841E+08  0.113809E+08  0.461306E+06  0.458833E+06  0.113531E+08  0.113827E+08
  0.186075E-02  0.113707E+08  0.113675E+08  0.416341E+06  0.412415E+06  0.113376E+08  0.113692E+08
  0.192374E-02  0.113567E+08  0.113535E+08  0.381626E+06  0.376150E+06  0.113214E+08  0.113552E+08
  0.198887E-02  0.113420E+08  0.113388E+08  0.357243E+06  0.350199E+06  0.113043E+08  0.113404E+08
  0.205621E-02  0.113266E+08  0.113234E+08  0.341736E+06  0.333142E+06  0.112865E+08  0.113250E+08
  0.212582E-02  0.113106E+08  0.113074E+08  0.332282E+06  0.322176E+06  0.112678E+08  0.113089E+08
  0.219779E-02  0.112938E+08  0.112906E+08  0.325177E+06  0.313647E+06  0.112482E+08  0.112920E+08
  0.227220E-02  0.112763E+08  0.112731E+08  0.316604E+06  0.303843E+06  0.112277E+08  0.112744E+08
  0.234913E-02  0.112579E+08  0.112547E+08  0.303522E+06  0.289894E+06  0.112062E+08  0.112560E+08
  0.242866E-02  0.112388E+08  0.112356E+08  0.284460E+06  0.270541E+06  0.111837E+08  0.112367E+08
  0.251089E-02  0.112188E+08  0.112156E+08  0.259969E+06  0.246530E+06  0.111601E+08  0.112166E+08
  0.259589E-02  0.111980E+08  0.111947E+08  0.232520E+06  0.220421E+06  0.111355E+08  0.111956E+08
  0.268378E-02  0.111762E+08  0.111729E+08  0.205770E+06  0.195784E+06  0.111097E+08  0.111738E+08
  0.277464E-02  0.111535E+08  0.111501E+08  0.183352E+06  0.175952E+06  0.110827E+08  0.111509E+08
  0.286858E-02  0.111298E+08  0.111264E+08  0.167543E+06  0.162734E+06  0.110545E+08  0.111271E+08
  0.296570E-02  0.111051E+08  0.111016E+08  0.158338E+06  0.155609E+06  0.110251E+08  0.111022E+08
  0.306610E-02  0.110793E+08  0.110758E+08  0.153394E+06  0.151845E+06  0.109943E+08  0.110763E+08
  0.316991E-02  0.110525E+08  0.110489E+08  0.149018E+06  0.147646E+06  0.109622E+08  0.110493E+08
  0.327723E-02  0.110246E+08  0.110209E+08  0.141912E+06  0.139936E+06  0.109286E+08  0.110212E+08
  0.338818E-02  0.109955E+08  0.109917E+08  0.130868E+06  0.127954E+06  0.108936E+08  0.109919E+08
  0.350289E-02  0.109652E+08  0.109613E+08  0.117471E+06  0.113716E+06  0.108570E+08  0.109615E+08
  0.362148E-02  0.109337E+08  0.109297E+08  0.105193E+06  0.100877E+06  0.108189E+08  0.109297E+08
  0.374409E-02  0.109009E+08  0.108968E+08  0.971806E+05  0.924481E+05  0.107792E+08  0.108967E+08
  0.387085E-02  0.108668E+08  0.108627E+08  0.940141E+05  0.887382E+05  0.107378E+08  0.108624E+08
  0.400190E-02  0.108313E+08  0.108271E+08  0.930437E+05  0.870336E+05  0.106947E+08  0.108267E+08
  0.413739E-02  0.107945E+08  0.107902E+08  0.901269E+05  0.835601E+05  0.106499E+08  0.107896E+08
  0.427746E-02  0.107562E+08  0.107518E+08  0.827898E+05  0.764797E+05  0.106032E+08  0.107511E+08
  0.442228E-02  0.107165E+08  0.107120E+08  0.723576E+05  0.674851E+05  0.105546E+08  0.107111E+08
  0.457200E-02  0.106752E+08  0.106706E+08  0.629442E+05  0.602983E+05  0.105042E+08  0.106696E+08
  0.472678E-02  0.106324E+08  0.106277E+08  0.577487E+05  0.570729E+05  0.104517E+08  0.106265E+08
  0.488681E-02  0.105880E+08  0.105831E+08  0.559954E+05  0.561268E+05  0.103973E+08  0.105817E+08
  0.505226E-02  0.105420E+08  0.105369E+08  0.538848E+05  0.537007E+05  0.103408E+08  0.105354E+08
  0.522331E-02  0.104943E+08  0.104890E+08  0.489811E+05  0.482637E+05  0.102821E+08  0.104873E+08
  0.540015E-02  0.104448E+08  0.104394E+08  0.430999E+05  0.423886E+05  0.102214E+08  0.104375E+08
  0.558297E-02  0.103936E+08  0.103880E+08  0.397283E+05  0.394103E+05  0.101584E+08  0.103859E+08
  0.577199E-02  0.103406E+08  0.103348E+08  0.388907E+05  0.388169E+05  0.100932E+08  0.103325E+08
  0.596740E-02  0.102858E+08  0.102798E+08  0.368466E+05  0.371984E+05  0.100258E+08  0.102773E+08
  0.616943E-02  0.102290E+08  0.102228E+08  0.319602E+05  0.338803E+05  0.995603E+07  0.102202E+08
  0.637830E-02  0.101704E+08  0.101640E+08  0.279144E+05  0.000000E+00  0.988395E+07  0.101611E+08
  0.659425E-02  0.101098E+08  0.101031E+08  0.279320E+05  0.000000E+00  0.980951E+07  0.101001E+08
  0.681750E-02  0.100472E+08  0.100403E+08  0.288586E+05  0.000000E+00  0.973270E+07  0.100370E+08
  0.704831E-02  0.998261E+07  0.997542E+07  0.264643E+05  0.000000E+00  0.965347E+07  0.997196E+07
  0.728694E-02  0.991595E+07  0.990846E+07  0.233213E+05  0.000000E+00  0.957182E+07  0.990482E+07
  0.753364E-02  0.984720E+07  0.983940E+07  0.233886E+05  0.000000E+00  0.948772E+07  0.983558E+07
  0.778870E-02  0.977633E+07  0.976820E+07  0.234081E+05  0.000000E+00  0.940115E+07  0.976420E+07
  0.805239E-02  0.970332E+07  0.969484E+07  0.200539E+05  0.000000E+00  0.931211E+07  0.969067E+07
  0.832501E-02  0.962813E+07  0.961927E+07  0.173607E+05  0.000000E+00  0.922059E+07  0.961495E+07
  0.860686E-02  0.955075E+07  0.954150E+07  0.167076E+05  0.000000E+00  0.912657E+07  0.953703E+07
  0.889825E-02  0.947114E+07  0.946147E+07  0.145945E+05  0.000000E+00  0.903003E+07  0.945686E+07
  0.919951E-02  0.938929E+07  0.937918E+07  0.137808E+05  0.000000E+00  0.893099E+07  0.937445E+07
  0.951096E-02  0.930518E+07  0.929460E+07  0.141695E+05  0.000000E+00  0.882943E+07  0.928976E+07
  0.983296E-02  0.921878E+07  0.920772E+07  0.124462E+05  0.000000E+00  0.872535E+07  0.920278E+07
  0.101659E-01  0.913123E+07  0.911964E+07  0.116869E+05  0.000000E+00  0.862207E+07  0.911469E+07
  0.105100E-01  0.904028E+07  0.902814E+07  0.111906E+05  0.000000E+00  0.851291E+07  0.902313E+07
  0.108659E-01  0.894700E+07  0.893428E+07  0.886517E+04  0.000000E+00  0.840119E+07  0.892922E+07
  0.112337E-01  0.885138E+07  0.883805E+07  0.898746E+04  0.000000E+00  0.828691E+07  0.883297E+07
  0.116141E-01  0.875341E+07  0.873943E+07  0.845512E+04  0.000000E+00  0.817009E+07  0.873435E+07
  0.120073E-01  0.865307E+07  0.863841E+07  0.773848E+04  0.000000E+00  0.805073E+07  0.863335E+07
  0.124138E-01  0.855035E+07  0.853499E+07  0.739483E+04  0.000000E+00  0.792885E+07  0.852997E+07
  0.128341E-01  0.844493E+07  0.842882E+07  0.653058E+04  0.000000E+00  0.780382E+07  0.842387E+07
  0.132686E-01  0.833741E+07  0.832052E+07  0.599759E+04  0.000000E+00  0.767692E+07  0.831567E+07
  0.137178E-01  0.822750E+07  0.820980E+07  0.529479E+04  0.000000E+00  0.754756E+07  0.820507E+07
  0.141822E-01  0.811521E+07  0.809664E+07  0.543037E+04  0.000000E+00  0.741584E+07  0.809208E+07
  0.146624E-01  0.800053E+07  0.798107E+07  0.462317E+04  0.000000E+00  0.728178E+07  0.797671E+07
  0.151588E-01  0.788347E+07  0.786309E+07  0.457532E+04  0.000000E+00  0.714544E+07  0.785895E+07
  0.156720E-01  0.776416E+07  0.774281E+07  0.389468E+04  0.000000E+00  0.700705E+07  0.773894E+07
  0.162026E-01  0.764241E+07  0.762006E+07  0.350666E+04  0.000000E+00  0.686633E+07  0.761649E+07
  0.167511E-01  0.751834E+07  0.749496E+07  0.360051E+04  0.000000E+00  0.672351E+07  0.749172E+07
  0.173182E-01  0.739198E+07  0.736753E+07  0.311732E+04  0.000000E+00  0.657868E+07  0.736466E+07
  0.179045E-01  0.726337E+07  0.723781E+07  0.283433E+04  0.000000E+00  0.643191E+07  0.723535E+07
  0.185107E-01  0.713251E+07  0.710582E+07  0.254608E+04  0.000000E+00  0.628325E+07  0.710380E+07
  0.191374E-01  0.699953E+07  0.697168E+07  0.241986E+04  0.000000E+00  0.613291E+07  0.697014E+07
  0.197853E-01  0.686446E+07  0.683542E+07  0.225917E+04  0.000000E+00  0.598099E+07  0.683440E+07
  0.204552E-01  0.672738E+07  0.669714E+07  0.198320E+04  0.000000E+00  0.582763E+07  0.669666E+07
  0.211477E-01  0.658838E+07  0.655693E+07  0.177002E+04  0.000000E+00  0.567304E+07  0.655703E+07
  0.218637E-01  0.644760E+07  0.641492E+07  0.168964E+04  0.000000E+00  0.551742E+07  0.641563E+07
  0.226039E-01  0.630514E+07  0.627124E+07  0.134846E+04  0.000000E+00  0.536098E+07  0.627258E+07
  0.233691E-01  0.616115E+07  0.612603E+07  0.136399E+04  0.000000E+00  0.520393E+07  0.612803E+07
  0.241603E-01  0.601581E+07  0.597949E+07  0.121648E+04  0.000000E+00  0.504649E+07  0.598216E+07
  0.249783E-01  0.586932E+07  0.583181E+07  0.121474E+04  0.000000E+00  0.488889E+07  0.583516E+07
  0.258240E-01  0.572188E+07  0.568323E+07  0.105010E+04  0.000000E+00  0.473134E+07  0.568725E+07
  0.266982E-01  0.557373E+07  0.553399E+07  0.958431E+03  0.000000E+00  0.457407E+07  0.553868E+07
  0.276021E-01  0.542514E+07  0.538436E+07  0.920752E+03  0.000000E+00  0.441736E+07  0.538969E+07
  0.285366E-01  0.527638E+07  0.523464E+07  0.862032E+03  0.000000E+00  0.426149E+07  0.524058E+07
  0.295027E-01  0.512777E+07  0.508515E+07  0.736882E+03  0.000000E+00  0.410681E+07  0.509166E+07
  0.305016E-01  0.497964E+07  0.493624E+07  0.566634E+03  0.000000E+00  0.395371E+07  0.494326E+07
  0.315342E-01  0.483234E+07  0.478830E+07  0.572130E+03  0.000000E+00  0.380258E+07  0.479576E+07
  0.326019E-01  0.468628E+07  0.464171E+07  0.489265E+03  0.000000E+00  0.365380E+07  0.464954E+07
  0.337056E-01  0.454185E+07  0.449692E+07  0.491042E+03  0.000000E+00  0.350775E+07  0.450500E+07
  0.348467E-01  0.439948E+07  0.435436E+07  0.444648E+03  0.000000E+00  0.336478E+07  0.436259E+07
  0.360265E-01  0.425960E+07  0.421447E+07  0.374807E+03  0.000000E+00  0.322520E+07  0.422272E+07
  0.372462E-01  0.412266E+07  0.407772E+07  0.369654E+03  0.000000E+00  0.308936E+07  0.408583E+07
  0.385072E-01  0.398907E+07  0.394453E+07  0.337497E+03  0.000000E+00  0.295753E+07  0.395236E+07
  0.398109E-01  0.385924E+07  0.381533E+07  0.270917E+03  0.000000E+00  0.283002E+07  0.382270E+07
  0.411587E-01  0.373357E+07  0.369051E+07  0.268579E+03  0.000000E+00  0.270708E+07  0.369723E+07
  0.425522E-01  0.361239E+07  0.357041E+07  0.246039E+03  0.000000E+00  0.258891E+07  0.357630E+07
  0.439928E-01  0.349599E+07  0.345533E+07  0.204416E+03  0.000000E+00  0.247569E+07  0.346019E+07
  0.454592E-01  0.338624E+07  0.334709E+07  0.194680E+03  0.000000E+00  0.236913E+07  0.335077E+07
  0.469257E-01  0.328473E+07  0.324723E+07  0.156885E+03  0.000000E+00  0.227066E+07  0.324959E+07
  0.483921E-01  0.319084E+07  0.315512E+07  0.160593E+03  0.000000E+00  0.217957E+07  0.315606E+07
  0.498585E-01  0.310396E+07  0.307009E+07  0.150081E+03  0.000000E+00  0.209519E+07  0.306953E+07
  0.513249E-01  0.302344E+07  0.299148E+07  0.124813E+03  0.000000E+00  0.201689E+07  0.298936E+07
  0.527914E-01  0.294866E+07  0.291863E+07  0.131208E+03  0.000000E+00  0.194405E+07  0.291493E+07
  0.542578E-01  0.287899E+07  0.285087E+07  0.123142E+03  0.000000E+00  0.187612E+07  0.284560E+07
  0.557242E-01  0.281381E+07  0.278758E+07  0.108505E+03  0.000000E+00  0.181254E+07  0.278075E+07
  0.571907E-01  0.275254E+07  0.272813E+07  0.947859E+02  0.000000E+00  0.175278E+07  0.271981E+07
  0.586571E-01  0.269462E+07  0.267195E+07  0.910789E+02  0.000000E+00  0.169636E+07  0.266220E+07
  0.601235E-01  0.263953E+07  0.261849E+07  0.859568E+02  0.000000E+00  0.164285E+07  0.260740E+07
  0.615899E-01  0.258678E+07  0.256724E+07  0.867222E+02  0.000000E+00  0.159187E+07  0.255492E+07
  0.630564E-01  0.253592E+07  0.251776E+07  0.715664E+02  0.000000E+00  0.154308E+07  0.250434E+07
  0.645228E-01  0.248657E+07  0.246963E+07  0.704634E+02  0.000000E+00  0.149617E+07  0.245524E+07
  0.659892E-01  0.243839E+07  0.242252E+07  0.663512E+02  0.000000E+00  0.145090E+07  0.240730E+07
  0.674556E-01  0.239106E+07  0.237611E+07  0.585375E+02  0.000000E+00  0.140705E+07  0.236022E+07
  0.689221E-01  0.234437E+07  0.233016E+07  0.636509E+02  0.000000E+00  0.136443E+07  0.231376E+07
  0.703885E-01  0.229810E+07  0.228450E+07  0.552620E+02  0.000000E+00  0.132289E+07  0.226772E+07
  0.718549E-01  0.225213E+07  0.223897E+07  0.532521E+02  0.000000E+00  0.128232E+07  0.222197E+07
  0.733214E-01  0.220635E+07  0.219348E+07  0.534924E+02  0.000000E+00  0.124265E+07  0.217641E+07
  0.747878E-01  0.216072E+07  0.214802E+07  0.439462E+02  0.000000E+00  0.120384E+07  0.213101E+07
  0.762542E-01  0.211517E+07  0.210251E+07  0.398584E+02  0.000000E+00  0.116582E+07  0.208568E+07
  0.777206E-01  0.206975E+07  0.205704E+07  0.423395E+02  0.000000E+00  0.112862E+07  0.204049E+07
  0.791871E-01  0.202453E+07  0.201166E+07  0.416731E+02  0.000000E+00  0.109224E+07  0.199551E+07
  0.806535E-01  0.197959E+07  0.196648E+07  0.368953E+02  0.000000E+00  0.105670E+07  0.195080E+07
  0.821199E-01  0.193502E+07  0.192162E+07  0.426339E+02  0.000000E+00  0.102205E+07  0.190648E+07
  0.835864E-01  0.189095E+07  0.187721E+07  0.275963E+02  0.000000E+00  0.988314E+06  0.186265E+07
  0.850528E-01  0.184749E+07  0.183338E+07  0.303361E+02  0.000000E+00  0.955551E+06  0.181945E+07
  0.865192E-01  0.180479E+07  0.179031E+07  0.381835E+02  0.000000E+00  0.923801E+06  0.177701E+07
  0.879856E-01  0.176299E+07  0.174813E+07  0.275583E+02  0.000000E+00  0.893108E+06  0.173547E+07
  0.894521E-01  0.172221E+07  0.170699E+07  0.228148E+02  0.000000E+00  0.863512E+06  0.169497E+07
  0.909185E-01  0.168259E+07  0.166705E+07  0.240893E+02  0.000000E+00  0.835048E+06  0.165562E+07
  0.923849E-01  0.164425E+07  0.162842E+07  0.232718E+02  0.000000E+00  0.807747E+06  0.161756E+07
  0.942171E-01  0.159830E+07  0.158218E+07  0.194678E+02  0.000000E+00  0.775302E+06  0.157196E+07
  0.960494E-01  0.155468E+07  0.153838E+07  0.166116E+02  0.000000E+00  0.744733E+06  0.152869E+07
  0.978816E-01  0.151353E+07  0.149713E+07  0.209715E+02  0.000000E+00  0.716040E+06  0.148788E+07
  0.997138E-01  0.147491E+07  0.145855E+07  0.189134E+02  0.000000E+00  0.689199E+06  0.144961E+07
  0.101546E+00  0.143888E+07  0.142265E+07  0.121000E+02  0.000000E+00  0.664160E+06  0.141392E+07
  0.103378E+00  0.140540E+07  0.138943E+07  0.122113E+02  0.000000E+00  0.640857E+06  0.138078E+07
  0.105211E+00  0.137442E+07  0.135881E+07  0.130025E+02  0.000000E+00  0.619203E+06  0.135012E+07
  0.107043E+00  0.134583E+07  0.133066E+07  0.115815E+02  0.000000E+00  0.599095E+06  0.132184E+07
  0.108875E+00  0.131947E+07  0.130484E+07  0.143183E+02  0.000000E+00  0.580415E+06  0.129579E+07
  0.110707E+00  0.129517E+07  0.128115E+07  0.143860E+02  0.000000E+00  0.563035E+06  0.127178E+07
  0.112539E+00  0.127272E+07  0.125935E+07  0.955868E+01  0.000000E+00  0.546823E+06  0.124961E+07
  0.114372E+00  0.125188E+07  0.123920E+07  0.104002E+02  0.000000E+00  0.531643E+06  0.122904E+07
  0.116204E+00  0.123241E+07  0.122045E+07  0.125764E+02  0.000000E+00  0.517361E+06  0.120983E+07
  0.118036E+00  0.121409E+07  0.120283E+07  0.949355E+01  0.000000E+00  0.503847E+06  0.119175E+07
  0.119868E+00  0.119665E+07  0.118608E+07  0.100063E+02  0.000000E+00  0.490974E+06  0.117455E+07
  0.121701E+00  0.117985E+07  0.116995E+07  0.127527E+02  0.000000E+00  0.478623E+06  0.115799E+07
  0.123533E+00  0.116348E+07  0.115420E+07  0.883490E+01  0.000000E+00  0.466689E+06  0.114184E+07
  0.125365E+00  0.114734E+07  0.113862E+07  0.546667E+01  0.000000E+00  0.455081E+06  0.112592E+07
  0.127197E+00  0.113126E+07  0.112304E+07  0.775283E+01  0.000000E+00  0.443725E+06  0.111005E+07
  0.129030E+00  0.111509E+07  0.110729E+07  0.811948E+01  0.000000E+00  0.432558E+06  0.109409E+07
  0.130862E+00  0.109873E+07  0.109128E+07  0.694094E+01  0.000000E+00  0.421532E+06  0.107794E+07
  0.132694E+00  0.108210E+07  0.107492E+07  0.786180E+01  0.000000E+00  0.410616E+06  0.106151E+07
  0.134526E+00  0.106514E+07  0.105816E+07  0.000000E+00  0.000000E+00  0.399787E+06  0.104476E+07
  0.136358E+00  0.104783E+07  0.104097E+07  0.000000E+00  0.000000E+00  0.389036E+06  0.102766E+07
  0.138191E+00  0.103018E+07  0.102338E+07  0.000000E+00  0.000000E+00  0.378366E+06  0.101022E+07
  0.140023E+00  0.101223E+07  0.100542E+07  0.000000E+00  0.000000E+00  0.367791E+06  0.992484E+06
  0.141855E+00  0.994035E+06  0.987162E+06  0.000000E+00  0.000000E+00  0.357329E+06  0.974504E+06
  0.143687E+00  0.975672E+06  0.968695E+06  0.000000E+00  0.000000E+00  0.347006E+06  0.956358E+06
  0.145520E+00  0.957242E+06  0.950127E+06  0.000000E+00  0.000000E+00  0.336858E+06  0.938147E+06
  0.147352E+00  0.938851E+06  0.931576E+06  0.000000E+00  0.000000E+00  0.326916E+06  0.919978E+06
  0.149184E+00  0.920607E+06  0.913159E+06  0.000000E+00  0.000000E+00  0.317215E+06  0.901956E+06
  0.151016E+00  0.902621E+06  0.894998E+06  0.000000E+00  0.000000E+00  0.307786E+06  0.884192E+06
  0.152849E+00  0.885003E+06  0.877212E+06  0.000000E+00  0.000000E+00  0.298658E+06  0.866794E+06
  0.154681E+00  0.867849E+06  0.859907E+06  0.000000E+00  0.000000E+00  0.289859E+06  0.849861E+06
  0.156513E+00  0.851254E+06  0.843184E+06  0.000000E+00  0.000000E+00  0.281411E+06  0.833483E+06
  0.158345E+00  0.835300E+06  0.827132E+06  0.000000E+00  0.000000E+00  0.273331E+06  0.817742E+06
  0.160177E+00  0.820053E+06  0.811821E+06  0.000000E+00  0.000000E+00  0.265632E+06  0.802705E+06
  0.162010E+00  0.805563E+06  0.797307E+06  0.000000E+00  0.000000E+00  0.258319E+06  0.788419E+06
  0.163842E+00  0.791866E+06  0.783626E+06  0.000000E+00  0.000000E+00  0.251394E+06  0.774921E+06
  0.165674E+00  0.778978E+06  0.770794E+06  0.000000E+00  0.000000E+00  0.244850E+06  0.762226E+06
  0.167506E+00  0.766892E+06  0.758806E+06  0.000000E+00  0.000000E+00  0.238676E+06  0.750327E+06
  0.169339E+00  0.755586E+06  0.747634E+06  0.000000E+00  0.000000E+00  0.232855E+06  0.739200E+06
  0.171171E+00  0.745023E+06  0.737241E+06  0.000000E+00  0.000000E+00  0.227365E+06  0.728811E+06
  0.173003E+00  0.735157E+06  0.727574E+06  0.000000E+00  0.000000E+00  0.222183E+06  0.719111E+06
  0.174835E+00  0.725927E+06  0.718568E+06  0.000000E+00  0.000000E+00  0.217284E+06  0.710041E+06
  0.176668E+00  0.717265E+06  0.710150E+06  0.000000E+00  0.000000E+00  0.212638E+06  0.701532E+06
  0.178500E+00  0.709096E+06  0.702239E+06  0.000000E+00  0.000000E+00  0.208218E+06  0.693511E+06
  0.180332E+00  0.701342E+06  0.694749E+06  0.000000E+00  0.000000E+00  0.203993E+06  0.685900E+06
  0.182164E+00  0.693919E+06  0.687593E+06  0.000000E+00  0.000000E+00  0.199936E+06  0.678615E+06
  0.183996E+00  0.686745E+06  0.680680E+06  0.000000E+00  0.000000E+00  0.196016E+06  0.671575E+06
  0.185829E+00  0.679738E+06  0.673926E+06  0.000000E+00  0.000000E+00  0.192210E+06  0.664700E+06
  0.187661E+00  0.672828E+06  0.667253E+06  0.000000E+00  0.000000E+00  0.188492E+06  0.657918E+06
  0.189493E+00  0.665948E+06  0.660592E+06  0.000000E+00  0.000000E+00  0.184843E+06  0.651165E+06
  0.191325E+00  0.659042E+06  0.653882E+06  0.000000E+00  0.000000E+00  0.181245E+06  0.644385E+06
  0.193158E+00  0.652064E+06  0.647075E+06  0.000000E+00  0.000000E+00  0.177686E+06  0.637532E+06
  0.194990E+00  0.644977E+06  0.640134E+06  0.000000E+00  0.000000E+00  0.174154E+06  0.630570E+06
  0.196822E+00  0.637755E+06  0.633029E+06  0.000000E+00  0.000000E+00  0.170642E+06  0.623474E+06
  0.198654E+00  0.630381E+06  0.625746E+06  0.000000E+00  0.000000E+00  0.167145E+06  0.616226E+06
  0.200487E+00  0.622852E+06  0.618282E+06  0.000000E+00  0.000000E+00  0.163662E+06  0.608825E+06
  0.202319E+00  0.615171E+06  0.610640E+06  0.000000E+00  0.000000E+00  0.160195E+06  0.601272E+06
  0.204151E+00  0.607350E+06  0.602836E+06  0.000000E+00  0.000000E+00  0.156747E+06  0.593581E+06
  0.205983E+00  0.599414E+06  0.594897E+06  0.000000E+00  0.000000E+00  0.153323E+06  0.585775E+06
  0.207815E+00  0.591394E+06  0.586857E+06  0.000000E+00  0.000000E+00  0.149933E+06  0.577887E+06
  0.209648E+00  0.583324E+06  0.578753E+06  0.000000E+00  0.000000E+00  0.146583E+06  0.569948E+06
  0.211480E+00  0.575242E+06  0.570629E+06  0.000000E+00  0.000000E+00  0.143283E+06  0.561999E+06
  0.213312E+00  0.567191E+06  0.562528E+06  0.000000E+00  0.000000E+00  0.140042E+06  0.554080E+06
  0.215144E+00  0.559211E+06  0.554497E+06  0.000000E+00  0.000000E+00  0.136870E+06  0.546232E+06
  0.216977E+00  0.551342E+06  0.546578E+06  0.000000E+00  0.000000E+00  0.133774E+06  0.538494E+06
  0.218809E+00  0.543623E+06  0.538813E+06  0.000000E+00  0.000000E+00  0.130764E+06  0.530904E+06
  0.220641E+00  0.536089E+06  0.531240E+06  0.000000E+00  0.000000E+00  0.127844E+06  0.523499E+06
  0.222473E+00  0.528772E+06  0.523893E+06  0.000000E+00  0.000000E+00  0.125022E+06  0.516307E+06
  0.224306E+00  0.521699E+06  0.516803E+06  0.000000E+00  0.000000E+00  0.122301E+06  0.509359E+06
  0.226138E+00  0.514894E+06  0.509993E+06  0.000000E+00  0.000000E+00  0.119684E+06  0.502674E+06
  0.227970E+00  0.508370E+06  0.503479E+06  0.000000E+00  0.000000E+00  0.117173E+06  0.496268E+06
  0.229802E+00  0.502137E+06  0.497269E+06  0.000000E+00  0.000000E+00  0.114766E+06  0.490150E+06
  0.231634E+00  0.496197E+06  0.491367E+06  0.000000E+00  0.000000E+00  0.112463E+06  0.484321E+06
  0.233467E+00  0.490545E+06  0.485766E+06  0.000000E+00  0.000000E+00  0.110259E+06  0.478777E+06
  0.235299E+00  0.485171E+06  0.480458E+06  0.000000E+00  0.000000E+00  0.108151E+06  0.473508E+06
  0.237131E+00  0.480062E+06  0.475425E+06  0.000000E+00  0.000000E+00  0.106133E+06  0.468501E+06
  0.238963E+00  0.475199E+06  0.470648E+06  0.000000E+00  0.000000E+00  0.104199E+06  0.463735E+06
  0.240796E+00  0.470560E+06  0.466104E+06  0.000000E+00  0.000000E+00  0.102343E+06  0.459192E+06
  0.242628E+00  0.466122E+06  0.461767E+06  0.000000E+00  0.000000E+00  0.100556E+06  0.454846E+06
  0.244460E+00  0.461856E+06  0.457605E+06  0.000000E+00  0.000000E+00  0.988324E+05  0.450669E+06
  0.246292E+00  0.457732E+06  0.453589E+06  0.000000E+00  0.000000E+00  0.971637E+05  0.446634E+06
  0.248125E+00  0.453724E+06  0.449687E+06  0.000000E+00  0.000000E+00  0.955429E+05  0.442710E+06
  0.249957E+00  0.449801E+06  0.445869E+06  0.000000E+00  0.000000E+00  0.939629E+05  0.438871E+06
  0.251789E+00  0.445936E+06  0.442105E+06  0.000000E+00  0.000000E+00  0.924170E+05  0.435089E+06
  0.253621E+00  0.442106E+06  0.438370E+06  0.000000E+00  0.000000E+00  0.908997E+05  0.431340E+06
  0.255453E+00  0.438288E+06  0.434640E+06  0.000000E+00  0.000000E+00  0.894059E+05  0.427603E+06
  0.257286E+00  0.434464E+06  0.430896E+06  0.000000E+00  0.000000E+00  0.879313E+05  0.423860E+06
  0.259118E+00  0.430618E+06  0.427122E+06  0.000000E+00  0.000000E+00  0.864726E+05  0.420094E+06
  0.260950E+00  0.426740E+06  0.423306E+06  0.000000E+00  0.000000E+00  0.850271E+05  0.416296E+06
  0.262782E+00  0.422820E+06  0.419438E+06  0.000000E+00  0.000000E+00  0.835930E+05  0.412456E+06
  0.264615E+00  0.418853E+06  0.415514E+06  0.000000E+00  0.000000E+00  0.821692E+05  0.408570E+06
  0.266447E+00  0.414839E+06  0.411533E+06  0.000000E+00  0.000000E+00  0.807553E+05  0.404636E+06
  0.268279E+00  0.410779E+06  0.407498E+06  0.000000E+00  0.000000E+00  0.793518E+05  0.400658E+06
  0.270111E+00  0.406681E+06  0.403417E+06  0.000000E+00  0.000000E+00  0.779599E+05  0.396641E+06
  0.271944E+00  0.402553E+06  0.399299E+06  0.000000E+00  0.000000E+00  0.765808E+05  0.392593E+06
  0.273776E+00  0.398405E+06  0.395155E+06  0.000000E+00  0.000000E+00  0.752166E+05  0.388527E+06
  0.275608E+00  0.394251E+06  0.391001E+06  0.000000E+00  0.000000E+00  0.738696E+05  0.384455E+06
  0.277440E+00  0.390104E+06  0.386850E+06  0.000000E+00  0.000000E+00  0.725421E+05  0.380389E+06
  0.279272E+00  0.385979E+06  0.382719E+06  0.000000E+00  0.000000E+00  0.712363E+05  0.376345E+06
  0.281105E+00  0.381889E+06  0.378622E+06  0.000000E+00  0.000000E+00  0.699545E+05  0.372335E+06
  0.282937E+00  0.377848E+06  0.374574E+06  0.000000E+00  0.000000E+00  0.686988E+05  0.368374E+06
  0.284769E+00  0.373870E+06  0.370591E+06  0.000000E+00  0.000000E+00  0.674713E+05  0.364475E+06
  0.286601E+00  0.369968E+06  0.366687E+06  0.000000E+00  0.000000E+00  0.662738E+05  0.360651E+06
  0.288434E+00  0.366153E+06  0.362872E+06  0.000000E+00  0.000000E+00  0.651076E+05  0.356914E+06
  0.290266E+00  0.362435E+06  0.359158E+06  0.000000E+00  0.000000E+00  0.639740E+05  0.353271E+06
  0.292098E+00  0.358821E+06  0.355553E+06  0.000000E+00  0.000000E+00  0.628736E+05  0.349731E+06
  0.293930E+00  0.355315E+06  0.352061E+06  0.000000E+00  0.000000E+00  0.618067E+05  0.346299E+06
  0.295763E+00  0.351922E+06  0.348686E+06  0.000000E+00  0.000000E+00  0.607731E+05  0.342977E+06
  0.297595E+00  0.348641E+06  0.345429E+06  0.000000E+00  0.000000E+00  0.597722E+05  0.339766E+06
  0.299427E+00  0.345471E+06  0.342286E+06  0.000000E+00  0.000000E+00  0.588032E+05  0.336663E+06
  0.301259E+00  0.342408E+06  0.339256E+06  0.000000E+00  0.000000E+00  0.578650E+05  0.333668E+06
  0.303091E+00  0.339449E+06  0.336333E+06  0.000000E+00  0.000000E+00  0.569561E+05  0.330774E+06
  0.304924E+00  0.336587E+06  0.333511E+06  0.000000E+00  0.000000E+00  0.560750E+05  0.327975E+06
  0.306756E+00  0.333815E+06  0.330781E+06  0.000000E+00  0.000000E+00  0.552199E+05  0.325265E+06
  0.308588E+00  0.331123E+06  0.328134E+06  0.000000E+00  0.000000E+00  0.543889E+05  0.322634E+06
  0.310420E+00  0.328503E+06  0.325560E+06  0.000000E+00  0.000000E+00  0.535799E+05  0.320073E+06
  0.312253E+00  0.325944E+06  0.323047E+06  0.000000E+00  0.000000E+00  0.527908E+05  0.317572E+06
  0.314085E+00  0.323435E+06  0.320585E+06  0.000000E+00  0.000000E+00  0.520196E+05  0.315121E+06
  0.315917E+00  0.320967E+06  0.318163E+06  0.000000E+00  0.000000E+00  0.512643E+05  0.312710E+06
  0.317749E+00  0.318530E+06  0.315772E+06  0.000000E+00  0.000000E+00  0.505234E+05  0.310330E+06
  0.319582E+00  0.316118E+06  0.313402E+06  0.000000E+00  0.000000E+00  0.497951E+05  0.307972E+06
  0.321414E+00  0.313720E+06  0.311045E+06  0.000000E+00  0.000000E+00  0.490780E+05  0.305630E+06
  0.323246E+00  0.311332E+06  0.308694E+06  0.000000E+00  0.000000E+00  0.483710E+05  0.303296E+06
  0.325078E+00  0.308947E+06  0.306344E+06  0.000000E+00  0.000000E+00  0.476729E+05  0.300965E+06
  0.326910E+00  0.306561E+06  0.303989E+06  0.000000E+00  0.000000E+00  0.469830E+05  0.298633E+06
  0.328743E+00  0.304170E+06  0.301626E+06  0.000000E+00  0.000000E+00  0.463006E+05  0.296296E+06
  0.330575E+00  0.301772E+06  0.299253E+06  0.000000E+00  0.000000E+00  0.456252E+05  0.293952E+06
  0.332407E+00  0.299367E+06  0.296869E+06  0.000000E+00  0.000000E+00  0.449568E+05  0.291601E+06
  0.334239E+00  0.296956E+06  0.294476E+06  0.000000E+00  0.000000E+00  0.442952E+05  0.289243E+06
  0.336072E+00  0.294540E+06  0.292075E+06  0.000000E+00  0.000000E+00  0.436407E+05  0.286880E+06
  0.337904E+00  0.292122E+06  0.289670E+06  0.000000E+00  0.000000E+00  0.429937E+05  0.284516E+06
  0.339736E+00  0.289705E+06  0.287264E+06  0.000000E+00  0.000000E+00  0.423546E+05  0.282152E+06
  0.341568E+00  0.287294E+06  0.284862E+06  0.000000E+00  0.000000E+00  0.417237E+05  0.279794E+06
  0.343401E+00  0.284893E+06  0.282468E+06  0.000000E+00  0.000000E+00  0.411016E+05  0.277446E+06
  0.345233E+00  0.282506E+06  0.280088E+06  0.000000E+00  0.000000E+00  0.404888E+05  0.275112E+06
  0.347065E+00  0.280138E+06  0.277726E+06  0.000000E+00  0.000000E+00  0.398860E+05  0.272796E+06
  0.348897E+00  0.277794E+06  0.275388E+06  0.000000E+00  0.000000E+00  0.392935E+05  0.270504E+06
  0.350729E+00  0.275479E+06  0.273079E+06  0.000000E+00  0.000000E+00  0.387120E+05  0.268240E+06
  0.352562E+00  0.273197E+06  0.270804E+06  0.000000E+00  0.000000E+00  0.381418E+05  0.266009E+06
  0.354394E+00  0.270952E+06  0.268567E+06  0.000000E+00  0.000000E+00  0.375834E+05  0.263814E+06
  0.356226E+00  0.268748E+06  0.266372E+06  0.000000E+00  0.000000E+00  0.370371E+05  0.261659E+06
  0.358058E+00  0.266587E+06  0.264221E+06  0.000000E+00  0.000000E+00  0.365030E+05  0.259547E+06
  0.359891E+00  0.264470E+06  0.262116E+06  0.000000E+00  0.000000E+00  0.359810E+05  0.257478E+06
  0.361723E+00  0.262399E+06  0.260058E+06  0.000000E+00  0.000000E+00  0.354712E+05  0.255454E+06
  0.363555E+00  0.260374E+06  0.258049E+06  0.000000E+00  0.000000E+00  0.349734E+05  0.253476E+06
  0.365387E+00  0.258395E+06  0.256086E+06  0.000000E+00  0.000000E+00  0.344874E+05  0.251543E+06
  0.367220E+00  0.256462E+06  0.254171E+06  0.000000E+00  0.000000E+00  0.340129E+05  0.249655E+06
  0.369052E+00  0.254572E+06  0.252300E+06  0.000000E+00  0.000000E+00  0.335496E+05  0.247809E+06
  0.370884E+00  0.252725E+06  0.250473E+06  0.000000E+00  0.000000E+00  0.330969E+05  0.246005E+06
  0.372716E+00  0.250917E+06  0.248687E+06  0.000000E+00  0.000000E+00  0.326545E+05  0.244240E+06
  0.374548E+00  0.249145E+06  0.246937E+06  0.000000E+00  0.000000E+00  0.322216E+05  0.242511E+06
  0.376381E+00  0.247406E+06  0.245221E+06  0.000000E+00  0.000000E+00  0.317978E+05  0.240814E+06
  0.378213E+00  0.245697E+06  0.243535E+06  0.000000E+00  0.000000E+00  0.313824E+05  0.239146E+06
  0.380045E+00  0.244015E+06  0.241876E+06  0.000000E+00  0.000000E+00  0.309749E+05  0.237504E+06
  0.381877E+00  0.242355E+06  0.240239E+06  0.000000E+00  0.000000E+00  0.305747E+05  0.235884E+06
  0.383710E+00  0.240715E+06  0.238621E+06  0.000000E+00  0.000000E+00  0.301813E+05  0.234284E+06
  0.385542E+00  0.239091E+06  0.237020E+06  0.000000E+00  0.000000E+00  0.297943E+05  0.232700E+06
  0.387374E+00  0.237482E+06  0.235431E+06  0.000000E+00  0.000000E+00  0.294132E+05  0.231129E+06
  0.389206E+00  0.235884E+06  0.233854E+06  0.000000E+00  0.000000E+00  0.290376E+05  0.229570E+06
  0.391039E+00  0.234296E+06  0.232284E+06  0.000000E+00  0.000000E+00  0.286670E+05  0.228019E+06
  0.392871E+00  0.232714E+06  0.230720E+06  0.000000E+00  0.000000E+00  0.283013E+05  0.226476E+06
  0.394703E+00  0.231138E+06  0.229161E+06  0.000000E+00  0.000000E+00  0.279402E+05  0.224938E+06
  0.396535E+00  0.229567E+06  0.227606E+06  0.000000E+00  0.000000E+00  0.275834E+05  0.223405E+06
  0.398367E+00  0.228001E+06  0.226054E+06  0.000000E+00  0.000000E+00  0.272310E+05  0.221876E+06
  0.400200E+00  0.226439E+06  0.224506E+06  0.000000E+00  0.000000E+00  0.268828E+05  0.220351E+06
  0.402032E+00  0.224882E+06  0.222961E+06  0.000000E+00  0.000000E+00  0.265388E+05  0.218831E+06
  0.403864E+00  0.223331E+06  0.221421E+06  0.000000E+00  0.000000E+00  0.261991E+05  0.217317E+06
  0.405696E+00  0.221786E+06  0.219886E+06  0.000000E+00  0.000000E+00  0.258637E+05  0.215809E+06
  0.407529E+00  0.220248E+06  0.218358E+06  0.000000E+00  0.000000E+00  0.255327E+05  0.214307E+06
  0.409361E+00  0.218719E+06  0.216838E+06  0.000000E+00  0.000000E+00  0.252060E+05  0.212815E+06
  0.411193E+00  0.217200E+06  0.215327E+06  0.000000E+00  0.000000E+00  0.248839E+05  0.211331E+06
  0.413025E+00  0.215692E+06  0.213828E+06  0.000000E+00  0.000000E+00  0.245665E+05  0.209860E+06
  0.414858E+00  0.214198E+06  0.212342E+06  0.000000E+00  0.000000E+00  0.242538E+05  0.208401E+06
  0.416690E+00  0.212719E+06  0.210871E+06  0.000000E+00  0.000000E+00  0.239460E+05  0.206957E+06
  0.418522E+00  0.211255E+06  0.209416E+06  0.000000E+00  0.000000E+00  0.236433E+05  0.205528E+06
  0.420354E+00  0.209810E+06  0.207978E+06  0.000000E+00  0.000000E+00  0.233456E+05  0.204117E+06
  0.422186E+00  0.208383E+06  0.206560E+06  0.000000E+00  0.000000E+00  0.230530E+05  0.202725E+06
  0.424019E+00  0.206975E+06  0.205162E+06  0.000000E+00  0.000000E+00  0.227656E+05  0.201351E+06
  0.425851E+00  0.205588E+06  0.203784E+06  0.000000E+00  0.000000E+00  0.224832E+05  0.199997E+06
  0.427683E+00  0.204221E+06  0.202427E+06  0.000000E+00  0.000000E+00  0.222060E+05  0.198664E+06
  0.429515E+00  0.202875E+06  0.201091E+06  0.000000E+00  0.000000E+00  0.219339E+05  0.197350E+06
  0.431348E+00  0.201550E+06  0.199777E+06  0.000000E+00  0.000000E+00  0.216668E+05  0.196058E+06
  0.433180E+00  0.200247E+06  0.198485E+06  0.000000E+00  0.000000E+00  0.214046E+05  0.194786E+06
  0.435012E+00  0.198963E+06  0.197213E+06  0.000000E+00  0.000000E+00  0.211472E+05  0.193534E+06
  0.436844E+00  0.197700E+06  0.195962E+06  0.000000E+00  0.000000E+00  0.208945E+05  0.192302E+06
  0.438677E+00  0.196456E+06  0.194730E+06  0.000000E+00  0.000000E+00  0.206463E+05  0.191089E+06
  0.440509E+00  0.195229E+06  0.193516E+06  0.000000E+00  0.000000E+00  0.204025E+05  0.189893E+06
  0.442341E+00  0.194020E+06  0.192320E+06  0.000000E+00  0.000000E+00  0.201628E+05  0.188714E+06
  0.444173E+00  0.192826E+06  0.191139E+06  0.000000E+00  0.000000E+00  0.199271E+05  0.187550E+06
  0.446005E+00  0.191648E+06  0.189973E+06  0.000000E+00  0.000000E+00  0.196953E+05  0.186401E+06
  0.447838E+00  0.190483E+06  0.188821E+06  0.000000E+00  0.000000E+00  0.194672E+05  0.185265E+06
  0.449670E+00  0.189330E+06  0.187682E+06  0.000000E+00  0.000000E+00  0.192425E+05  0.184141E+06
  0.451502E+00  0.188190E+06  0.186554E+06  0.000000E+00  0.000000E+00  0.190212E+05  0.183029E+06
  0.453334E+00  0.187059E+06  0.185435E+06  0.000000E+00  0.000000E+00  0.188031E+05  0.181927E+06
  0.455167E+00  0.185938E+06  0.184326E+06  0.000000E+00  0.000000E+00  0.185880E+05  0.180834E+06
  0.456999E+00  0.184826E+06  0.183225E+06  0.000000E+00  0.000000E+00  0.183758E+05  0.179749E+06
  0.458831E+00  0.183721E+06  0.182132E+06  0.000000E+00  0.000000E+00  0.181664E+05  0.178672E+06
  0.460663E+00  0.182623E+06  0.181045E+06  0.000000E+00  0.000000E+00  0.179597E+05  0.177602E+06
  0.462496E+00  0.181531E+06  0.179964E+06  0.000000E+00  0.000000E+00  0.177557E+05  0.176538E+06
  0.464328E+00  0.180447E+06  0.178889E+06  0.000000E+00  0.000000E+00  0.175542E+05  0.175480E+06
  0.466160E+00  0.179368E+06  0.177820E+06  0.000000E+00  0.000000E+00  0.173552E+05  0.174429E+06
  0.467992E+00  0.178296E+06  0.176758E+06  0.000000E+00  0.000000E+00  0.171587E+05  0.173384E+06
  0.469824E+00  0.177231E+06  0.175701E+06  0.000000E+00  0.000000E+00  0.169647E+05  0.172345E+06
  0.471657E+00  0.176171E+06  0.174650E+06  0.000000E+00  0.000000E+00  0.167731E+05  0.171312E+06
  0.473489E+00  0.175118E+06  0.173605E+06  0.000000E+00  0.000000E+00  0.165839E+05  0.170285E+06
  0.475321E+00  0.174072E+06  0.172566E+06  0.000000E+00  0.000000E+00  0.163972E+05  0.169265E+06
  0.477153E+00  0.173033E+06  0.171535E+06  0.000000E+00  0.000000E+00  0.162128E+05  0.168252E+06
  0.478986E+00  0.172002E+06  0.170511E+06  0.000000E+00  0.000000E+00  0.160309E+05  0.167247E+06
  0.480818E+00  0.170979E+06  0.169496E+06  0.000000E+00  0.000000E+00  0.158515E+05  0.166249E+06
  0.482650E+00  0.169965E+06  0.168489E+06  0.000000E+00  0.000000E+00  0.156745E+05  0.165261E+06
  0.484482E+00  0.168960E+06  0.167491E+06  0.000000E+00  0.000000E+00  0.155001E+05  0.164281E+06
  0.486315E+00  0.167965E+06  0.166503E+06  0.000000E+00  0.000000E+00  0.153281E+05  0.163311E+06
  0.488147E+00  0.166979E+06  0.165525E+06  0.000000E+00  0.000000E+00  0.151585E+05  0.162350E+06
  0.489979E+00  0.166003E+06  0.164556E+06  0.000000E+00  0.000000E+00  0.149915E+05  0.161398E+06
  0.491811E+00  0.165038E+06  0.163598E+06  0.000000E+00  0.000000E+00  0.148269E+05  0.160457E+06
  0.493643E+00  0.164083E+06  0.162651E+06  0.000000E+00  0.000000E+00  0.146647E+05  0.159527E+06
  0.495476E+00  0.163139E+06  0.161714E+06  0.000000E+00  0.000000E+00  0.145050E+05  0.158607E+06
  0.497308E+00  0.162205E+06  0.160789E+06  0.000000E+00  0.000000E+00  0.143477E+05  0.157697E+06
  0.499140E+00  0.161283E+06  0.159874E+06  0.000000E+00  0.000000E+00  0.141928E+05  0.156798E+06
  0.500972E+00  0.160371E+06  0.158970E+06  0.000000E+00  0.000000E+00  0.140402E+05  0.155909E+06
  0.502805E+00  0.159470E+06  0.158076E+06  0.000000E+00  0.000000E+00  0.138899E+05  0.155031E+06
  0.504637E+00  0.158578E+06  0.157193E+06  0.000000E+00  0.000000E+00  0.137418E+05  0.154162E+06
  0.506469E+00  0.157696E+06  0.156320E+06  0.000000E+00  0.000000E+00  0.135959E+05  0.153303E+06
  0.508301E+00  0.156824E+06  0.155456E+06  0.000000E+00  0.000000E+00  0.134521E+05  0.152453E+06
  0.510134E+00  0.155961E+06  0.154601E+06  0.000000E+00  0.000000E+00  0.133103E+05  0.151613E+06
  0.511966E+00  0.155107E+06  0.153755E+06  0.000000E+00  0.000000E+00  0.131706E+05  0.150781E+06
  0.513798E+00  0.154262E+06  0.152918E+06  0.000000E+00  0.000000E+00  0.130329E+05  0.149957E+06
  0.515630E+00  0.153424E+06  0.152088E+06  0.000000E+00  0.000000E+00  0.128970E+05  0.149141E+06
  0.517462E+00  0.152594E+06  0.151266E+06  0.000000E+00  0.000000E+00  0.127630E+05  0.148332E+06
  0.519295E+00  0.151771E+06  0.150452E+06  0.000000E+00  0.000000E+00  0.126308E+05  0.147531E+06
  0.521127E+00  0.150955E+06  0.149644E+06  0.000000E+00  0.000000E+00  0.125002E+05  0.146736E+06
  0.522959E+00  0.150146E+06  0.148842E+06  0.000000E+00  0.000000E+00  0.123714E+05  0.145947E+06
  0.524791E+00  0.149342E+06  0.148046E+06  0.000000E+00  0.000000E+00  0.122441E+05  0.145164E+06
  0.526624E+00  0.148544E+06  0.147255E+06  0.000000E+00  0.000000E+00  0.121185E+05  0.144387E+06
  0.528456E+00  0.147752E+06  0.146471E+06  0.000000E+00  0.000000E+00  0.119944E+05  0.143616E+06
  0.530288E+00  0.146966E+06  0.145691E+06  0.000000E+00  0.000000E+00  0.118718E+05  0.142850E+06
  0.532120E+00  0.146185E+06  0.144917E+06  0.000000E+00  0.000000E+00  0.117507E+05  0.142089E+06
  0.533953E+00  0.145409E+06  0.144149E+06  0.000000E+00  0.000000E+00  0.116311E+05  0.141333E+06
  0.535785E+00  0.144639E+06  0.143385E+06  0.000000E+00  0.000000E+00  0.115129E+05  0.140583E+06
  0.537617E+00  0.143873E+06  0.142626E+06  0.000000E+00  0.000000E+00  0.113962E+05  0.139837E+06
  0.539449E+00  0.143113E+06  0.141872E+06  0.000000E+00  0.000000E+00  0.112808E+05  0.139097E+06
  0.541281E+00  0.142359E+06  0.141124E+06  0.000000E+00  0.000000E+00  0.111669E+05  0.138362E+06
  0.543114E+00  0.141609E+06  0.140381E+06  0.000000E+00  0.000000E+00  0.110544E+05  0.137632E+06
  0.544946E+00  0.140865E+06  0.139643E+06  0.000000E+00  0.000000E+00  0.109432E+05  0.136907E+06
  0.546778E+00  0.140127E+06  0.138911E+06  0.000000E+00  0.000000E+00  0.108334E+05  0.136188E+06
  0.548610E+00  0.139395E+06  0.138184E+06  0.000000E+00  0.000000E+00  0.107250E+05  0.135475E+06
  0.550443E+00  0.138668E+06  0.137463E+06  0.000000E+00  0.000000E+00  0.106179E+05  0.134767E+06
  0.552275E+00  0.137947E+06  0.136748E+06  0.000000E+00  0.000000E+00  0.105122E+05  0.134065E+06
  0.554107E+00  0.137232E+06  0.136039E+06  0.000000E+00  0.000000E+00  0.104078E+05  0.133368E+06
  0.555939E+00  0.136523E+06  0.135335E+06  0.000000E+00  0.000000E+00  0.103048E+05  0.132678E+06
  0.557772E+00  0.135820E+06  0.134638E+06  0.000000E+00  0.000000E+00  0.102031E+05  0.131993E+06
  0.559604E+00  0.135123E+06  0.133947E+06  0.000000E+00  0.000000E+00  0.101026E+05  0.131314E+06
  0.561436E+00  0.134433E+06  0.133262E+06  0.000000E+00  0.000000E+00  0.100035E+05  0.130642E+06
  0.563268E+00  0.133748E+06  0.132584E+06  0.000000E+00  0.000000E+00  0.990567E+04  0.129975E+06
  0.565100E+00  0.133070E+06  0.131911E+06  0.000000E+00  0.000000E+00  0.980910E+04  0.129315E+06
  0.566933E+00  0.132398E+06  0.131245E+06  0.000000E+00  0.000000E+00  0.971377E+04  0.128661E+06
  0.568765E+00  0.131732E+06  0.130584E+06  0.000000E+00  0.000000E+00  0.961966E+04  0.128012E+06
  0.570597E+00  0.131072E+06  0.129930E+06  0.000000E+00  0.000000E+00  0.952676E+04  0.127369E+06
  0.572429E+00  0.130417E+06  0.129281E+06  0.000000E+00  0.000000E+00  0.943504E+04  0.126732E+06
  0.574262E+00  0.129769E+06  0.128639E+06  0.000000E+00  0.000000E+00  0.934448E+04  0.126100E+06
  0.576094E+00  0.129126E+06  0.128002E+06  0.000000E+00  0.000000E+00  0.925507E+04  0.125474E+06
  0.577926E+00  0.128488E+06  0.127370E+06  0.000000E+00  0.000000E+00  0.916678E+04  0.124854E+06
  0.579758E+00  0.127857E+06  0.126744E+06  0.000000E+00  0.000000E+00  0.907960E+04  0.124239E+06
  0.581591E+00  0.127230E+06  0.126123E+06  0.000000E+00  0.000000E+00  0.899349E+04  0.123628E+06
  0.583423E+00  0.126608E+06  0.125507E+06  0.000000E+00  0.000000E+00  0.890842E+04  0.123023E+06
  0.585255E+00  0.125991E+06  0.124895E+06  0.000000E+00  0.000000E+00  0.882438E+04  0.122423E+06
  0.587087E+00  0.125379E+06  0.124289E+06  0.000000E+00  0.000000E+00  0.874135E+04  0.121827E+06
  0.707312E+00  0.934333E+05  0.926208E+05  0.000000E+00  0.000000E+00  0.492391E+04  0.907399E+05
  0.863914E+00  0.678093E+05  0.672198E+05  0.000000E+00  0.000000E+00  0.261003E+04  0.658266E+05
  0.105519E+01  0.489831E+05  0.485573E+05  0.000000E+00  0.000000E+00  0.135953E+04  0.475356E+05
  0.128881E+01  0.352361E+05  0.349297E+05  0.000000E+00  0.000000E+00  0.697239E+03  0.341867E+05
  0.157415E+01  0.252504E+05  0.250308E+05  0.000000E+00  0.000000E+00  0.449041E+03  0.244969E+05
  0.192267E+01  0.180298E+05  0.178729E+05  0.000000E+00  0.000000E+00  0.227561E+03  0.174890E+05
  0.234836E+01  0.128325E+05  0.127207E+05  0.000000E+00  0.000000E+00  0.113893E+03  0.124462E+05
  0.286829E+01  0.910638E+04  0.902700E+04  0.000000E+00  0.000000E+00  0.563763E+02  0.883154E+04
  0.350334E+01  0.644465E+04  0.638838E+04  0.000000E+00  0.000000E+00  0.276343E+02  0.624978E+04
  0.427899E+01  0.454951E+04  0.450968E+04  0.000000E+00  0.000000E+00  0.134289E+02  0.441175E+04
  0.522637E+01  0.320424E+04  0.317607E+04  0.000000E+00  0.000000E+00  0.647609E+01  0.310711E+04
  0.638351E+01  0.225193E+04  0.223201E+04  0.000000E+00  0.000000E+00  0.310218E+01  0.218360E+04
  0.779683E+01  0.157951E+04  0.156542E+04  0.000000E+00  0.000000E+00  0.147736E+01  0.153155E+04
  0.952307E+01  0.110584E+04  0.109584E+04  0.000000E+00  0.000000E+00  0.700050E+00  0.107223E+04
  0.116315E+02  0.772884E+03  0.765763E+03  0.000000E+00  0.000000E+00  0.330311E+00  0.749370E+03
  0.142067E+02  0.539312E+03  0.534203E+03  0.000000E+00  0.000000E+00  0.155296E+00  0.522881E+03
  0.173522E+02  0.375761E+03  0.372055E+03  0.000000E+00  0.000000E+00  0.727925E-01  0.364289E+03
  0.211940E+02  0.261438E+03  0.258707E+03  0.000000E+00  0.000000E+00  0.340337E-01  0.253433E+03
  0.258864E+02  0.181652E+03  0.179597E+03  0.000000E+00  0.000000E+00  0.158776E-01  0.176066E+03
  0.316177E+02  0.126052E+03  0.124464E+03  0.000000E+00  0.000000E+00  0.739310E-02  0.122151E+03
  0.386180E+02  0.873611E+02  0.860918E+02  0.000000E+00  0.000000E+00  0.343645E-02  0.846318E+02
  0.471681E+02  0.604711E+02  0.594193E+02  0.000000E+00  0.000000E+00  0.159469E-02  0.585556E+02
  0.576112E+02  0.418051E+02  0.409001E+02  0.000000E+00  0.000000E+00  0.738786E-03  0.404539E+02
  0.703666E+02  0.288627E+02  0.280556E+02  0.000000E+00  0.000000E+00  0.341657E-03  0.279022E+02
  0.859458E+02  0.198984E+02  0.191561E+02  0.000000E+00  0.000000E+00  0.157685E-03  0.192080E+02
  0.104975E+03  0.136955E+02  0.129962E+02  0.000000E+00  0.000000E+00  0.726015E-04  0.131917E+02
