  0.355810E-05  0.113827E+08  0.113827E+08  0.151764E+08  0.151764E+08  0.113827E+08  0.113827E+08
  0.367857E-05  0.113827E+08  0.113827E+08  0.151764E+08  0.151764E+08  0.113827E+08  0.113827E+08
  0.380311E-05  0.113827E+08  0.113827E+08  0.151764E+08  0.151763E+08  0.113827E+08  0.113827E+08
  0.393186E-05  0.113827E+08  0.113827E+08  0.151763E+08  0.151763E+08  0.113827E+08  0.113827E+08
  0.406498E-05  0.113827E+08  0.113827E+08  0.151763E+08  0.151763E+08  0.113827E+08  0.113827E+08
  0.420260E-05  0.113827E+08  0.113827E+08  0.151762E+08  0.151762E+08  0.113827E+08  0.113827E+08
  0.434489E-05  0.113827E+08  0.113827E+08  0.151762E+08  0.151762E+08  0.113827E+08  0.113827E+08
  0.449198E-05  0.113827E+08  0.113827E+08  0.151761E+08  0.151761E+08  0.113827E+08  0.113827E+08
  0.464406E-05  0.113827E+08  0.113827E+08  0.151761E+08  0.151761E+08  0.113827E+08  0.113827E+08
  0.480129E-05  0.113827E+08  0.113827E+08  0.151760E+08  0.151760E+08  0.113827E+08  0.113827E+08
  0.496384E-05  0.113827E+08  0.113827E+08  0.151760E+08  0.151759E+08  0.113827E+08  0.113827E+08
  0.513190E-05  0.113827E+08  0.113827E+08  0.151759E+08  0.151759E+08  0.113827E+08  0.113827E+08
  0.530564E-05  0.113827E+08  0.113827E+08  0.151758E+08  0.151758E+08  0.113827E+08  0.113827E+08
  0.548527E-05  0.113827E+08  0.113827E+08  0.151758E+08  0.151757E+08  0.113827E+08  0.113827E+08
  0.567098E-05  0.113827E+08  0.113827E+08  0.151757E+08  0.151756E+08  0.113827E+08  0.113827E+08
  0.586297E-05  0.113827E+08  0.113827E+08  0.151756E+08  0.151756E+08  0.113827E+08  0.113827E+08
  0.606147E-05  0.113827E+08  0.113827E+08  0.151755E+08  0.151755E+08  0.113827E+08  0.113827E+08
  0.626668E-05  0.113827E+08  0.113827E+08  0.151754E+08  0.151754E+08  0.113827E+08  0.113827E+08
  0.647885E-05  0.113827E+08  0.113827E+08  0.151753E+08  0.151753E+08  0.113827E+08  0.113827E+08
  0.669819E-05  0.113827E+08  0.113827E+08  0.151752E+08  0.151752E+08  0.113827E+08  0.113827E+08
  0.692496E-05  0.113827E+08  0.113827E+08  0.151751E+08  0.151750E+08  0.113827E+08  0.113827E+08
  0.715941E-05  0.113827E+08  0.113827E+08  0.151750E+08  0.151749E+08  0.113827E+08  0.113827E+08
  0.740180E-05  0.113827E+08  0.113827E+08  0.151748E+08  0.151748E+08  0.113827E+08  0.113827E+08
  0.765239E-05  0.113827E+08  0.113827E+08  0.151747E+08  0.151746E+08  0.113827E+08  0.113827E+08
  0.791147E-05  0.113827E+08  0.113827E+08  0.151745E+08  0.151745E+08  0.113827E+08  0.113827E+08
  0.817932E-05  0.113827E+08  0.113827E+08  0.151744E+08  0.151743E+08  0.113827E+08  0.113827E+08
  0.845624E-05  0.113827E+08  0.113827E+08  0.151742E+08  0.151741E+08  0.113827E+08  0.113827E+08
  0.874253E-05  0.113827E+08  0.113827E+08  0.151740E+08  0.151739E+08  0.113827E+08  0.113827E+08
  0.903851E-05  0.113827E+08  0.113827E+08  0.151738E+08  0.151737E+08  0.113827E+08  0.113827E+08
  0.934452E-05  0.113827E+08  0.113827E+08  0.151736E+08  0.151735E+08  0.113827E+08  0.113827E+08
  0.966088E-05  0.113827E+08  0.113827E+08  0.151734E+08  0.151733E+08  0.113827E+08  0.113827E+08
  0.998796E-05  0.113827E+08  0.113827E+08  0.151732E+08  0.151730E+08  0.113827E+08  0.113827E+08
  0.103261E-04  0.113827E+08  0.113827E+08  0.151729E+08  0.151727E+08  0.113827E+08  0.113827E+08
  0.106757E-04  0.113827E+08  0.113827E+08  0.151726E+08  0.151725E+08  0.113827E+08  0.113827E+08
  0.110371E-04  0.113827E+08  0.113827E+08  0.151723E+08  0.151722E+08  0.113827E+08  0.113827E+08
  0.114108E-04  0.113827E+08  0.113827E+08  0.151720E+08  0.151718E+08  0.113827E+08  0.113827E+08
  0.117971E-04  0.113827E+08  0.113827E+08  0.151717E+08  0.151715E+08  0.113827E+08  0.113827E+08
  0.121965E-04  0.113827E+08  0.113827E+08  0.151713E+08  0.151711E+08  0.113827E+08  0.113827E+08
  0.126095E-04  0.113827E+08  0.113827E+08  0.151709E+08  0.151707E+08  0.113827E+08  0.113827E+08
  0.130364E-04  0.113827E+08  0.113827E+08  0.151705E+08  0.151703E+08  0.113827E+08  0.113827E+08
  0.134777E-04  0.113827E+08  0.113827E+08  0.151701E+08  0.151698E+08  0.113827E+08  0.113827E+08
  0.139340E-04  0.113827E+08  0.113827E+08  0.151696E+08  0.151693E+08  0.113827E+08  0.113827E+08
  0.144058E-04  0.113827E+08  0.113827E+08  0.151691E+08  0.151688E+08  0.113827E+08  0.113827E+08
  0.148935E-04  0.113827E+08  0.113826E+08  0.151686E+08  0.151683E+08  0.113827E+08  0.113827E+08
  0.153977E-04  0.113826E+08  0.113826E+08  0.151680E+08  0.151677E+08  0.113827E+08  0.113827E+08
  0.159190E-04  0.113826E+08  0.113826E+08  0.151674E+08  0.151670E+08  0.113827E+08  0.113826E+08
  0.164580E-04  0.113826E+08  0.113826E+08  0.151667E+08  0.151663E+08  0.113827E+08  0.113826E+08
  0.170152E-04  0.113826E+08  0.113826E+08  0.151660E+08  0.151656E+08  0.113827E+08  0.113826E+08
  0.175912E-04  0.113826E+08  0.113826E+08  0.151653E+08  0.151648E+08  0.113827E+08  0.113826E+08
  0.181868E-04  0.113826E+08  0.113826E+08  0.151645E+08  0.151640E+08  0.113827E+08  0.113826E+08
  0.188025E-04  0.113826E+08  0.113826E+08  0.151636E+08  0.151631E+08  0.113827E+08  0.113826E+08
  0.194391E-04  0.113826E+08  0.113826E+08  0.151627E+08  0.151622E+08  0.113827E+08  0.113826E+08
  0.200972E-04  0.113826E+08  0.113826E+08  0.151617E+08  0.151612E+08  0.113827E+08  0.113826E+08
  0.207776E-04  0.113826E+08  0.113826E+08  0.151607E+08  0.151601E+08  0.113827E+08  0.113826E+08
  0.214810E-04  0.113826E+08  0.113826E+08  0.151596E+08  0.151589E+08  0.113827E+08  0.113826E+08
  0.222083E-04  0.113826E+08  0.113826E+08  0.151584E+08  0.151577E+08  0.113827E+08  0.113826E+08
  0.229602E-04  0.113826E+08  0.113826E+08  0.151571E+08  0.151564E+08  0.113827E+08  0.113826E+08
  0.237375E-04  0.113826E+08  0.113826E+08  0.151557E+08  0.151550E+08  0.113827E+08  0.113826E+08
  0.245412E-04  0.113826E+08  0.113826E+08  0.151543E+08  0.151534E+08  0.113827E+08  0.113826E+08
  0.253720E-04  0.113826E+08  0.113826E+08  0.151527E+08  0.151518E+08  0.113827E+08  0.113826E+08
  0.262310E-04  0.113826E+08  0.113826E+08  0.151511E+08  0.151501E+08  0.113826E+08  0.113826E+08
  0.271191E-04  0.113826E+08  0.113826E+08  0.151493E+08  0.151483E+08  0.113826E+08  0.113826E+08
  0.280372E-04  0.113826E+08  0.113826E+08  0.151474E+08  0.151463E+08  0.113826E+08  0.113826E+08
  0.289864E-04  0.113826E+08  0.113826E+08  0.151454E+08  0.151442E+08  0.113826E+08  0.113826E+08
  0.299678E-04  0.113826E+08  0.113826E+08  0.151432E+08  0.151419E+08  0.113826E+08  0.113826E+08
  0.309824E-04  0.113826E+08  0.113826E+08  0.151409E+08  0.151395E+08  0.113826E+08  0.113826E+08
  0.320313E-04  0.113826E+08  0.113826E+08  0.151384E+08  0.151370E+08  0.113826E+08  0.113826E+08
  0.331158E-04  0.113826E+08  0.113826E+08  0.151358E+08  0.151342E+08  0.113826E+08  0.113826E+08
  0.342369E-04  0.113826E+08  0.113825E+08  0.151329E+08  0.151313E+08  0.113826E+08  0.113826E+08
  0.353960E-04  0.113825E+08  0.113825E+08  0.151299E+08  0.151282E+08  0.113826E+08  0.113825E+08
  0.365944E-04  0.113825E+08  0.113825E+08  0.151267E+08  0.151248E+08  0.113826E+08  0.113825E+08
  0.378333E-04  0.113825E+08  0.113825E+08  0.151232E+08  0.151212E+08  0.113826E+08  0.113825E+08
  0.391142E-04  0.113825E+08  0.113825E+08  0.151195E+08  0.151174E+08  0.113825E+08  0.113825E+08
  0.404384E-04  0.113825E+08  0.113825E+08  0.151156E+08  0.151133E+08  0.113825E+08  0.113825E+08
  0.418075E-04  0.113825E+08  0.113825E+08  0.151114E+08  0.151089E+08  0.113825E+08  0.113825E+08
  0.432229E-04  0.113825E+08  0.113825E+08  0.151069E+08  0.151043E+08  0.113825E+08  0.113825E+08
  0.446863E-04  0.113825E+08  0.113825E+08  0.151021E+08  0.150993E+08  0.113825E+08  0.113825E+08
  0.461992E-04  0.113824E+08  0.113824E+08  0.150969E+08  0.150940E+08  0.113825E+08  0.113824E+08
  0.477633E-04  0.113824E+08  0.113824E+08  0.150914E+08  0.150883E+08  0.113825E+08  0.113824E+08
  0.493803E-04  0.113824E+08  0.113824E+08  0.150856E+08  0.150822E+08  0.113824E+08  0.113824E+08
  0.510521E-04  0.113824E+08  0.113824E+08  0.150793E+08  0.150757E+08  0.113824E+08  0.113824E+08
  0.527805E-04  0.113824E+08  0.113824E+08  0.150726E+08  0.150687E+08  0.113824E+08  0.113824E+08
  0.545675E-04  0.113824E+08  0.113823E+08  0.150654E+08  0.150613E+08  0.113824E+08  0.113824E+08
  0.564149E-04  0.113823E+08  0.113823E+08  0.150578E+08  0.150534E+08  0.113824E+08  0.113823E+08
  0.583249E-04  0.113823E+08  0.113823E+08  0.150496E+08  0.150449E+08  0.113823E+08  0.113823E+08
  0.602995E-04  0.113823E+08  0.113823E+08  0.150409E+08  0.150358E+08  0.113823E+08  0.113823E+08
  0.623410E-04  0.113823E+08  0.113822E+08  0.150316E+08  0.150262E+08  0.113823E+08  0.113823E+08
  0.644516E-04  0.113822E+08  0.113822E+08  0.150216E+08  0.150159E+08  0.113822E+08  0.113822E+08
  0.666336E-04  0.113822E+08  0.113822E+08  0.150110E+08  0.150048E+08  0.113822E+08  0.113822E+08
  0.688896E-04  0.113822E+08  0.113822E+08  0.149996E+08  0.149930E+08  0.113822E+08  0.113822E+08
  0.712219E-04  0.113821E+08  0.113821E+08  0.149875E+08  0.149805E+08  0.113821E+08  0.113821E+08
  0.736331E-04  0.113821E+08  0.113821E+08  0.149745E+08  0.149670E+08  0.113821E+08  0.113821E+08
  0.761260E-04  0.113821E+08  0.113820E+08  0.149607E+08  0.149527E+08  0.113821E+08  0.113821E+08
  0.787033E-04  0.113820E+08  0.113820E+08  0.149459E+08  0.149373E+08  0.113820E+08  0.113820E+08
  0.813679E-04  0.113820E+08  0.113819E+08  0.149301E+08  0.149210E+08  0.113820E+08  0.113820E+08
  0.841227E-04  0.113819E+08  0.113819E+08  0.149133E+08  0.149035E+08  0.113819E+08  0.113819E+08
  0.869707E-04  0.113819E+08  0.113818E+08  0.148953E+08  0.148849E+08  0.113818E+08  0.113819E+08
  0.899151E-04  0.113818E+08  0.113818E+08  0.148761E+08  0.148649E+08  0.113818E+08  0.113818E+08
  0.929593E-04  0.113818E+08  0.113817E+08  0.148556E+08  0.148437E+08  0.113817E+08  0.113818E+08
  0.961065E-04  0.113817E+08  0.113817E+08  0.148337E+08  0.148210E+08  0.113817E+08  0.113817E+08
  0.993603E-04  0.113816E+08  0.113816E+08  0.148103E+08  0.147968E+08  0.113816E+08  0.113816E+08
  0.102724E-03  0.113816E+08  0.113815E+08  0.147854E+08  0.147709E+08  0.113815E+08  0.113815E+08
  0.106202E-03  0.113815E+08  0.113814E+08  0.147588E+08  0.147434E+08  0.113814E+08  0.113815E+08
  0.109798E-03  0.113814E+08  0.113814E+08  0.147304E+08  0.147140E+08  0.113813E+08  0.113814E+08
  0.113515E-03  0.113813E+08  0.113813E+08  0.147001E+08  0.146826E+08  0.113812E+08  0.113813E+08
  0.117358E-03  0.113812E+08  0.113812E+08  0.146678E+08  0.146491E+08  0.113811E+08  0.113812E+08
  0.121331E-03  0.113811E+08  0.113811E+08  0.146334E+08  0.146134E+08  0.113810E+08  0.113811E+08
  0.125439E-03  0.113810E+08  0.113809E+08  0.145967E+08  0.145753E+08  0.113809E+08  0.113810E+08
  0.129686E-03  0.113809E+08  0.113808E+08  0.145575E+08  0.145347E+08  0.113808E+08  0.113809E+08
  0.134076E-03  0.113808E+08  0.113807E+08  0.145158E+08  0.144915E+08  0.113806E+08  0.113808E+08
  0.138616E-03  0.113806E+08  0.113806E+08  0.144713E+08  0.144454E+08  0.113805E+08  0.113806E+08
  0.143309E-03  0.113805E+08  0.113804E+08  0.144238E+08  0.143962E+08  0.113803E+08  0.113805E+08
  0.148160E-03  0.113803E+08  0.113803E+08  0.143733E+08  0.143439E+08  0.113802E+08  0.113803E+08
  0.153176E-03  0.113802E+08  0.113801E+08  0.143195E+08  0.142882E+08  0.113800E+08  0.113802E+08
  0.158362E-03  0.113800E+08  0.113799E+08  0.142622E+08  0.142288E+08  0.113798E+08  0.113800E+08
  0.163724E-03  0.113798E+08  0.113797E+08  0.142012E+08  0.141656E+08  0.113796E+08  0.113798E+08
  0.169267E-03  0.113796E+08  0.113795E+08  0.141363E+08  0.140984E+08  0.113794E+08  0.113796E+08
  0.174997E-03  0.113794E+08  0.113793E+08  0.140672E+08  0.140268E+08  0.113792E+08  0.113794E+08
  0.180922E-03  0.113792E+08  0.113791E+08  0.139937E+08  0.139508E+08  0.113789E+08  0.113792E+08
  0.187047E-03  0.113790E+08  0.113788E+08  0.139156E+08  0.138699E+08  0.113787E+08  0.113789E+08
  0.193380E-03  0.113787E+08  0.113786E+08  0.138325E+08  0.137839E+08  0.113784E+08  0.113787E+08
  0.199927E-03  0.113785E+08  0.113783E+08  0.137443E+08  0.136925E+08  0.113781E+08  0.113784E+08
  0.206696E-03  0.113782E+08  0.113780E+08  0.136506E+08  0.135956E+08  0.113778E+08  0.113781E+08
  0.213693E-03  0.113779E+08  0.113777E+08  0.135511E+08  0.134926E+08  0.113775E+08  0.113778E+08
  0.220928E-03  0.113775E+08  0.113773E+08  0.134455E+08  0.133834E+08  0.113771E+08  0.113775E+08
  0.228408E-03  0.113772E+08  0.113770E+08  0.133335E+08  0.132676E+08  0.113767E+08  0.113771E+08
  0.236141E-03  0.113768E+08  0.113766E+08  0.132148E+08  0.131448E+08  0.113763E+08  0.113768E+08
  0.244136E-03  0.113764E+08  0.113762E+08  0.130891E+08  0.130148E+08  0.113759E+08  0.113764E+08
  0.252401E-03  0.113760E+08  0.113757E+08  0.129560E+08  0.128772E+08  0.113754E+08  0.113759E+08
  0.260946E-03  0.113755E+08  0.113753E+08  0.128151E+08  0.127317E+08  0.113749E+08  0.113755E+08
  0.269781E-03  0.113750E+08  0.113748E+08  0.126662E+08  0.125778E+08  0.113744E+08  0.113750E+08
  0.278914E-03  0.113745E+08  0.113742E+08  0.125089E+08  0.124154E+08  0.113738E+08  0.113744E+08
  0.288357E-03  0.113740E+08  0.113737E+08  0.123428E+08  0.122439E+08  0.113732E+08  0.113739E+08
  0.298120E-03  0.113734E+08  0.113730E+08  0.121677E+08  0.120632E+08  0.113725E+08  0.113733E+08
  0.308213E-03  0.113727E+08  0.113724E+08  0.119832E+08  0.118728E+08  0.113718E+08  0.113727E+08
  0.318648E-03  0.113721E+08  0.113717E+08  0.117890E+08  0.116725E+08  0.113711E+08  0.113720E+08
  0.329436E-03  0.113713E+08  0.113710E+08  0.115848E+08  0.114620E+08  0.113703E+08  0.113713E+08
  0.340589E-03  0.113706E+08  0.113702E+08  0.113704E+08  0.112410E+08  0.113695E+08  0.113705E+08
  0.352120E-03  0.113698E+08  0.113693E+08  0.111454E+08  0.110093E+08  0.113686E+08  0.113697E+08
  0.364041E-03  0.113689E+08  0.113684E+08  0.109098E+08  0.107667E+08  0.113676E+08  0.113688E+08
  0.376366E-03  0.113680E+08  0.113675E+08  0.106634E+08  0.105132E+08  0.113666E+08  0.113678E+08
  0.389108E-03  0.113670E+08  0.113664E+08  0.104061E+08  0.102486E+08  0.113655E+08  0.113668E+08
  0.402282E-03  0.113659E+08  0.113654E+08  0.101378E+08  0.997291E+07  0.113644E+08  0.113658E+08
  0.415901E-03  0.113648E+08  0.113642E+08  0.985857E+07  0.968621E+07  0.113631E+08  0.113647E+08
  0.429982E-03  0.113636E+08  0.113630E+08  0.956857E+07  0.938866E+07  0.113618E+08  0.113635E+08
  0.444539E-03  0.113623E+08  0.113617E+08  0.926798E+07  0.908051E+07  0.113604E+08  0.113622E+08
  0.459589E-03  0.113610E+08  0.113603E+08  0.895712E+07  0.876213E+07  0.113589E+08  0.113608E+08
  0.475149E-03  0.113595E+08  0.113588E+08  0.863641E+07  0.843399E+07  0.113574E+08  0.113594E+08
  0.491236E-03  0.113580E+08  0.113572E+08  0.830642E+07  0.809672E+07  0.113557E+08  0.113578E+08
  0.507867E-03  0.113564E+08  0.113555E+08  0.796782E+07  0.775108E+07  0.113539E+08  0.113562E+08
  0.525061E-03  0.113546E+08  0.113537E+08  0.762144E+07  0.739797E+07  0.113520E+08  0.113544E+08
  0.542837E-03  0.113528E+08  0.113519E+08  0.726829E+07  0.703847E+07  0.113499E+08  0.113526E+08
  0.561215E-03  0.113508E+08  0.113498E+08  0.690950E+07  0.667382E+07  0.113478E+08  0.113506E+08
  0.580216E-03  0.113487E+08  0.113477E+08  0.654639E+07  0.630543E+07  0.113455E+08  0.113485E+08
  0.599859E-03  0.113465E+08  0.113454E+08  0.618045E+07  0.593489E+07  0.113431E+08  0.113463E+08
  0.620168E-03  0.113442E+08  0.113430E+08  0.581332E+07  0.556395E+07  0.113405E+08  0.113439E+08
  0.641164E-03  0.113417E+08  0.113405E+08  0.544681E+07  0.519455E+07  0.113377E+08  0.113414E+08
  0.662871E-03  0.113391E+08  0.113378E+08  0.508288E+07  0.482874E+07  0.113348E+08  0.113387E+08
  0.685313E-03  0.113363E+08  0.113349E+08  0.472363E+07  0.446872E+07  0.113317E+08  0.113359E+08
  0.708515E-03  0.113333E+08  0.113319E+08  0.437124E+07  0.411679E+07  0.113284E+08  0.113329E+08
  0.732502E-03  0.113302E+08  0.113286E+08  0.402798E+07  0.377533E+07  0.113249E+08  0.113298E+08
  0.757302E-03  0.113268E+08  0.113252E+08  0.369617E+07  0.344670E+07  0.113213E+08  0.113264E+08
  0.782941E-03  0.113233E+08  0.113216E+08  0.337807E+07  0.313327E+07  0.113173E+08  0.113229E+08
  0.809448E-03  0.113196E+08  0.113178E+08  0.307591E+07  0.283729E+07  0.113132E+08  0.113191E+08
  0.836852E-03  0.113156E+08  0.113138E+08  0.279176E+07  0.256086E+07  0.113088E+08  0.113152E+08
  0.865185E-03  0.113115E+08  0.113096E+08  0.252747E+07  0.230582E+07  0.113042E+08  0.113110E+08
  0.894476E-03  0.113071E+08  0.113051E+08  0.228462E+07  0.207370E+07  0.112993E+08  0.113065E+08
  0.924759E-03  0.113024E+08  0.113004E+08  0.206441E+07  0.186563E+07  0.112941E+08  0.113019E+08
  0.956068E-03  0.112975E+08  0.112954E+08  0.186762E+07  0.168224E+07  0.112886E+08  0.112969E+08
  0.988436E-03  0.112923E+08  0.112901E+08  0.169449E+07  0.152361E+07  0.112829E+08  0.112917E+08
  0.102190E-02  0.112869E+08  0.112846E+08  0.154469E+07  0.138920E+07  0.112768E+08  0.112863E+08
  0.105650E-02  0.112812E+08  0.112788E+08  0.141732E+07  0.127785E+07  0.112703E+08  0.112805E+08
  0.109227E-02  0.112751E+08  0.112727E+08  0.131082E+07  0.118772E+07  0.112635E+08  0.112744E+08
  0.112925E-02  0.112687E+08  0.112662E+08  0.122304E+07  0.111634E+07  0.112564E+08  0.112680E+08
  0.116748E-02  0.112620E+08  0.112595E+08  0.115131E+07  0.106069E+07  0.112489E+08  0.112613E+08
  0.120700E-02  0.112550E+08  0.112523E+08  0.109248E+07  0.101730E+07  0.112409E+08  0.112542E+08
  0.124787E-02  0.112476E+08  0.112449E+08  0.104316E+07  0.982444E+06  0.112325E+08  0.112467E+08
  0.129011E-02  0.112398E+08  0.112370E+08  0.999807E+06  0.952289E+06  0.112237E+08  0.112389E+08
  0.133379E-02  0.112316E+08  0.112288E+08  0.959018E+06  0.923185E+06  0.112145E+08  0.112307E+08
  0.137895E-02  0.112231E+08  0.112202E+08  0.917748E+06  0.891905E+06  0.112047E+08  0.112221E+08
  0.142563E-02  0.112141E+08  0.112111E+08  0.873556E+06  0.855906E+06  0.111945E+08  0.112130E+08
  0.147390E-02  0.112046E+08  0.112016E+08  0.824829E+06  0.813561E+06  0.111837E+08  0.112035E+08
  0.152380E-02  0.111947E+08  0.111917E+08  0.770947E+06  0.764323E+06  0.111724E+08  0.111936E+08
  0.157539E-02  0.111843E+08  0.111813E+08  0.712362E+06  0.708801E+06  0.111605E+08  0.111831E+08
  0.162872E-02  0.111734E+08  0.111703E+08  0.650568E+06  0.648710E+06  0.111480E+08  0.111722E+08
  0.168387E-02  0.111620E+08  0.111589E+08  0.587928E+06  0.586677E+06  0.111349E+08  0.111607E+08
  0.174087E-02  0.111500E+08  0.111469E+08  0.527374E+06  0.525912E+06  0.111211E+08  0.111487E+08
  0.179981E-02  0.111375E+08  0.111344E+08  0.471976E+06  0.469744E+06  0.111067E+08  0.111362E+08
  0.186075E-02  0.111244E+08  0.111213E+08  0.424450E+06  0.421105E+06  0.110915E+08  0.111230E+08
  0.192374E-02  0.111107E+08  0.111076E+08  0.386653E+06  0.382005E+06  0.110756E+08  0.111092E+08
  0.198887E-02  0.110963E+08  0.110932E+08  0.359171E+06  0.353120E+06  0.110589E+08  0.110948E+08
  0.205621E-02  0.110813E+08  0.110782E+08  0.341100E+06  0.333587E+06  0.110414E+08  0.110797E+08
  0.212582E-02  0.110656E+08  0.110625E+08  0.330098E+06  0.321084E+06  0.110231E+08  0.110639E+08
  0.219779E-02  0.110492E+08  0.110460E+08  0.322758E+06  0.312245E+06  0.110039E+08  0.110474E+08
  0.227220E-02  0.110321E+08  0.110289E+08  0.315275E+06  0.303357E+06  0.109838E+08  0.110302E+08
  0.234913E-02  0.110141E+08  0.110109E+08  0.304296E+06  0.291232E+06  0.109627E+08  0.110122E+08
  0.242866E-02  0.109954E+08  0.109922E+08  0.287760E+06  0.274029E+06  0.109406E+08  0.109933E+08
  0.251089E-02  0.109759E+08  0.109726E+08  0.265488E+06  0.251793E+06  0.109175E+08  0.109737E+08
  0.259589E-02  0.109555E+08  0.109522E+08  0.239283E+06  0.226479E+06  0.108934E+08  0.109532E+08
  0.268378E-02  0.109342E+08  0.109309E+08  0.212428E+06  0.201367E+06  0.108681E+08  0.109317E+08
  0.277464E-02  0.109119E+08  0.109086E+08  0.188632E+06  0.179949E+06  0.108416E+08  0.109094E+08
  0.286858E-02  0.108888E+08  0.108854E+08  0.170715E+06  0.164634E+06  0.108140E+08  0.108861E+08
  0.296570E-02  0.108646E+08  0.108612E+08  0.159504E+06  0.155736E+06  0.107851E+08  0.108618E+08
  0.306610E-02  0.108394E+08  0.108359E+08  0.153442E+06  0.151246E+06  0.107549E+08  0.108364E+08
  0.316991E-02  0.108132E+08  0.108096E+08  0.149212E+06  0.147625E+06  0.107234E+08  0.108100E+08
  0.327723E-02  0.107858E+08  0.107822E+08  0.143253E+06  0.141411E+06  0.106905E+08  0.107825E+08
  0.338818E-02  0.107574E+08  0.107537E+08  0.133547E+06  0.130957E+06  0.106561E+08  0.107539E+08
  0.350289E-02  0.107278E+08  0.107239E+08  0.120735E+06  0.117346E+06  0.106203E+08  0.107241E+08
  0.362148E-02  0.106969E+08  0.106930E+08  0.107796E+06  0.103820E+06  0.105829E+08  0.106930E+08
  0.374409E-02  0.106648E+08  0.106609E+08  0.982202E+05  0.938217E+05  0.105439E+08  0.106607E+08
  0.387085E-02  0.106315E+08  0.106274E+08  0.936281E+05  0.887112E+05  0.105034E+08  0.106271E+08
  0.400190E-02  0.105968E+08  0.105926E+08  0.924279E+05  0.867391E+05  0.104611E+08  0.105922E+08
  0.413739E-02  0.105608E+08  0.105565E+08  0.907128E+05  0.842410E+05  0.104171E+08  0.105560E+08
  0.427746E-02  0.105233E+08  0.105190E+08  0.851084E+05  0.784640E+05  0.103713E+08  0.105183E+08
  0.442228E-02  0.104845E+08  0.104800E+08  0.755293E+05  0.698760E+05  0.103236E+08  0.104791E+08
  0.457200E-02  0.104441E+08  0.104395E+08  0.653822E+05  0.617877E+05  0.102741E+08  0.104385E+08
  0.472678E-02  0.104022E+08  0.103975E+08  0.585981E+05  0.572372E+05  0.102227E+08  0.103963E+08
  0.488681E-02  0.103588E+08  0.103539E+08  0.559400E+05  0.558969E+05  0.101693E+08  0.103526E+08
  0.505226E-02  0.103138E+08  0.103088E+08  0.543544E+05  0.543494E+05  0.101138E+08  0.103072E+08
  0.522331E-02  0.102671E+08  0.102619E+08  0.504803E+05  0.499034E+05  0.100563E+08  0.102602E+08
  0.540015E-02  0.102187E+08  0.102134E+08  0.446367E+05  0.438152E+05  0.999669E+07  0.102115E+08
  0.558297E-02  0.101686E+08  0.101631E+08  0.402420E+05  0.396938E+05  0.993492E+07  0.101610E+08
  0.577199E-02  0.101168E+08  0.101111E+08  0.388799E+05  0.386198E+05  0.987098E+07  0.101088E+08
  0.596740E-02  0.100631E+08  0.100572E+08  0.376836E+05  0.376382E+05  0.980481E+07  0.100547E+08
  0.616943E-02  0.100076E+08  0.100015E+08  0.335861E+05  0.347203E+05  0.973639E+07  0.999884E+07
  0.637830E-02  0.995029E+07  0.994390E+07  0.286300E+05  0.314849E+05  0.966568E+07  0.994105E+07
  0.659425E-02  0.989101E+07  0.988438E+07  0.271731E+05  0.000000E+00  0.959267E+07  0.988134E+07
  0.681750E-02  0.982979E+07  0.982291E+07  0.283721E+05  0.000000E+00  0.951732E+07  0.981968E+07
  0.704831E-02  0.976660E+07  0.975944E+07  0.272585E+05  0.000000E+00  0.943961E+07  0.975601E+07
  0.728694E-02  0.970139E+07  0.969393E+07  0.238145E+05  0.000000E+00  0.935952E+07  0.969033E+07
  0.753364E-02  0.963413E+07  0.962637E+07  0.227965E+05  0.000000E+00  0.927704E+07  0.962259E+07
  0.778870E-02  0.956481E+07  0.955671E+07  0.235626E+05  0.000000E+00  0.919214E+07  0.955276E+07
  0.805239E-02  0.949338E+07  0.948494E+07  0.213281E+05  0.000000E+00  0.910482E+07  0.948082E+07
  0.832501E-02  0.941984E+07  0.941101E+07  0.178869E+05  0.000000E+00  0.901506E+07  0.940674E+07
  0.860686E-02  0.934414E+07  0.933492E+07  0.169038E+05  0.000000E+00  0.892286E+07  0.933051E+07
  0.889825E-02  0.926626E+07  0.925662E+07  0.150706E+05  0.000000E+00  0.882821E+07  0.925208E+07
  0.919951E-02  0.918620E+07  0.917612E+07  0.135659E+05  0.000000E+00  0.873110E+07  0.917145E+07
  0.951096E-02  0.910392E+07  0.909337E+07  0.139923E+05  0.000000E+00  0.863153E+07  0.908860E+07
  0.983296E-02  0.901940E+07  0.900837E+07  0.130677E+05  0.000000E+00  0.852948E+07  0.900350E+07
  0.101659E-01  0.893376E+07  0.892220E+07  0.116142E+05  0.000000E+00  0.842827E+07  0.891732E+07
  0.105100E-01  0.884479E+07  0.883268E+07  0.116463E+05  0.000000E+00  0.832126E+07  0.882775E+07
  0.108659E-01  0.875354E+07  0.874085E+07  0.950833E+04  0.000000E+00  0.821174E+07  0.873588E+07
  0.112337E-01  0.866000E+07  0.864670E+07  0.861609E+04  0.000000E+00  0.809973E+07  0.864171E+07
  0.116141E-01  0.856416E+07  0.855021E+07  0.877814E+04  0.000000E+00  0.798523E+07  0.854523E+07
  0.120073E-01  0.846600E+07  0.845138E+07  0.772460E+04  0.000000E+00  0.786825E+07  0.844642E+07
  0.124138E-01  0.836552E+07  0.835019E+07  0.766757E+04  0.000000E+00  0.774880E+07  0.834529E+07
  0.128341E-01  0.826240E+07  0.824632E+07  0.664602E+04  0.000000E+00  0.762627E+07  0.824149E+07
  0.132686E-01  0.815722E+07  0.814036E+07  0.630032E+04  0.000000E+00  0.750192E+07  0.813563E+07
  0.137178E-01  0.804970E+07  0.803203E+07  0.529386E+04  0.000000E+00  0.737517E+07  0.802743E+07
  0.141822E-01  0.793985E+07  0.792132E+07  0.557684E+04  0.000000E+00  0.724611E+07  0.791689E+07
  0.146624E-01  0.782767E+07  0.780824E+07  0.465876E+04  0.000000E+00  0.711477E+07  0.780402E+07
  0.151588E-01  0.771316E+07  0.769281E+07  0.478548E+04  0.000000E+00  0.698120E+07  0.768881E+07
  0.156720E-01  0.759644E+07  0.757512E+07  0.389457E+04  0.000000E+00  0.684563E+07  0.757140E+07
  0.162026E-01  0.747734E+07  0.745502E+07  0.376075E+04  0.000000E+00  0.670779E+07  0.745161E+07
  0.167511E-01  0.735597E+07  0.733262E+07  0.355447E+04  0.000000E+00  0.656791E+07  0.732954E+07
  0.173182E-01  0.723236E+07  0.720794E+07  0.311169E+04  0.000000E+00  0.642607E+07  0.720524E+07
  0.179045E-01  0.710654E+07  0.708102E+07  0.314739E+04  0.000000E+00  0.628233E+07  0.707874E+07
  0.185107E-01  0.697853E+07  0.695187E+07  0.245644E+04  0.000000E+00  0.613676E+07  0.695004E+07
  0.191374E-01  0.684844E+07  0.682062E+07  0.243474E+04  0.000000E+00  0.598955E+07  0.681928E+07
  0.197853E-01  0.671630E+07  0.668730E+07  0.238778E+04  0.000000E+00  0.584080E+07  0.668648E+07
  0.204552E-01  0.658220E+07  0.655200E+07  0.212810E+04  0.000000E+00  0.569067E+07  0.655173E+07
  0.211477E-01  0.644623E+07  0.641481E+07  0.167249E+04  0.000000E+00  0.553933E+07  0.641513E+07
  0.218637E-01  0.630850E+07  0.627586E+07  0.162988E+04  0.000000E+00  0.538701E+07  0.627679E+07
  0.226039E-01  0.616913E+07  0.613527E+07  0.153793E+04  0.000000E+00  0.523389E+07  0.613684E+07
  0.233691E-01  0.602828E+07  0.599319E+07  0.144659E+04  0.000000E+00  0.508019E+07  0.599542E+07
  0.241603E-01  0.588610E+07  0.584981E+07  0.132017E+04  0.000000E+00  0.492614E+07  0.585272E+07
  0.249783E-01  0.574278E+07  0.570531E+07  0.117502E+04  0.000000E+00  0.477193E+07  0.570890E+07
  0.258240E-01  0.559854E+07  0.555993E+07  0.999700E+03  0.000000E+00  0.461779E+07  0.556421E+07
  0.266982E-01  0.545361E+07  0.541390E+07  0.961291E+03  0.000000E+00  0.446394E+07  0.541885E+07
  0.276021E-01  0.530825E+07  0.526750E+07  0.867493E+03  0.000000E+00  0.431065E+07  0.527310E+07
  0.285366E-01  0.516272E+07  0.512100E+07  0.803992E+03  0.000000E+00  0.415819E+07  0.512722E+07
  0.295027E-01  0.501733E+07  0.497474E+07  0.768485E+03  0.000000E+00  0.400692E+07  0.498152E+07
  0.305016E-01  0.487240E+07  0.482904E+07  0.633293E+03  0.000000E+00  0.385720E+07  0.483634E+07
  0.315342E-01  0.472830E+07  0.468429E+07  0.612024E+03  0.000000E+00  0.370942E+07  0.469204E+07
  0.326019E-01  0.458540E+07  0.454087E+07  0.529043E+03  0.000000E+00  0.356395E+07  0.454898E+07
  0.337056E-01  0.444410E+07  0.439921E+07  0.503748E+03  0.000000E+00  0.342117E+07  0.440759E+07
  0.348467E-01  0.430481E+07  0.425973E+07  0.441178E+03  0.000000E+00  0.328141E+07  0.426826E+07
  0.360265E-01  0.416797E+07  0.412287E+07  0.403956E+03  0.000000E+00  0.314499E+07  0.413142E+07
  0.372462E-01  0.403398E+07  0.398908E+07  0.350641E+03  0.000000E+00  0.301222E+07  0.399750E+07
  0.385072E-01  0.390328E+07  0.385878E+07  0.342515E+03  0.000000E+00  0.288339E+07  0.386692E+07
  0.398109E-01  0.377627E+07  0.373239E+07  0.303455E+03  0.000000E+00  0.275879E+07  0.374007E+07
  0.411587E-01  0.365331E+07  0.361028E+07  0.267305E+03  0.000000E+00  0.263866E+07  0.361732E+07
  0.425522E-01  0.353475E+07  0.349280E+07  0.230607E+03  0.000000E+00  0.252320E+07  0.349901E+07
  0.439928E-01  0.342086E+07  0.338023E+07  0.216627E+03  0.000000E+00  0.241259E+07  0.338542E+07
  0.454592E-01  0.331348E+07  0.327436E+07  0.191627E+03  0.000000E+00  0.230849E+07  0.327836E+07
  0.469257E-01  0.321416E+07  0.317669E+07  0.193829E+03  0.000000E+00  0.221229E+07  0.317938E+07
  0.483921E-01  0.312230E+07  0.308660E+07  0.151024E+03  0.000000E+00  0.212332E+07  0.308788E+07
  0.498585E-01  0.303729E+07  0.300344E+07  0.161243E+03  0.000000E+00  0.204090E+07  0.300322E+07
  0.513249E-01  0.295851E+07  0.292657E+07  0.140598E+03  0.000000E+00  0.196442E+07  0.292480E+07
  0.527914E-01  0.288534E+07  0.285532E+07  0.126562E+03  0.000000E+00  0.189328E+07  0.285198E+07
  0.542578E-01  0.281717E+07  0.278907E+07  0.117780E+03  0.000000E+00  0.182694E+07  0.278415E+07
  0.557242E-01  0.275339E+07  0.272718E+07  0.101487E+03  0.000000E+00  0.176484E+07  0.272071E+07
  0.571907E-01  0.269345E+07  0.266905E+07  0.916879E+02  0.000000E+00  0.170649E+07  0.266109E+07
  0.586571E-01  0.263678E+07  0.261412E+07  0.959042E+02  0.000000E+00  0.165140E+07  0.260472E+07
  0.601235E-01  0.258287E+07  0.256184E+07  0.859725E+02  0.000000E+00  0.159915E+07  0.255111E+07
  0.615899E-01  0.253125E+07  0.251173E+07  0.788149E+02  0.000000E+00  0.154938E+07  0.249978E+07
  0.630564E-01  0.248149E+07  0.246334E+07  0.733538E+02  0.000000E+00  0.150174E+07  0.245029E+07
  0.645228E-01  0.243321E+07  0.241628E+07  0.730514E+02  0.000000E+00  0.145596E+07  0.240226E+07
  0.659892E-01  0.238606E+07  0.237020E+07  0.644106E+02  0.000000E+00  0.141178E+07  0.235536E+07
  0.674556E-01  0.233975E+07  0.232481E+07  0.574620E+02  0.000000E+00  0.136898E+07  0.230930E+07
  0.689221E-01  0.229406E+07  0.227987E+07  0.630010E+02  0.000000E+00  0.132740E+07  0.226384E+07
  0.703885E-01  0.224880E+07  0.223520E+07  0.519824E+02  0.000000E+00  0.128687E+07  0.221880E+07
  0.718549E-01  0.220381E+07  0.219066E+07  0.536376E+02  0.000000E+00  0.124730E+07  0.217404E+07
  0.733214E-01  0.215902E+07  0.214616E+07  0.440145E+02  0.000000E+00  0.120861E+07  0.212947E+07
  0.747878E-01  0.211438E+07  0.210169E+07  0.467835E+02  0.000000E+00  0.117076E+07  0.208505E+07
  0.762542E-01  0.206980E+07  0.205716E+07  0.459647E+02  0.000000E+00  0.113369E+07  0.204070E+07
  0.777206E-01  0.202537E+07  0.201266E+07  0.379283E+02  0.000000E+00  0.109742E+07  0.199650E+07
  0.791871E-01  0.198113E+07  0.196826E+07  0.381569E+02  0.000000E+00  0.106196E+07  0.195248E+07
  0.806535E-01  0.193715E+07  0.192406E+07  0.365535E+02  0.000000E+00  0.102733E+07  0.190875E+07
  0.821199E-01  0.189355E+07  0.188016E+07  0.361462E+02  0.000000E+00  0.993554E+06  0.186538E+07
  0.835864E-01  0.185042E+07  0.183669E+07  0.283473E+02  0.000000E+00  0.960686E+06  0.182250E+07
  0.850528E-01  0.180790E+07  0.179381E+07  0.252807E+02  0.000000E+00  0.928766E+06  0.178024E+07
  0.865192E-01  0.176613E+07  0.175165E+07  0.235815E+02  0.000000E+00  0.897837E+06  0.173872E+07
  0.879856E-01  0.172522E+07  0.171037E+07  0.318518E+02  0.000000E+00  0.867940E+06  0.169808E+07
  0.894521E-01  0.168533E+07  0.167012E+07  0.211277E+02  0.000000E+00  0.839114E+06  0.165845E+07
  0.909185E-01  0.164656E+07  0.163103E+07  0.144206E+02  0.000000E+00  0.811393E+06  0.161995E+07
  0.923849E-01  0.160905E+07  0.159322E+07  0.232541E+02  0.000000E+00  0.784807E+06  0.158271E+07
  0.942171E-01  0.156409E+07  0.154798E+07  0.284527E+02  0.000000E+00  0.753215E+06  0.153810E+07
  0.960494E-01  0.152141E+07  0.150511E+07  0.189080E+02  0.000000E+00  0.723450E+06  0.149576E+07
  0.978816E-01  0.148113E+07  0.146475E+07  0.117376E+02  0.000000E+00  0.695516E+06  0.145584E+07
  0.997138E-01  0.144335E+07  0.142700E+07  0.154617E+02  0.000000E+00  0.669384E+06  0.141840E+07
  0.101546E+00  0.140809E+07  0.139188E+07  0.191500E+02  0.000000E+00  0.645009E+06  0.138347E+07
  0.103378E+00  0.137534E+07  0.135937E+07  0.175369E+02  0.000000E+00  0.622325E+06  0.135105E+07
  0.105211E+00  0.134502E+07  0.132942E+07  0.134653E+02  0.000000E+00  0.601246E+06  0.132106E+07
  0.107043E+00  0.131704E+07  0.130189E+07  0.131041E+02  0.000000E+00  0.581672E+06  0.129339E+07
  0.108875E+00  0.129125E+07  0.127663E+07  0.143710E+02  0.000000E+00  0.563489E+06  0.126790E+07
  0.110707E+00  0.126747E+07  0.125346E+07  0.113651E+02  0.000000E+00  0.546571E+06  0.124441E+07
  0.112539E+00  0.124550E+07  0.123214E+07  0.111287E+02  0.000000E+00  0.530790E+06  0.122272E+07
  0.114372E+00  0.122510E+07  0.121244E+07  0.137672E+02  0.000000E+00  0.516014E+06  0.120259E+07
  0.116204E+00  0.120606E+07  0.119410E+07  0.101465E+02  0.000000E+00  0.502112E+06  0.118380E+07
  0.118036E+00  0.118812E+07  0.117687E+07  0.718161E+01  0.000000E+00  0.488958E+06  0.116611E+07
  0.119868E+00  0.117106E+07  0.116050E+07  0.890242E+01  0.000000E+00  0.476428E+06  0.114928E+07
  0.121701E+00  0.115462E+07  0.114473E+07  0.818292E+01  0.000000E+00  0.464408E+06  0.113308E+07
  0.123533E+00  0.113860E+07  0.112933E+07  0.870262E+01  0.000000E+00  0.452794E+06  0.111728E+07
  0.125365E+00  0.112281E+07  0.111409E+07  0.110145E+02  0.000000E+00  0.441499E+06  0.110170E+07
  0.127197E+00  0.110707E+07  0.109885E+07  0.811551E+01  0.000000E+00  0.430450E+06  0.108617E+07
  0.129030E+00  0.109125E+07  0.108346E+07  0.560641E+01  0.000000E+00  0.419586E+06  0.107056E+07
  0.130862E+00  0.107524E+07  0.106779E+07  0.759018E+01  0.000000E+00  0.408862E+06  0.105476E+07
  0.132694E+00  0.105896E+07  0.105179E+07  0.791562E+01  0.000000E+00  0.398245E+06  0.103869E+07
  0.134526E+00  0.104237E+07  0.103539E+07  0.000000E+00  0.000000E+00  0.387715E+06  0.102230E+07
  0.136358E+00  0.102543E+07  0.101857E+07  0.000000E+00  0.000000E+00  0.377263E+06  0.100557E+07
  0.138191E+00  0.100816E+07  0.100136E+07  0.000000E+00  0.000000E+00  0.366890E+06  0.988506E+06
  0.140023E+00  0.990595E+06  0.983788E+06  0.000000E+00  0.000000E+00  0.356611E+06  0.971152E+06
  0.141855E+00  0.972790E+06  0.965922E+06  0.000000E+00  0.000000E+00  0.346443E+06  0.953560E+06
  0.143687E+00  0.954821E+06  0.947849E+06  0.000000E+00  0.000000E+00  0.336413E+06  0.935806E+06
  0.145520E+00  0.936787E+06  0.929677E+06  0.000000E+00  0.000000E+00  0.326552E+06  0.917988E+06
  0.147352E+00  0.918791E+06  0.911521E+06  0.000000E+00  0.000000E+00  0.316895E+06  0.900210E+06
  0.149184E+00  0.900939E+06  0.893496E+06  0.000000E+00  0.000000E+00  0.307470E+06  0.882577E+06
  0.151016E+00  0.883340E+06  0.875722E+06  0.000000E+00  0.000000E+00  0.298311E+06  0.865196E+06
  0.152849E+00  0.866100E+06  0.858314E+06  0.000000E+00  0.000000E+00  0.289447E+06  0.848174E+06
  0.154681E+00  0.849315E+06  0.841378E+06  0.000000E+00  0.000000E+00  0.280901E+06  0.831605E+06
  0.156513E+00  0.833076E+06  0.825011E+06  0.000000E+00  0.000000E+00  0.272697E+06  0.815580E+06
  0.158345E+00  0.817464E+06  0.809302E+06  0.000000E+00  0.000000E+00  0.264851E+06  0.800179E+06
  0.160177E+00  0.802544E+06  0.794318E+06  0.000000E+00  0.000000E+00  0.257375E+06  0.785466E+06
  0.162010E+00  0.788365E+06  0.780115E+06  0.000000E+00  0.000000E+00  0.250274E+06  0.771488E+06
  0.163842E+00  0.774962E+06  0.766727E+06  0.000000E+00  0.000000E+00  0.243550E+06  0.758281E+06
  0.165674E+00  0.762350E+06  0.754172E+06  0.000000E+00  0.000000E+00  0.237196E+06  0.745860E+06
  0.167506E+00  0.750523E+06  0.742442E+06  0.000000E+00  0.000000E+00  0.231202E+06  0.734217E+06
  0.169339E+00  0.739459E+06  0.731513E+06  0.000000E+00  0.000000E+00  0.225549E+06  0.723330E+06
  0.171171E+00  0.729122E+06  0.721345E+06  0.000000E+00  0.000000E+00  0.220219E+06  0.713165E+06
  0.173003E+00  0.719467E+06  0.711889E+06  0.000000E+00  0.000000E+00  0.215188E+06  0.703674E+06
  0.174835E+00  0.710435E+06  0.703081E+06  0.000000E+00  0.000000E+00  0.210431E+06  0.694800E+06
  0.176668E+00  0.701958E+06  0.694848E+06  0.000000E+00  0.000000E+00  0.205920E+06  0.686475E+06
  0.178500E+00  0.693963E+06  0.687110E+06  0.000000E+00  0.000000E+00  0.201628E+06  0.678627E+06
  0.180332E+00  0.686374E+06  0.679786E+06  0.000000E+00  0.000000E+00  0.197526E+06  0.671180E+06
  0.182164E+00  0.679110E+06  0.672788E+06  0.000000E+00  0.000000E+00  0.193587E+06  0.664052E+06
  0.183996E+00  0.672089E+06  0.666028E+06  0.000000E+00  0.000000E+00  0.189781E+06  0.657164E+06
  0.185829E+00  0.665232E+06  0.659424E+06  0.000000E+00  0.000000E+00  0.186086E+06  0.650437E+06
  0.187661E+00  0.658469E+06  0.652898E+06  0.000000E+00  0.000000E+00  0.182477E+06  0.643802E+06
  0.189493E+00  0.651736E+06  0.646383E+06  0.000000E+00  0.000000E+00  0.178935E+06  0.637194E+06
  0.191325E+00  0.644977E+06  0.639821E+06  0.000000E+00  0.000000E+00  0.175443E+06  0.630560E+06
  0.193158E+00  0.638148E+06  0.633164E+06  0.000000E+00  0.000000E+00  0.171989E+06  0.623856E+06
  0.194990E+00  0.631213E+06  0.626373E+06  0.000000E+00  0.000000E+00  0.168561E+06  0.617044E+06
  0.196822E+00  0.624145E+06  0.619423E+06  0.000000E+00  0.000000E+00  0.165153E+06  0.610100E+06
  0.198654E+00  0.616929E+06  0.612298E+06  0.000000E+00  0.000000E+00  0.161760E+06  0.603009E+06
  0.200487E+00  0.609561E+06  0.604994E+06  0.000000E+00  0.000000E+00  0.158382E+06  0.595767E+06
  0.202319E+00  0.602045E+06  0.597517E+06  0.000000E+00  0.000000E+00  0.155019E+06  0.588377E+06
  0.204151E+00  0.594391E+06  0.589880E+06  0.000000E+00  0.000000E+00  0.151675E+06  0.580851E+06
  0.205983E+00  0.586626E+06  0.582111E+06  0.000000E+00  0.000000E+00  0.148355E+06  0.573214E+06
  0.207815E+00  0.578777E+06  0.574243E+06  0.000000E+00  0.000000E+00  0.145067E+06  0.565495E+06
  0.209648E+00  0.570880E+06  0.566312E+06  0.000000E+00  0.000000E+00  0.141819E+06  0.557728E+06
  0.211480E+00  0.562972E+06  0.558361E+06  0.000000E+00  0.000000E+00  0.138619E+06  0.549950E+06
  0.213312E+00  0.555093E+06  0.550433E+06  0.000000E+00  0.000000E+00  0.135477E+06  0.542201E+06
  0.215144E+00  0.547284E+06  0.542573E+06  0.000000E+00  0.000000E+00  0.132402E+06  0.534522E+06
  0.216977E+00  0.539583E+06  0.534822E+06  0.000000E+00  0.000000E+00  0.129402E+06  0.526950E+06
  0.218809E+00  0.532030E+06  0.527223E+06  0.000000E+00  0.000000E+00  0.126484E+06  0.519524E+06
  0.220641E+00  0.524657E+06  0.519811E+06  0.000000E+00  0.000000E+00  0.123654E+06  0.512277E+06
  0.222473E+00  0.517496E+06  0.512621E+06  0.000000E+00  0.000000E+00  0.120919E+06  0.505241E+06
  0.224306E+00  0.510575E+06  0.505683E+06  0.000000E+00  0.000000E+00  0.118282E+06  0.498442E+06
  0.226138E+00  0.503915E+06  0.499018E+06  0.000000E+00  0.000000E+00  0.115746E+06  0.491901E+06
  0.227970E+00  0.497532E+06  0.492643E+06  0.000000E+00  0.000000E+00  0.113312E+06  0.485633E+06
  0.229802E+00  0.491432E+06  0.486567E+06  0.000000E+00  0.000000E+00  0.110980E+06  0.479646E+06
  0.231634E+00  0.485619E+06  0.480792E+06  0.000000E+00  0.000000E+00  0.108748E+06  0.473943E+06
  0.233467E+00  0.480087E+06  0.475312E+06  0.000000E+00  0.000000E+00  0.106612E+06  0.468518E+06
  0.235299E+00  0.474829E+06  0.470118E+06  0.000000E+00  0.000000E+00  0.104570E+06  0.463362E+06
  0.237131E+00  0.469829E+06  0.465195E+06  0.000000E+00  0.000000E+00  0.102614E+06  0.458463E+06
  0.238963E+00  0.465069E+06  0.460522E+06  0.000000E+00  0.000000E+00  0.100740E+06  0.453800E+06
  0.240796E+00  0.460530E+06  0.456077E+06  0.000000E+00  0.000000E+00  0.989404E+05  0.449354E+06
  0.242628E+00  0.456186E+06  0.451834E+06  0.000000E+00  0.000000E+00  0.972092E+05  0.445101E+06
  0.244460E+00  0.452010E+06  0.447763E+06  0.000000E+00  0.000000E+00  0.955388E+05  0.441015E+06
  0.246292E+00  0.447975E+06  0.443835E+06  0.000000E+00  0.000000E+00  0.939219E+05  0.437066E+06
  0.248125E+00  0.444052E+06  0.440018E+06  0.000000E+00  0.000000E+00  0.923513E+05  0.433227E+06
  0.249957E+00  0.440213E+06  0.436284E+06  0.000000E+00  0.000000E+00  0.908204E+05  0.429471E+06
  0.251789E+00  0.436430E+06  0.432602E+06  0.000000E+00  0.000000E+00  0.893226E+05  0.425770E+06
  0.253621E+00  0.432682E+06  0.428948E+06  0.000000E+00  0.000000E+00  0.878525E+05  0.422102E+06
  0.255453E+00  0.428945E+06  0.425300E+06  0.000000E+00  0.000000E+00  0.864053E+05  0.418446E+06
  0.257286E+00  0.425203E+06  0.421638E+06  0.000000E+00  0.000000E+00  0.849768E+05  0.414782E+06
  0.259118E+00  0.421439E+06  0.417946E+06  0.000000E+00  0.000000E+00  0.835638E+05  0.411098E+06
  0.260950E+00  0.417644E+06  0.414212E+06  0.000000E+00  0.000000E+00  0.821638E+05  0.407382E+06
  0.262782E+00  0.413808E+06  0.410428E+06  0.000000E+00  0.000000E+00  0.807748E+05  0.403624E+06
  0.264615E+00  0.409925E+06  0.406588E+06  0.000000E+00  0.000000E+00  0.793959E+05  0.399821E+06
  0.266447E+00  0.405997E+06  0.402693E+06  0.000000E+00  0.000000E+00  0.780267E+05  0.395972E+06
  0.268279E+00  0.402024E+06  0.398746E+06  0.000000E+00  0.000000E+00  0.766678E+05  0.392079E+06
  0.270111E+00  0.398014E+06  0.394752E+06  0.000000E+00  0.000000E+00  0.753200E+05  0.388148E+06
  0.271944E+00  0.393974E+06  0.390722E+06  0.000000E+00  0.000000E+00  0.739849E+05  0.384188E+06
  0.273776E+00  0.389914E+06  0.386667E+06  0.000000E+00  0.000000E+00  0.726642E+05  0.380209E+06
  0.275608E+00  0.385849E+06  0.382601E+06  0.000000E+00  0.000000E+00  0.713603E+05  0.376224E+06
  0.277440E+00  0.381791E+06  0.378539E+06  0.000000E+00  0.000000E+00  0.700752E+05  0.372246E+06
  0.279272E+00  0.377754E+06  0.374496E+06  0.000000E+00  0.000000E+00  0.688114E+05  0.368289E+06
  0.281105E+00  0.373751E+06  0.370486E+06  0.000000E+00  0.000000E+00  0.675707E+05  0.364365E+06
  0.282937E+00  0.369797E+06  0.366525E+06  0.000000E+00  0.000000E+00  0.663554E+05  0.360489E+06
  0.284769E+00  0.365904E+06  0.362628E+06  0.000000E+00  0.000000E+00  0.651674E+05  0.356674E+06
  0.286601E+00  0.362086E+06  0.358806E+06  0.000000E+00  0.000000E+00  0.640085E+05  0.352932E+06
  0.288434E+00  0.358352E+06  0.355073E+06  0.000000E+00  0.000000E+00  0.628799E+05  0.349275E+06
  0.290266E+00  0.354713E+06  0.351439E+06  0.000000E+00  0.000000E+00  0.617829E+05  0.345710E+06
  0.292098E+00  0.351176E+06  0.347911E+06  0.000000E+00  0.000000E+00  0.607181E+05  0.342246E+06
  0.293930E+00  0.347746E+06  0.344494E+06  0.000000E+00  0.000000E+00  0.596857E+05  0.338888E+06
  0.295763E+00  0.344425E+06  0.341192E+06  0.000000E+00  0.000000E+00  0.586855E+05  0.335637E+06
  0.297595E+00  0.341214E+06  0.338004E+06  0.000000E+00  0.000000E+00  0.577171E+05  0.332495E+06
  0.299427E+00  0.338112E+06  0.334929E+06  0.000000E+00  0.000000E+00  0.567795E+05  0.329459E+06
  0.301259E+00  0.335114E+06  0.331964E+06  0.000000E+00  0.000000E+00  0.558716E+05  0.326528E+06
  0.303091E+00  0.332219E+06  0.329105E+06  0.000000E+00  0.000000E+00  0.549922E+05  0.323696E+06
  0.304924E+00  0.329418E+06  0.326344E+06  0.000000E+00  0.000000E+00  0.541397E+05  0.320958E+06
  0.306756E+00  0.326704E+06  0.323673E+06  0.000000E+00  0.000000E+00  0.533123E+05  0.318306E+06
  0.308588E+00  0.324070E+06  0.321083E+06  0.000000E+00  0.000000E+00  0.525082E+05  0.315731E+06
  0.310420E+00  0.321506E+06  0.318565E+06  0.000000E+00  0.000000E+00  0.517255E+05  0.313226E+06
  0.312253E+00  0.319001E+06  0.316107E+06  0.000000E+00  0.000000E+00  0.509620E+05  0.310778E+06
  0.314085E+00  0.316545E+06  0.313698E+06  0.000000E+00  0.000000E+00  0.502159E+05  0.308380E+06
  0.315917E+00  0.314130E+06  0.311329E+06  0.000000E+00  0.000000E+00  0.494853E+05  0.306020E+06
  0.317749E+00  0.311746E+06  0.308989E+06  0.000000E+00  0.000000E+00  0.487685E+05  0.303691E+06
  0.319582E+00  0.309384E+06  0.306670E+06  0.000000E+00  0.000000E+00  0.480639E+05  0.301384E+06
  0.321414E+00  0.307038E+06  0.304365E+06  0.000000E+00  0.000000E+00  0.473703E+05  0.299092E+06
  0.323246E+00  0.304701E+06  0.302065E+06  0.000000E+00  0.000000E+00  0.466864E+05  0.296809E+06
  0.325078E+00  0.302367E+06  0.299765E+06  0.000000E+00  0.000000E+00  0.460112E+05  0.294528E+06
  0.326910E+00  0.300031E+06  0.297461E+06  0.000000E+00  0.000000E+00  0.453439E+05  0.292246E+06
  0.328743E+00  0.297691E+06  0.295149E+06  0.000000E+00  0.000000E+00  0.446839E+05  0.289959E+06
  0.330575E+00  0.295345E+06  0.292827E+06  0.000000E+00  0.000000E+00  0.440308E+05  0.287665E+06
  0.332407E+00  0.292991E+06  0.290495E+06  0.000000E+00  0.000000E+00  0.433843E+05  0.285364E+06
  0.334239E+00  0.290631E+06  0.288153E+06  0.000000E+00  0.000000E+00  0.427446E+05  0.283057E+06
  0.336072E+00  0.288267E+06  0.285804E+06  0.000000E+00  0.000000E+00  0.421118E+05  0.280745E+06
  0.337904E+00  0.285900E+06  0.283450E+06  0.000000E+00  0.000000E+00  0.414862E+05  0.278431E+06
  0.339736E+00  0.283536E+06  0.281096E+06  0.000000E+00  0.000000E+00  0.408682E+05  0.276119E+06
  0.341568E+00  0.281176E+06  0.278745E+06  0.000000E+00  0.000000E+00  0.402583E+05  0.273811E+06
  0.343401E+00  0.278826E+06  0.276403E+06  0.000000E+00  0.000000E+00  0.396569E+05  0.271513E+06
  0.345233E+00  0.276490E+06  0.274073E+06  0.000000E+00  0.000000E+00  0.390645E+05  0.269229E+06
  0.347065E+00  0.274173E+06  0.271762E+06  0.000000E+00  0.000000E+00  0.384817E+05  0.266963E+06
  0.348897E+00  0.271879E+06  0.269474E+06  0.000000E+00  0.000000E+00  0.379090E+05  0.264720E+06
  0.350729E+00  0.269613E+06  0.267215E+06  0.000000E+00  0.000000E+00  0.373469E+05  0.262505E+06
  0.352562E+00  0.267380E+06  0.264988E+06  0.000000E+00  0.000000E+00  0.367958E+05  0.260321E+06
  0.354394E+00  0.265183E+06  0.262799E+06  0.000000E+00  0.000000E+00  0.362561E+05  0.258174E+06
  0.356226E+00  0.263026E+06  0.260651E+06  0.000000E+00  0.000000E+00  0.357281E+05  0.256065E+06
  0.358058E+00  0.260910E+06  0.258546E+06  0.000000E+00  0.000000E+00  0.352118E+05  0.253998E+06
  0.359891E+00  0.258839E+06  0.256487E+06  0.000000E+00  0.000000E+00  0.347073E+05  0.251974E+06
  0.361723E+00  0.256812E+06  0.254473E+06  0.000000E+00  0.000000E+00  0.342146E+05  0.249993E+06
  0.363555E+00  0.254830E+06  0.252506E+06  0.000000E+00  0.000000E+00  0.337335E+05  0.248058E+06
  0.365387E+00  0.252894E+06  0.250586E+06  0.000000E+00  0.000000E+00  0.332638E+05  0.246166E+06
  0.367220E+00  0.251001E+06  0.248712E+06  0.000000E+00  0.000000E+00  0.328053E+05  0.244318E+06
  0.369052E+00  0.249152E+06  0.246882E+06  0.000000E+00  0.000000E+00  0.323575E+05  0.242512E+06
  0.370884E+00  0.247344E+06  0.245094E+06  0.000000E+00  0.000000E+00  0.319201E+05  0.240747E+06
  0.372716E+00  0.245574E+06  0.243346E+06  0.000000E+00  0.000000E+00  0.314925E+05  0.239020E+06
  0.374548E+00  0.243841E+06  0.241635E+06  0.000000E+00  0.000000E+00  0.310742E+05  0.237328E+06
  0.376381E+00  0.242139E+06  0.239956E+06  0.000000E+00  0.000000E+00  0.306647E+05  0.235667E+06
  0.378213E+00  0.240466E+06  0.238306E+06  0.000000E+00  0.000000E+00  0.302633E+05  0.234035E+06
  0.380045E+00  0.238820E+06  0.236682E+06  0.000000E+00  0.000000E+00  0.298695E+05  0.232428E+06
  0.381877E+00  0.237195E+06  0.235081E+06  0.000000E+00  0.000000E+00  0.294829E+05  0.230843E+06
  0.383710E+00  0.235590E+06  0.233498E+06  0.000000E+00  0.000000E+00  0.291028E+05  0.229277E+06
  0.385542E+00  0.234001E+06  0.231931E+06  0.000000E+00  0.000000E+00  0.287288E+05  0.227726E+06
  0.387374E+00  0.232426E+06  0.230377E+06  0.000000E+00  0.000000E+00  0.283606E+05  0.226190E+06
  0.389206E+00  0.230863E+06  0.228833E+06  0.000000E+00  0.000000E+00  0.279977E+05  0.224664E+06
  0.391039E+00  0.229308E+06  0.227298E+06  0.000000E+00  0.000000E+00  0.276397E+05  0.223147E+06
  0.392871E+00  0.227760E+06  0.225768E+06  0.000000E+00  0.000000E+00  0.272864E+05  0.221636E+06
  0.394703E+00  0.226218E+06  0.224242E+06  0.000000E+00  0.000000E+00  0.269376E+05  0.220131E+06
  0.396535E+00  0.224680E+06  0.222720E+06  0.000000E+00  0.000000E+00  0.265929E+05  0.218631E+06
  0.398367E+00  0.223147E+06  0.221202E+06  0.000000E+00  0.000000E+00  0.262525E+05  0.217135E+06
  0.400200E+00  0.221619E+06  0.219686E+06  0.000000E+00  0.000000E+00  0.259162E+05  0.215643E+06
  0.402032E+00  0.220095E+06  0.218175E+06  0.000000E+00  0.000000E+00  0.255840E+05  0.214156E+06
  0.403864E+00  0.218577E+06  0.216668E+06  0.000000E+00  0.000000E+00  0.252558E+05  0.212674E+06
  0.405696E+00  0.217065E+06  0.215166E+06  0.000000E+00  0.000000E+00  0.249319E+05  0.211198E+06
  0.407529E+00  0.215560E+06  0.213671E+06  0.000000E+00  0.000000E+00  0.246122E+05  0.209729E+06
  0.409361E+00  0.214063E+06  0.212183E+06  0.000000E+00  0.000000E+00  0.242967E+05  0.208268E+06
  0.411193E+00  0.212577E+06  0.210705E+06  0.000000E+00  0.000000E+00  0.239857E+05  0.206816E+06
  0.413025E+00  0.211101E+06  0.209238E+06  0.000000E+00  0.000000E+00  0.236791E+05  0.205376E+06
  0.414858E+00  0.209639E+06  0.207784E+06  0.000000E+00  0.000000E+00  0.233772E+05  0.203949E+06
  0.416690E+00  0.208191E+06  0.206344E+06  0.000000E+00  0.000000E+00  0.230800E+05  0.202535E+06
  0.418522E+00  0.206759E+06  0.204920E+06  0.000000E+00  0.000000E+00  0.227876E+05  0.201138E+06
  0.420354E+00  0.205344E+06  0.203514E+06  0.000000E+00  0.000000E+00  0.225002E+05  0.199757E+06
  0.422186E+00  0.203948E+06  0.202126E+06  0.000000E+00  0.000000E+00  0.222177E+05  0.198394E+06
  0.424019E+00  0.202570E+06  0.200758E+06  0.000000E+00  0.000000E+00  0.219401E+05  0.197050E+06
  0.425851E+00  0.201212E+06  0.199409E+06  0.000000E+00  0.000000E+00  0.216675E+05  0.195725E+06
  0.427683E+00  0.199875E+06  0.198081E+06  0.000000E+00  0.000000E+00  0.213999E+05  0.194420E+06
  0.429515E+00  0.198557E+06  0.196775E+06  0.000000E+00  0.000000E+00  0.211372E+05  0.193135E+06
  0.431348E+00  0.197261E+06  0.195489E+06  0.000000E+00  0.000000E+00  0.208793E+05  0.191870E+06
  0.433180E+00  0.195985E+06  0.194224E+06  0.000000E+00  0.000000E+00  0.206261E+05  0.190625E+06
  0.435012E+00  0.194729E+06  0.192980E+06  0.000000E+00  0.000000E+00  0.203776E+05  0.189401E+06
  0.436844E+00  0.193492E+06  0.191755E+06  0.000000E+00  0.000000E+00  0.201337E+05  0.188195E+06
  0.438677E+00  0.192274E+06  0.190550E+06  0.000000E+00  0.000000E+00  0.198941E+05  0.187007E+06
  0.440509E+00  0.191074E+06  0.189362E+06  0.000000E+00  0.000000E+00  0.196587E+05  0.185837E+06
  0.442341E+00  0.189891E+06  0.188192E+06  0.000000E+00  0.000000E+00  0.194274E+05  0.184683E+06
  0.444173E+00  0.188723E+06  0.187036E+06  0.000000E+00  0.000000E+00  0.191999E+05  0.183544E+06
  0.446005E+00  0.187569E+06  0.185896E+06  0.000000E+00  0.000000E+00  0.189761E+05  0.182420E+06
  0.447838E+00  0.186429E+06  0.184769E+06  0.000000E+00  0.000000E+00  0.187558E+05  0.181308E+06
  0.449670E+00  0.185301E+06  0.183654E+06  0.000000E+00  0.000000E+00  0.185390E+05  0.180209E+06
  0.451502E+00  0.184185E+06  0.182550E+06  0.000000E+00  0.000000E+00  0.183254E+05  0.179120E+06
  0.453334E+00  0.183078E+06  0.181456E+06  0.000000E+00  0.000000E+00  0.181149E+05  0.178042E+06
  0.455167E+00  0.181981E+06  0.180370E+06  0.000000E+00  0.000000E+00  0.179073E+05  0.176972E+06
  0.456999E+00  0.180892E+06  0.179293E+06  0.000000E+00  0.000000E+00  0.177025E+05  0.175911E+06
  0.458831E+00  0.179811E+06  0.178223E+06  0.000000E+00  0.000000E+00  0.175004E+05  0.174857E+06
  0.460663E+00  0.178736E+06  0.177159E+06  0.000000E+00  0.000000E+00  0.173009E+05  0.173809E+06
  0.462496E+00  0.177668E+06  0.176102E+06  0.000000E+00  0.000000E+00  0.171040E+05  0.172768E+06
  0.464328E+00  0.176607E+06  0.175050E+06  0.000000E+00  0.000000E+00  0.169095E+05  0.171733E+06
  0.466160E+00  0.175551E+06  0.174004E+06  0.000000E+00  0.000000E+00  0.167175E+05  0.170704E+06
  0.467992E+00  0.174502E+06  0.172964E+06  0.000000E+00  0.000000E+00  0.165279E+05  0.169682E+06
  0.469824E+00  0.173459E+06  0.171930E+06  0.000000E+00  0.000000E+00  0.163407E+05  0.168665E+06
  0.471657E+00  0.172422E+06  0.170902E+06  0.000000E+00  0.000000E+00  0.161558E+05  0.167654E+06
  0.473489E+00  0.171392E+06  0.169879E+06  0.000000E+00  0.000000E+00  0.159733E+05  0.166649E+06
  0.475321E+00  0.170368E+06  0.168863E+06  0.000000E+00  0.000000E+00  0.157931E+05  0.165651E+06
  0.477153E+00  0.169351E+06  0.167854E+06  0.000000E+00  0.000000E+00  0.156152E+05  0.164660E+06
  0.478986E+00  0.168342E+06  0.166852E+06  0.000000E+00  0.000000E+00  0.154397E+05  0.163676E+06
  0.480818E+00  0.167341E+06  0.165859E+06  0.000000E+00  0.000000E+00  0.152666E+05  0.162700E+06
  0.482650E+00  0.166348E+06  0.164873E+06  0.000000E+00  0.000000E+00  0.150958E+05  0.161732E+06
  0.484482E+00  0.165365E+06  0.163897E+06  0.000000E+00  0.000000E+00  0.149275E+05  0.160774E+06
  0.486315E+00  0.164390E+06  0.162930E+06  0.000000E+00  0.000000E+00  0.147616E+05  0.159824E+06
  0.488147E+00  0.163426E+06  0.161973E+06  0.000000E+00  0.000000E+00  0.145980E+05  0.158884E+06
  0.489979E+00  0.162471E+06  0.161025E+06  0.000000E+00  0.000000E+00  0.144368E+05  0.157953E+06
  0.491811E+00  0.161526E+06  0.160087E+06  0.000000E+00  0.000000E+00  0.142781E+05  0.157032E+06
  0.493643E+00  0.160591E+06  0.159160E+06  0.000000E+00  0.000000E+00  0.141216E+05  0.156121E+06
  0.495476E+00  0.159667E+06  0.158244E+06  0.000000E+00  0.000000E+00  0.139676E+05  0.155221E+06
  0.497308E+00  0.158754E+06  0.157338E+06  0.000000E+00  0.000000E+00  0.138158E+05  0.154330E+06
  0.499140E+00  0.157851E+06  0.156443E+06  0.000000E+00  0.000000E+00  0.136664E+05  0.153451E+06
  0.500972E+00  0.156959E+06  0.155559E+06  0.000000E+00  0.000000E+00  0.135192E+05  0.152581E+06
  0.502805E+00  0.156076E+06  0.154684E+06  0.000000E+00  0.000000E+00  0.133742E+05  0.151721E+06
  0.504637E+00  0.155204E+06  0.153820E+06  0.000000E+00  0.000000E+00  0.132314E+05  0.150871E+06
  0.506469E+00  0.154341E+06  0.152965E+06  0.000000E+00  0.000000E+00  0.130906E+05  0.150031E+06
  0.508301E+00  0.153488E+06  0.152120E+06  0.000000E+00  0.000000E+00  0.129519E+05  0.149199E+06
  0.510134E+00  0.152643E+06  0.151284E+06  0.000000E+00  0.000000E+00  0.128152E+05  0.148376E+06
  0.511966E+00  0.151807E+06  0.150456E+06  0.000000E+00  0.000000E+00  0.126805E+05  0.147562E+06
  0.513798E+00  0.150979E+06  0.149636E+06  0.000000E+00  0.000000E+00  0.125476E+05  0.146756E+06
  0.515630E+00  0.150160E+06  0.148825E+06  0.000000E+00  0.000000E+00  0.124166E+05  0.145957E+06
  0.517462E+00  0.149347E+06  0.148021E+06  0.000000E+00  0.000000E+00  0.122874E+05  0.145166E+06
  0.519295E+00  0.148542E+06  0.147223E+06  0.000000E+00  0.000000E+00  0.121598E+05  0.144382E+06
  0.521127E+00  0.147744E+06  0.146433E+06  0.000000E+00  0.000000E+00  0.120339E+05  0.143604E+06
  0.522959E+00  0.146951E+06  0.145648E+06  0.000000E+00  0.000000E+00  0.119097E+05  0.142832E+06
  0.524791E+00  0.146165E+06  0.144869E+06  0.000000E+00  0.000000E+00  0.117870E+05  0.142066E+06
  0.526624E+00  0.145384E+06  0.144096E+06  0.000000E+00  0.000000E+00  0.116658E+05  0.141305E+06
  0.528456E+00  0.144609E+06  0.143328E+06  0.000000E+00  0.000000E+00  0.115461E+05  0.140550E+06
  0.530288E+00  0.143839E+06  0.142565E+06  0.000000E+00  0.000000E+00  0.114279E+05  0.139801E+06
  0.532120E+00  0.143075E+06  0.141808E+06  0.000000E+00  0.000000E+00  0.113112E+05  0.139056E+06
  0.533953E+00  0.142315E+06  0.141056E+06  0.000000E+00  0.000000E+00  0.111958E+05  0.138317E+06
  0.535785E+00  0.141561E+06  0.140308E+06  0.000000E+00  0.000000E+00  0.110819E+05  0.137582E+06
  0.537617E+00  0.140812E+06  0.139566E+06  0.000000E+00  0.000000E+00  0.109693E+05  0.136853E+06
  0.539449E+00  0.140069E+06  0.138828E+06  0.000000E+00  0.000000E+00  0.108581E+05  0.136128E+06
  0.541281E+00  0.139330E+06  0.138096E+06  0.000000E+00  0.000000E+00  0.107483E+05  0.135409E+06
  0.543114E+00  0.138597E+06  0.137369E+06  0.000000E+00  0.000000E+00  0.106398E+05  0.134695E+06
  0.544946E+00  0.137869E+06  0.136647E+06  0.000000E+00  0.000000E+00  0.105326E+05  0.133986E+06
  0.546778E+00  0.137146E+06  0.135930E+06  0.000000E+00  0.000000E+00  0.104268E+05  0.133282E+06
  0.548610E+00  0.136429E+06  0.135219E+06  0.000000E+00  0.000000E+00  0.103222E+05  0.132584E+06
  0.550443E+00  0.135718E+06  0.134514E+06  0.000000E+00  0.000000E+00  0.102190E+05  0.131891E+06
  0.552275E+00  0.135012E+06  0.133814E+06  0.000000E+00  0.000000E+00  0.101171E+05  0.131204E+06
  0.554107E+00  0.134313E+06  0.133120E+06  0.000000E+00  0.000000E+00  0.100165E+05  0.130522E+06
  0.555939E+00  0.133619E+06  0.132432E+06  0.000000E+00  0.000000E+00  0.991713E+04  0.129846E+06
  0.557772E+00  0.132930E+06  0.131749E+06  0.000000E+00  0.000000E+00  0.981906E+04  0.129176E+06
  0.559604E+00  0.132249E+06  0.131073E+06  0.000000E+00  0.000000E+00  0.972226E+04  0.128512E+06
  0.561436E+00  0.131573E+06  0.130403E+06  0.000000E+00  0.000000E+00  0.962671E+04  0.127854E+06
  0.563268E+00  0.130903E+06  0.129739E+06  0.000000E+00  0.000000E+00  0.953240E+04  0.127202E+06
  0.565100E+00  0.130239E+06  0.129081E+06  0.000000E+00  0.000000E+00  0.943931E+04  0.126556E+06
  0.566933E+00  0.129581E+06  0.128429E+06  0.000000E+00  0.000000E+00  0.934742E+04  0.125915E+06
  0.568765E+00  0.128930E+06  0.127783E+06  0.000000E+00  0.000000E+00  0.925671E+04  0.125280E+06
  0.570597E+00  0.128283E+06  0.127142E+06  0.000000E+00  0.000000E+00  0.916717E+04  0.124651E+06
  0.572429E+00  0.127643E+06  0.126508E+06  0.000000E+00  0.000000E+00  0.907876E+04  0.124028E+06
  0.574262E+00  0.127008E+06  0.125879E+06  0.000000E+00  0.000000E+00  0.899148E+04  0.123410E+06
  0.576094E+00  0.126379E+06  0.125255E+06  0.000000E+00  0.000000E+00  0.890531E+04  0.122797E+06
  0.577926E+00  0.125755E+06  0.124637E+06  0.000000E+00  0.000000E+00  0.882022E+04  0.122190E+06
  0.579758E+00  0.125137E+06  0.124025E+06  0.000000E+00  0.000000E+00  0.873619E+04  0.121588E+06
  0.581591E+00  0.124523E+06  0.123417E+06  0.000000E+00  0.000000E+00  0.865320E+04  0.120991E+06
  0.583423E+00  0.123915E+06  0.122814E+06  0.000000E+00  0.000000E+00  0.857122E+04  0.120398E+06
  0.585255E+00  0.123311E+06  0.122216E+06  0.000000E+00  0.000000E+00  0.849023E+04  0.119811E+06
  0.587087E+00  0.122712E+06  0.121622E+06  0.000000E+00  0.000000E+00  0.841021E+04  0.119227E+06
  0.707312E+00  0.914462E+05  0.906343E+05  0.000000E+00  0.000000E+00  0.473314E+04  0.888051E+05
  0.863914E+00  0.663674E+05  0.657783E+05  0.000000E+00  0.000000E+00  0.250667E+04  0.644236E+05
  0.105519E+01  0.479417E+05  0.475162E+05  0.000000E+00  0.000000E+00  0.130462E+04  0.465229E+05
  0.128881E+01  0.344870E+05  0.341809E+05  0.000000E+00  0.000000E+00  0.668592E+03  0.334586E+05
  0.157415E+01  0.247136E+05  0.244942E+05  0.000000E+00  0.000000E+00  0.430722E+03  0.239752E+05
  0.192267E+01  0.176465E+05  0.174898E+05  0.000000E+00  0.000000E+00  0.218129E+03  0.171167E+05
  0.234836E+01  0.125597E+05  0.124481E+05  0.000000E+00  0.000000E+00  0.109105E+03  0.121812E+05
  0.286829E+01  0.891283E+04  0.883351E+04  0.000000E+00  0.000000E+00  0.539773E+02  0.864355E+04
  0.350334E+01  0.630768E+04  0.625145E+04  0.000000E+00  0.000000E+00  0.264458E+02  0.611676E+04
  0.427899E+01  0.445282E+04  0.441302E+04  0.000000E+00  0.000000E+00  0.128460E+02  0.431785E+04
  0.522637E+01  0.313614E+04  0.310800E+04  0.000000E+00  0.000000E+00  0.619274E+01  0.304098E+04
  0.638351E+01  0.220407E+04  0.218418E+04  0.000000E+00  0.000000E+00  0.296553E+01  0.213713E+04
  0.779683E+01  0.154594E+04  0.153187E+04  0.000000E+00  0.000000E+00  0.141191E+01  0.149896E+04
  0.952307E+01  0.108234E+04  0.107236E+04  0.000000E+00  0.000000E+00  0.668892E+00  0.104941E+04
  0.116315E+02  0.756458E+03  0.749354E+03  0.000000E+00  0.000000E+00  0.315554E+00  0.733423E+03
  0.142067E+02  0.527851E+03  0.522756E+03  0.000000E+00  0.000000E+00  0.148338E+00  0.511754E+03
  0.173522E+02  0.367776E+03  0.364083E+03  0.000000E+00  0.000000E+00  0.695239E-01  0.356538E+03
  0.211940E+02  0.255882E+03  0.253165E+03  0.000000E+00  0.000000E+00  0.325031E-01  0.248041E+03
  0.258864E+02  0.177792E+03  0.175751E+03  0.000000E+00  0.000000E+00  0.151627E-01  0.172320E+03
  0.316177E+02  0.123374E+03  0.121799E+03  0.000000E+00  0.000000E+00  0.705996E-02  0.119553E+03
  0.386180E+02  0.855053E+02  0.842500E+02  0.000000E+00  0.000000E+00  0.328153E-02  0.828320E+02
  0.471681E+02  0.591868E+02  0.581493E+02  0.000000E+00  0.000000E+00  0.152279E-02  0.573108E+02
  0.576112E+02  0.409176E+02  0.400270E+02  0.000000E+00  0.000000E+00  0.705468E-03  0.395943E+02
  0.703666E+02  0.282502E+02  0.274580E+02  0.000000E+00  0.000000E+00  0.326250E-03  0.273097E+02
  0.859458E+02  0.194765E+02  0.187493E+02  0.000000E+00  0.000000E+00  0.150579E-03  0.188006E+02
  0.104975E+03  0.134054E+02  0.127214E+02  0.000000E+00  0.000000E+00  0.693315E-04  0.129124E+02
