  0.355810E-05  0.193325E+08  0.193325E+08  0.257751E+08  0.257751E+08  0.193325E+08  0.193325E+08
  0.367857E-05  0.193325E+08  0.193325E+08  0.257750E+08  0.257750E+08  0.193325E+08  0.193325E+08
  0.380311E-05  0.193325E+08  0.193325E+08  0.257749E+08  0.257749E+08  0.193325E+08  0.193325E+08
  0.393186E-05  0.193325E+08  0.193325E+08  0.257748E+08  0.257748E+08  0.193325E+08  0.193325E+08
  0.406498E-05  0.193325E+08  0.193325E+08  0.257747E+08  0.257746E+08  0.193325E+08  0.193325E+08
  0.420260E-05  0.193325E+08  0.193325E+08  0.257746E+08  0.257745E+08  0.193325E+08  0.193325E+08
  0.434489E-05  0.193325E+08  0.193325E+08  0.257744E+08  0.257744E+08  0.193325E+08  0.193325E+08
  0.449198E-05  0.193325E+08  0.193325E+08  0.257743E+08  0.257742E+08  0.193325E+08  0.193325E+08
  0.464406E-05  0.193325E+08  0.193325E+08  0.257741E+08  0.257740E+08  0.193325E+08  0.193325E+08
  0.480129E-05  0.193325E+08  0.193325E+08  0.257739E+08  0.257738E+08  0.193325E+08  0.193325E+08
  0.496384E-05  0.193325E+08  0.193325E+08  0.257737E+08  0.257737E+08  0.193325E+08  0.193325E+08
  0.513190E-05  0.193325E+08  0.193325E+08  0.257735E+08  0.257734E+08  0.193325E+08  0.193325E+08
  0.530564E-05  0.193325E+08  0.193325E+08  0.257733E+08  0.257732E+08  0.193325E+08  0.193325E+08
  0.548527E-05  0.193325E+08  0.193325E+08  0.257731E+08  0.257730E+08  0.193325E+08  0.193325E+08
  0.567098E-05  0.193325E+08  0.193325E+08  0.257729E+08  0.257727E+08  0.193325E+08  0.193325E+08
  0.586297E-05  0.193325E+08  0.193325E+08  0.257726E+08  0.257725E+08  0.193325E+08  0.193325E+08
  0.606147E-05  0.193325E+08  0.193325E+08  0.257723E+08  0.257722E+08  0.193325E+08  0.193325E+08
  0.626668E-05  0.193325E+08  0.193325E+08  0.257720E+08  0.257719E+08  0.193325E+08  0.193325E+08
  0.647885E-05  0.193325E+08  0.193325E+08  0.257717E+08  0.257716E+08  0.193325E+08  0.193325E+08
  0.669819E-05  0.193325E+08  0.193325E+08  0.257714E+08  0.257712E+08  0.193325E+08  0.193325E+08
  0.692496E-05  0.193325E+08  0.193325E+08  0.257710E+08  0.257708E+08  0.193325E+08  0.193325E+08
  0.715941E-05  0.193325E+08  0.193325E+08  0.257706E+08  0.257704E+08  0.193325E+08  0.193325E+08
  0.740180E-05  0.193325E+08  0.193325E+08  0.257702E+08  0.257700E+08  0.193325E+08  0.193325E+08
  0.765239E-05  0.193325E+08  0.193325E+08  0.257697E+08  0.257695E+08  0.193325E+08  0.193325E+08
  0.791147E-05  0.193325E+08  0.193325E+08  0.257693E+08  0.257691E+08  0.193325E+08  0.193325E+08
  0.817932E-05  0.193325E+08  0.193325E+08  0.257688E+08  0.257685E+08  0.193325E+08  0.193325E+08
  0.845624E-05  0.193325E+08  0.193325E+08  0.257682E+08  0.257680E+08  0.193325E+08  0.193325E+08
  0.874253E-05  0.193325E+08  0.193325E+08  0.257676E+08  0.257674E+08  0.193325E+08  0.193325E+08
  0.903851E-05  0.193325E+08  0.193325E+08  0.257670E+08  0.257667E+08  0.193325E+08  0.193325E+08
  0.934452E-05  0.193325E+08  0.193325E+08  0.257664E+08  0.257661E+08  0.193325E+08  0.193325E+08
  0.966088E-05  0.193325E+08  0.193325E+08  0.257657E+08  0.257653E+08  0.193325E+08  0.193325E+08
  0.998796E-05  0.193325E+08  0.193325E+08  0.257649E+08  0.257646E+08  0.193325E+08  0.193325E+08
  0.103261E-04  0.193325E+08  0.193325E+08  0.257641E+08  0.257637E+08  0.193325E+08  0.193325E+08
  0.106757E-04  0.193325E+08  0.193325E+08  0.257632E+08  0.257628E+08  0.193325E+08  0.193325E+08
  0.110371E-04  0.193325E+08  0.193325E+08  0.257623E+08  0.257619E+08  0.193325E+08  0.193325E+08
  0.114108E-04  0.193325E+08  0.193325E+08  0.257613E+08  0.257609E+08  0.193325E+08  0.193325E+08
  0.117971E-04  0.193325E+08  0.193324E+08  0.257603E+08  0.257598E+08  0.193325E+08  0.193325E+08
  0.121965E-04  0.193324E+08  0.193324E+08  0.257591E+08  0.257586E+08  0.193325E+08  0.193324E+08
  0.126095E-04  0.193324E+08  0.193324E+08  0.257579E+08  0.257574E+08  0.193325E+08  0.193324E+08
  0.130364E-04  0.193324E+08  0.193324E+08  0.257566E+08  0.257561E+08  0.193325E+08  0.193324E+08
  0.134777E-04  0.193324E+08  0.193324E+08  0.257553E+08  0.257546E+08  0.193325E+08  0.193324E+08
  0.139340E-04  0.193324E+08  0.193324E+08  0.257538E+08  0.257531E+08  0.193325E+08  0.193324E+08
  0.144058E-04  0.193324E+08  0.193324E+08  0.257522E+08  0.257515E+08  0.193325E+08  0.193324E+08
  0.148935E-04  0.193324E+08  0.193324E+08  0.257505E+08  0.257498E+08  0.193325E+08  0.193324E+08
  0.153977E-04  0.193324E+08  0.193324E+08  0.257487E+08  0.257479E+08  0.193325E+08  0.193324E+08
  0.159190E-04  0.193324E+08  0.193324E+08  0.257468E+08  0.257460E+08  0.193325E+08  0.193324E+08
  0.164580E-04  0.193324E+08  0.193324E+08  0.257448E+08  0.257439E+08  0.193325E+08  0.193324E+08
  0.170152E-04  0.193324E+08  0.193324E+08  0.257426E+08  0.257416E+08  0.193324E+08  0.193324E+08
  0.175912E-04  0.193324E+08  0.193324E+08  0.257402E+08  0.257392E+08  0.193324E+08  0.193324E+08
  0.181868E-04  0.193324E+08  0.193324E+08  0.257377E+08  0.257366E+08  0.193324E+08  0.193324E+08
  0.188025E-04  0.193324E+08  0.193324E+08  0.257351E+08  0.257339E+08  0.193324E+08  0.193324E+08
  0.194391E-04  0.193324E+08  0.193324E+08  0.257322E+08  0.257309E+08  0.193324E+08  0.193324E+08
  0.200972E-04  0.193324E+08  0.193324E+08  0.257291E+08  0.257278E+08  0.193324E+08  0.193324E+08
  0.207776E-04  0.193324E+08  0.193324E+08  0.257259E+08  0.257244E+08  0.193324E+08  0.193324E+08
  0.214810E-04  0.193324E+08  0.193324E+08  0.257224E+08  0.257208E+08  0.193324E+08  0.193324E+08
  0.222083E-04  0.193324E+08  0.193324E+08  0.257186E+08  0.257170E+08  0.193324E+08  0.193324E+08
  0.229602E-04  0.193324E+08  0.193324E+08  0.257147E+08  0.257129E+08  0.193324E+08  0.193324E+08
  0.237375E-04  0.193324E+08  0.193324E+08  0.257104E+08  0.257085E+08  0.193324E+08  0.193324E+08
  0.245412E-04  0.193324E+08  0.193324E+08  0.257058E+08  0.257038E+08  0.193324E+08  0.193324E+08
  0.253720E-04  0.193324E+08  0.193323E+08  0.257010E+08  0.256988E+08  0.193324E+08  0.193324E+08
  0.262310E-04  0.193323E+08  0.193323E+08  0.256958E+08  0.256934E+08  0.193324E+08  0.193323E+08
  0.271191E-04  0.193323E+08  0.193323E+08  0.256902E+08  0.256877E+08  0.193324E+08  0.193323E+08
  0.280372E-04  0.193323E+08  0.193323E+08  0.256843E+08  0.256816E+08  0.193323E+08  0.193323E+08
  0.289864E-04  0.193323E+08  0.193323E+08  0.256779E+08  0.256751E+08  0.193323E+08  0.193323E+08
  0.299678E-04  0.193323E+08  0.193323E+08  0.256711E+08  0.256681E+08  0.193323E+08  0.193323E+08
  0.309824E-04  0.193323E+08  0.193323E+08  0.256639E+08  0.256606E+08  0.193323E+08  0.193323E+08
  0.320313E-04  0.193323E+08  0.193323E+08  0.256561E+08  0.256527E+08  0.193323E+08  0.193323E+08
  0.331158E-04  0.193323E+08  0.193323E+08  0.256479E+08  0.256441E+08  0.193323E+08  0.193323E+08
  0.342369E-04  0.193322E+08  0.193322E+08  0.256390E+08  0.256350E+08  0.193323E+08  0.193322E+08
  0.353960E-04  0.193322E+08  0.193322E+08  0.256296E+08  0.256253E+08  0.193322E+08  0.193322E+08
  0.365944E-04  0.193322E+08  0.193322E+08  0.256195E+08  0.256149E+08  0.193322E+08  0.193322E+08
  0.378333E-04  0.193322E+08  0.193322E+08  0.256087E+08  0.256038E+08  0.193322E+08  0.193322E+08
  0.391142E-04  0.193322E+08  0.193322E+08  0.255972E+08  0.255920E+08  0.193322E+08  0.193322E+08
  0.404384E-04  0.193322E+08  0.193321E+08  0.255848E+08  0.255793E+08  0.193322E+08  0.193321E+08
  0.418075E-04  0.193321E+08  0.193321E+08  0.255717E+08  0.255657E+08  0.193321E+08  0.193321E+08
  0.432229E-04  0.193321E+08  0.193321E+08  0.255576E+08  0.255513E+08  0.193321E+08  0.193321E+08
  0.446863E-04  0.193321E+08  0.193321E+08  0.255426E+08  0.255358E+08  0.193321E+08  0.193321E+08
  0.461992E-04  0.193320E+08  0.193320E+08  0.255266E+08  0.255193E+08  0.193321E+08  0.193320E+08
  0.477633E-04  0.193320E+08  0.193320E+08  0.255094E+08  0.255017E+08  0.193320E+08  0.193320E+08
  0.493803E-04  0.193320E+08  0.193320E+08  0.254911E+08  0.254829E+08  0.193320E+08  0.193320E+08
  0.510521E-04  0.193320E+08  0.193319E+08  0.254716E+08  0.254628E+08  0.193320E+08  0.193320E+08
  0.527805E-04  0.193319E+08  0.193319E+08  0.254507E+08  0.254413E+08  0.193319E+08  0.193319E+08
  0.545675E-04  0.193319E+08  0.193319E+08  0.254284E+08  0.254183E+08  0.193319E+08  0.193319E+08
  0.564149E-04  0.193318E+08  0.193318E+08  0.254046E+08  0.253938E+08  0.193318E+08  0.193318E+08
  0.583249E-04  0.193318E+08  0.193318E+08  0.253791E+08  0.253676E+08  0.193318E+08  0.193318E+08
  0.602995E-04  0.193317E+08  0.193317E+08  0.253520E+08  0.253397E+08  0.193317E+08  0.193317E+08
  0.623410E-04  0.193317E+08  0.193317E+08  0.253230E+08  0.253099E+08  0.193317E+08  0.193317E+08
  0.644516E-04  0.193316E+08  0.193316E+08  0.252920E+08  0.252780E+08  0.193316E+08  0.193316E+08
  0.666336E-04  0.193316E+08  0.193316E+08  0.252589E+08  0.252440E+08  0.193316E+08  0.193316E+08
  0.688896E-04  0.193315E+08  0.193315E+08  0.252236E+08  0.252077E+08  0.193315E+08  0.193315E+08
  0.712219E-04  0.193315E+08  0.193314E+08  0.251860E+08  0.251690E+08  0.193314E+08  0.193315E+08
  0.736331E-04  0.193314E+08  0.193314E+08  0.251457E+08  0.251276E+08  0.193314E+08  0.193314E+08
  0.761260E-04  0.193313E+08  0.193313E+08  0.251028E+08  0.250835E+08  0.193313E+08  0.193313E+08
  0.787033E-04  0.193312E+08  0.193312E+08  0.250570E+08  0.250364E+08  0.193312E+08  0.193312E+08
  0.813679E-04  0.193311E+08  0.193311E+08  0.250082E+08  0.249861E+08  0.193311E+08  0.193311E+08
  0.841227E-04  0.193311E+08  0.193310E+08  0.249560E+08  0.249325E+08  0.193310E+08  0.193310E+08
  0.869707E-04  0.193310E+08  0.193309E+08  0.249004E+08  0.248753E+08  0.193309E+08  0.193310E+08
  0.899151E-04  0.193309E+08  0.193308E+08  0.248411E+08  0.248143E+08  0.193308E+08  0.193308E+08
  0.929593E-04  0.193307E+08  0.193307E+08  0.247779E+08  0.247493E+08  0.193307E+08  0.193307E+08
  0.961065E-04  0.193306E+08  0.193306E+08  0.247104E+08  0.246800E+08  0.193305E+08  0.193306E+08
  0.993603E-04  0.193305E+08  0.193304E+08  0.246385E+08  0.246061E+08  0.193304E+08  0.193305E+08
  0.102724E-03  0.193304E+08  0.193303E+08  0.245619E+08  0.245273E+08  0.193303E+08  0.193303E+08
  0.106202E-03  0.193302E+08  0.193302E+08  0.244802E+08  0.244433E+08  0.193301E+08  0.193302E+08
  0.109798E-03  0.193301E+08  0.193300E+08  0.243932E+08  0.243539E+08  0.193300E+08  0.193300E+08
  0.113515E-03  0.193299E+08  0.193298E+08  0.243005E+08  0.242586E+08  0.193298E+08  0.193299E+08
  0.117358E-03  0.193297E+08  0.193296E+08  0.242018E+08  0.241572E+08  0.193296E+08  0.193297E+08
  0.121331E-03  0.193295E+08  0.193294E+08  0.240967E+08  0.240492E+08  0.193294E+08  0.193295E+08
  0.125439E-03  0.193293E+08  0.193292E+08  0.239849E+08  0.239342E+08  0.193292E+08  0.193293E+08
  0.129686E-03  0.193291E+08  0.193290E+08  0.238658E+08  0.238119E+08  0.193289E+08  0.193291E+08
  0.134076E-03  0.193289E+08  0.193288E+08  0.237392E+08  0.236818E+08  0.193287E+08  0.193289E+08
  0.138616E-03  0.193286E+08  0.193285E+08  0.236045E+08  0.235435E+08  0.193284E+08  0.193286E+08
  0.143309E-03  0.193284E+08  0.193283E+08  0.234613E+08  0.233964E+08  0.193282E+08  0.193283E+08
  0.148160E-03  0.193281E+08  0.193280E+08  0.233092E+08  0.232402E+08  0.193279E+08  0.193281E+08
  0.153176E-03  0.193278E+08  0.193277E+08  0.231476E+08  0.230743E+08  0.193275E+08  0.193278E+08
  0.158362E-03  0.193275E+08  0.193273E+08  0.229760E+08  0.228981E+08  0.193272E+08  0.193274E+08
  0.163724E-03  0.193271E+08  0.193270E+08  0.227939E+08  0.227112E+08  0.193268E+08  0.193271E+08
  0.169267E-03  0.193267E+08  0.193266E+08  0.226008E+08  0.225130E+08  0.193265E+08  0.193267E+08
  0.174997E-03  0.193264E+08  0.193262E+08  0.223960E+08  0.223029E+08  0.193260E+08  0.193263E+08
  0.180922E-03  0.193259E+08  0.193258E+08  0.221790E+08  0.220803E+08  0.193256E+08  0.193259E+08
  0.187047E-03  0.193255E+08  0.193253E+08  0.219493E+08  0.218446E+08  0.193251E+08  0.193255E+08
  0.193380E-03  0.193250E+08  0.193248E+08  0.217062E+08  0.215953E+08  0.193246E+08  0.193250E+08
  0.199927E-03  0.193245E+08  0.193243E+08  0.214490E+08  0.213317E+08  0.193241E+08  0.193245E+08
  0.206696E-03  0.193240E+08  0.193237E+08  0.211774E+08  0.210533E+08  0.193235E+08  0.193239E+08
  0.213693E-03  0.193234E+08  0.193231E+08  0.208905E+08  0.207594E+08  0.193229E+08  0.193233E+08
  0.220928E-03  0.193228E+08  0.193225E+08  0.205879E+08  0.204494E+08  0.193222E+08  0.193227E+08
  0.228408E-03  0.193221E+08  0.193218E+08  0.202690E+08  0.201229E+08  0.193215E+08  0.193220E+08
  0.236141E-03  0.193214E+08  0.193211E+08  0.199331E+08  0.197791E+08  0.193208E+08  0.193213E+08
  0.244136E-03  0.193206E+08  0.193203E+08  0.195799E+08  0.194178E+08  0.193200E+08  0.193206E+08
  0.252401E-03  0.193198E+08  0.193195E+08  0.192089E+08  0.190383E+08  0.193192E+08  0.193198E+08
  0.260946E-03  0.193190E+08  0.193186E+08  0.188196E+08  0.186403E+08  0.193183E+08  0.193189E+08
  0.269781E-03  0.193181E+08  0.193177E+08  0.184116E+08  0.182234E+08  0.193173E+08  0.193180E+08
  0.278914E-03  0.193171E+08  0.193167E+08  0.179846E+08  0.177875E+08  0.193163E+08  0.193170E+08
  0.288357E-03  0.193161E+08  0.193157E+08  0.175386E+08  0.173322E+08  0.193152E+08  0.193160E+08
  0.298120E-03  0.193150E+08  0.193145E+08  0.170733E+08  0.168576E+08  0.193140E+08  0.193149E+08
  0.308213E-03  0.193138E+08  0.193133E+08  0.165889E+08  0.163638E+08  0.193128E+08  0.193137E+08
  0.318648E-03  0.193125E+08  0.193120E+08  0.160854E+08  0.158510E+08  0.193114E+08  0.193124E+08
  0.329436E-03  0.193112E+08  0.193107E+08  0.155632E+08  0.153195E+08  0.193100E+08  0.193111E+08
  0.340589E-03  0.193098E+08  0.193092E+08  0.150228E+08  0.147700E+08  0.193085E+08  0.193097E+08
  0.352120E-03  0.193083E+08  0.193077E+08  0.144649E+08  0.142032E+08  0.193069E+08  0.193081E+08
  0.364041E-03  0.193067E+08  0.193060E+08  0.138903E+08  0.136201E+08  0.193052E+08  0.193065E+08
  0.376366E-03  0.193049E+08  0.193042E+08  0.133003E+08  0.130220E+08  0.193034E+08  0.193048E+08
  0.389108E-03  0.193031E+08  0.193024E+08  0.126963E+08  0.124104E+08  0.193014E+08  0.193030E+08
  0.402282E-03  0.193012E+08  0.193004E+08  0.120798E+08  0.117871E+08  0.192994E+08  0.193010E+08
  0.415901E-03  0.192991E+08  0.192983E+08  0.114529E+08  0.111540E+08  0.192972E+08  0.192989E+08
  0.429982E-03  0.192969E+08  0.192960E+08  0.108177E+08  0.105138E+08  0.192949E+08  0.192967E+08
  0.444539E-03  0.192946E+08  0.192936E+08  0.101769E+08  0.986890E+07  0.192924E+08  0.192944E+08
  0.459589E-03  0.192921E+08  0.192911E+08  0.953317E+07  0.922244E+07  0.192897E+08  0.192919E+08
  0.475149E-03  0.192895E+08  0.192884E+08  0.888974E+07  0.857765E+07  0.192869E+08  0.192892E+08
  0.491236E-03  0.192867E+08  0.192856E+08  0.824998E+07  0.793810E+07  0.192840E+08  0.192864E+08
  0.507867E-03  0.192837E+08  0.192825E+08  0.761753E+07  0.730756E+07  0.192808E+08  0.192834E+08
  0.525061E-03  0.192805E+08  0.192793E+08  0.699624E+07  0.669003E+07  0.192775E+08  0.192803E+08
  0.542837E-03  0.192772E+08  0.192759E+08  0.639013E+07  0.608964E+07  0.192739E+08  0.192769E+08
  0.561215E-03  0.192737E+08  0.192723E+08  0.580330E+07  0.551059E+07  0.192701E+08  0.192733E+08
  0.580216E-03  0.192699E+08  0.192684E+08  0.523984E+07  0.495705E+07  0.192661E+08  0.192696E+08
  0.599859E-03  0.192659E+08  0.192644E+08  0.470378E+07  0.443306E+07  0.192619E+08  0.192656E+08
  0.620168E-03  0.192617E+08  0.192601E+08  0.419894E+07  0.394244E+07  0.192574E+08  0.192613E+08
  0.641164E-03  0.192572E+08  0.192556E+08  0.372882E+07  0.348862E+07  0.192527E+08  0.192569E+08
  0.662871E-03  0.192525E+08  0.192508E+08  0.329646E+07  0.307452E+07  0.192476E+08  0.192521E+08
  0.685313E-03  0.192475E+08  0.192457E+08  0.290431E+07  0.270241E+07  0.192423E+08  0.192471E+08
  0.708515E-03  0.192423E+08  0.192403E+08  0.255410E+07  0.237373E+07  0.192367E+08  0.192418E+08
  0.732502E-03  0.192367E+08  0.192347E+08  0.224668E+07  0.208904E+07  0.192307E+08  0.192362E+08
  0.757302E-03  0.192308E+08  0.192287E+08  0.198195E+07  0.184781E+07  0.192244E+08  0.192303E+08
  0.782941E-03  0.192246E+08  0.192224E+08  0.175874E+07  0.164842E+07  0.192178E+08  0.192241E+08
  0.809448E-03  0.192181E+08  0.192157E+08  0.157479E+07  0.148808E+07  0.192108E+08  0.192175E+08
  0.836852E-03  0.192112E+08  0.192087E+08  0.142676E+07  0.136288E+07  0.192033E+08  0.192106E+08
  0.865185E-03  0.192039E+08  0.192013E+08  0.131029E+07  0.126789E+07  0.191955E+08  0.192032E+08
  0.894476E-03  0.191962E+08  0.191936E+08  0.122015E+07  0.119728E+07  0.191873E+08  0.191955E+08
  0.924759E-03  0.191881E+08  0.191854E+08  0.115045E+07  0.114465E+07  0.191786E+08  0.191874E+08
  0.956068E-03  0.191796E+08  0.191768E+08  0.109498E+07  0.110330E+07  0.191694E+08  0.191789E+08
  0.988436E-03  0.191706E+08  0.191677E+08  0.104753E+07  0.106665E+07  0.191598E+08  0.191699E+08
  0.102190E-02  0.191612E+08  0.191582E+08  0.100231E+07  0.102870E+07  0.191496E+08  0.191604E+08
  0.105650E-02  0.191513E+08  0.191482E+08  0.954394E+06  0.984466E+06  0.191389E+08  0.191505E+08
  0.109227E-02  0.191409E+08  0.191377E+08  0.900097E+06  0.930410E+06  0.191276E+08  0.191400E+08
  0.112925E-02  0.191299E+08  0.191267E+08  0.837332E+06  0.864791E+06  0.191158E+08  0.191290E+08
  0.116748E-02  0.191184E+08  0.191151E+08  0.765799E+06  0.787847E+06  0.191033E+08  0.191175E+08
  0.120700E-02  0.191063E+08  0.191029E+08  0.687013E+06  0.701797E+06  0.190902E+08  0.191054E+08
  0.124787E-02  0.190936E+08  0.190901E+08  0.604117E+06  0.610598E+06  0.190764E+08  0.190926E+08
  0.129011E-02  0.190803E+08  0.190767E+08  0.521451E+06  0.519458E+06  0.190619E+08  0.190792E+08
  0.133379E-02  0.190663E+08  0.190627E+08  0.443920E+06  0.434113E+06  0.190467E+08  0.190652E+08
  0.137895E-02  0.190517E+08  0.190479E+08  0.376194E+06  0.359945E+06  0.190306E+08  0.190505E+08
  0.142563E-02  0.190363E+08  0.190325E+08  0.321867E+06  0.301068E+06  0.190138E+08  0.190350E+08
  0.147390E-02  0.190201E+08  0.190163E+08  0.282712E+06  0.259519E+06  0.189962E+08  0.190188E+08
  0.152380E-02  0.190032E+08  0.189993E+08  0.258195E+06  0.234757E+06  0.189776E+08  0.190019E+08
  0.157539E-02  0.189855E+08  0.189816E+08  0.245416E+06  0.223613E+06  0.189582E+08  0.189841E+08
  0.162872E-02  0.189669E+08  0.189630E+08  0.239551E+06  0.220798E+06  0.189378E+08  0.189654E+08
  0.168387E-02  0.189474E+08  0.189435E+08  0.234814E+06  0.219949E+06  0.189163E+08  0.189459E+08
  0.174087E-02  0.189270E+08  0.189231E+08  0.225774E+06  0.215057E+06  0.188939E+08  0.189255E+08
  0.179981E-02  0.189057E+08  0.189017E+08  0.208763E+06  0.201964E+06  0.188703E+08  0.189040E+08
  0.186075E-02  0.188833E+08  0.188794E+08  0.182956E+06  0.179508E+06  0.188456E+08  0.188816E+08
  0.192374E-02  0.188600E+08  0.188560E+08  0.150758E+06  0.149910E+06  0.188197E+08  0.188582E+08
  0.198887E-02  0.188355E+08  0.188315E+08  0.117196E+06  0.118138E+06  0.187926E+08  0.188337E+08
  0.205621E-02  0.188099E+08  0.188060E+08  0.883642E+05  0.902762E+05  0.187642E+08  0.188080E+08
  0.212582E-02  0.187832E+08  0.187792E+08  0.692676E+05  0.713242E+05  0.187344E+08  0.187812E+08
  0.219779E-02  0.187552E+08  0.187513E+08  0.618289E+05  0.631973E+05  0.187033E+08  0.187531E+08
  0.227220E-02  0.187260E+08  0.187221E+08  0.638937E+05  0.637944E+05  0.186707E+08  0.187238E+08
  0.234913E-02  0.186955E+08  0.186915E+08  0.698799E+05  0.677444E+05  0.186365E+08  0.186932E+08
  0.242866E-02  0.186636E+08  0.186596E+08  0.730744E+05  0.687649E+05  0.186008E+08  0.186612E+08
  0.251089E-02  0.186303E+08  0.186263E+08  0.687383E+05  0.627148E+05  0.185635E+08  0.186278E+08
  0.259589E-02  0.185956E+08  0.185916E+08  0.565229E+05  0.498057E+05  0.185244E+08  0.185929E+08
  0.268378E-02  0.185594E+08  0.185553E+08  0.407145E+05  0.345561E+05  0.184836E+08  0.185565E+08
  0.277464E-02  0.185215E+08  0.185174E+08  0.277921E+05  0.231350E+05  0.184409E+08  0.185186E+08
  0.286858E-02  0.184821E+08  0.184779E+08  0.224044E+05  0.193970E+05  0.183963E+08  0.184790E+08
  0.296570E-02  0.184410E+08  0.184368E+08  0.242386E+05  0.221476E+05  0.183498E+08  0.184377E+08
  0.306610E-02  0.183981E+08  0.183938E+08  0.281744E+05  0.258596E+05  0.183011E+08  0.183946E+08
  0.316991E-02  0.183534E+08  0.183491E+08  0.280966E+05  0.248286E+05  0.182504E+08  0.183498E+08
  0.327723E-02  0.183069E+08  0.183025E+08  0.217748E+05  0.178370E+05  0.181974E+08  0.183031E+08
  0.338818E-02  0.182585E+08  0.182540E+08  0.127058E+05  0.926888E+04  0.181422E+08  0.182544E+08
  0.350289E-02  0.182080E+08  0.182034E+08  0.679680E+04  0.508314E+04  0.180846E+08  0.182038E+08
  0.362148E-02  0.181556E+08  0.181509E+08  0.650313E+04  0.690602E+04  0.180246E+08  0.181510E+08
  0.374409E-02  0.181010E+08  0.180962E+08  0.831612E+04  0.102355E+05  0.179621E+08  0.180962E+08
  0.387085E-02  0.180442E+08  0.180393E+08  0.690869E+04  0.936470E+04  0.178970E+08  0.180392E+08
  0.400190E-02  0.179852E+08  0.179802E+08  0.183518E+04  0.408781E+04  0.178292E+08  0.179799E+08
  0.413739E-02  0.179238E+08  0.179188E+08 -0.154845E+04 -0.379559E+02  0.177586E+08  0.179183E+08
  0.427746E-02  0.178601E+08  0.178550E+08  0.796835E+03  0.929037E+03  0.176852E+08  0.178543E+08
  0.442228E-02  0.177940E+08  0.177887E+08  0.540427E+04  0.384345E+04  0.176089E+08  0.177878E+08
  0.457200E-02  0.177253E+08  0.177199E+08  0.573058E+04  0.727008E+04  0.175296E+08  0.177188E+08
  0.472678E-02  0.176540E+08  0.176485E+08  0.199459E+04  0.130858E+05  0.174473E+08  0.176472E+08
  0.488681E-02  0.175801E+08  0.175744E+08  0.804816E+03  0.000000E+00  0.173617E+08  0.175729E+08
  0.505226E-02  0.175034E+08  0.174976E+08  0.365407E+04  0.000000E+00  0.172730E+08  0.174958E+08
  0.522331E-02  0.174239E+08  0.174180E+08  0.398038E+04  0.000000E+00  0.171809E+08  0.174160E+08
  0.540015E-02  0.173416E+08  0.173355E+08 -0.239190E+03  0.000000E+00  0.170855E+08  0.173333E+08
  0.558297E-02  0.172564E+08  0.172501E+08 -0.192218E+04  0.000000E+00  0.169866E+08  0.172476E+08
  0.577199E-02  0.171681E+08  0.171616E+08  0.902914E+03  0.000000E+00  0.168842E+08  0.171589E+08
  0.596740E-02  0.170768E+08  0.170701E+08  0.130832E+04  0.000000E+00  0.167782E+08  0.170671E+08
  0.616943E-02  0.169823E+08  0.169754E+08 -0.773356E+03  0.000000E+00  0.166686E+08  0.169722E+08
  0.637830E-02  0.168847E+08  0.168776E+08  0.127141E+03  0.000000E+00  0.165552E+08  0.168740E+08
  0.659425E-02  0.167838E+08  0.167764E+08  0.124754E+03  0.000000E+00  0.164381E+08  0.167727E+08
  0.681750E-02  0.166796E+08  0.166720E+08 -0.278511E+04  0.000000E+00  0.163172E+08  0.166679E+08
  0.704831E-02  0.165720E+08  0.165641E+08 -0.169576E+04  0.000000E+00  0.161924E+08  0.165598E+08
  0.728694E-02  0.164610E+08  0.164528E+08  0.214690E+02  0.000000E+00  0.160638E+08  0.164483E+08
  0.753364E-02  0.163466E+08  0.163381E+08 -0.189915E+04  0.000000E+00  0.159311E+08  0.163332E+08
  0.778870E-02  0.162286E+08  0.162198E+08 -0.161699E+04  0.000000E+00  0.157945E+08  0.162146E+08
  0.805239E-02  0.161070E+08  0.160978E+08 -0.136569E+04  0.000000E+00  0.156539E+08  0.160925E+08
  0.832501E-02  0.159819E+08  0.159723E+08 -0.102618E+04  0.000000E+00  0.155092E+08  0.159667E+08
  0.860686E-02  0.158530E+08  0.158431E+08  0.286141E+03  0.000000E+00  0.153604E+08  0.158372E+08
  0.889825E-02  0.157205E+08  0.157101E+08 -0.192134E+04  0.000000E+00  0.152075E+08  0.157040E+08
  0.919951E-02  0.155842E+08  0.155734E+08 -0.454923E+03  0.000000E+00  0.150504E+08  0.155671E+08
  0.951096E-02  0.154442E+08  0.154329E+08 -0.191347E+04  0.000000E+00  0.148892E+08  0.154264E+08
  0.983296E-02  0.153004E+08  0.152886E+08 -0.126011E+04  0.000000E+00  0.147239E+08  0.152819E+08
  0.101659E-01  0.151547E+08  0.151424E+08 -0.136352E+04  0.000000E+00  0.145587E+08  0.151355E+08
  0.105100E-01  0.150033E+08  0.149905E+08 -0.115410E+04  0.000000E+00  0.143849E+08  0.149834E+08
  0.108659E-01  0.148480E+08  0.148346E+08 -0.121397E+04  0.000000E+00  0.142069E+08  0.148274E+08
  0.112337E-01  0.146889E+08  0.146748E+08 -0.671847E+03  0.000000E+00  0.140246E+08  0.146674E+08
  0.116141E-01  0.145258E+08  0.145111E+08 -0.151805E+04  0.000000E+00  0.138381E+08  0.145036E+08
  0.120073E-01  0.143588E+08  0.143434E+08 -0.715125E+03  0.000000E+00  0.136474E+08  0.143358E+08
  0.124138E-01  0.141878E+08  0.141717E+08 -0.120268E+04  0.000000E+00  0.134524E+08  0.141640E+08
  0.128341E-01  0.140123E+08  0.139955E+08 -0.108250E+04  0.000000E+00  0.132523E+08  0.139877E+08
  0.132686E-01  0.138334E+08  0.138158E+08 -0.565073E+03  0.000000E+00  0.130489E+08  0.138080E+08
  0.137178E-01  0.136505E+08  0.136321E+08 -0.987120E+03  0.000000E+00  0.128413E+08  0.136242E+08
  0.141822E-01  0.134636E+08  0.134443E+08 -0.753604E+03  0.000000E+00  0.126296E+08  0.134365E+08
  0.146624E-01  0.132728E+08  0.132526E+08 -0.721987E+03  0.000000E+00  0.124139E+08  0.132448E+08
  0.151588E-01  0.130780E+08  0.130569E+08 -0.707197E+03  0.000000E+00  0.121942E+08  0.130491E+08
  0.156720E-01  0.128794E+08  0.128574E+08 -0.827590E+03  0.000000E+00  0.119709E+08  0.128497E+08
  0.162026E-01  0.126768E+08  0.126538E+08 -0.602763E+03  0.000000E+00  0.117436E+08  0.126462E+08
  0.167511E-01  0.124704E+08  0.124463E+08 -0.468136E+03  0.000000E+00  0.115126E+08  0.124389E+08
  0.173182E-01  0.122601E+08  0.122350E+08 -0.584447E+03  0.000000E+00  0.112779E+08  0.122278E+08
  0.179045E-01  0.120462E+08  0.120199E+08 -0.480510E+03  0.000000E+00  0.110398E+08  0.120130E+08
  0.185107E-01  0.118285E+08  0.118011E+08 -0.467584E+03  0.000000E+00  0.107983E+08  0.117944E+08
  0.191374E-01  0.116072E+08  0.115787E+08 -0.553818E+03  0.000000E+00  0.105536E+08  0.115723E+08
  0.197853E-01  0.113825E+08  0.113528E+08 -0.467925E+03  0.000000E+00  0.103060E+08  0.113468E+08
  0.204552E-01  0.111545E+08  0.111236E+08 -0.478414E+03  0.000000E+00  0.100557E+08  0.111179E+08
  0.211477E-01  0.109233E+08  0.108912E+08 -0.359237E+03  0.000000E+00  0.980286E+07  0.108859E+08
  0.218637E-01  0.106892E+08  0.106558E+08 -0.201675E+03  0.000000E+00  0.954792E+07  0.106510E+08
  0.226039E-01  0.104523E+08  0.104176E+08 -0.279685E+03  0.000000E+00  0.929111E+07  0.104133E+08
  0.233691E-01  0.102128E+08  0.101770E+08 -0.242443E+03  0.000000E+00  0.903281E+07  0.101731E+08
  0.241603E-01  0.997118E+07  0.993413E+07 -0.184765E+03  0.000000E+00  0.877334E+07  0.993077E+07
  0.249783E-01  0.972761E+07  0.968938E+07 -0.185276E+03  0.000000E+00  0.851307E+07  0.968654E+07
  0.258240E-01  0.948250E+07  0.944312E+07 -0.247425E+03  0.000000E+00  0.825237E+07  0.944081E+07
  0.266982E-01  0.923624E+07  0.919577E+07 -0.174997E+03  0.000000E+00  0.799164E+07  0.919396E+07
  0.276021E-01  0.898926E+07  0.894775E+07 -0.113443E+03  0.000000E+00  0.773137E+07  0.894643E+07
  0.285366E-01  0.874202E+07  0.869956E+07 -0.122759E+03  0.000000E+00  0.747205E+07  0.869870E+07
  0.295027E-01  0.849506E+07  0.845172E+07 -0.110121E+03  0.000000E+00  0.721425E+07  0.845129E+07
  0.305016E-01  0.824891E+07  0.820481E+07 -0.146214E+03  0.000000E+00  0.695859E+07  0.820475E+07
  0.315342E-01  0.800420E+07  0.795944E+07 -0.982383E+02  0.000000E+00  0.670571E+07  0.795970E+07
  0.326019E-01  0.776155E+07  0.771629E+07 -0.110006E+03  0.000000E+00  0.645626E+07  0.771678E+07
  0.337056E-01  0.752165E+07  0.747604E+07 -0.754634E+02  0.000000E+00  0.621086E+07  0.747667E+07
  0.348467E-01  0.728521E+07  0.723941E+07 -0.726262E+02  0.000000E+00  0.597013E+07  0.724007E+07
  0.360265E-01  0.705294E+07  0.700714E+07 -0.660032E+02  0.000000E+00  0.573468E+07  0.700771E+07
  0.372462E-01  0.682557E+07  0.677998E+07 -0.740947E+02  0.000000E+00  0.550510E+07  0.678031E+07
  0.385072E-01  0.660380E+07  0.655863E+07 -0.633641E+02  0.000000E+00  0.528194E+07  0.655857E+07
  0.398109E-01  0.638833E+07  0.634380E+07 -0.513579E+02  0.000000E+00  0.506575E+07  0.634317E+07
  0.411587E-01  0.617977E+07  0.613611E+07 -0.418633E+02  0.000000E+00  0.485700E+07  0.613474E+07
  0.425522E-01  0.597870E+07  0.593614E+07 -0.410657E+02  0.000000E+00  0.465608E+07  0.593384E+07
  0.439928E-01  0.578559E+07  0.574437E+07 -0.488913E+02  0.000000E+00  0.446333E+07  0.574094E+07
  0.454592E-01  0.560355E+07  0.556387E+07 -0.405109E+02  0.000000E+00  0.428170E+07  0.555915E+07
  0.469257E-01  0.543520E+07  0.539720E+07 -0.375141E+02  0.000000E+00  0.411365E+07  0.539106E+07
  0.483921E-01  0.527952E+07  0.524332E+07 -0.368132E+02  0.000000E+00  0.395805E+07  0.523565E+07
  0.498585E-01  0.513547E+07  0.510115E+07 -0.275239E+02  0.000000E+00  0.381379E+07  0.509189E+07
  0.513249E-01  0.500200E+07  0.496961E+07 -0.254203E+02  0.000000E+00  0.367982E+07  0.495869E+07
  0.527914E-01  0.487805E+07  0.484761E+07 -0.294251E+02  0.000000E+00  0.355511E+07  0.483501E+07
  0.542578E-01  0.476257E+07  0.473407E+07 -0.209958E+02  0.000000E+00  0.343868E+07  0.471981E+07
  0.557242E-01  0.465456E+07  0.462797E+07 -0.265841E+02  0.000000E+00  0.332959E+07  0.461205E+07
  0.571907E-01  0.455303E+07  0.452828E+07 -0.247946E+02  0.000000E+00  0.322694E+07  0.451077E+07
  0.586571E-01  0.445706E+07  0.443406E+07 -0.135489E+02  0.000000E+00  0.312991E+07  0.441503E+07
  0.601235E-01  0.436577E+07  0.434442E+07 -0.221649E+02  0.000000E+00  0.303775E+07  0.432396E+07
  0.615899E-01  0.427835E+07  0.425853E+07 -0.186211E+02  0.000000E+00  0.294979E+07  0.423676E+07
  0.630564E-01  0.419408E+07  0.417564E+07 -0.148144E+02  0.000000E+00  0.286543E+07  0.415270E+07
  0.645228E-01  0.411229E+07  0.409510E+07 -0.205959E+02  0.000000E+00  0.278415E+07  0.407112E+07
  0.659892E-01  0.403243E+07  0.401632E+07 -0.870314E+01  0.000000E+00  0.270550E+07  0.399146E+07
  0.674556E-01  0.395400E+07  0.393881E+07 -0.142082E+02  0.000000E+00  0.262909E+07  0.391322E+07
  0.689221E-01  0.387660E+07  0.386217E+07 -0.140900E+02  0.000000E+00  0.255460E+07  0.383603E+07
  0.703885E-01  0.379992E+07  0.378609E+07 -0.146715E+02  0.000000E+00  0.248177E+07  0.375954E+07
  0.718549E-01  0.372371E+07  0.371033E+07 -0.118360E+02  0.000000E+00  0.241043E+07  0.368354E+07
  0.733214E-01  0.364781E+07  0.363473E+07 -0.139085E+02  0.000000E+00  0.234043E+07  0.360786E+07
  0.747878E-01  0.357217E+07  0.355926E+07 -0.112003E+02  0.000000E+00  0.227173E+07  0.353245E+07
  0.762542E-01  0.349665E+07  0.348379E+07 -0.684684E+01  0.000000E+00  0.220421E+07  0.345717E+07
  0.777206E-01  0.342136E+07  0.340844E+07 -0.108332E+02  0.000000E+00  0.213791E+07  0.338213E+07
  0.791871E-01  0.334640E+07  0.333332E+07 -0.693993E+01  0.000000E+00  0.207288E+07  0.330743E+07
  0.806535E-01  0.327189E+07  0.325857E+07 -0.865075E+01  0.000000E+00  0.200916E+07  0.323321E+07
  0.821199E-01  0.319801E+07  0.318440E+07 -0.823018E+01  0.000000E+00  0.194685E+07  0.315962E+07
  0.835864E-01  0.312495E+07  0.311099E+07 -0.920309E+01  0.000000E+00  0.188602E+07  0.308686E+07
  0.850528E-01  0.305292E+07  0.303860E+07 -0.121138E+02  0.000000E+00  0.182679E+07  0.301514E+07
  0.865192E-01  0.298215E+07  0.296744E+07 -0.969935E+01  0.000000E+00  0.176924E+07  0.294470E+07
  0.879856E-01  0.291287E+07  0.289778E+07 -0.117525E+02  0.000000E+00  0.171347E+07  0.287575E+07
  0.894521E-01  0.284530E+07  0.282985E+07 -0.568482E+01  0.000000E+00  0.165959E+07  0.280852E+07
  0.909185E-01  0.277965E+07  0.276387E+07 -0.124728E+01  0.000000E+00  0.160767E+07  0.274322E+07
  0.923849E-01  0.271612E+07  0.270006E+07 -0.110607E+02  0.000000E+00  0.155778E+07  0.268005E+07
  0.942171E-01  0.264000E+07  0.262366E+07 -0.103067E+01  0.000000E+00  0.149838E+07  0.260437E+07
  0.960494E-01  0.256775E+07  0.255122E+07 -0.504502E+00  0.000000E+00  0.144233E+07  0.253256E+07
  0.978816E-01  0.249959E+07  0.248298E+07 -0.737652E+01  0.000000E+00  0.138963E+07  0.246484E+07
  0.997138E-01  0.243566E+07  0.241907E+07 -0.527821E+01  0.000000E+00  0.134028E+07  0.240134E+07
  0.101546E+00  0.237601E+07  0.235956E+07 -0.535183E+01  0.000000E+00  0.129421E+07  0.234210E+07
  0.103378E+00  0.232060E+07  0.230441E+07 -0.517388E+01  0.000000E+00  0.125130E+07  0.228710E+07
  0.105211E+00  0.226934E+07  0.225351E+07 -0.569752E+01  0.000000E+00  0.121142E+07  0.223622E+07
  0.107043E+00  0.222203E+07  0.220667E+07 -0.478789E+01  0.000000E+00  0.117437E+07  0.218928E+07
  0.108875E+00  0.217844E+07  0.216362E+07 -0.367905E+01  0.000000E+00  0.113996E+07  0.214604E+07
  0.110707E+00  0.213826E+07  0.212404E+07 -0.329393E+01  0.000000E+00  0.110795E+07  0.210618E+07
  0.112539E+00  0.210113E+07  0.208758E+07 -0.265914E+01  0.000000E+00  0.107809E+07  0.206937E+07
  0.114372E+00  0.206668E+07  0.205384E+07 -0.104708E+01  0.000000E+00  0.105013E+07  0.203522E+07
  0.116204E+00  0.203452E+07  0.202239E+07 -0.355340E+01  0.000000E+00  0.102382E+07  0.200333E+07
  0.118036E+00  0.200423E+07  0.199282E+07 -0.429247E+01  0.000000E+00  0.998910E+06  0.197330E+07
  0.119868E+00  0.197541E+07  0.196470E+07 -0.361406E+01  0.000000E+00  0.975159E+06  0.194474E+07
  0.121701E+00  0.194766E+07  0.193762E+07 -0.231885E+01  0.000000E+00  0.952341E+06  0.191723E+07
  0.123533E+00  0.192061E+07  0.191120E+07 -0.316849E+01  0.000000E+00  0.930252E+06  0.189042E+07
  0.125365E+00  0.189394E+07  0.188509E+07 -0.590738E+01  0.000000E+00  0.908718E+06  0.186398E+07
  0.127197E+00  0.186735E+07  0.185900E+07 -0.554960E+00  0.000000E+00  0.887591E+06  0.183763E+07
  0.129030E+00  0.184062E+07  0.183271E+07 -0.764926E+00  0.000000E+00  0.866751E+06  0.181114E+07
  0.130862E+00  0.181357E+07  0.180601E+07 -0.255635E+01  0.000000E+00  0.846107E+06  0.178433E+07
  0.132694E+00  0.178607E+07  0.177878E+07 -0.131856E+01  0.000000E+00  0.825595E+06  0.175707E+07
  0.134526E+00  0.175802E+07  0.175093E+07  0.000000E+00  0.000000E+00  0.805176E+06  0.172928E+07
  0.136358E+00  0.172939E+07  0.172243E+07  0.000000E+00  0.000000E+00  0.784829E+06  0.170091E+07
  0.138191E+00  0.170020E+07  0.169329E+07  0.000000E+00  0.000000E+00  0.764564E+06  0.167198E+07
  0.140023E+00  0.167050E+07  0.166359E+07  0.000000E+00  0.000000E+00  0.744410E+06  0.164256E+07
  0.141855E+00  0.164040E+07  0.163342E+07  0.000000E+00  0.000000E+00  0.724407E+06  0.161274E+07
  0.143687E+00  0.161002E+07  0.160294E+07  0.000000E+00  0.000000E+00  0.704611E+06  0.158265E+07
  0.145520E+00  0.157953E+07  0.157231E+07  0.000000E+00  0.000000E+00  0.685093E+06  0.155246E+07
  0.147352E+00  0.154910E+07  0.154172E+07  0.000000E+00  0.000000E+00  0.665923E+06  0.152234E+07
  0.149184E+00  0.151892E+07  0.151136E+07  0.000000E+00  0.000000E+00  0.647171E+06  0.149246E+07
  0.151016E+00  0.148917E+07  0.148143E+07  0.000000E+00  0.000000E+00  0.628906E+06  0.146302E+07
  0.152849E+00  0.146003E+07  0.145212E+07  0.000000E+00  0.000000E+00  0.611194E+06  0.143418E+07
  0.154681E+00  0.143165E+07  0.142360E+07  0.000000E+00  0.000000E+00  0.594090E+06  0.140611E+07
  0.156513E+00  0.140421E+07  0.139602E+07  0.000000E+00  0.000000E+00  0.577646E+06  0.137896E+07
  0.158345E+00  0.137783E+07  0.136954E+07  0.000000E+00  0.000000E+00  0.561901E+06  0.135288E+07
  0.160177E+00  0.135262E+07  0.134427E+07  0.000000E+00  0.000000E+00  0.546883E+06  0.132795E+07
  0.162010E+00  0.132866E+07  0.132029E+07  0.000000E+00  0.000000E+00  0.532610E+06  0.130427E+07
  0.163842E+00  0.130602E+07  0.129767E+07  0.000000E+00  0.000000E+00  0.519087E+06  0.128190E+07
  0.165674E+00  0.128472E+07  0.127643E+07  0.000000E+00  0.000000E+00  0.506308E+06  0.126086E+07
  0.167506E+00  0.126475E+07  0.125656E+07  0.000000E+00  0.000000E+00  0.494250E+06  0.124113E+07
  0.169339E+00  0.124607E+07  0.123801E+07  0.000000E+00  0.000000E+00  0.482881E+06  0.122269E+07
  0.171171E+00  0.122863E+07  0.122074E+07  0.000000E+00  0.000000E+00  0.472162E+06  0.120547E+07
  0.173003E+00  0.121234E+07  0.120465E+07  0.000000E+00  0.000000E+00  0.462048E+06  0.118938E+07
  0.174835E+00  0.119710E+07  0.118964E+07  0.000000E+00  0.000000E+00  0.452487E+06  0.117435E+07
  0.176668E+00  0.118280E+07  0.117559E+07  0.000000E+00  0.000000E+00  0.443423E+06  0.116024E+07
  0.178500E+00  0.116932E+07  0.116237E+07  0.000000E+00  0.000000E+00  0.434799E+06  0.114694E+07
  0.180332E+00  0.115652E+07  0.114984E+07  0.000000E+00  0.000000E+00  0.426555E+06  0.113431E+07
  0.182164E+00  0.114428E+07  0.113786E+07  0.000000E+00  0.000000E+00  0.418634E+06  0.112223E+07
  0.183996E+00  0.113244E+07  0.112629E+07  0.000000E+00  0.000000E+00  0.410976E+06  0.111055E+07
  0.185829E+00  0.112088E+07  0.111498E+07  0.000000E+00  0.000000E+00  0.403529E+06  0.109915E+07
  0.187661E+00  0.110947E+07  0.110382E+07  0.000000E+00  0.000000E+00  0.396244E+06  0.108791E+07
  0.189493E+00  0.109812E+07  0.109269E+07  0.000000E+00  0.000000E+00  0.389081E+06  0.107671E+07
  0.191325E+00  0.108672E+07  0.108149E+07  0.000000E+00  0.000000E+00  0.382003E+06  0.106547E+07
  0.193158E+00  0.107520E+07  0.107014E+07  0.000000E+00  0.000000E+00  0.374983E+06  0.105410E+07
  0.194990E+00  0.106351E+07  0.105859E+07  0.000000E+00  0.000000E+00  0.367998E+06  0.104256E+07
  0.196822E+00  0.105158E+07  0.104678E+07  0.000000E+00  0.000000E+00  0.361033E+06  0.103080E+07
  0.198654E+00  0.103940E+07  0.103470E+07  0.000000E+00  0.000000E+00  0.354080E+06  0.101879E+07
  0.200487E+00  0.102697E+07  0.102233E+07  0.000000E+00  0.000000E+00  0.347136E+06  0.100653E+07
  0.202319E+00  0.101428E+07  0.100968E+07  0.000000E+00  0.000000E+00  0.340203E+06  0.994011E+06
  0.204151E+00  0.100136E+07  0.996782E+06  0.000000E+00  0.000000E+00  0.333289E+06  0.981269E+06
  0.205983E+00  0.988254E+06  0.983669E+06  0.000000E+00  0.000000E+00  0.326409E+06  0.968340E+06
  0.207815E+00  0.975005E+06  0.970399E+06  0.000000E+00  0.000000E+00  0.319577E+06  0.955274E+06
  0.209648E+00  0.961672E+06  0.957033E+06  0.000000E+00  0.000000E+00  0.312814E+06  0.942126E+06
  0.211480E+00  0.948320E+06  0.943638E+06  0.000000E+00  0.000000E+00  0.306137E+06  0.928962E+06
  0.213312E+00  0.935017E+06  0.930286E+06  0.000000E+00  0.000000E+00  0.299569E+06  0.915848E+06
  0.215144E+00  0.921834E+06  0.917051E+06  0.000000E+00  0.000000E+00  0.293128E+06  0.902852E+06
  0.216977E+00  0.908834E+06  0.904001E+06  0.000000E+00  0.000000E+00  0.286835E+06  0.890039E+06
  0.218809E+00  0.896082E+06  0.891203E+06  0.000000E+00  0.000000E+00  0.280706E+06  0.877473E+06
  0.220641E+00  0.883637E+06  0.878719E+06  0.000000E+00  0.000000E+00  0.274756E+06  0.865211E+06
  0.222473E+00  0.871552E+06  0.866604E+06  0.000000E+00  0.000000E+00  0.268999E+06  0.853304E+06
  0.224306E+00  0.859871E+06  0.854906E+06  0.000000E+00  0.000000E+00  0.263444E+06  0.841799E+06
  0.226138E+00  0.848633E+06  0.843663E+06  0.000000E+00  0.000000E+00  0.258100E+06  0.830731E+06
  0.227970E+00  0.837862E+06  0.832902E+06  0.000000E+00  0.000000E+00  0.252968E+06  0.820125E+06
  0.229802E+00  0.827572E+06  0.822636E+06  0.000000E+00  0.000000E+00  0.248050E+06  0.809995E+06
  0.231634E+00  0.817766E+06  0.812869E+06  0.000000E+00  0.000000E+00  0.243342E+06  0.800343E+06
  0.233467E+00  0.808437E+06  0.803593E+06  0.000000E+00  0.000000E+00  0.238837E+06  0.791162E+06
  0.235299E+00  0.799570E+06  0.794792E+06  0.000000E+00  0.000000E+00  0.234528E+06  0.782438E+06
  0.237131E+00  0.791141E+06  0.786440E+06  0.000000E+00  0.000000E+00  0.230403E+06  0.774145E+06
  0.238963E+00  0.783118E+06  0.778504E+06  0.000000E+00  0.000000E+00  0.226449E+06  0.766253E+06
  0.240796E+00  0.775466E+06  0.770948E+06  0.000000E+00  0.000000E+00  0.222652E+06  0.758728E+06
  0.242628E+00  0.768146E+06  0.763730E+06  0.000000E+00  0.000000E+00  0.219000E+06  0.751530E+06
  0.244460E+00  0.761111E+06  0.756801E+06  0.000000E+00  0.000000E+00  0.215474E+06  0.744613E+06
  0.246292E+00  0.754312E+06  0.750110E+06  0.000000E+00  0.000000E+00  0.212060E+06  0.737928E+06
  0.248125E+00  0.747702E+06  0.743608E+06  0.000000E+00  0.000000E+00  0.208741E+06  0.731430E+06
  0.249957E+00  0.741233E+06  0.737246E+06  0.000000E+00  0.000000E+00  0.205502E+06  0.725072E+06
  0.251789E+00  0.734861E+06  0.730975E+06  0.000000E+00  0.000000E+00  0.202331E+06  0.718808E+06
  0.253621E+00  0.728544E+06  0.724755E+06  0.000000E+00  0.000000E+00  0.199214E+06  0.712599E+06
  0.255453E+00  0.722249E+06  0.718549E+06  0.000000E+00  0.000000E+00  0.196140E+06  0.706410E+06
  0.257286E+00  0.715942E+06  0.712323E+06  0.000000E+00  0.000000E+00  0.193101E+06  0.700211E+06
  0.259118E+00  0.709600E+06  0.706053E+06  0.000000E+00  0.000000E+00  0.190090E+06  0.693976E+06
  0.260950E+00  0.703202E+06  0.699718E+06  0.000000E+00  0.000000E+00  0.187100E+06  0.687687E+06
  0.262782E+00  0.696735E+06  0.693304E+06  0.000000E+00  0.000000E+00  0.184128E+06  0.681330E+06
  0.264615E+00  0.690191E+06  0.686803E+06  0.000000E+00  0.000000E+00  0.181171E+06  0.674896E+06
  0.266447E+00  0.683567E+06  0.680213E+06  0.000000E+00  0.000000E+00  0.178229E+06  0.668384E+06
  0.268279E+00  0.676869E+06  0.673540E+06  0.000000E+00  0.000000E+00  0.175303E+06  0.661799E+06
  0.270111E+00  0.670106E+06  0.666794E+06  0.000000E+00  0.000000E+00  0.172396E+06  0.655151E+06
  0.271944E+00  0.663293E+06  0.659991E+06  0.000000E+00  0.000000E+00  0.169510E+06  0.648454E+06
  0.273776E+00  0.656448E+06  0.653150E+06  0.000000E+00  0.000000E+00  0.166651E+06  0.641725E+06
  0.275608E+00  0.649592E+06  0.646294E+06  0.000000E+00  0.000000E+00  0.163824E+06  0.634986E+06
  0.277440E+00  0.642748E+06  0.639446E+06  0.000000E+00  0.000000E+00  0.161033E+06  0.628259E+06
  0.279272E+00  0.635939E+06  0.632632E+06  0.000000E+00  0.000000E+00  0.158284E+06  0.621567E+06
  0.281105E+00  0.629188E+06  0.625874E+06  0.000000E+00  0.000000E+00  0.155582E+06  0.614933E+06
  0.282937E+00  0.622519E+06  0.619199E+06  0.000000E+00  0.000000E+00  0.152932E+06  0.608380E+06
  0.284769E+00  0.615955E+06  0.612629E+06  0.000000E+00  0.000000E+00  0.150339E+06  0.601930E+06
  0.286601E+00  0.609516E+06  0.606187E+06  0.000000E+00  0.000000E+00  0.147807E+06  0.595604E+06
  0.288434E+00  0.603220E+06  0.599893E+06  0.000000E+00  0.000000E+00  0.145340E+06  0.589420E+06
  0.290266E+00  0.597085E+06  0.593762E+06  0.000000E+00  0.000000E+00  0.142940E+06  0.583394E+06
  0.292098E+00  0.591122E+06  0.587808E+06  0.000000E+00  0.000000E+00  0.140609E+06  0.577537E+06
  0.293930E+00  0.585340E+06  0.582039E+06  0.000000E+00  0.000000E+00  0.138348E+06  0.571859E+06
  0.295763E+00  0.579742E+06  0.576461E+06  0.000000E+00  0.000000E+00  0.136157E+06  0.566363E+06
  0.297595E+00  0.574330E+06  0.571072E+06  0.000000E+00  0.000000E+00  0.134034E+06  0.561051E+06
  0.299427E+00  0.569102E+06  0.565872E+06  0.000000E+00  0.000000E+00  0.131979E+06  0.555918E+06
  0.301259E+00  0.564051E+06  0.560855E+06  0.000000E+00  0.000000E+00  0.129988E+06  0.550962E+06
  0.303091E+00  0.559172E+06  0.556012E+06  0.000000E+00  0.000000E+00  0.128059E+06  0.546174E+06
  0.304924E+00  0.554453E+06  0.551334E+06  0.000000E+00  0.000000E+00  0.126188E+06  0.541544E+06
  0.306756E+00  0.549882E+06  0.546806E+06  0.000000E+00  0.000000E+00  0.124372E+06  0.537060E+06
  0.308588E+00  0.545445E+06  0.542414E+06  0.000000E+00  0.000000E+00  0.122606E+06  0.532707E+06
  0.310420E+00  0.541126E+06  0.538141E+06  0.000000E+00  0.000000E+00  0.120886E+06  0.528470E+06
  0.312253E+00  0.536907E+06  0.533970E+06  0.000000E+00  0.000000E+00  0.119208E+06  0.524332E+06
  0.314085E+00  0.532771E+06  0.529882E+06  0.000000E+00  0.000000E+00  0.117567E+06  0.520276E+06
  0.315917E+00  0.528703E+06  0.525860E+06  0.000000E+00  0.000000E+00  0.115958E+06  0.516287E+06
  0.317749E+00  0.524688E+06  0.521890E+06  0.000000E+00  0.000000E+00  0.114378E+06  0.512349E+06
  0.319582E+00  0.520710E+06  0.517956E+06  0.000000E+00  0.000000E+00  0.112824E+06  0.508448E+06
  0.321414E+00  0.516759E+06  0.514045E+06  0.000000E+00  0.000000E+00  0.111292E+06  0.504573E+06
  0.323246E+00  0.512822E+06  0.510146E+06  0.000000E+00  0.000000E+00  0.109780E+06  0.500713E+06
  0.325078E+00  0.508890E+06  0.506250E+06  0.000000E+00  0.000000E+00  0.108285E+06  0.496857E+06
  0.326910E+00  0.504956E+06  0.502347E+06  0.000000E+00  0.000000E+00  0.106805E+06  0.492999E+06
  0.328743E+00  0.501014E+06  0.498434E+06  0.000000E+00  0.000000E+00  0.105340E+06  0.489133E+06
  0.330575E+00  0.497061E+06  0.494505E+06  0.000000E+00  0.000000E+00  0.103888E+06  0.485256E+06
  0.332407E+00  0.493096E+06  0.490561E+06  0.000000E+00  0.000000E+00  0.102448E+06  0.481368E+06
  0.334239E+00  0.489119E+06  0.486603E+06  0.000000E+00  0.000000E+00  0.101022E+06  0.477468E+06
  0.336072E+00  0.485135E+06  0.482635E+06  0.000000E+00  0.000000E+00  0.996091E+05  0.473561E+06
  0.337904E+00  0.481148E+06  0.478660E+06  0.000000E+00  0.000000E+00  0.982105E+05  0.469650E+06
  0.339736E+00  0.477163E+06  0.474686E+06  0.000000E+00  0.000000E+00  0.968271E+05  0.465743E+06
  0.341568E+00  0.473187E+06  0.470719E+06  0.000000E+00  0.000000E+00  0.954600E+05  0.461844E+06
  0.343401E+00  0.469226E+06  0.466767E+06  0.000000E+00  0.000000E+00  0.941105E+05  0.457961E+06
  0.345233E+00  0.465290E+06  0.462837E+06  0.000000E+00  0.000000E+00  0.927798E+05  0.454101E+06
  0.347065E+00  0.461385E+06  0.458938E+06  0.000000E+00  0.000000E+00  0.914693E+05  0.450272E+06
  0.348897E+00  0.457520E+06  0.455079E+06  0.000000E+00  0.000000E+00  0.901802E+05  0.446483E+06
  0.350729E+00  0.453702E+06  0.451267E+06  0.000000E+00  0.000000E+00  0.889139E+05  0.442740E+06
  0.352562E+00  0.449938E+06  0.447511E+06  0.000000E+00  0.000000E+00  0.876714E+05  0.439051E+06
  0.354394E+00  0.446237E+06  0.443818E+06  0.000000E+00  0.000000E+00  0.864538E+05  0.435422E+06
  0.356226E+00  0.442602E+06  0.440192E+06  0.000000E+00  0.000000E+00  0.852616E+05  0.431860E+06
  0.358058E+00  0.439038E+06  0.436639E+06  0.000000E+00  0.000000E+00  0.840953E+05  0.428368E+06
  0.359891E+00  0.435549E+06  0.433161E+06  0.000000E+00  0.000000E+00  0.829550E+05  0.424948E+06
  0.361723E+00  0.432134E+06  0.429760E+06  0.000000E+00  0.000000E+00  0.818407E+05  0.421602E+06
  0.363555E+00  0.428796E+06  0.426437E+06  0.000000E+00  0.000000E+00  0.807522E+05  0.418332E+06
  0.365387E+00  0.425534E+06  0.423192E+06  0.000000E+00  0.000000E+00  0.796889E+05  0.415136E+06
  0.367220E+00  0.422347E+06  0.420023E+06  0.000000E+00  0.000000E+00  0.786504E+05  0.412014E+06
  0.369052E+00  0.419232E+06  0.416928E+06  0.000000E+00  0.000000E+00  0.776358E+05  0.408963E+06
  0.370884E+00  0.416187E+06  0.413904E+06  0.000000E+00  0.000000E+00  0.766442E+05  0.405981E+06
  0.372716E+00  0.413207E+06  0.410946E+06  0.000000E+00  0.000000E+00  0.756744E+05  0.403063E+06
  0.374548E+00  0.410287E+06  0.408048E+06  0.000000E+00  0.000000E+00  0.747253E+05  0.400204E+06
  0.376381E+00  0.407422E+06  0.405206E+06  0.000000E+00  0.000000E+00  0.737954E+05  0.397398E+06
  0.378213E+00  0.404606E+06  0.402413E+06  0.000000E+00  0.000000E+00  0.728835E+05  0.394641E+06
  0.380045E+00  0.401833E+06  0.399664E+06  0.000000E+00  0.000000E+00  0.719883E+05  0.391926E+06
  0.381877E+00  0.399098E+06  0.396952E+06  0.000000E+00  0.000000E+00  0.711087E+05  0.389248E+06
  0.383710E+00  0.396395E+06  0.394272E+06  0.000000E+00  0.000000E+00  0.702433E+05  0.386602E+06
  0.385542E+00  0.393720E+06  0.391619E+06  0.000000E+00  0.000000E+00  0.693913E+05  0.383984E+06
  0.387374E+00  0.391069E+06  0.388988E+06  0.000000E+00  0.000000E+00  0.685516E+05  0.381388E+06
  0.389206E+00  0.388436E+06  0.386376E+06  0.000000E+00  0.000000E+00  0.677232E+05  0.378810E+06
  0.391039E+00  0.385817E+06  0.383777E+06  0.000000E+00  0.000000E+00  0.669053E+05  0.376247E+06
  0.392871E+00  0.383211E+06  0.381189E+06  0.000000E+00  0.000000E+00  0.660973E+05  0.373696E+06
  0.394703E+00  0.380614E+06  0.378609E+06  0.000000E+00  0.000000E+00  0.652987E+05  0.371154E+06
  0.396535E+00  0.378025E+06  0.376036E+06  0.000000E+00  0.000000E+00  0.645090E+05  0.368620E+06
  0.398367E+00  0.375444E+06  0.373469E+06  0.000000E+00  0.000000E+00  0.637281E+05  0.366093E+06
  0.400200E+00  0.372870E+06  0.370908E+06  0.000000E+00  0.000000E+00  0.629559E+05  0.363573E+06
  0.402032E+00  0.370304E+06  0.368354E+06  0.000000E+00  0.000000E+00  0.621922E+05  0.361061E+06
  0.403864E+00  0.367747E+06  0.365809E+06  0.000000E+00  0.000000E+00  0.614374E+05  0.358558E+06
  0.405696E+00  0.365200E+06  0.363273E+06  0.000000E+00  0.000000E+00  0.606914E+05  0.356065E+06
  0.407529E+00  0.362666E+06  0.360748E+06  0.000000E+00  0.000000E+00  0.599543E+05  0.353585E+06
  0.409361E+00  0.360145E+06  0.358237E+06  0.000000E+00  0.000000E+00  0.592265E+05  0.351118E+06
  0.411193E+00  0.357641E+06  0.355742E+06  0.000000E+00  0.000000E+00  0.585083E+05  0.348667E+06
  0.413025E+00  0.355157E+06  0.353266E+06  0.000000E+00  0.000000E+00  0.577998E+05  0.346235E+06
  0.414858E+00  0.352693E+06  0.350811E+06  0.000000E+00  0.000000E+00  0.571015E+05  0.343824E+06
  0.416690E+00  0.350255E+06  0.348380E+06  0.000000E+00  0.000000E+00  0.564136E+05  0.341438E+06
  0.418522E+00  0.347843E+06  0.345977E+06  0.000000E+00  0.000000E+00  0.557364E+05  0.339078E+06
  0.420354E+00  0.345461E+06  0.343603E+06  0.000000E+00  0.000000E+00  0.550701E+05  0.336747E+06
  0.422186E+00  0.343109E+06  0.341260E+06  0.000000E+00  0.000000E+00  0.544149E+05  0.334445E+06
  0.424019E+00  0.340789E+06  0.338950E+06  0.000000E+00  0.000000E+00  0.537708E+05  0.332176E+06
  0.425851E+00  0.338503E+06  0.336673E+06  0.000000E+00  0.000000E+00  0.531378E+05  0.329939E+06
  0.427683E+00  0.336250E+06  0.334430E+06  0.000000E+00  0.000000E+00  0.525159E+05  0.327735E+06
  0.429515E+00  0.334032E+06  0.332223E+06  0.000000E+00  0.000000E+00  0.519050E+05  0.325566E+06
  0.431348E+00  0.331849E+06  0.330051E+06  0.000000E+00  0.000000E+00  0.513051E+05  0.323430E+06
  0.433180E+00  0.329701E+06  0.327914E+06  0.000000E+00  0.000000E+00  0.507160E+05  0.321329E+06
  0.435012E+00  0.327586E+06  0.325811E+06  0.000000E+00  0.000000E+00  0.501374E+05  0.319260E+06
  0.436844E+00  0.325505E+06  0.323742E+06  0.000000E+00  0.000000E+00  0.495690E+05  0.317225E+06
  0.438677E+00  0.323454E+06  0.321704E+06  0.000000E+00  0.000000E+00  0.490105E+05  0.315220E+06
  0.440509E+00  0.321434E+06  0.319696E+06  0.000000E+00  0.000000E+00  0.484615E+05  0.313244E+06
  0.442341E+00  0.319442E+06  0.317717E+06  0.000000E+00  0.000000E+00  0.479216E+05  0.311295E+06
  0.444173E+00  0.317475E+06  0.315764E+06  0.000000E+00  0.000000E+00  0.473904E+05  0.309373E+06
  0.446005E+00  0.315533E+06  0.313835E+06  0.000000E+00  0.000000E+00  0.468676E+05  0.307474E+06
  0.447838E+00  0.313614E+06  0.311929E+06  0.000000E+00  0.000000E+00  0.463527E+05  0.305598E+06
  0.449670E+00  0.311715E+06  0.310043E+06  0.000000E+00  0.000000E+00  0.458454E+05  0.303741E+06
  0.451502E+00  0.309836E+06  0.308176E+06  0.000000E+00  0.000000E+00  0.453453E+05  0.301904E+06
  0.453334E+00  0.307974E+06  0.306327E+06  0.000000E+00  0.000000E+00  0.448521E+05  0.300083E+06
  0.455167E+00  0.306127E+06  0.304492E+06  0.000000E+00  0.000000E+00  0.443655E+05  0.298278E+06
  0.456999E+00  0.304294E+06  0.302671E+06  0.000000E+00  0.000000E+00  0.438850E+05  0.296486E+06
  0.458831E+00  0.302473E+06  0.300862E+06  0.000000E+00  0.000000E+00  0.434106E+05  0.294706E+06
  0.460663E+00  0.300664E+06  0.299064E+06  0.000000E+00  0.000000E+00  0.429419E+05  0.292938E+06
  0.462496E+00  0.298867E+06  0.297277E+06  0.000000E+00  0.000000E+00  0.424789E+05  0.291180E+06
  0.464328E+00  0.297080E+06  0.295500E+06  0.000000E+00  0.000000E+00  0.420214E+05  0.289434E+06
  0.466160E+00  0.295303E+06  0.293733E+06  0.000000E+00  0.000000E+00  0.415692E+05  0.287697E+06
  0.467992E+00  0.293537E+06  0.291976E+06  0.000000E+00  0.000000E+00  0.411224E+05  0.285970E+06
  0.469824E+00  0.291781E+06  0.290229E+06  0.000000E+00  0.000000E+00  0.406808E+05  0.284254E+06
  0.471657E+00  0.290035E+06  0.288492E+06  0.000000E+00  0.000000E+00  0.402444E+05  0.282548E+06
  0.473489E+00  0.288300E+06  0.286765E+06  0.000000E+00  0.000000E+00  0.398133E+05  0.280852E+06
  0.475321E+00  0.286577E+06  0.285050E+06  0.000000E+00  0.000000E+00  0.393873E+05  0.279167E+06
  0.477153E+00  0.284865E+06  0.283346E+06  0.000000E+00  0.000000E+00  0.389666E+05  0.277494E+06
  0.478986E+00  0.283166E+06  0.281654E+06  0.000000E+00  0.000000E+00  0.385512E+05  0.275834E+06
  0.480818E+00  0.281481E+06  0.279976E+06  0.000000E+00  0.000000E+00  0.381411E+05  0.274186E+06
  0.482650E+00  0.279810E+06  0.278313E+06  0.000000E+00  0.000000E+00  0.377365E+05  0.272554E+06
  0.484482E+00  0.278154E+06  0.276665E+06  0.000000E+00  0.000000E+00  0.373372E+05  0.270935E+06
  0.486315E+00  0.276514E+06  0.275032E+06  0.000000E+00  0.000000E+00  0.369435E+05  0.269333E+06
  0.488147E+00  0.274890E+06  0.273415E+06  0.000000E+00  0.000000E+00  0.365551E+05  0.267746E+06
  0.489979E+00  0.273283E+06  0.271815E+06  0.000000E+00  0.000000E+00  0.361722E+05  0.266175E+06
  0.491811E+00  0.271692E+06  0.270232E+06  0.000000E+00  0.000000E+00  0.357947E+05  0.264621E+06
  0.493643E+00  0.270119E+06  0.268667E+06  0.000000E+00  0.000000E+00  0.354226E+05  0.263084E+06
  0.495476E+00  0.268564E+06  0.267119E+06  0.000000E+00  0.000000E+00  0.350559E+05  0.261564E+06
  0.497308E+00  0.267026E+06  0.265589E+06  0.000000E+00  0.000000E+00  0.346946E+05  0.260062E+06
  0.499140E+00  0.265507E+06  0.264077E+06  0.000000E+00  0.000000E+00  0.343385E+05  0.258577E+06
  0.500972E+00  0.264004E+06  0.262583E+06  0.000000E+00  0.000000E+00  0.339876E+05  0.257110E+06
  0.502805E+00  0.262519E+06  0.261106E+06  0.000000E+00  0.000000E+00  0.336418E+05  0.255659E+06
  0.504637E+00  0.261051E+06  0.259646E+06  0.000000E+00  0.000000E+00  0.333009E+05  0.254224E+06
  0.506469E+00  0.259599E+06  0.258202E+06  0.000000E+00  0.000000E+00  0.329649E+05  0.252806E+06
  0.508301E+00  0.258162E+06  0.256774E+06  0.000000E+00  0.000000E+00  0.326336E+05  0.251402E+06
  0.510134E+00  0.256740E+06  0.255361E+06  0.000000E+00  0.000000E+00  0.323069E+05  0.250014E+06
  0.511966E+00  0.255334E+06  0.253962E+06  0.000000E+00  0.000000E+00  0.319846E+05  0.248640E+06
  0.513798E+00  0.253941E+06  0.252578E+06  0.000000E+00  0.000000E+00  0.316667E+05  0.247280E+06
  0.515630E+00  0.252561E+06  0.251206E+06  0.000000E+00  0.000000E+00  0.313530E+05  0.245932E+06
  0.517462E+00  0.251194E+06  0.249847E+06  0.000000E+00  0.000000E+00  0.310433E+05  0.244597E+06
  0.519295E+00  0.249839E+06  0.248500E+06  0.000000E+00  0.000000E+00  0.307376E+05  0.243274E+06
  0.521127E+00  0.248495E+06  0.247164E+06  0.000000E+00  0.000000E+00  0.304357E+05  0.241961E+06
  0.522959E+00  0.247161E+06  0.245839E+06  0.000000E+00  0.000000E+00  0.301374E+05  0.240659E+06
  0.524791E+00  0.245838E+06  0.244523E+06  0.000000E+00  0.000000E+00  0.298428E+05  0.239366E+06
  0.526624E+00  0.244523E+06  0.243216E+06  0.000000E+00  0.000000E+00  0.295516E+05  0.238083E+06
  0.528456E+00  0.243219E+06  0.241919E+06  0.000000E+00  0.000000E+00  0.292638E+05  0.236809E+06
  0.530288E+00  0.241923E+06  0.240631E+06  0.000000E+00  0.000000E+00  0.289795E+05  0.235544E+06
  0.532120E+00  0.240637E+06  0.239351E+06  0.000000E+00  0.000000E+00  0.286984E+05  0.234288E+06
  0.533953E+00  0.239360E+06  0.238081E+06  0.000000E+00  0.000000E+00  0.284206E+05  0.233040E+06
  0.535785E+00  0.238091E+06  0.236819E+06  0.000000E+00  0.000000E+00  0.281460E+05  0.231801E+06
  0.537617E+00  0.236830E+06  0.235565E+06  0.000000E+00  0.000000E+00  0.278745E+05  0.230570E+06
  0.539449E+00  0.235578E+06  0.234319E+06  0.000000E+00  0.000000E+00  0.276061E+05  0.229348E+06
  0.541281E+00  0.234335E+06  0.233082E+06  0.000000E+00  0.000000E+00  0.273409E+05  0.228134E+06
  0.543114E+00  0.233101E+06  0.231854E+06  0.000000E+00  0.000000E+00  0.270787E+05  0.226929E+06
  0.544946E+00  0.231875E+06  0.230635E+06  0.000000E+00  0.000000E+00  0.268196E+05  0.225733E+06
  0.546778E+00  0.230660E+06  0.229425E+06  0.000000E+00  0.000000E+00  0.265636E+05  0.224546E+06
  0.548610E+00  0.229453E+06  0.228225E+06  0.000000E+00  0.000000E+00  0.263106E+05  0.223368E+06
  0.550443E+00  0.228256E+06  0.227034E+06  0.000000E+00  0.000000E+00  0.260607E+05  0.222199E+06
  0.552275E+00  0.227069E+06  0.225852E+06  0.000000E+00  0.000000E+00  0.258138E+05  0.221040E+06
  0.554107E+00  0.225891E+06  0.224680E+06  0.000000E+00  0.000000E+00  0.255698E+05  0.219890E+06
  0.555939E+00  0.224723E+06  0.223518E+06  0.000000E+00  0.000000E+00  0.253288E+05  0.218750E+06
  0.557772E+00  0.223565E+06  0.222366E+06  0.000000E+00  0.000000E+00  0.250908E+05  0.217620E+06
  0.559604E+00  0.222417E+06  0.221224E+06  0.000000E+00  0.000000E+00  0.248557E+05  0.216500E+06
  0.561436E+00  0.221280E+06  0.220093E+06  0.000000E+00  0.000000E+00  0.246236E+05  0.215389E+06
  0.563268E+00  0.220153E+06  0.218971E+06  0.000000E+00  0.000000E+00  0.243944E+05  0.214289E+06
  0.565100E+00  0.219036E+06  0.217860E+06  0.000000E+00  0.000000E+00  0.241680E+05  0.213199E+06
  0.566933E+00  0.217929E+06  0.216759E+06  0.000000E+00  0.000000E+00  0.239444E+05  0.212119E+06
  0.568765E+00  0.216832E+06  0.215668E+06  0.000000E+00  0.000000E+00  0.237236E+05  0.211048E+06
  0.570597E+00  0.215745E+06  0.214587E+06  0.000000E+00  0.000000E+00  0.235055E+05  0.209987E+06
  0.572429E+00  0.214667E+06  0.213515E+06  0.000000E+00  0.000000E+00  0.232900E+05  0.208935E+06
  0.574262E+00  0.213599E+06  0.212452E+06  0.000000E+00  0.000000E+00  0.230772E+05  0.207892E+06
  0.576094E+00  0.212540E+06  0.211400E+06  0.000000E+00  0.000000E+00  0.228670E+05  0.206859E+06
  0.577926E+00  0.211490E+06  0.210356E+06  0.000000E+00  0.000000E+00  0.226594E+05  0.205835E+06
  0.579758E+00  0.210450E+06  0.209321E+06  0.000000E+00  0.000000E+00  0.224542E+05  0.204819E+06
  0.581591E+00  0.209417E+06  0.208294E+06  0.000000E+00  0.000000E+00  0.222514E+05  0.203812E+06
  0.583423E+00  0.208393E+06  0.207276E+06  0.000000E+00  0.000000E+00  0.220511E+05  0.202813E+06
  0.585255E+00  0.207377E+06  0.206266E+06  0.000000E+00  0.000000E+00  0.218530E+05  0.201822E+06
  0.587087E+00  0.206369E+06  0.205263E+06  0.000000E+00  0.000000E+00  0.216572E+05  0.200838E+06
  0.707312E+00  0.153766E+06  0.152942E+06  0.000000E+00  0.000000E+00  0.125299E+05  0.149540E+06
  0.863914E+00  0.111582E+06  0.110984E+06  0.000000E+00  0.000000E+00  0.682879E+04  0.108450E+06
  0.105519E+01  0.805958E+05  0.801638E+05  0.000000E+00  0.000000E+00  0.365237E+04  0.782960E+05
  0.128881E+01  0.579728E+05  0.576619E+05  0.000000E+00  0.000000E+00  0.192028E+04  0.562980E+05
  0.157415E+01  0.415430E+05  0.413201E+05  0.000000E+00  0.000000E+00  0.122710E+04  0.403385E+05
  0.192267E+01  0.296620E+05  0.295027E+05  0.000000E+00  0.000000E+00  0.636593E+03  0.287950E+05
  0.234836E+01  0.211109E+05  0.209974E+05  0.000000E+00  0.000000E+00  0.325639E+03  0.204901E+05
  0.286829E+01  0.149807E+05  0.149000E+05  0.000000E+00  0.000000E+00  0.164457E+03  0.145382E+05
  0.350334E+01  0.106018E+05  0.105445E+05  0.000000E+00  0.000000E+00  0.820978E+02  0.102876E+05
  0.427899E+01  0.748408E+04  0.744345E+04  0.000000E+00  0.000000E+00  0.405568E+02  0.726177E+04
  0.522637E+01  0.527101E+04  0.524221E+04  0.000000E+00  0.000000E+00  0.198475E+02  0.511416E+04
  0.638351E+01  0.370442E+04  0.368397E+04  0.000000E+00  0.000000E+00  0.963141E+01  0.359403E+04
  0.779683E+01  0.259828E+04  0.258373E+04  0.000000E+00  0.000000E+00  0.463901E+01  0.252076E+04
  0.952307E+01  0.181908E+04  0.180867E+04  0.000000E+00  0.000000E+00  0.221971E+01  0.176474E+04
  0.116315E+02  0.127136E+04  0.126386E+04  0.000000E+00  0.000000E+00  0.105601E+01  0.123334E+04
  0.142067E+02  0.887136E+03  0.881659E+03  0.000000E+00  0.000000E+00  0.499882E+00  0.860559E+03
  0.173522E+02  0.618093E+03  0.614028E+03  0.000000E+00  0.000000E+00  0.235610E+00  0.599535E+03
  0.211940E+02  0.430030E+03  0.426943E+03  0.000000E+00  0.000000E+00  0.110640E+00  0.417078E+03
  0.258864E+02  0.298782E+03  0.296368E+03  0.000000E+00  0.000000E+00  0.517899E-01  0.289741E+03
  0.316177E+02  0.207320E+03  0.205368E+03  0.000000E+00  0.000000E+00  0.241754E-01  0.201004E+03
  0.386180E+02  0.143672E+03  0.142033E+03  0.000000E+00  0.000000E+00  0.112575E-01  0.139251E+03
  0.471681E+02  0.994366E+02  0.980077E+02  0.000000E+00  0.000000E+00  0.523049E-02  0.963325E+02
  0.576112E+02  0.687301E+02  0.674399E+02  0.000000E+00  0.000000E+00  0.242503E-02  0.665386E+02
  0.703666E+02  0.474389E+02  0.462388E+02  0.000000E+00  0.000000E+00  0.112190E-02  0.458793E+02
  0.859458E+02  0.326917E+02  0.315496E+02  0.000000E+00  0.000000E+00  0.517803E-03  0.315691E+02
  0.104975E+03  0.224872E+02  0.213828E+02  0.000000E+00  0.000000E+00  0.238325E-03  0.216667E+02
