  0.355810E-05  0.221691E+07  0.221691E+07  0.295586E+07  0.295586E+07  0.221712E+07  0.221691E+07
  0.367857E-05  0.221691E+07  0.221691E+07  0.295586E+07  0.295586E+07  0.221712E+07  0.221691E+07
  0.380311E-05  0.221691E+07  0.221691E+07  0.295585E+07  0.295585E+07  0.221712E+07  0.221691E+07
  0.393186E-05  0.221691E+07  0.221691E+07  0.295585E+07  0.295585E+07  0.221712E+07  0.221691E+07
  0.406498E-05  0.221691E+07  0.221691E+07  0.295585E+07  0.295585E+07  0.221712E+07  0.221691E+07
  0.420260E-05  0.221691E+07  0.221691E+07  0.295585E+07  0.295585E+07  0.221712E+07  0.221691E+07
  0.434489E-05  0.221691E+07  0.221691E+07  0.295585E+07  0.295585E+07  0.221712E+07  0.221691E+07
  0.449198E-05  0.221691E+07  0.221691E+07  0.295585E+07  0.295585E+07  0.221712E+07  0.221691E+07
  0.464406E-05  0.221691E+07  0.221691E+07  0.295584E+07  0.295584E+07  0.221712E+07  0.221691E+07
  0.480129E-05  0.221691E+07  0.221691E+07  0.295584E+07  0.295584E+07  0.221712E+07  0.221691E+07
  0.496384E-05  0.221691E+07  0.221691E+07  0.295584E+07  0.295584E+07  0.221712E+07  0.221691E+07
  0.513190E-05  0.221691E+07  0.221691E+07  0.295584E+07  0.295584E+07  0.221712E+07  0.221691E+07
  0.530564E-05  0.221691E+07  0.221691E+07  0.295584E+07  0.295584E+07  0.221712E+07  0.221691E+07
  0.548527E-05  0.221691E+07  0.221691E+07  0.295583E+07  0.295583E+07  0.221712E+07  0.221691E+07
  0.567098E-05  0.221691E+07  0.221691E+07  0.295583E+07  0.295583E+07  0.221712E+07  0.221691E+07
  0.586297E-05  0.221691E+07  0.221691E+07  0.295583E+07  0.295583E+07  0.221712E+07  0.221691E+07
  0.606147E-05  0.221691E+07  0.221691E+07  0.295582E+07  0.295582E+07  0.221712E+07  0.221691E+07
  0.626668E-05  0.221691E+07  0.221691E+07  0.295582E+07  0.295582E+07  0.221712E+07  0.221691E+07
  0.647885E-05  0.221691E+07  0.221691E+07  0.295582E+07  0.295582E+07  0.221712E+07  0.221691E+07
  0.669819E-05  0.221691E+07  0.221691E+07  0.295581E+07  0.295581E+07  0.221712E+07  0.221691E+07
  0.692496E-05  0.221691E+07  0.221691E+07  0.295581E+07  0.295581E+07  0.221712E+07  0.221691E+07
  0.715941E-05  0.221691E+07  0.221691E+07  0.295580E+07  0.295580E+07  0.221712E+07  0.221691E+07
  0.740180E-05  0.221691E+07  0.221691E+07  0.295580E+07  0.295580E+07  0.221712E+07  0.221691E+07
  0.765239E-05  0.221691E+07  0.221691E+07  0.295579E+07  0.295579E+07  0.221712E+07  0.221691E+07
  0.791147E-05  0.221691E+07  0.221691E+07  0.295579E+07  0.295579E+07  0.221712E+07  0.221691E+07
  0.817932E-05  0.221691E+07  0.221691E+07  0.295578E+07  0.295578E+07  0.221712E+07  0.221691E+07
  0.845624E-05  0.221691E+07  0.221691E+07  0.295578E+07  0.295577E+07  0.221712E+07  0.221691E+07
  0.874253E-05  0.221691E+07  0.221690E+07  0.295577E+07  0.295577E+07  0.221712E+07  0.221691E+07
  0.903851E-05  0.221690E+07  0.221690E+07  0.295576E+07  0.295576E+07  0.221712E+07  0.221691E+07
  0.934452E-05  0.221690E+07  0.221690E+07  0.295575E+07  0.295575E+07  0.221712E+07  0.221691E+07
  0.966088E-05  0.221690E+07  0.221690E+07  0.295574E+07  0.295574E+07  0.221712E+07  0.221691E+07
  0.998796E-05  0.221690E+07  0.221690E+07  0.295574E+07  0.295573E+07  0.221712E+07  0.221691E+07
  0.103261E-04  0.221690E+07  0.221690E+07  0.295573E+07  0.295572E+07  0.221712E+07  0.221691E+07
  0.106757E-04  0.221690E+07  0.221690E+07  0.295572E+07  0.295571E+07  0.221712E+07  0.221691E+07
  0.110371E-04  0.221690E+07  0.221690E+07  0.295570E+07  0.295570E+07  0.221712E+07  0.221691E+07
  0.114108E-04  0.221690E+07  0.221690E+07  0.295569E+07  0.295569E+07  0.221712E+07  0.221691E+07
  0.117971E-04  0.221690E+07  0.221690E+07  0.295568E+07  0.295568E+07  0.221712E+07  0.221691E+07
  0.121965E-04  0.221690E+07  0.221690E+07  0.295567E+07  0.295566E+07  0.221712E+07  0.221691E+07
  0.126095E-04  0.221690E+07  0.221690E+07  0.295565E+07  0.295565E+07  0.221712E+07  0.221691E+07
  0.130364E-04  0.221690E+07  0.221690E+07  0.295564E+07  0.295563E+07  0.221712E+07  0.221691E+07
  0.134777E-04  0.221690E+07  0.221690E+07  0.295562E+07  0.295562E+07  0.221712E+07  0.221691E+07
  0.139340E-04  0.221690E+07  0.221690E+07  0.295560E+07  0.295560E+07  0.221712E+07  0.221691E+07
  0.144058E-04  0.221690E+07  0.221690E+07  0.295559E+07  0.295558E+07  0.221712E+07  0.221691E+07
  0.148935E-04  0.221690E+07  0.221690E+07  0.295557E+07  0.295556E+07  0.221712E+07  0.221691E+07
  0.153977E-04  0.221690E+07  0.221690E+07  0.295554E+07  0.295554E+07  0.221712E+07  0.221691E+07
  0.159190E-04  0.221690E+07  0.221690E+07  0.295552E+07  0.295552E+07  0.221712E+07  0.221691E+07
  0.164580E-04  0.221690E+07  0.221690E+07  0.295550E+07  0.295549E+07  0.221712E+07  0.221691E+07
  0.170152E-04  0.221690E+07  0.221690E+07  0.295547E+07  0.295546E+07  0.221712E+07  0.221691E+07
  0.175912E-04  0.221690E+07  0.221690E+07  0.295544E+07  0.295544E+07  0.221712E+07  0.221691E+07
  0.181868E-04  0.221690E+07  0.221690E+07  0.295541E+07  0.295541E+07  0.221712E+07  0.221691E+07
  0.188025E-04  0.221690E+07  0.221690E+07  0.295538E+07  0.295537E+07  0.221711E+07  0.221691E+07
  0.194391E-04  0.221690E+07  0.221690E+07  0.295535E+07  0.295534E+07  0.221711E+07  0.221691E+07
  0.200972E-04  0.221690E+07  0.221690E+07  0.295531E+07  0.295530E+07  0.221711E+07  0.221691E+07
  0.207776E-04  0.221690E+07  0.221690E+07  0.295527E+07  0.295526E+07  0.221711E+07  0.221691E+07
  0.214810E-04  0.221690E+07  0.221690E+07  0.295523E+07  0.295522E+07  0.221711E+07  0.221691E+07
  0.222083E-04  0.221690E+07  0.221690E+07  0.295519E+07  0.295518E+07  0.221711E+07  0.221691E+07
  0.229602E-04  0.221690E+07  0.221690E+07  0.295514E+07  0.295513E+07  0.221711E+07  0.221691E+07
  0.237375E-04  0.221690E+07  0.221690E+07  0.295509E+07  0.295508E+07  0.221711E+07  0.221690E+07
  0.245412E-04  0.221690E+07  0.221690E+07  0.295504E+07  0.295502E+07  0.221711E+07  0.221690E+07
  0.253720E-04  0.221690E+07  0.221690E+07  0.295498E+07  0.295496E+07  0.221711E+07  0.221690E+07
  0.262310E-04  0.221690E+07  0.221690E+07  0.295492E+07  0.295490E+07  0.221711E+07  0.221690E+07
  0.271191E-04  0.221690E+07  0.221690E+07  0.295485E+07  0.295483E+07  0.221711E+07  0.221690E+07
  0.280372E-04  0.221690E+07  0.221690E+07  0.295478E+07  0.295476E+07  0.221711E+07  0.221690E+07
  0.289864E-04  0.221690E+07  0.221689E+07  0.295470E+07  0.295469E+07  0.221711E+07  0.221690E+07
  0.299678E-04  0.221689E+07  0.221689E+07  0.295462E+07  0.295460E+07  0.221710E+07  0.221690E+07
  0.309824E-04  0.221689E+07  0.221689E+07  0.295454E+07  0.295452E+07  0.221710E+07  0.221690E+07
  0.320313E-04  0.221689E+07  0.221689E+07  0.295444E+07  0.295442E+07  0.221710E+07  0.221690E+07
  0.331158E-04  0.221689E+07  0.221689E+07  0.295435E+07  0.295432E+07  0.221710E+07  0.221690E+07
  0.342369E-04  0.221689E+07  0.221689E+07  0.295424E+07  0.295422E+07  0.221710E+07  0.221690E+07
  0.353960E-04  0.221689E+07  0.221689E+07  0.295413E+07  0.295410E+07  0.221710E+07  0.221690E+07
  0.365944E-04  0.221689E+07  0.221689E+07  0.295401E+07  0.295398E+07  0.221710E+07  0.221689E+07
  0.378333E-04  0.221689E+07  0.221689E+07  0.295388E+07  0.295385E+07  0.221709E+07  0.221689E+07
  0.391142E-04  0.221689E+07  0.221689E+07  0.295374E+07  0.295371E+07  0.221709E+07  0.221689E+07
  0.404384E-04  0.221688E+07  0.221688E+07  0.295360E+07  0.295356E+07  0.221709E+07  0.221689E+07
  0.418075E-04  0.221688E+07  0.221688E+07  0.295344E+07  0.295340E+07  0.221709E+07  0.221689E+07
  0.432229E-04  0.221688E+07  0.221688E+07  0.295327E+07  0.295323E+07  0.221709E+07  0.221689E+07
  0.446863E-04  0.221688E+07  0.221688E+07  0.295309E+07  0.295305E+07  0.221708E+07  0.221689E+07
  0.461992E-04  0.221688E+07  0.221688E+07  0.295290E+07  0.295285E+07  0.221708E+07  0.221688E+07
  0.477633E-04  0.221688E+07  0.221688E+07  0.295270E+07  0.295265E+07  0.221708E+07  0.221688E+07
  0.493803E-04  0.221687E+07  0.221687E+07  0.295248E+07  0.295242E+07  0.221708E+07  0.221688E+07
  0.510521E-04  0.221687E+07  0.221687E+07  0.295224E+07  0.295219E+07  0.221707E+07  0.221688E+07
  0.527805E-04  0.221687E+07  0.221687E+07  0.295199E+07  0.295193E+07  0.221707E+07  0.221687E+07
  0.545675E-04  0.221687E+07  0.221687E+07  0.295172E+07  0.295166E+07  0.221706E+07  0.221687E+07
  0.564149E-04  0.221686E+07  0.221686E+07  0.295144E+07  0.295137E+07  0.221706E+07  0.221687E+07
  0.583249E-04  0.221686E+07  0.221686E+07  0.295113E+07  0.295106E+07  0.221706E+07  0.221687E+07
  0.602995E-04  0.221686E+07  0.221686E+07  0.295081E+07  0.295073E+07  0.221705E+07  0.221686E+07
  0.623410E-04  0.221685E+07  0.221685E+07  0.295046E+07  0.295038E+07  0.221705E+07  0.221686E+07
  0.644516E-04  0.221685E+07  0.221685E+07  0.295009E+07  0.295000E+07  0.221704E+07  0.221686E+07
  0.666336E-04  0.221685E+07  0.221685E+07  0.294969E+07  0.294959E+07  0.221704E+07  0.221685E+07
  0.688896E-04  0.221684E+07  0.221684E+07  0.294926E+07  0.294916E+07  0.221703E+07  0.221685E+07
  0.712219E-04  0.221684E+07  0.221684E+07  0.294881E+07  0.294870E+07  0.221702E+07  0.221684E+07
  0.736331E-04  0.221683E+07  0.221683E+07  0.294832E+07  0.294821E+07  0.221702E+07  0.221684E+07
  0.761260E-04  0.221683E+07  0.221683E+07  0.294780E+07  0.294768E+07  0.221701E+07  0.221683E+07
  0.787033E-04  0.221682E+07  0.221682E+07  0.294725E+07  0.294712E+07  0.221700E+07  0.221683E+07
  0.813679E-04  0.221682E+07  0.221682E+07  0.294666E+07  0.294651E+07  0.221700E+07  0.221682E+07
  0.841227E-04  0.221681E+07  0.221681E+07  0.294602E+07  0.294587E+07  0.221699E+07  0.221682E+07
  0.869707E-04  0.221681E+07  0.221680E+07  0.294534E+07  0.294518E+07  0.221698E+07  0.221681E+07
  0.899151E-04  0.221680E+07  0.221680E+07  0.294462E+07  0.294445E+07  0.221697E+07  0.221680E+07
  0.929593E-04  0.221679E+07  0.221679E+07  0.294385E+07  0.294366E+07  0.221696E+07  0.221680E+07
  0.961065E-04  0.221678E+07  0.221678E+07  0.294302E+07  0.294282E+07  0.221695E+07  0.221679E+07
  0.993603E-04  0.221677E+07  0.221677E+07  0.294214E+07  0.294193E+07  0.221693E+07  0.221678E+07
  0.102724E-03  0.221677E+07  0.221676E+07  0.294119E+07  0.294097E+07  0.221692E+07  0.221677E+07
  0.106202E-03  0.221676E+07  0.221675E+07  0.294018E+07  0.293994E+07  0.221691E+07  0.221676E+07
  0.109798E-03  0.221675E+07  0.221674E+07  0.293911E+07  0.293885E+07  0.221689E+07  0.221675E+07
  0.113515E-03  0.221673E+07  0.221673E+07  0.293796E+07  0.293768E+07  0.221688E+07  0.221674E+07
  0.117358E-03  0.221672E+07  0.221672E+07  0.293672E+07  0.293643E+07  0.221686E+07  0.221673E+07
  0.121331E-03  0.221671E+07  0.221671E+07  0.293541E+07  0.293510E+07  0.221684E+07  0.221671E+07
  0.125439E-03  0.221670E+07  0.221669E+07  0.293401E+07  0.293367E+07  0.221682E+07  0.221670E+07
  0.129686E-03  0.221668E+07  0.221668E+07  0.293251E+07  0.293215E+07  0.221680E+07  0.221668E+07
  0.134076E-03  0.221667E+07  0.221666E+07  0.293090E+07  0.293052E+07  0.221678E+07  0.221667E+07
  0.138616E-03  0.221665E+07  0.221665E+07  0.292919E+07  0.292878E+07  0.221676E+07  0.221665E+07
  0.143309E-03  0.221663E+07  0.221663E+07  0.292736E+07  0.292693E+07  0.221673E+07  0.221663E+07
  0.148160E-03  0.221661E+07  0.221661E+07  0.292541E+07  0.292494E+07  0.221670E+07  0.221662E+07
  0.153176E-03  0.221659E+07  0.221659E+07  0.292332E+07  0.292282E+07  0.221668E+07  0.221660E+07
  0.158362E-03  0.221657E+07  0.221657E+07  0.292109E+07  0.292056E+07  0.221665E+07  0.221657E+07
  0.163724E-03  0.221655E+07  0.221654E+07  0.291871E+07  0.291814E+07  0.221661E+07  0.221655E+07
  0.169267E-03  0.221652E+07  0.221652E+07  0.291617E+07  0.291556E+07  0.221658E+07  0.221653E+07
  0.174997E-03  0.221650E+07  0.221649E+07  0.291345E+07  0.291280E+07  0.221654E+07  0.221650E+07
  0.180922E-03  0.221647E+07  0.221647E+07  0.291055E+07  0.290986E+07  0.221650E+07  0.221647E+07
  0.187047E-03  0.221644E+07  0.221644E+07  0.290745E+07  0.290672E+07  0.221646E+07  0.221644E+07
  0.193380E-03  0.221641E+07  0.221640E+07  0.290415E+07  0.290336E+07  0.221641E+07  0.221641E+07
  0.199927E-03  0.221637E+07  0.221637E+07  0.290062E+07  0.289978E+07  0.221636E+07  0.221637E+07
  0.206696E-03  0.221634E+07  0.221633E+07  0.289685E+07  0.289595E+07  0.221631E+07  0.221634E+07
  0.213693E-03  0.221630E+07  0.221629E+07  0.289282E+07  0.289187E+07  0.221626E+07  0.221630E+07
  0.220928E-03  0.221626E+07  0.221625E+07  0.288853E+07  0.288751E+07  0.221620E+07  0.221625E+07
  0.228408E-03  0.221621E+07  0.221620E+07  0.288394E+07  0.288285E+07  0.221613E+07  0.221621E+07
  0.236141E-03  0.221616E+07  0.221616E+07  0.287905E+07  0.287789E+07  0.221606E+07  0.221616E+07
  0.244136E-03  0.221611E+07  0.221610E+07  0.287383E+07  0.287259E+07  0.221599E+07  0.221611E+07
  0.252401E-03  0.221606E+07  0.221605E+07  0.286826E+07  0.286694E+07  0.221591E+07  0.221605E+07
  0.260946E-03  0.221600E+07  0.221599E+07  0.286232E+07  0.286091E+07  0.221583E+07  0.221599E+07
  0.269781E-03  0.221594E+07  0.221593E+07  0.285598E+07  0.285447E+07  0.221574E+07  0.221593E+07
  0.278914E-03  0.221587E+07  0.221586E+07  0.284921E+07  0.284761E+07  0.221565E+07  0.221586E+07
  0.288357E-03  0.221580E+07  0.221579E+07  0.284200E+07  0.284030E+07  0.221555E+07  0.221579E+07
  0.298120E-03  0.221572E+07  0.221571E+07  0.283431E+07  0.283249E+07  0.221544E+07  0.221571E+07
  0.308213E-03  0.221564E+07  0.221563E+07  0.282612E+07  0.282418E+07  0.221532E+07  0.221563E+07
  0.318648E-03  0.221556E+07  0.221554E+07  0.281738E+07  0.281532E+07  0.221520E+07  0.221554E+07
  0.329436E-03  0.221546E+07  0.221545E+07  0.280807E+07  0.280587E+07  0.221507E+07  0.221545E+07
  0.340589E-03  0.221537E+07  0.221535E+07  0.279815E+07  0.279581E+07  0.221493E+07  0.221535E+07
  0.352120E-03  0.221526E+07  0.221524E+07  0.278758E+07  0.278509E+07  0.221478E+07  0.221524E+07
  0.364041E-03  0.221515E+07  0.221513E+07  0.277633E+07  0.277368E+07  0.221462E+07  0.221513E+07
  0.376366E-03  0.221503E+07  0.221501E+07  0.276434E+07  0.276153E+07  0.221444E+07  0.221501E+07
  0.389108E-03  0.221490E+07  0.221488E+07  0.275159E+07  0.274860E+07  0.221426E+07  0.221488E+07
  0.402282E-03  0.221476E+07  0.221474E+07  0.273802E+07  0.273484E+07  0.221406E+07  0.221474E+07
  0.415901E-03  0.221461E+07  0.221459E+07  0.272358E+07  0.272020E+07  0.221386E+07  0.221459E+07
  0.429982E-03  0.221446E+07  0.221443E+07  0.270823E+07  0.270464E+07  0.221363E+07  0.221443E+07
  0.444539E-03  0.221429E+07  0.221426E+07  0.269191E+07  0.268810E+07  0.221339E+07  0.221426E+07
  0.459589E-03  0.221411E+07  0.221408E+07  0.267457E+07  0.267053E+07  0.221314E+07  0.221408E+07
  0.475149E-03  0.221392E+07  0.221389E+07  0.265614E+07  0.265186E+07  0.221287E+07  0.221389E+07
  0.491236E-03  0.221372E+07  0.221368E+07  0.263658E+07  0.263205E+07  0.221258E+07  0.221368E+07
  0.507867E-03  0.221350E+07  0.221346E+07  0.261583E+07  0.261103E+07  0.221226E+07  0.221346E+07
  0.525061E-03  0.221327E+07  0.221323E+07  0.259381E+07  0.258873E+07  0.221193E+07  0.221322E+07
  0.542837E-03  0.221302E+07  0.221298E+07  0.257047E+07  0.256510E+07  0.221158E+07  0.221297E+07
  0.561215E-03  0.221276E+07  0.221271E+07  0.254574E+07  0.254006E+07  0.221120E+07  0.221270E+07
  0.580216E-03  0.221247E+07  0.221243E+07  0.251955E+07  0.251356E+07  0.221080E+07  0.221242E+07
  0.599859E-03  0.221217E+07  0.221212E+07  0.249184E+07  0.248552E+07  0.221037E+07  0.221211E+07
  0.620168E-03  0.221185E+07  0.221180E+07  0.246253E+07  0.245587E+07  0.220991E+07  0.221179E+07
  0.641164E-03  0.221151E+07  0.221145E+07  0.243157E+07  0.242456E+07  0.220942E+07  0.221144E+07
  0.662871E-03  0.221115E+07  0.221109E+07  0.239888E+07  0.239150E+07  0.220889E+07  0.221107E+07
  0.685313E-03  0.221076E+07  0.221069E+07  0.236439E+07  0.235665E+07  0.220834E+07  0.221068E+07
  0.708515E-03  0.221034E+07  0.221027E+07  0.232805E+07  0.231992E+07  0.220774E+07  0.221026E+07
  0.732502E-03  0.220990E+07  0.220983E+07  0.228979E+07  0.228127E+07  0.220710E+07  0.220981E+07
  0.757302E-03  0.220943E+07  0.220935E+07  0.224954E+07  0.224064E+07  0.220643E+07  0.220933E+07
  0.782941E-03  0.220892E+07  0.220884E+07  0.220727E+07  0.219797E+07  0.220570E+07  0.220882E+07
  0.809448E-03  0.220839E+07  0.220830E+07  0.216292E+07  0.215322E+07  0.220493E+07  0.220828E+07
  0.836852E-03  0.220782E+07  0.220773E+07  0.211645E+07  0.210635E+07  0.220411E+07  0.220770E+07
  0.865185E-03  0.220721E+07  0.220711E+07  0.206783E+07  0.205734E+07  0.220324E+07  0.220708E+07
  0.894476E-03  0.220656E+07  0.220646E+07  0.201703E+07  0.200617E+07  0.220230E+07  0.220642E+07
  0.924759E-03  0.220588E+07  0.220576E+07  0.196406E+07  0.195282E+07  0.220131E+07  0.220573E+07
  0.956068E-03  0.220514E+07  0.220502E+07  0.190891E+07  0.189732E+07  0.220025E+07  0.220498E+07
  0.988436E-03  0.220436E+07  0.220424E+07  0.185160E+07  0.183968E+07  0.219912E+07  0.220419E+07
  0.102190E-02  0.220353E+07  0.220340E+07  0.179218E+07  0.177996E+07  0.219792E+07  0.220335E+07
  0.105650E-02  0.220265E+07  0.220251E+07  0.173071E+07  0.171821E+07  0.219664E+07  0.220246E+07
  0.109227E-02  0.220172E+07  0.220156E+07  0.166726E+07  0.165453E+07  0.219528E+07  0.220151E+07
  0.112925E-02  0.220072E+07  0.220056E+07  0.160195E+07  0.158903E+07  0.219384E+07  0.220050E+07
  0.116748E-02  0.219966E+07  0.219949E+07  0.153490E+07  0.152185E+07  0.219230E+07  0.219942E+07
  0.120700E-02  0.219854E+07  0.219835E+07  0.146629E+07  0.145316E+07  0.219066E+07  0.219828E+07
  0.124787E-02  0.219735E+07  0.219715E+07  0.139630E+07  0.138316E+07  0.218892E+07  0.219707E+07
  0.129011E-02  0.219608E+07  0.219587E+07  0.132517E+07  0.131210E+07  0.218707E+07  0.219579E+07
  0.133379E-02  0.219474E+07  0.219452E+07  0.125316E+07  0.124023E+07  0.218510E+07  0.219443E+07
  0.137895E-02  0.219332E+07  0.219309E+07  0.118057E+07  0.116787E+07  0.218301E+07  0.219299E+07
  0.142563E-02  0.219182E+07  0.219157E+07  0.110772E+07  0.109535E+07  0.218080E+07  0.219146E+07
  0.147390E-02  0.219022E+07  0.218996E+07  0.103499E+07  0.102303E+07  0.217845E+07  0.218984E+07
  0.152380E-02  0.218854E+07  0.218825E+07  0.962765E+06  0.951326E+06  0.217595E+07  0.218813E+07
  0.157539E-02  0.218675E+07  0.218645E+07  0.891484E+06  0.880659E+06  0.217331E+07  0.218632E+07
  0.162872E-02  0.218486E+07  0.218455E+07  0.821592E+06  0.811479E+06  0.217051E+07  0.218440E+07
  0.168387E-02  0.218287E+07  0.218254E+07  0.753560E+06  0.744250E+06  0.216754E+07  0.218238E+07
  0.174087E-02  0.218077E+07  0.218041E+07  0.687868E+06  0.679443E+06  0.216440E+07  0.218024E+07
  0.179981E-02  0.217855E+07  0.217817E+07  0.624995E+06  0.617528E+06  0.216107E+07  0.217798E+07
  0.186075E-02  0.217621E+07  0.217581E+07  0.565410E+06  0.558957E+06  0.215756E+07  0.217560E+07
  0.192374E-02  0.217374E+07  0.217332E+07  0.509559E+06  0.504156E+06  0.215384E+07  0.217310E+07
  0.198887E-02  0.217114E+07  0.217069E+07  0.457848E+06  0.453506E+06  0.214991E+07  0.217046E+07
  0.205621E-02  0.216841E+07  0.216793E+07  0.410626E+06  0.407329E+06  0.214576E+07  0.216768E+07
  0.212582E-02  0.216553E+07  0.216503E+07  0.368171E+06  0.365873E+06  0.214138E+07  0.216476E+07
  0.219779E-02  0.216251E+07  0.216198E+07  0.330673E+06  0.329291E+06  0.213676E+07  0.216168E+07
  0.227220E-02  0.215934E+07  0.215878E+07  0.298213E+06  0.297630E+06  0.213189E+07  0.215846E+07
  0.234913E-02  0.215601E+07  0.215541E+07  0.270754E+06  0.270820E+06  0.212676E+07  0.215507E+07
  0.242866E-02  0.215252E+07  0.215189E+07  0.248129E+06  0.248658E+06  0.212136E+07  0.215152E+07
  0.251089E-02  0.214886E+07  0.214819E+07  0.230033E+06  0.230813E+06  0.211567E+07  0.214780E+07
  0.259589E-02  0.214503E+07  0.214432E+07  0.216023E+06  0.216824E+06  0.210969E+07  0.214390E+07
  0.268378E-02  0.214102E+07  0.214026E+07  0.205530E+06  0.206111E+06  0.210340E+07  0.213982E+07
  0.277464E-02  0.213683E+07  0.213602E+07  0.197871E+06  0.197997E+06  0.209680E+07  0.213554E+07
  0.286858E-02  0.213245E+07  0.213159E+07  0.192281E+06  0.191736E+06  0.208986E+07  0.213108E+07
  0.296570E-02  0.212787E+07  0.212696E+07  0.187946E+06  0.186553E+06  0.208259E+07  0.212642E+07
  0.306610E-02  0.212309E+07  0.212212E+07  0.184052E+06  0.181689E+06  0.207496E+07  0.212155E+07
  0.316991E-02  0.211810E+07  0.211708E+07  0.179837E+06  0.176455E+06  0.206696E+07  0.211646E+07
  0.327723E-02  0.211290E+07  0.211181E+07  0.174651E+06  0.170285E+06  0.205858E+07  0.211116E+07
  0.338818E-02  0.210748E+07  0.210632E+07  0.168009E+06  0.162784E+06  0.204981E+07  0.210563E+07
  0.350289E-02  0.210184E+07  0.210060E+07  0.159639E+06  0.153770E+06  0.204063E+07  0.209987E+07
  0.362148E-02  0.209596E+07  0.209463E+07  0.149521E+06  0.143296E+06  0.203103E+07  0.209387E+07
  0.374409E-02  0.208983E+07  0.208843E+07  0.137890E+06  0.131651E+06  0.202101E+07  0.208762E+07
  0.387085E-02  0.208346E+07  0.208196E+07  0.125227E+06  0.119330E+06  0.201053E+07  0.208112E+07
  0.400190E-02  0.207683E+07  0.207524E+07  0.112205E+06  0.106979E+06  0.199960E+07  0.207435E+07
  0.413739E-02  0.206994E+07  0.206824E+07  0.996086E+05  0.953040E+05  0.198820E+07  0.206731E+07
  0.427746E-02  0.206278E+07  0.206097E+07  0.882258E+05  0.849715E+05  0.197632E+07  0.205999E+07
  0.442228E-02  0.205534E+07  0.205341E+07  0.787233E+05  0.764935E+05  0.196395E+07  0.205239E+07
  0.457200E-02  0.204761E+07  0.204556E+07  0.715277E+05  0.701310E+05  0.195108E+07  0.204450E+07
  0.472678E-02  0.203959E+07  0.203741E+07  0.667324E+05  0.658295E+05  0.193769E+07  0.203630E+07
  0.488681E-02  0.203126E+07  0.202894E+07  0.640550E+05  0.632108E+05  0.192379E+07  0.202779E+07
  0.505226E-02  0.202263E+07  0.202016E+07  0.628660E+05  0.616304E+05  0.190935E+07  0.201896E+07
  0.522331E-02  0.201367E+07  0.201105E+07  0.622959E+05  0.603028E+05  0.189439E+07  0.200981E+07
  0.540015E-02  0.200440E+07  0.200160E+07  0.614130E+05  0.584756E+05  0.187889E+07  0.200033E+07
  0.558297E-02  0.199479E+07  0.199181E+07  0.594401E+05  0.556159E+05  0.186285E+07  0.199050E+07
  0.577199E-02  0.198483E+07  0.198167E+07  0.559597E+05  0.515586E+05  0.184626E+07  0.198033E+07
  0.596740E-02  0.197454E+07  0.197116E+07  0.510462E+05  0.465650E+05  0.182914E+07  0.196980E+07
  0.616943E-02  0.196388E+07  0.196029E+07  0.452682E+05  0.412548E+05  0.181147E+07  0.195891E+07
  0.637830E-02  0.195286E+07  0.194905E+07  0.395334E+05  0.364118E+05  0.179327E+07  0.194765E+07
  0.659425E-02  0.194148E+07  0.193742E+07  0.347982E+05  0.327083E+05  0.177453E+07  0.193601E+07
  0.681750E-02  0.192971E+07  0.192539E+07  0.317223E+05  0.304424E+05  0.175527E+07  0.192399E+07
  0.704831E-02  0.191757E+07  0.191297E+07  0.303940E+05  0.293977E+05  0.173549E+07  0.191158E+07
  0.728694E-02  0.190503E+07  0.190014E+07  0.302576E+05  0.289107E+05  0.171521E+07  0.189877E+07
  0.753364E-02  0.189209E+07  0.188690E+07  0.303165E+05  0.281519E+05  0.169442E+07  0.188556E+07
  0.778870E-02  0.187876E+07  0.187324E+07  0.295708E+05  0.265201E+05  0.167316E+07  0.187195E+07
  0.805239E-02  0.186501E+07  0.185915E+07  0.275134E+05  0.239588E+05  0.165142E+07  0.185792E+07
  0.832501E-02  0.185086E+07  0.184462E+07  0.244266E+05  0.210021E+05  0.162922E+07  0.184347E+07
  0.860686E-02  0.183628E+07  0.182966E+07  0.212675E+05  0.184739E+05  0.160657E+07  0.182860E+07
  0.889825E-02  0.182128E+07  0.181425E+07  0.183044E+05  0.169737E+05  0.158350E+07  0.181331E+07
  0.919951E-02  0.180586E+07  0.179839E+07  0.173390E+05  0.164620E+05  0.156001E+07  0.179758E+07
  0.951096E-02  0.179000E+07  0.178207E+07  0.174508E+05  0.162639E+05  0.153612E+07  0.178142E+07
  0.983296E-02  0.177371E+07  0.176530E+07  0.175385E+05  0.155591E+05  0.151183E+07  0.176482E+07
  0.101659E-01  0.175716E+07  0.174824E+07  0.166125E+05  0.140373E+05  0.148880E+07  0.174801E+07
  0.105100E-01  0.174000E+07  0.173054E+07  0.146014E+05  0.121664E+05  0.146373E+07  0.173054E+07
  0.108659E-01  0.172239E+07  0.171236E+07  0.124670E+05  0.107868E+05  0.143829E+07  0.171262E+07
  0.112337E-01  0.170434E+07  0.169371E+07  0.110663E+05  0.102933E+05  0.141246E+07  0.169425E+07
  0.116141E-01  0.168584E+07  0.167458E+07  0.110198E+05  0.102191E+05  0.138628E+07  0.167543E+07
  0.120073E-01  0.166688E+07  0.165497E+07  0.112167E+05  0.972685E+04  0.135974E+07  0.165615E+07
  0.124138E-01  0.164748E+07  0.163487E+07  0.105314E+05  0.856836E+04  0.133285E+07  0.163642E+07
  0.128341E-01  0.162756E+07  0.161422E+07  0.897036E+04  0.738886E+04  0.130523E+07  0.161617E+07
  0.132686E-01  0.160723E+07  0.159313E+07  0.769724E+04  0.689063E+04  0.127765E+07  0.159552E+07
  0.137178E-01  0.158645E+07  0.157156E+07  0.739399E+04  0.686320E+04  0.124976E+07  0.157441E+07
  0.141822E-01  0.156521E+07  0.154948E+07  0.760824E+04  0.648780E+04  0.122158E+07  0.155285E+07
  0.146624E-01  0.154352E+07  0.152692E+07  0.707084E+04  0.559278E+04  0.119313E+07  0.153082E+07
  0.151588E-01  0.152136E+07  0.150386E+07  0.586791E+04  0.000000E+00  0.116443E+07  0.150834E+07
  0.156720E-01  0.149878E+07  0.148034E+07  0.522999E+04  0.000000E+00  0.113561E+07  0.148543E+07
  0.162026E-01  0.147573E+07  0.145631E+07  0.534599E+04  0.000000E+00  0.110649E+07  0.146206E+07
  0.167511E-01  0.145223E+07  0.143180E+07  0.516086E+04  0.000000E+00  0.107719E+07  0.143824E+07
  0.173182E-01  0.142828E+07  0.140682E+07  0.426589E+04  0.000000E+00  0.104774E+07  0.141398E+07
  0.179045E-01  0.140391E+07  0.138137E+07  0.379106E+04  0.000000E+00  0.101816E+07  0.138929E+07
  0.185107E-01  0.137910E+07  0.135546E+07  0.396821E+04  0.000000E+00  0.988442E+06  0.136417E+07
  0.191374E-01  0.135387E+07  0.132911E+07  0.358636E+04  0.000000E+00  0.958665E+06  0.133864E+07
  0.197853E-01  0.132825E+07  0.130233E+07  0.291930E+04  0.000000E+00  0.928835E+06  0.131271E+07
  0.204552E-01  0.130223E+07  0.127514E+07  0.290556E+04  0.000000E+00  0.898984E+06  0.128641E+07
  0.211477E-01  0.127583E+07  0.124756E+07  0.285595E+04  0.000000E+00  0.869156E+06  0.125973E+07
  0.218637E-01  0.124909E+07  0.121962E+07  0.235666E+04  0.000000E+00  0.839410E+06  0.123272E+07
  0.226039E-01  0.122201E+07  0.119135E+07  0.237641E+04  0.000000E+00  0.809792E+06  0.120538E+07
  0.233691E-01  0.119463E+07  0.116277E+07  0.243217E+04  0.000000E+00  0.780371E+06  0.117776E+07
  0.241603E-01  0.116697E+07  0.113394E+07  0.210914E+04  0.000000E+00  0.751205E+06  0.114988E+07
  0.249783E-01  0.113908E+07  0.110489E+07  0.209683E+04  0.000000E+00  0.722342E+06  0.112179E+07
  0.258240E-01  0.111099E+07  0.107567E+07  0.168690E+04  0.000000E+00  0.693821E+06  0.109351E+07
  0.266982E-01  0.108274E+07  0.104635E+07  0.123129E+04  0.000000E+00  0.665663E+06  0.106511E+07
  0.276021E-01  0.105440E+07  0.101698E+07  0.124034E+04  0.000000E+00  0.637882E+06  0.103662E+07
  0.285366E-01  0.102600E+07  0.987624E+06  0.116931E+04  0.000000E+00  0.610491E+06  0.100811E+07
  0.295027E-01  0.997606E+06  0.958359E+06  0.121195E+04  0.000000E+00  0.583524E+06  0.979626E+06
  0.305016E-01  0.969284E+06  0.929261E+06  0.853294E+03  0.000000E+00  0.557032E+06  0.951240E+06
  0.315342E-01  0.941100E+06  0.900413E+06  0.906888E+03  0.000000E+00  0.531092E+06  0.923020E+06
  0.326019E-01  0.913124E+06  0.871903E+06  0.817198E+03  0.000000E+00  0.505793E+06  0.895041E+06
  0.337056E-01  0.885434E+06  0.843821E+06  0.709524E+03  0.000000E+00  0.481220E+06  0.867382E+06
  0.348467E-01  0.858109E+06  0.816265E+06  0.644546E+03  0.000000E+00  0.457439E+06  0.840124E+06
  0.360265E-01  0.831231E+06  0.789330E+06  0.623326E+03  0.000000E+00  0.434490E+06  0.813352E+06
  0.372462E-01  0.804884E+06  0.763115E+06  0.498645E+03  0.000000E+00  0.412390E+06  0.787149E+06
  0.385072E-01  0.779150E+06  0.737712E+06  0.518237E+03  0.000000E+00  0.391144E+06  0.761595E+06
  0.398109E-01  0.754108E+06  0.713212E+06  0.424529E+03  0.000000E+00  0.370758E+06  0.736771E+06
  0.411587E-01  0.729832E+06  0.689694E+06  0.389903E+03  0.000000E+00  0.351247E+06  0.712748E+06
  0.425522E-01  0.706388E+06  0.667228E+06  0.385323E+03  0.000000E+00  0.332626E+06  0.689593E+06
  0.439928E-01  0.683833E+06  0.645869E+06  0.308073E+03  0.000000E+00  0.314908E+06  0.667360E+06
  0.454592E-01  0.662532E+06  0.625954E+06  0.308359E+03  0.000000E+00  0.298347E+06  0.646406E+06
  0.469257E-01  0.642797E+06  0.607746E+06  0.270170E+03  0.000000E+00  0.283149E+06  0.627034E+06
  0.483921E-01  0.624514E+06  0.591102E+06  0.231153E+03  0.000000E+00  0.269193E+06  0.609126E+06
  0.498585E-01  0.607568E+06  0.575877E+06  0.205434E+03  0.000000E+00  0.256357E+06  0.592560E+06
  0.513249E-01  0.591841E+06  0.561923E+06  0.240404E+03  0.000000E+00  0.244515E+06  0.577215E+06
  0.527914E-01  0.577214E+06  0.549094E+06  0.195663E+03  0.000000E+00  0.233557E+06  0.562968E+06
  0.542578E-01  0.563571E+06  0.537243E+06  0.146292E+03  0.000000E+00  0.223388E+06  0.549698E+06
  0.557242E-01  0.550797E+06  0.526231E+06  0.195070E+03  0.000000E+00  0.213928E+06  0.537287E+06
  0.571907E-01  0.538782E+06  0.515921E+06  0.142150E+03  0.000000E+00  0.205105E+06  0.525623E+06
  0.586571E-01  0.527420E+06  0.506187E+06  0.133445E+03  0.000000E+00  0.196844E+06  0.514598E+06
  0.601235E-01  0.516612E+06  0.496911E+06  0.145826E+03  0.000000E+00  0.189071E+06  0.504110E+06
  0.615899E-01  0.506266E+06  0.487984E+06  0.116188E+03  0.000000E+00  0.181719E+06  0.494067E+06
  0.630564E-01  0.496299E+06  0.479309E+06  0.116017E+03  0.000000E+00  0.174737E+06  0.484383E+06
  0.645228E-01  0.486636E+06  0.470800E+06  0.106576E+03  0.000000E+00  0.168084E+06  0.474982E+06
  0.659892E-01  0.477211E+06  0.462386E+06  0.107189E+03  0.000000E+00  0.161730E+06  0.465800E+06
  0.674556E-01  0.467967E+06  0.454004E+06  0.799020E+02  0.000000E+00  0.155644E+06  0.456778E+06
  0.689221E-01  0.458858E+06  0.445608E+06  0.921806E+02  0.000000E+00  0.149801E+06  0.447872E+06
  0.703885E-01  0.449846E+06  0.437162E+06  0.709121E+02  0.000000E+00  0.144175E+06  0.439044E+06
  0.718549E-01  0.440903E+06  0.428642E+06  0.832313E+02  0.000000E+00  0.138747E+06  0.430268E+06
  0.733214E-01  0.432009E+06  0.420036E+06  0.807484E+02  0.000000E+00  0.133500E+06  0.421523E+06
  0.747878E-01  0.423156E+06  0.411345E+06  0.907106E+02  0.000000E+00  0.128424E+06  0.412805E+06
  0.762542E-01  0.414327E+06  0.402563E+06  0.472834E+02  0.000000E+00  0.123505E+06  0.404096E+06
  0.777206E-01  0.405534E+06  0.393714E+06  0.514986E+02  0.000000E+00  0.118745E+06  0.395412E+06
  0.791871E-01  0.396786E+06  0.384822E+06  0.768274E+02  0.000000E+00  0.114142E+06  0.386762E+06
  0.806535E-01  0.388096E+06  0.375915E+06  0.500643E+02  0.000000E+00  0.109696E+06  0.378163E+06
  0.821199E-01  0.379483E+06  0.367026E+06  0.603170E+02  0.000000E+00  0.105406E+06  0.369633E+06
  0.835864E-01  0.370967E+06  0.358193E+06  0.519891E+02  0.000000E+00  0.101271E+06  0.361197E+06
  0.850528E-01  0.362572E+06  0.349453E+06  0.748417E+02  0.000000E+00  0.972899E+05  0.352878E+06
  0.865192E-01  0.354323E+06  0.340847E+06  0.212614E+02  0.000000E+00  0.934661E+05  0.344703E+06
  0.879856E-01  0.346245E+06  0.332415E+06  0.429562E+02  0.000000E+00  0.898019E+05  0.336700E+06
  0.894521E-01  0.338364E+06  0.324194E+06  0.345039E+02  0.000000E+00  0.862986E+05  0.328893E+06
  0.909185E-01  0.330701E+06  0.316220E+06  0.237890E+02  0.000000E+00  0.829550E+05  0.321310E+06
  0.923849E-01  0.323282E+06  0.308527E+06  0.314785E+02  0.000000E+00  0.797689E+05  0.313971E+06
  0.942171E-01  0.314381E+06  0.299352E+06  0.289036E+02  0.000000E+00  0.760060E+05  0.305178E+06
  0.960494E-01  0.305921E+06  0.290707E+06  0.414105E+02  0.000000E+00  0.724819E+05  0.296833E+06
  0.978816E-01  0.297926E+06  0.282626E+06  0.290259E+02  0.000000E+00  0.691926E+05  0.288962E+06
  0.997138E-01  0.290413E+06  0.275131E+06  0.308725E+02  0.000000E+00  0.661318E+05  0.281581E+06
  0.101546E+00  0.283388E+06  0.268230E+06  0.303633E+02  0.000000E+00  0.632910E+05  0.274696E+06
  0.103378E+00  0.276848E+06  0.261919E+06  0.191041E+02  0.000000E+00  0.606585E+05  0.268305E+06
  0.105211E+00  0.270781E+06  0.256180E+06  0.259126E+02  0.000000E+00  0.582203E+05  0.262393E+06
  0.107043E+00  0.265168E+06  0.250985E+06  0.107854E+02  0.000000E+00  0.559608E+05  0.256941E+06
  0.108875E+00  0.259981E+06  0.246294E+06  0.253405E+02  0.000000E+00  0.538652E+05  0.251918E+06
  0.110707E+00  0.255186E+06  0.242061E+06  0.220117E+02  0.000000E+00  0.519196E+05  0.247291E+06
  0.112539E+00  0.250744E+06  0.238231E+06  0.152778E+02  0.000000E+00  0.501090E+05  0.243019E+06
  0.114372E+00  0.246612E+06  0.234745E+06  0.140611E+02  0.000000E+00  0.484173E+05  0.239056E+06
  0.116204E+00  0.242747E+06  0.231542E+06  0.186023E+02  0.000000E+00  0.468293E+05  0.235357E+06
  0.118036E+00  0.239102E+06  0.228562E+06  0.102505E+02  0.000000E+00  0.453315E+05  0.231876E+06
  0.119868E+00  0.235631E+06  0.225741E+06  0.171772E+02  0.000000E+00  0.439118E+05  0.228563E+06
  0.121701E+00  0.232289E+06  0.223022E+06  0.233541E+02  0.000000E+00  0.425580E+05  0.225373E+06
  0.123533E+00  0.229035E+06  0.220348E+06  0.886248E+01  0.000000E+00  0.412588E+05  0.222263E+06
  0.125365E+00  0.225830E+06  0.217671E+06  0.171520E+02  0.000000E+00  0.400045E+05  0.219195E+06
  0.127197E+00  0.222642E+06  0.214952E+06  0.114199E+02  0.000000E+00  0.387874E+05  0.216136E+06
  0.129030E+00  0.219445E+06  0.212156E+06  0.119515E+02  0.000000E+00  0.376016E+05  0.213058E+06
  0.130862E+00  0.216218E+06  0.209260E+06  0.851489E+01  0.000000E+00  0.364428E+05  0.209941E+06
  0.132694E+00  0.212945E+06  0.206245E+06  0.106883E+02  0.000000E+00  0.353080E+05  0.206770E+06
  0.134526E+00  0.209617E+06  0.203102E+06  0.000000E+00  0.000000E+00  0.341948E+05  0.203534E+06
  0.136358E+00  0.206227E+06  0.199829E+06  0.000000E+00  0.000000E+00  0.331014E+05  0.200229E+06
  0.138191E+00  0.202778E+06  0.196433E+06  0.000000E+00  0.000000E+00  0.320271E+05  0.196857E+06
  0.140023E+00  0.199276E+06  0.192926E+06  0.000000E+00  0.000000E+00  0.309725E+05  0.193425E+06
  0.141855E+00  0.195731E+06  0.189325E+06  0.000000E+00  0.000000E+00  0.299394E+05  0.189945E+06
  0.143687E+00  0.192158E+06  0.185655E+06  0.000000E+00  0.000000E+00  0.289298E+05  0.186431E+06
  0.145520E+00  0.188574E+06  0.181942E+06  0.000000E+00  0.000000E+00  0.279456E+05  0.182903E+06
  0.147352E+00  0.185000E+06  0.178218E+06  0.000000E+00  0.000000E+00  0.269889E+05  0.179382E+06
  0.149184E+00  0.181455E+06  0.174510E+06  0.000000E+00  0.000000E+00  0.260620E+05  0.175888E+06
  0.151016E+00  0.177960E+06  0.170851E+06  0.000000E+00  0.000000E+00  0.251673E+05  0.172444E+06
  0.152849E+00  0.174536E+06  0.167268E+06  0.000000E+00  0.000000E+00  0.243068E+05  0.169071E+06
  0.154681E+00  0.171201E+06  0.163789E+06  0.000000E+00  0.000000E+00  0.234817E+05  0.165786E+06
  0.156513E+00  0.167971E+06  0.160438E+06  0.000000E+00  0.000000E+00  0.226933E+05  0.162609E+06
  0.158345E+00  0.164864E+06  0.157236E+06  0.000000E+00  0.000000E+00  0.219421E+05  0.159556E+06
  0.160177E+00  0.161890E+06  0.154202E+06  0.000000E+00  0.000000E+00  0.212286E+05  0.156639E+06
  0.162010E+00  0.159060E+06  0.151346E+06  0.000000E+00  0.000000E+00  0.205527E+05  0.153867E+06
  0.163842E+00  0.156380E+06  0.148679E+06  0.000000E+00  0.000000E+00  0.199142E+05  0.151249E+06
  0.165674E+00  0.153854E+06  0.146204E+06  0.000000E+00  0.000000E+00  0.193123E+05  0.148786E+06
  0.167506E+00  0.151480E+06  0.143919E+06  0.000000E+00  0.000000E+00  0.187453E+05  0.146478E+06
  0.169339E+00  0.149255E+06  0.141818E+06  0.000000E+00  0.000000E+00  0.182109E+05  0.144321E+06
  0.171171E+00  0.147171E+06  0.139891E+06  0.000000E+00  0.000000E+00  0.177072E+05  0.142306E+06
  0.173003E+00  0.145219E+06  0.138125E+06  0.000000E+00  0.000000E+00  0.172322E+05  0.140426E+06
  0.174835E+00  0.143389E+06  0.136504E+06  0.000000E+00  0.000000E+00  0.167834E+05  0.138668E+06
  0.176668E+00  0.141669E+06  0.135011E+06  0.000000E+00  0.000000E+00  0.163583E+05  0.137019E+06
  0.178500E+00  0.140043E+06  0.133626E+06  0.000000E+00  0.000000E+00  0.159542E+05  0.135465E+06
  0.180332E+00  0.138497E+06  0.132328E+06  0.000000E+00  0.000000E+00  0.155687E+05  0.133991E+06
  0.182164E+00  0.137016E+06  0.131096E+06  0.000000E+00  0.000000E+00  0.151994E+05  0.132580E+06
  0.183996E+00  0.135583E+06  0.129909E+06  0.000000E+00  0.000000E+00  0.148438E+05  0.131216E+06
  0.185829E+00  0.134185E+06  0.128747E+06  0.000000E+00  0.000000E+00  0.145000E+05  0.129884E+06
  0.187661E+00  0.132807E+06  0.127592E+06  0.000000E+00  0.000000E+00  0.141658E+05  0.128570E+06
  0.189493E+00  0.131436E+06  0.126427E+06  0.000000E+00  0.000000E+00  0.138396E+05  0.127261E+06
  0.191325E+00  0.130063E+06  0.125239E+06  0.000000E+00  0.000000E+00  0.135199E+05  0.125947E+06
  0.193158E+00  0.128679E+06  0.124016E+06  0.000000E+00  0.000000E+00  0.132056E+05  0.124618E+06
  0.194990E+00  0.127276E+06  0.122750E+06  0.000000E+00  0.000000E+00  0.128960E+05  0.123267E+06
  0.196822E+00  0.125849E+06  0.121434E+06  0.000000E+00  0.000000E+00  0.125906E+05  0.121890E+06
  0.198654E+00  0.124395E+06  0.120066E+06  0.000000E+00  0.000000E+00  0.122889E+05  0.120483E+06
  0.200487E+00  0.122914E+06  0.118646E+06  0.000000E+00  0.000000E+00  0.119905E+05  0.119045E+06
  0.202319E+00  0.121405E+06  0.117175E+06  0.000000E+00  0.000000E+00  0.116955E+05  0.117577E+06
  0.204151E+00  0.119872E+06  0.115658E+06  0.000000E+00  0.000000E+00  0.114042E+05  0.116082E+06
  0.205983E+00  0.118317E+06  0.114101E+06  0.000000E+00  0.000000E+00  0.111170E+05  0.114564E+06
  0.207815E+00  0.116749E+06  0.112514E+06  0.000000E+00  0.000000E+00  0.108344E+05  0.113030E+06
  0.209648E+00  0.115171E+06  0.110905E+06  0.000000E+00  0.000000E+00  0.105568E+05  0.111486E+06
  0.211480E+00  0.113592E+06  0.109286E+06  0.000000E+00  0.000000E+00  0.102849E+05  0.109939E+06
  0.213312E+00  0.112020E+06  0.107668E+06  0.000000E+00  0.000000E+00  0.100192E+05  0.108398E+06
  0.215144E+00  0.110462E+06  0.106061E+06  0.000000E+00  0.000000E+00  0.976040E+04  0.106870E+06
  0.216977E+00  0.108925E+06  0.104477E+06  0.000000E+00  0.000000E+00  0.950895E+04  0.105363E+06
  0.218809E+00  0.107417E+06  0.102926E+06  0.000000E+00  0.000000E+00  0.926535E+04  0.103886E+06
  0.220641E+00  0.105945E+06  0.101416E+06  0.000000E+00  0.000000E+00  0.902992E+04  0.102443E+06
  0.222473E+00  0.104514E+06  0.999569E+05  0.000000E+00  0.000000E+00  0.880287E+04  0.101043E+06
  0.224306E+00  0.103129E+06  0.985551E+05  0.000000E+00  0.000000E+00  0.858444E+04  0.996897E+05
  0.226138E+00  0.101796E+06  0.972162E+05  0.000000E+00  0.000000E+00  0.837486E+04  0.983879E+05
  0.227970E+00  0.100516E+06  0.959440E+05  0.000000E+00  0.000000E+00  0.817420E+04  0.971405E+05
  0.229802E+00  0.992913E+05  0.947408E+05  0.000000E+00  0.000000E+00  0.798227E+04  0.959491E+05
  0.231634E+00  0.981223E+05  0.936066E+05  0.000000E+00  0.000000E+00  0.779873E+04  0.948141E+05
  0.233467E+00  0.970083E+05  0.925405E+05  0.000000E+00  0.000000E+00  0.762327E+04  0.937346E+05
  0.235299E+00  0.959475E+05  0.915398E+05  0.000000E+00  0.000000E+00  0.745555E+04  0.927089E+05
  0.237131E+00  0.949372E+05  0.906005E+05  0.000000E+00  0.000000E+00  0.729514E+04  0.917340E+05
  0.238963E+00  0.939740E+05  0.897178E+05  0.000000E+00  0.000000E+00  0.714154E+04  0.908065E+05
  0.240796E+00  0.930538E+05  0.888860E+05  0.000000E+00  0.000000E+00  0.699424E+04  0.899222E+05
  0.242628E+00  0.921722E+05  0.880986E+05  0.000000E+00  0.000000E+00  0.685270E+04  0.890763E+05
  0.244460E+00  0.913238E+05  0.873484E+05  0.000000E+00  0.000000E+00  0.671632E+04  0.882636E+05
  0.246292E+00  0.905033E+05  0.866280E+05  0.000000E+00  0.000000E+00  0.658454E+04  0.874782E+05
  0.248125E+00  0.897052E+05  0.859300E+05  0.000000E+00  0.000000E+00  0.645683E+04  0.867148E+05
  0.249957E+00  0.889241E+05  0.852470E+05  0.000000E+00  0.000000E+00  0.633274E+04  0.859676E+05
  0.251789E+00  0.881548E+05  0.845723E+05  0.000000E+00  0.000000E+00  0.621173E+04  0.852316E+05
  0.253621E+00  0.873929E+05  0.838997E+05  0.000000E+00  0.000000E+00  0.609332E+04  0.845018E+05
  0.255453E+00  0.866341E+05  0.832238E+05  0.000000E+00  0.000000E+00  0.597714E+04  0.837743E+05
  0.257286E+00  0.858749E+05  0.825401E+05  0.000000E+00  0.000000E+00  0.586298E+04  0.830453E+05
  0.259118E+00  0.851125E+05  0.818448E+05  0.000000E+00  0.000000E+00  0.575064E+04  0.823120E+05
  0.260950E+00  0.843447E+05  0.811352E+05  0.000000E+00  0.000000E+00  0.563989E+04  0.815720E+05
  0.262782E+00  0.835696E+05  0.804094E+05  0.000000E+00  0.000000E+00  0.553054E+04  0.808238E+05
  0.264615E+00  0.827864E+05  0.796665E+05  0.000000E+00  0.000000E+00  0.542248E+04  0.800663E+05
  0.266447E+00  0.819949E+05  0.789065E+05  0.000000E+00  0.000000E+00  0.531568E+04  0.792995E+05
  0.268279E+00  0.811955E+05  0.781305E+05  0.000000E+00  0.000000E+00  0.521018E+04  0.785237E+05
  0.270111E+00  0.803892E+05  0.773403E+05  0.000000E+00  0.000000E+00  0.510602E+04  0.777403E+05
  0.271944E+00  0.795778E+05  0.765383E+05  0.000000E+00  0.000000E+00  0.500332E+04  0.769509E+05
  0.273776E+00  0.787631E+05  0.757276E+05  0.000000E+00  0.000000E+00  0.490218E+04  0.761576E+05
  0.275608E+00  0.779477E+05  0.749117E+05  0.000000E+00  0.000000E+00  0.480271E+04  0.753629E+05
  0.277440E+00  0.771341E+05  0.740945E+05  0.000000E+00  0.000000E+00  0.470502E+04  0.745695E+05
  0.279272E+00  0.763248E+05  0.732795E+05  0.000000E+00  0.000000E+00  0.460928E+04  0.737801E+05
  0.281105E+00  0.755226E+05  0.724707E+05  0.000000E+00  0.000000E+00  0.451565E+04  0.729974E+05
  0.282937E+00  0.747299E+05  0.716718E+05  0.000000E+00  0.000000E+00  0.442421E+04  0.722242E+05
  0.284769E+00  0.739495E+05  0.708863E+05  0.000000E+00  0.000000E+00  0.433503E+04  0.714630E+05
  0.286601E+00  0.731836E+05  0.701176E+05  0.000000E+00  0.000000E+00  0.424821E+04  0.707164E+05
  0.288434E+00  0.724344E+05  0.693687E+05  0.000000E+00  0.000000E+00  0.416384E+04  0.699866E+05
  0.290266E+00  0.717038E+05  0.686419E+05  0.000000E+00  0.000000E+00  0.408203E+04  0.692754E+05
  0.292098E+00  0.709930E+05  0.679391E+05  0.000000E+00  0.000000E+00  0.400278E+04  0.685842E+05
  0.293930E+00  0.703032E+05  0.672616E+05  0.000000E+00  0.000000E+00  0.392607E+04  0.679140E+05
  0.295763E+00  0.696348E+05  0.666101E+05  0.000000E+00  0.000000E+00  0.385185E+04  0.672654E+05
  0.297595E+00  0.689878E+05  0.659846E+05  0.000000E+00  0.000000E+00  0.378007E+04  0.666384E+05
  0.299427E+00  0.683620E+05  0.653848E+05  0.000000E+00  0.000000E+00  0.371063E+04  0.660327E+05
  0.301259E+00  0.677569E+05  0.648098E+05  0.000000E+00  0.000000E+00  0.364348E+04  0.654478E+05
  0.303091E+00  0.671716E+05  0.642584E+05  0.000000E+00  0.000000E+00  0.357852E+04  0.648828E+05
  0.304924E+00  0.666051E+05  0.637289E+05  0.000000E+00  0.000000E+00  0.351564E+04  0.643365E+05
  0.306756E+00  0.660558E+05  0.632193E+05  0.000000E+00  0.000000E+00  0.345469E+04  0.638074E+05
  0.308588E+00  0.655220E+05  0.627273E+05  0.000000E+00  0.000000E+00  0.339552E+04  0.632938E+05
  0.310420E+00  0.650022E+05  0.622505E+05  0.000000E+00  0.000000E+00  0.333801E+04  0.627939E+05
  0.312253E+00  0.644941E+05  0.617863E+05  0.000000E+00  0.000000E+00  0.328205E+04  0.623056E+05
  0.314085E+00  0.639961E+05  0.613320E+05  0.000000E+00  0.000000E+00  0.322748E+04  0.618271E+05
  0.315917E+00  0.635061E+05  0.608851E+05  0.000000E+00  0.000000E+00  0.317413E+04  0.613563E+05
  0.317749E+00  0.630224E+05  0.604434E+05  0.000000E+00  0.000000E+00  0.312189E+04  0.608916E+05
  0.319582E+00  0.625436E+05  0.600047E+05  0.000000E+00  0.000000E+00  0.307067E+04  0.604312E+05
  0.321414E+00  0.620681E+05  0.595671E+05  0.000000E+00  0.000000E+00  0.302040E+04  0.599738E+05
  0.323246E+00  0.615946E+05  0.591289E+05  0.000000E+00  0.000000E+00  0.297098E+04  0.595180E+05
  0.325078E+00  0.611221E+05  0.586889E+05  0.000000E+00  0.000000E+00  0.292236E+04  0.590628E+05
  0.326910E+00  0.606497E+05  0.582458E+05  0.000000E+00  0.000000E+00  0.287445E+04  0.586071E+05
  0.328743E+00  0.601768E+05  0.577991E+05  0.000000E+00  0.000000E+00  0.282721E+04  0.581505E+05
  0.330575E+00  0.597029E+05  0.573483E+05  0.000000E+00  0.000000E+00  0.278060E+04  0.576925E+05
  0.332407E+00  0.592279E+05  0.568933E+05  0.000000E+00  0.000000E+00  0.273460E+04  0.572330E+05
  0.334239E+00  0.587519E+05  0.564344E+05  0.000000E+00  0.000000E+00  0.268925E+04  0.567722E+05
  0.336072E+00  0.582754E+05  0.559723E+05  0.000000E+00  0.000000E+00  0.264454E+04  0.563103E+05
  0.337904E+00  0.577987E+05  0.555076E+05  0.000000E+00  0.000000E+00  0.260047E+04  0.558481E+05
  0.339736E+00  0.573226E+05  0.550415E+05  0.000000E+00  0.000000E+00  0.255704E+04  0.553861E+05
  0.341568E+00  0.568477E+05  0.545749E+05  0.000000E+00  0.000000E+00  0.251430E+04  0.549250E+05
  0.343401E+00  0.563749E+05  0.541091E+05  0.000000E+00  0.000000E+00  0.247229E+04  0.544658E+05
  0.345233E+00  0.559050E+05  0.536453E+05  0.000000E+00  0.000000E+00  0.243102E+04  0.540092E+05
  0.347065E+00  0.554389E+05  0.531849E+05  0.000000E+00  0.000000E+00  0.239051E+04  0.535563E+05
  0.348897E+00  0.549775E+05  0.527290E+05  0.000000E+00  0.000000E+00  0.235077E+04  0.531080E+05
  0.350729E+00  0.545217E+05  0.522790E+05  0.000000E+00  0.000000E+00  0.231184E+04  0.526652E+05
  0.352562E+00  0.540723E+05  0.518360E+05  0.000000E+00  0.000000E+00  0.227375E+04  0.522287E+05
  0.354394E+00  0.536302E+05  0.514010E+05  0.000000E+00  0.000000E+00  0.223652E+04  0.517994E+05
  0.356226E+00  0.531958E+05  0.509750E+05  0.000000E+00  0.000000E+00  0.220018E+04  0.513779E+05
  0.358058E+00  0.527697E+05  0.505585E+05  0.000000E+00  0.000000E+00  0.216471E+04  0.509646E+05
  0.359891E+00  0.523523E+05  0.501521E+05  0.000000E+00  0.000000E+00  0.213010E+04  0.505599E+05
  0.361723E+00  0.519436E+05  0.497558E+05  0.000000E+00  0.000000E+00  0.209633E+04  0.501640E+05
  0.363555E+00  0.515438E+05  0.493700E+05  0.000000E+00  0.000000E+00  0.206339E+04  0.497770E+05
  0.365387E+00  0.511529E+05  0.489944E+05  0.000000E+00  0.000000E+00  0.203129E+04  0.493988E+05
  0.367220E+00  0.507707E+05  0.486290E+05  0.000000E+00  0.000000E+00  0.200000E+04  0.490294E+05
  0.369052E+00  0.503970E+05  0.482733E+05  0.000000E+00  0.000000E+00  0.196948E+04  0.486684E+05
  0.370884E+00  0.500314E+05  0.479269E+05  0.000000E+00  0.000000E+00  0.193970E+04  0.483155E+05
  0.372716E+00  0.496735E+05  0.475890E+05  0.000000E+00  0.000000E+00  0.191062E+04  0.479701E+05
  0.374548E+00  0.493226E+05  0.472589E+05  0.000000E+00  0.000000E+00  0.188222E+04  0.476318E+05
  0.376381E+00  0.489782E+05  0.469357E+05  0.000000E+00  0.000000E+00  0.185447E+04  0.472998E+05
  0.378213E+00  0.486395E+05  0.466186E+05  0.000000E+00  0.000000E+00  0.182731E+04  0.469734E+05
  0.380045E+00  0.483061E+05  0.463066E+05  0.000000E+00  0.000000E+00  0.180070E+04  0.466521E+05
  0.381877E+00  0.479771E+05  0.459990E+05  0.000000E+00  0.000000E+00  0.177461E+04  0.463352E+05
  0.383710E+00  0.476520E+05  0.456950E+05  0.000000E+00  0.000000E+00  0.174901E+04  0.460220E+05
  0.385542E+00  0.473304E+05  0.453937E+05  0.000000E+00  0.000000E+00  0.172387E+04  0.457121E+05
  0.387374E+00  0.470115E+05  0.450946E+05  0.000000E+00  0.000000E+00  0.169918E+04  0.454048E+05
  0.389206E+00  0.466950E+05  0.447969E+05  0.000000E+00  0.000000E+00  0.167491E+04  0.450996E+05
  0.391039E+00  0.463804E+05  0.445001E+05  0.000000E+00  0.000000E+00  0.165101E+04  0.447961E+05
  0.392871E+00  0.460673E+05  0.442039E+05  0.000000E+00  0.000000E+00  0.162746E+04  0.444940E+05
  0.394703E+00  0.457555E+05  0.439077E+05  0.000000E+00  0.000000E+00  0.160424E+04  0.441930E+05
  0.396535E+00  0.454448E+05  0.436116E+05  0.000000E+00  0.000000E+00  0.158137E+04  0.438928E+05
  0.398367E+00  0.451351E+05  0.433154E+05  0.000000E+00  0.000000E+00  0.155884E+04  0.435935E+05
  0.400200E+00  0.448264E+05  0.430191E+05  0.000000E+00  0.000000E+00  0.153662E+04  0.432950E+05
  0.402032E+00  0.445188E+05  0.427229E+05  0.000000E+00  0.000000E+00  0.151472E+04  0.429974E+05
  0.403864E+00  0.442124E+05  0.424270E+05  0.000000E+00  0.000000E+00  0.149313E+04  0.427009E+05
  0.405696E+00  0.439073E+05  0.421316E+05  0.000000E+00  0.000000E+00  0.147186E+04  0.424055E+05
  0.407529E+00  0.436037E+05  0.418371E+05  0.000000E+00  0.000000E+00  0.145092E+04  0.421115E+05
  0.409361E+00  0.433019E+05  0.415438E+05  0.000000E+00  0.000000E+00  0.143031E+04  0.418192E+05
  0.411193E+00  0.430021E+05  0.412520E+05  0.000000E+00  0.000000E+00  0.141001E+04  0.415287E+05
  0.413025E+00  0.427046E+05  0.409623E+05  0.000000E+00  0.000000E+00  0.139005E+04  0.412404E+05
  0.414858E+00  0.424097E+05  0.406750E+05  0.000000E+00  0.000000E+00  0.137041E+04  0.409547E+05
  0.416690E+00  0.421177E+05  0.403906E+05  0.000000E+00  0.000000E+00  0.135111E+04  0.406718E+05
  0.418522E+00  0.418289E+05  0.401094E+05  0.000000E+00  0.000000E+00  0.133217E+04  0.403920E+05
  0.420354E+00  0.415436E+05  0.398319E+05  0.000000E+00  0.000000E+00  0.131358E+04  0.401156E+05
  0.422186E+00  0.412619E+05  0.395583E+05  0.000000E+00  0.000000E+00  0.129534E+04  0.398427E+05
  0.424019E+00  0.409840E+05  0.392887E+05  0.000000E+00  0.000000E+00  0.127743E+04  0.395736E+05
  0.425851E+00  0.407099E+05  0.390235E+05  0.000000E+00  0.000000E+00  0.125986E+04  0.393084E+05
  0.427683E+00  0.404399E+05  0.387627E+05  0.000000E+00  0.000000E+00  0.124264E+04  0.390471E+05
  0.429515E+00  0.401739E+05  0.385064E+05  0.000000E+00  0.000000E+00  0.122577E+04  0.387898E+05
  0.431348E+00  0.399120E+05  0.382546E+05  0.000000E+00  0.000000E+00  0.120922E+04  0.385366E+05
  0.433180E+00  0.396542E+05  0.380073E+05  0.000000E+00  0.000000E+00  0.119300E+04  0.382874E+05
  0.435012E+00  0.394004E+05  0.377644E+05  0.000000E+00  0.000000E+00  0.117710E+04  0.380421E+05
  0.436844E+00  0.391504E+05  0.375257E+05  0.000000E+00  0.000000E+00  0.116151E+04  0.378007E+05
  0.438677E+00  0.389042E+05  0.372911E+05  0.000000E+00  0.000000E+00  0.114622E+04  0.375629E+05
  0.440509E+00  0.386615E+05  0.370601E+05  0.000000E+00  0.000000E+00  0.113121E+04  0.373286E+05
  0.442341E+00  0.384220E+05  0.368327E+05  0.000000E+00  0.000000E+00  0.111649E+04  0.370975E+05
  0.444173E+00  0.381857E+05  0.366085E+05  0.000000E+00  0.000000E+00  0.110203E+04  0.368695E+05
  0.446005E+00  0.379523E+05  0.363872E+05  0.000000E+00  0.000000E+00  0.108781E+04  0.366443E+05
  0.447838E+00  0.377216E+05  0.361686E+05  0.000000E+00  0.000000E+00  0.107384E+04  0.364217E+05
  0.449670E+00  0.374934E+05  0.359523E+05  0.000000E+00  0.000000E+00  0.106011E+04  0.362015E+05
  0.451502E+00  0.372675E+05  0.357381E+05  0.000000E+00  0.000000E+00  0.104661E+04  0.359836E+05
  0.453334E+00  0.370436E+05  0.355258E+05  0.000000E+00  0.000000E+00  0.103333E+04  0.357676E+05
  0.455167E+00  0.368217E+05  0.353151E+05  0.000000E+00  0.000000E+00  0.102025E+04  0.355534E+05
  0.456999E+00  0.366014E+05  0.351057E+05  0.000000E+00  0.000000E+00  0.100735E+04  0.353408E+05
  0.458831E+00  0.363826E+05  0.348975E+05  0.000000E+00  0.000000E+00  0.994654E+03  0.351296E+05
  0.460663E+00  0.361653E+05  0.346904E+05  0.000000E+00  0.000000E+00  0.982145E+03  0.349198E+05
  0.462496E+00  0.359494E+05  0.344842E+05  0.000000E+00  0.000000E+00  0.969815E+03  0.347113E+05
  0.464328E+00  0.357348E+05  0.342790E+05  0.000000E+00  0.000000E+00  0.957659E+03  0.345040E+05
  0.466160E+00  0.355215E+05  0.340747E+05  0.000000E+00  0.000000E+00  0.945674E+03  0.342979E+05
  0.467992E+00  0.353095E+05  0.338712E+05  0.000000E+00  0.000000E+00  0.933855E+03  0.340929E+05
  0.469824E+00  0.350987E+05  0.336687E+05  0.000000E+00  0.000000E+00  0.922202E+03  0.338892E+05
  0.471657E+00  0.348892E+05  0.334671E+05  0.000000E+00  0.000000E+00  0.910717E+03  0.336867E+05
  0.473489E+00  0.346810E+05  0.332665E+05  0.000000E+00  0.000000E+00  0.899398E+03  0.334854E+05
  0.475321E+00  0.344742E+05  0.330671E+05  0.000000E+00  0.000000E+00  0.888240E+03  0.332853E+05
  0.477153E+00  0.342689E+05  0.328689E+05  0.000000E+00  0.000000E+00  0.877236E+03  0.330867E+05
  0.478986E+00  0.340651E+05  0.326721E+05  0.000000E+00  0.000000E+00  0.866390E+03  0.328896E+05
  0.480818E+00  0.338629E+05  0.324768E+05  0.000000E+00  0.000000E+00  0.855711E+03  0.326940E+05
  0.482650E+00  0.336625E+05  0.322831E+05  0.000000E+00  0.000000E+00  0.845203E+03  0.325001E+05
  0.484482E+00  0.334638E+05  0.320912E+05  0.000000E+00  0.000000E+00  0.834859E+03  0.323080E+05
  0.486315E+00  0.332671E+05  0.319012E+05  0.000000E+00  0.000000E+00  0.824670E+03  0.321177E+05
  0.488147E+00  0.330722E+05  0.317131E+05  0.000000E+00  0.000000E+00  0.814636E+03  0.319292E+05
  0.489979E+00  0.328793E+05  0.315270E+05  0.000000E+00  0.000000E+00  0.804760E+03  0.317427E+05
  0.491811E+00  0.326884E+05  0.313430E+05  0.000000E+00  0.000000E+00  0.795045E+03  0.315581E+05
  0.493643E+00  0.324996E+05  0.311611E+05  0.000000E+00  0.000000E+00  0.785486E+03  0.313755E+05
  0.495476E+00  0.323129E+05  0.309815E+05  0.000000E+00  0.000000E+00  0.776084E+03  0.311951E+05
  0.497308E+00  0.321283E+05  0.308041E+05  0.000000E+00  0.000000E+00  0.766836E+03  0.310166E+05
  0.499140E+00  0.319459E+05  0.306289E+05  0.000000E+00  0.000000E+00  0.757735E+03  0.308403E+05
  0.500972E+00  0.317654E+05  0.304558E+05  0.000000E+00  0.000000E+00  0.748779E+03  0.306660E+05
  0.502805E+00  0.315871E+05  0.302849E+05  0.000000E+00  0.000000E+00  0.739970E+03  0.304937E+05
  0.504637E+00  0.314107E+05  0.301161E+05  0.000000E+00  0.000000E+00  0.731307E+03  0.303233E+05
  0.506469E+00  0.312362E+05  0.299492E+05  0.000000E+00  0.000000E+00  0.722783E+03  0.301548E+05
  0.508301E+00  0.310635E+05  0.297843E+05  0.000000E+00  0.000000E+00  0.714385E+03  0.299881E+05
  0.510134E+00  0.308927E+05  0.296211E+05  0.000000E+00  0.000000E+00  0.706115E+03  0.298231E+05
  0.511966E+00  0.307236E+05  0.294597E+05  0.000000E+00  0.000000E+00  0.697974E+03  0.296599E+05
  0.513798E+00  0.305562E+05  0.293000E+05  0.000000E+00  0.000000E+00  0.689963E+03  0.294982E+05
  0.515630E+00  0.303904E+05  0.291418E+05  0.000000E+00  0.000000E+00  0.682072E+03  0.293382E+05
  0.517462E+00  0.302260E+05  0.289851E+05  0.000000E+00  0.000000E+00  0.674295E+03  0.291795E+05
  0.519295E+00  0.300631E+05  0.288297E+05  0.000000E+00  0.000000E+00  0.666627E+03  0.290223E+05
  0.521127E+00  0.299016E+05  0.286755E+05  0.000000E+00  0.000000E+00  0.659068E+03  0.288663E+05
  0.522959E+00  0.297413E+05  0.285224E+05  0.000000E+00  0.000000E+00  0.651615E+03  0.287116E+05
  0.524791E+00  0.295822E+05  0.283705E+05  0.000000E+00  0.000000E+00  0.644266E+03  0.285580E+05
  0.526624E+00  0.294243E+05  0.282196E+05  0.000000E+00  0.000000E+00  0.637019E+03  0.284055E+05
  0.528456E+00  0.292675E+05  0.280696E+05  0.000000E+00  0.000000E+00  0.629871E+03  0.282541E+05
  0.530288E+00  0.291118E+05  0.279206E+05  0.000000E+00  0.000000E+00  0.622818E+03  0.281037E+05
  0.532120E+00  0.289573E+05  0.277726E+05  0.000000E+00  0.000000E+00  0.615859E+03  0.279545E+05
  0.533953E+00  0.288038E+05  0.276255E+05  0.000000E+00  0.000000E+00  0.608996E+03  0.278062E+05
  0.535785E+00  0.286513E+05  0.274793E+05  0.000000E+00  0.000000E+00  0.602227E+03  0.276589E+05
  0.537617E+00  0.284999E+05  0.273340E+05  0.000000E+00  0.000000E+00  0.595547E+03  0.275126E+05
  0.539449E+00  0.283495E+05  0.271895E+05  0.000000E+00  0.000000E+00  0.588952E+03  0.273673E+05
  0.541281E+00  0.282002E+05  0.270461E+05  0.000000E+00  0.000000E+00  0.582442E+03  0.272230E+05
  0.543114E+00  0.280519E+05  0.269035E+05  0.000000E+00  0.000000E+00  0.576022E+03  0.270797E+05
  0.544946E+00  0.279048E+05  0.267620E+05  0.000000E+00  0.000000E+00  0.569692E+03  0.269375E+05
  0.546778E+00  0.277587E+05  0.266216E+05  0.000000E+00  0.000000E+00  0.563449E+03  0.267964E+05
  0.548610E+00  0.276138E+05  0.264822E+05  0.000000E+00  0.000000E+00  0.557288E+03  0.266564E+05
  0.550443E+00  0.274700E+05  0.263438E+05  0.000000E+00  0.000000E+00  0.551209E+03  0.265174E+05
  0.552275E+00  0.273274E+05  0.262066E+05  0.000000E+00  0.000000E+00  0.545213E+03  0.263796E+05
  0.554107E+00  0.271860E+05  0.260705E+05  0.000000E+00  0.000000E+00  0.539300E+03  0.262429E+05
  0.555939E+00  0.270457E+05  0.259356E+05  0.000000E+00  0.000000E+00  0.533471E+03  0.261073E+05
  0.557772E+00  0.269066E+05  0.258019E+05  0.000000E+00  0.000000E+00  0.527724E+03  0.259729E+05
  0.559604E+00  0.267687E+05  0.256694E+05  0.000000E+00  0.000000E+00  0.522058E+03  0.258397E+05
  0.561436E+00  0.266321E+05  0.255381E+05  0.000000E+00  0.000000E+00  0.516467E+03  0.257077E+05
  0.563268E+00  0.264966E+05  0.254080E+05  0.000000E+00  0.000000E+00  0.510953E+03  0.255768E+05
  0.565100E+00  0.263624E+05  0.252792E+05  0.000000E+00  0.000000E+00  0.505517E+03  0.254472E+05
  0.566933E+00  0.262294E+05  0.251515E+05  0.000000E+00  0.000000E+00  0.500160E+03  0.253187E+05
  0.568765E+00  0.260976E+05  0.250251E+05  0.000000E+00  0.000000E+00  0.494879E+03  0.251913E+05
  0.570597E+00  0.259669E+05  0.248998E+05  0.000000E+00  0.000000E+00  0.489667E+03  0.250651E+05
  0.572429E+00  0.258374E+05  0.247757E+05  0.000000E+00  0.000000E+00  0.484524E+03  0.249400E+05
  0.574262E+00  0.257090E+05  0.246527E+05  0.000000E+00  0.000000E+00  0.479452E+03  0.248160E+05
  0.576094E+00  0.255817E+05  0.245308E+05  0.000000E+00  0.000000E+00  0.474451E+03  0.246931E+05
  0.577926E+00  0.254555E+05  0.244100E+05  0.000000E+00  0.000000E+00  0.469522E+03  0.245713E+05
  0.579758E+00  0.253304E+05  0.242903E+05  0.000000E+00  0.000000E+00  0.464658E+03  0.244505E+05
  0.581591E+00  0.252063E+05  0.241715E+05  0.000000E+00  0.000000E+00  0.459858E+03  0.243307E+05
  0.583423E+00  0.250832E+05  0.240537E+05  0.000000E+00  0.000000E+00  0.455119E+03  0.242118E+05
  0.585255E+00  0.249611E+05  0.239369E+05  0.000000E+00  0.000000E+00  0.450440E+03  0.240939E+05
  0.587087E+00  0.248399E+05  0.238209E+05  0.000000E+00  0.000000E+00  0.445824E+03  0.239768E+05
  0.707312E+00  0.185150E+05  0.177557E+05  0.000000E+00  0.000000E+00  0.239425E+03  0.178691E+05
  0.863914E+00  0.134397E+05  0.128888E+05  0.000000E+00  0.000000E+00  0.121246E+03  0.129693E+05
  0.105519E+01  0.970964E+04  0.931171E+04  0.000000E+00  0.000000E+00  0.606660E+02  0.936904E+04
  0.128881E+01  0.698530E+04  0.669907E+04  0.000000E+00  0.000000E+00  0.300348E+02  0.673988E+04
  0.157415E+01  0.500580E+04  0.480072E+04  0.000000E+00  0.000000E+00  0.196573E+02  0.482988E+04
  0.192267E+01  0.357455E+04  0.342812E+04  0.000000E+00  0.000000E+00  0.964131E+01  0.344880E+04
  0.234836E+01  0.254425E+04  0.244003E+04  0.000000E+00  0.000000E+00  0.468964E+01  0.245469E+04
  0.286829E+01  0.180555E+04  0.173159E+04  0.000000E+00  0.000000E+00  0.226451E+01  0.174196E+04
  0.350334E+01  0.127783E+04  0.122548E+04  0.000000E+00  0.000000E+00  0.108654E+01  0.123281E+04
  0.427899E+01  0.902077E+03  0.865119E+03  0.000000E+00  0.000000E+00  0.518518E+00  0.870288E+03
  0.522637E+01  0.635344E+03  0.609307E+03  0.000000E+00  0.000000E+00  0.246301E+00  0.612950E+03
  0.638351E+01  0.446522E+03  0.428216E+03  0.000000E+00  0.000000E+00  0.116537E+00  0.430780E+03
  0.779683E+01  0.313196E+03  0.300347E+03  0.000000E+00  0.000000E+00  0.549599E-01  0.302153E+03
  0.952307E+01  0.219276E+03  0.210270E+03  0.000000E+00  0.000000E+00  0.258475E-01  0.211542E+03
  0.116315E+02  0.153257E+03  0.146953E+03  0.000000E+00  0.000000E+00  0.121273E-01  0.147850E+03
  0.142067E+02  0.106944E+03  0.102534E+03  0.000000E+00  0.000000E+00  0.567770E-02  0.103169E+03
  0.173522E+02  0.745147E+02  0.714310E+02  0.000000E+00  0.000000E+00  0.265357E-02  0.718830E+02
  0.211940E+02  0.518466E+02  0.496893E+02  0.000000E+00  0.000000E+00  0.123812E-02  0.500136E+02
  0.258864E+02  0.360266E+02  0.345155E+02  0.000000E+00  0.000000E+00  0.576844E-03  0.347511E+02
  0.316177E+02  0.250024E+02  0.239411E+02  0.000000E+00  0.000000E+00  0.268390E-03  0.241153E+02
  0.386180E+02  0.173308E+02  0.165822E+02  0.000000E+00  0.000000E+00  0.124721E-03  0.167139E+02
  0.471681E+02  0.119992E+02  0.114675E+02  0.000000E+00  0.000000E+00  0.578672E-04  0.115701E+02
  0.576112E+02  0.829828E+01  0.791683E+01  0.000000E+00  0.000000E+00  0.268236E-04  0.799942E+01
  0.703666E+02  0.573226E+01  0.545462E+01  0.000000E+00  0.000000E+00  0.124141E-04  0.552366E+01
  0.859458E+02  0.395501E+01  0.374899E+01  0.000000E+00  0.000000E+00  0.573893E-05  0.380889E+01
  0.104975E+03  0.272528E+01  0.256859E+01  0.000000E+00  0.000000E+00  0.264843E-05  0.262236E+01
