  0.355810E-05  0.219666E+07  0.219666E+07  0.292887E+07  0.292887E+07  0.219688E+07  0.219667E+07
  0.367857E-05  0.219666E+07  0.219666E+07  0.292886E+07  0.292886E+07  0.219688E+07  0.219667E+07
  0.380311E-05  0.219666E+07  0.219666E+07  0.292886E+07  0.292886E+07  0.219688E+07  0.219667E+07
  0.393186E-05  0.219666E+07  0.219666E+07  0.292886E+07  0.292886E+07  0.219688E+07  0.219667E+07
  0.406498E-05  0.219666E+07  0.219666E+07  0.292886E+07  0.292886E+07  0.219688E+07  0.219667E+07
  0.420260E-05  0.219666E+07  0.219666E+07  0.292886E+07  0.292886E+07  0.219688E+07  0.219667E+07
  0.434489E-05  0.219666E+07  0.219666E+07  0.292886E+07  0.292886E+07  0.219688E+07  0.219667E+07
  0.449198E-05  0.219666E+07  0.219666E+07  0.292886E+07  0.292886E+07  0.219688E+07  0.219667E+07
  0.464406E-05  0.219666E+07  0.219666E+07  0.292885E+07  0.292885E+07  0.219688E+07  0.219667E+07
  0.480129E-05  0.219666E+07  0.219666E+07  0.292885E+07  0.292885E+07  0.219688E+07  0.219667E+07
  0.496384E-05  0.219666E+07  0.219666E+07  0.292885E+07  0.292885E+07  0.219688E+07  0.219667E+07
  0.513190E-05  0.219666E+07  0.219666E+07  0.292885E+07  0.292885E+07  0.219688E+07  0.219667E+07
  0.530564E-05  0.219666E+07  0.219666E+07  0.292884E+07  0.292884E+07  0.219688E+07  0.219667E+07
  0.548527E-05  0.219666E+07  0.219666E+07  0.292884E+07  0.292884E+07  0.219688E+07  0.219667E+07
  0.567098E-05  0.219666E+07  0.219666E+07  0.292884E+07  0.292884E+07  0.219688E+07  0.219667E+07
  0.586297E-05  0.219666E+07  0.219666E+07  0.292884E+07  0.292884E+07  0.219688E+07  0.219667E+07
  0.606147E-05  0.219666E+07  0.219666E+07  0.292883E+07  0.292883E+07  0.219688E+07  0.219667E+07
  0.626668E-05  0.219666E+07  0.219666E+07  0.292883E+07  0.292883E+07  0.219688E+07  0.219667E+07
  0.647885E-05  0.219666E+07  0.219666E+07  0.292883E+07  0.292883E+07  0.219688E+07  0.219667E+07
  0.669819E-05  0.219666E+07  0.219666E+07  0.292882E+07  0.292882E+07  0.219688E+07  0.219667E+07
  0.692496E-05  0.219666E+07  0.219666E+07  0.292882E+07  0.292882E+07  0.219688E+07  0.219667E+07
  0.715941E-05  0.219666E+07  0.219666E+07  0.292881E+07  0.292881E+07  0.219688E+07  0.219667E+07
  0.740180E-05  0.219666E+07  0.219666E+07  0.292881E+07  0.292881E+07  0.219688E+07  0.219667E+07
  0.765239E-05  0.219666E+07  0.219666E+07  0.292880E+07  0.292880E+07  0.219688E+07  0.219667E+07
  0.791147E-05  0.219666E+07  0.219666E+07  0.292880E+07  0.292880E+07  0.219688E+07  0.219667E+07
  0.817932E-05  0.219666E+07  0.219666E+07  0.292879E+07  0.292879E+07  0.219688E+07  0.219667E+07
  0.845624E-05  0.219666E+07  0.219666E+07  0.292879E+07  0.292878E+07  0.219688E+07  0.219667E+07
  0.874253E-05  0.219666E+07  0.219666E+07  0.292878E+07  0.292878E+07  0.219688E+07  0.219667E+07
  0.903851E-05  0.219666E+07  0.219666E+07  0.292877E+07  0.292877E+07  0.219688E+07  0.219667E+07
  0.934452E-05  0.219666E+07  0.219666E+07  0.292876E+07  0.292876E+07  0.219688E+07  0.219667E+07
  0.966088E-05  0.219666E+07  0.219666E+07  0.292876E+07  0.292875E+07  0.219688E+07  0.219667E+07
  0.998796E-05  0.219666E+07  0.219666E+07  0.292875E+07  0.292874E+07  0.219688E+07  0.219667E+07
  0.103261E-04  0.219666E+07  0.219666E+07  0.292874E+07  0.292874E+07  0.219688E+07  0.219667E+07
  0.106757E-04  0.219666E+07  0.219666E+07  0.292873E+07  0.292873E+07  0.219688E+07  0.219667E+07
  0.110371E-04  0.219666E+07  0.219666E+07  0.292872E+07  0.292871E+07  0.219688E+07  0.219667E+07
  0.114108E-04  0.219666E+07  0.219666E+07  0.292871E+07  0.292870E+07  0.219688E+07  0.219667E+07
  0.117971E-04  0.219666E+07  0.219666E+07  0.292869E+07  0.292869E+07  0.219688E+07  0.219667E+07
  0.121965E-04  0.219666E+07  0.219666E+07  0.292868E+07  0.292868E+07  0.219688E+07  0.219667E+07
  0.126095E-04  0.219666E+07  0.219666E+07  0.292867E+07  0.292866E+07  0.219688E+07  0.219667E+07
  0.130364E-04  0.219666E+07  0.219666E+07  0.292865E+07  0.292865E+07  0.219688E+07  0.219667E+07
  0.134777E-04  0.219666E+07  0.219666E+07  0.292864E+07  0.292863E+07  0.219688E+07  0.219667E+07
  0.139340E-04  0.219666E+07  0.219666E+07  0.292862E+07  0.292861E+07  0.219688E+07  0.219667E+07
  0.144058E-04  0.219666E+07  0.219666E+07  0.292860E+07  0.292860E+07  0.219688E+07  0.219667E+07
  0.148935E-04  0.219666E+07  0.219666E+07  0.292858E+07  0.292858E+07  0.219688E+07  0.219667E+07
  0.153977E-04  0.219666E+07  0.219666E+07  0.292856E+07  0.292855E+07  0.219688E+07  0.219667E+07
  0.159190E-04  0.219666E+07  0.219666E+07  0.292854E+07  0.292853E+07  0.219688E+07  0.219667E+07
  0.164580E-04  0.219666E+07  0.219666E+07  0.292851E+07  0.292851E+07  0.219687E+07  0.219667E+07
  0.170152E-04  0.219666E+07  0.219666E+07  0.292849E+07  0.292848E+07  0.219687E+07  0.219666E+07
  0.175912E-04  0.219666E+07  0.219666E+07  0.292846E+07  0.292845E+07  0.219687E+07  0.219666E+07
  0.181868E-04  0.219666E+07  0.219666E+07  0.292843E+07  0.292842E+07  0.219687E+07  0.219666E+07
  0.188025E-04  0.219666E+07  0.219666E+07  0.292840E+07  0.292839E+07  0.219687E+07  0.219666E+07
  0.194391E-04  0.219666E+07  0.219666E+07  0.292837E+07  0.292836E+07  0.219687E+07  0.219666E+07
  0.200972E-04  0.219666E+07  0.219666E+07  0.292833E+07  0.292832E+07  0.219687E+07  0.219666E+07
  0.207776E-04  0.219666E+07  0.219666E+07  0.292829E+07  0.292828E+07  0.219687E+07  0.219666E+07
  0.214810E-04  0.219666E+07  0.219666E+07  0.292825E+07  0.292824E+07  0.219687E+07  0.219666E+07
  0.222083E-04  0.219666E+07  0.219666E+07  0.292821E+07  0.292820E+07  0.219687E+07  0.219666E+07
  0.229602E-04  0.219666E+07  0.219666E+07  0.292816E+07  0.292815E+07  0.219687E+07  0.219666E+07
  0.237375E-04  0.219666E+07  0.219666E+07  0.292811E+07  0.292810E+07  0.219687E+07  0.219666E+07
  0.245412E-04  0.219665E+07  0.219665E+07  0.292806E+07  0.292805E+07  0.219687E+07  0.219666E+07
  0.253720E-04  0.219665E+07  0.219665E+07  0.292800E+07  0.292799E+07  0.219687E+07  0.219666E+07
  0.262310E-04  0.219665E+07  0.219665E+07  0.292794E+07  0.292793E+07  0.219687E+07  0.219666E+07
  0.271191E-04  0.219665E+07  0.219665E+07  0.292788E+07  0.292786E+07  0.219687E+07  0.219666E+07
  0.280372E-04  0.219665E+07  0.219665E+07  0.292781E+07  0.292779E+07  0.219686E+07  0.219666E+07
  0.289864E-04  0.219665E+07  0.219665E+07  0.292773E+07  0.292772E+07  0.219686E+07  0.219666E+07
  0.299678E-04  0.219665E+07  0.219665E+07  0.292765E+07  0.292764E+07  0.219686E+07  0.219666E+07
  0.309824E-04  0.219665E+07  0.219665E+07  0.292757E+07  0.292755E+07  0.219686E+07  0.219666E+07
  0.320313E-04  0.219665E+07  0.219665E+07  0.292748E+07  0.292746E+07  0.219686E+07  0.219666E+07
  0.331158E-04  0.219665E+07  0.219665E+07  0.292738E+07  0.292736E+07  0.219686E+07  0.219665E+07
  0.342369E-04  0.219665E+07  0.219665E+07  0.292728E+07  0.292725E+07  0.219686E+07  0.219665E+07
  0.353960E-04  0.219665E+07  0.219665E+07  0.292717E+07  0.292714E+07  0.219686E+07  0.219665E+07
  0.365944E-04  0.219664E+07  0.219664E+07  0.292705E+07  0.292702E+07  0.219685E+07  0.219665E+07
  0.378333E-04  0.219664E+07  0.219664E+07  0.292692E+07  0.292689E+07  0.219685E+07  0.219665E+07
  0.391142E-04  0.219664E+07  0.219664E+07  0.292679E+07  0.292676E+07  0.219685E+07  0.219665E+07
  0.404384E-04  0.219664E+07  0.219664E+07  0.292665E+07  0.292661E+07  0.219685E+07  0.219665E+07
  0.418075E-04  0.219664E+07  0.219664E+07  0.292649E+07  0.292646E+07  0.219685E+07  0.219665E+07
  0.432229E-04  0.219664E+07  0.219664E+07  0.292633E+07  0.292629E+07  0.219684E+07  0.219664E+07
  0.446863E-04  0.219664E+07  0.219664E+07  0.292615E+07  0.292611E+07  0.219684E+07  0.219664E+07
  0.461992E-04  0.219663E+07  0.219663E+07  0.292596E+07  0.292592E+07  0.219684E+07  0.219664E+07
  0.477633E-04  0.219663E+07  0.219663E+07  0.292576E+07  0.292571E+07  0.219684E+07  0.219664E+07
  0.493803E-04  0.219663E+07  0.219663E+07  0.292555E+07  0.292550E+07  0.219683E+07  0.219664E+07
  0.510521E-04  0.219663E+07  0.219663E+07  0.292532E+07  0.292526E+07  0.219683E+07  0.219663E+07
  0.527805E-04  0.219663E+07  0.219663E+07  0.292507E+07  0.292501E+07  0.219683E+07  0.219663E+07
  0.545675E-04  0.219662E+07  0.219662E+07  0.292481E+07  0.292475E+07  0.219682E+07  0.219663E+07
  0.564149E-04  0.219662E+07  0.219662E+07  0.292453E+07  0.292446E+07  0.219682E+07  0.219663E+07
  0.583249E-04  0.219662E+07  0.219662E+07  0.292423E+07  0.292416E+07  0.219682E+07  0.219662E+07
  0.602995E-04  0.219661E+07  0.219661E+07  0.292391E+07  0.292383E+07  0.219681E+07  0.219662E+07
  0.623410E-04  0.219661E+07  0.219661E+07  0.292357E+07  0.292349E+07  0.219681E+07  0.219662E+07
  0.644516E-04  0.219661E+07  0.219661E+07  0.292320E+07  0.292311E+07  0.219680E+07  0.219661E+07
  0.666336E-04  0.219660E+07  0.219660E+07  0.292281E+07  0.292272E+07  0.219680E+07  0.219661E+07
  0.688896E-04  0.219660E+07  0.219660E+07  0.292239E+07  0.292229E+07  0.219679E+07  0.219661E+07
  0.712219E-04  0.219660E+07  0.219660E+07  0.292195E+07  0.292184E+07  0.219678E+07  0.219660E+07
  0.736331E-04  0.219659E+07  0.219659E+07  0.292147E+07  0.292136E+07  0.219678E+07  0.219660E+07
  0.761260E-04  0.219659E+07  0.219659E+07  0.292096E+07  0.292084E+07  0.219677E+07  0.219659E+07
  0.787033E-04  0.219658E+07  0.219658E+07  0.292042E+07  0.292029E+07  0.219676E+07  0.219659E+07
  0.813679E-04  0.219658E+07  0.219657E+07  0.291983E+07  0.291969E+07  0.219676E+07  0.219658E+07
  0.841227E-04  0.219657E+07  0.219657E+07  0.291921E+07  0.291906E+07  0.219675E+07  0.219657E+07
  0.869707E-04  0.219656E+07  0.219656E+07  0.291855E+07  0.291839E+07  0.219674E+07  0.219657E+07
  0.899151E-04  0.219656E+07  0.219656E+07  0.291783E+07  0.291767E+07  0.219673E+07  0.219656E+07
  0.929593E-04  0.219655E+07  0.219655E+07  0.291708E+07  0.291690E+07  0.219672E+07  0.219655E+07
  0.961065E-04  0.219654E+07  0.219654E+07  0.291626E+07  0.291607E+07  0.219671E+07  0.219655E+07
  0.993603E-04  0.219653E+07  0.219653E+07  0.291540E+07  0.291519E+07  0.219669E+07  0.219654E+07
  0.102724E-03  0.219652E+07  0.219652E+07  0.291447E+07  0.291425E+07  0.219668E+07  0.219653E+07
  0.106202E-03  0.219651E+07  0.219651E+07  0.291348E+07  0.291325E+07  0.219667E+07  0.219652E+07
  0.109798E-03  0.219650E+07  0.219650E+07  0.291242E+07  0.291217E+07  0.219665E+07  0.219651E+07
  0.113515E-03  0.219649E+07  0.219649E+07  0.291129E+07  0.291102E+07  0.219664E+07  0.219650E+07
  0.117358E-03  0.219648E+07  0.219648E+07  0.291008E+07  0.290980E+07  0.219662E+07  0.219648E+07
  0.121331E-03  0.219647E+07  0.219647E+07  0.290879E+07  0.290849E+07  0.219660E+07  0.219647E+07
  0.125439E-03  0.219646E+07  0.219645E+07  0.290742E+07  0.290709E+07  0.219658E+07  0.219646E+07
  0.129686E-03  0.219644E+07  0.219644E+07  0.290594E+07  0.290559E+07  0.219656E+07  0.219644E+07
  0.134076E-03  0.219643E+07  0.219642E+07  0.290437E+07  0.290400E+07  0.219654E+07  0.219643E+07
  0.138616E-03  0.219641E+07  0.219641E+07  0.290269E+07  0.290229E+07  0.219652E+07  0.219641E+07
  0.143309E-03  0.219639E+07  0.219639E+07  0.290089E+07  0.290047E+07  0.219649E+07  0.219639E+07
  0.148160E-03  0.219637E+07  0.219637E+07  0.289897E+07  0.289852E+07  0.219647E+07  0.219638E+07
  0.153176E-03  0.219635E+07  0.219635E+07  0.289693E+07  0.289644E+07  0.219644E+07  0.219636E+07
  0.158362E-03  0.219633E+07  0.219633E+07  0.289474E+07  0.289422E+07  0.219641E+07  0.219633E+07
  0.163724E-03  0.219631E+07  0.219631E+07  0.289240E+07  0.289184E+07  0.219638E+07  0.219631E+07
  0.169267E-03  0.219629E+07  0.219628E+07  0.288990E+07  0.288931E+07  0.219634E+07  0.219629E+07
  0.174997E-03  0.219626E+07  0.219626E+07  0.288724E+07  0.288660E+07  0.219630E+07  0.219626E+07
  0.180922E-03  0.219623E+07  0.219623E+07  0.288439E+07  0.288371E+07  0.219626E+07  0.219623E+07
  0.187047E-03  0.219620E+07  0.219620E+07  0.288135E+07  0.288063E+07  0.219622E+07  0.219620E+07
  0.193380E-03  0.219617E+07  0.219617E+07  0.287810E+07  0.287733E+07  0.219618E+07  0.219617E+07
  0.199927E-03  0.219614E+07  0.219613E+07  0.287463E+07  0.287381E+07  0.219613E+07  0.219614E+07
  0.206696E-03  0.219610E+07  0.219609E+07  0.287093E+07  0.287006E+07  0.219608E+07  0.219610E+07
  0.213693E-03  0.219606E+07  0.219606E+07  0.286698E+07  0.286605E+07  0.219602E+07  0.219606E+07
  0.220928E-03  0.219602E+07  0.219601E+07  0.286277E+07  0.286177E+07  0.219596E+07  0.219602E+07
  0.228408E-03  0.219598E+07  0.219597E+07  0.285826E+07  0.285720E+07  0.219590E+07  0.219597E+07
  0.236141E-03  0.219593E+07  0.219592E+07  0.285346E+07  0.285233E+07  0.219583E+07  0.219593E+07
  0.244136E-03  0.219588E+07  0.219587E+07  0.284833E+07  0.284712E+07  0.219576E+07  0.219587E+07
  0.252401E-03  0.219582E+07  0.219582E+07  0.284286E+07  0.284157E+07  0.219568E+07  0.219582E+07
  0.260946E-03  0.219577E+07  0.219576E+07  0.283703E+07  0.283565E+07  0.219560E+07  0.219576E+07
  0.269781E-03  0.219571E+07  0.219570E+07  0.283080E+07  0.282934E+07  0.219551E+07  0.219570E+07
  0.278914E-03  0.219564E+07  0.219563E+07  0.282416E+07  0.282260E+07  0.219542E+07  0.219563E+07
  0.288357E-03  0.219557E+07  0.219556E+07  0.281708E+07  0.281541E+07  0.219532E+07  0.219556E+07
  0.298120E-03  0.219550E+07  0.219548E+07  0.280953E+07  0.280776E+07  0.219521E+07  0.219549E+07
  0.308213E-03  0.219542E+07  0.219540E+07  0.280148E+07  0.279959E+07  0.219510E+07  0.219540E+07
  0.318648E-03  0.219533E+07  0.219532E+07  0.279290E+07  0.279089E+07  0.219498E+07  0.219532E+07
  0.329436E-03  0.219524E+07  0.219522E+07  0.278376E+07  0.278161E+07  0.219485E+07  0.219522E+07
  0.340589E-03  0.219514E+07  0.219512E+07  0.277401E+07  0.277173E+07  0.219471E+07  0.219513E+07
  0.352120E-03  0.219504E+07  0.219502E+07  0.276363E+07  0.276121E+07  0.219456E+07  0.219502E+07
  0.364041E-03  0.219492E+07  0.219491E+07  0.275258E+07  0.275000E+07  0.219440E+07  0.219491E+07
  0.376366E-03  0.219481E+07  0.219479E+07  0.274081E+07  0.273806E+07  0.219423E+07  0.219479E+07
  0.389108E-03  0.219468E+07  0.219466E+07  0.272828E+07  0.272536E+07  0.219405E+07  0.219466E+07
  0.402282E-03  0.219454E+07  0.219452E+07  0.271495E+07  0.271185E+07  0.219385E+07  0.219452E+07
  0.415901E-03  0.219440E+07  0.219437E+07  0.270077E+07  0.269747E+07  0.219365E+07  0.219437E+07
  0.429982E-03  0.219424E+07  0.219422E+07  0.268569E+07  0.268219E+07  0.219342E+07  0.219422E+07
  0.444539E-03  0.219408E+07  0.219405E+07  0.266965E+07  0.266594E+07  0.219319E+07  0.219405E+07
  0.459589E-03  0.219390E+07  0.219387E+07  0.265261E+07  0.264867E+07  0.219294E+07  0.219387E+07
  0.475149E-03  0.219371E+07  0.219368E+07  0.263451E+07  0.263034E+07  0.219267E+07  0.219368E+07
  0.491236E-03  0.219351E+07  0.219348E+07  0.261529E+07  0.261087E+07  0.219238E+07  0.219347E+07
  0.507867E-03  0.219330E+07  0.219326E+07  0.259490E+07  0.259021E+07  0.219207E+07  0.219326E+07
  0.525061E-03  0.219307E+07  0.219303E+07  0.257326E+07  0.256830E+07  0.219174E+07  0.219302E+07
  0.542837E-03  0.219282E+07  0.219278E+07  0.255032E+07  0.254507E+07  0.219139E+07  0.219278E+07
  0.561215E-03  0.219256E+07  0.219252E+07  0.252601E+07  0.252047E+07  0.219102E+07  0.219251E+07
  0.580216E-03  0.219228E+07  0.219224E+07  0.250026E+07  0.249441E+07  0.219062E+07  0.219223E+07
  0.599859E-03  0.219199E+07  0.219194E+07  0.247302E+07  0.246685E+07  0.219019E+07  0.219193E+07
  0.620168E-03  0.219167E+07  0.219162E+07  0.244421E+07  0.243770E+07  0.218974E+07  0.219161E+07
  0.641164E-03  0.219133E+07  0.219128E+07  0.241376E+07  0.240691E+07  0.218925E+07  0.219126E+07
  0.662871E-03  0.219097E+07  0.219091E+07  0.238161E+07  0.237441E+07  0.218873E+07  0.219090E+07
  0.685313E-03  0.219059E+07  0.219052E+07  0.234769E+07  0.234012E+07  0.218818E+07  0.219051E+07
  0.708515E-03  0.219018E+07  0.219011E+07  0.231194E+07  0.230400E+07  0.218759E+07  0.219009E+07
  0.732502E-03  0.218974E+07  0.218967E+07  0.227429E+07  0.226598E+07  0.218696E+07  0.218965E+07
  0.757302E-03  0.218927E+07  0.218920E+07  0.223470E+07  0.222599E+07  0.218629E+07  0.218918E+07
  0.782941E-03  0.218878E+07  0.218870E+07  0.219309E+07  0.218400E+07  0.218557E+07  0.218867E+07
  0.809448E-03  0.218825E+07  0.218816E+07  0.214943E+07  0.213996E+07  0.218481E+07  0.218813E+07
  0.836852E-03  0.218768E+07  0.218759E+07  0.210368E+07  0.209381E+07  0.218399E+07  0.218756E+07
  0.865185E-03  0.218708E+07  0.218699E+07  0.205580E+07  0.204555E+07  0.218313E+07  0.218695E+07
  0.894476E-03  0.218644E+07  0.218634E+07  0.200576E+07  0.199515E+07  0.218220E+07  0.218630E+07
  0.924759E-03  0.218576E+07  0.218565E+07  0.195357E+07  0.194259E+07  0.218122E+07  0.218561E+07
  0.956068E-03  0.218504E+07  0.218492E+07  0.189922E+07  0.188789E+07  0.218017E+07  0.218488E+07
  0.988436E-03  0.218427E+07  0.218414E+07  0.184273E+07  0.183108E+07  0.217905E+07  0.218410E+07
  0.102190E-02  0.218345E+07  0.218332E+07  0.178414E+07  0.177219E+07  0.217786E+07  0.218327E+07
  0.105650E-02  0.218258E+07  0.218244E+07  0.172350E+07  0.171128E+07  0.217659E+07  0.218238E+07
  0.109227E-02  0.218165E+07  0.218150E+07  0.166089E+07  0.164844E+07  0.217525E+07  0.218144E+07
  0.112925E-02  0.218067E+07  0.218051E+07  0.159641E+07  0.158378E+07  0.217381E+07  0.218044E+07
  0.116748E-02  0.217962E+07  0.217945E+07  0.153020E+07  0.151744E+07  0.217229E+07  0.217938E+07
  0.120700E-02  0.217851E+07  0.217833E+07  0.146241E+07  0.144957E+07  0.217066E+07  0.217826E+07
  0.124787E-02  0.217733E+07  0.217714E+07  0.139323E+07  0.138038E+07  0.216894E+07  0.217706E+07
  0.129011E-02  0.217608E+07  0.217588E+07  0.132288E+07  0.131010E+07  0.216710E+07  0.217579E+07
  0.133379E-02  0.217476E+07  0.217454E+07  0.125161E+07  0.123898E+07  0.216516E+07  0.217444E+07
  0.137895E-02  0.217335E+07  0.217312E+07  0.117973E+07  0.116732E+07  0.216309E+07  0.217302E+07
  0.142563E-02  0.217186E+07  0.217162E+07  0.110754E+07  0.109545E+07  0.216089E+07  0.217151E+07
  0.147390E-02  0.217029E+07  0.217002E+07  0.103542E+07  0.102374E+07  0.215856E+07  0.216991E+07
  0.152380E-02  0.216862E+07  0.216834E+07  0.963741E+06  0.952575E+06  0.215609E+07  0.216821E+07
  0.157539E-02  0.216685E+07  0.216656E+07  0.892933E+06  0.882374E+06  0.215347E+07  0.216642E+07
  0.162872E-02  0.216499E+07  0.216467E+07  0.823437E+06  0.813583E+06  0.215069E+07  0.216452E+07
  0.168387E-02  0.216301E+07  0.216268E+07  0.755718E+06  0.746658E+06  0.214774E+07  0.216252E+07
  0.174087E-02  0.216093E+07  0.216058E+07  0.690249E+06  0.682068E+06  0.214463E+07  0.216041E+07
  0.179981E-02  0.215874E+07  0.215836E+07  0.627508E+06  0.620277E+06  0.214133E+07  0.215817E+07
  0.186075E-02  0.215642E+07  0.215603E+07  0.567961E+06  0.561739E+06  0.213784E+07  0.215582E+07
  0.192374E-02  0.215398E+07  0.215356E+07  0.512054E+06  0.506878E+06  0.213415E+07  0.215334E+07
  0.198887E-02  0.215141E+07  0.215096E+07  0.460196E+06  0.456081E+06  0.213026E+07  0.215073E+07
  0.205621E-02  0.214870E+07  0.214823E+07  0.412743E+06  0.409676E+06  0.212614E+07  0.214798E+07
  0.212582E-02  0.214586E+07  0.214536E+07  0.369982E+06  0.367919E+06  0.212180E+07  0.214508E+07
  0.219779E-02  0.214287E+07  0.214234E+07  0.332114E+06  0.330978E+06  0.211722E+07  0.214204E+07
  0.227220E-02  0.213973E+07  0.213917E+07  0.299237E+06  0.298915E+06  0.211238E+07  0.213885E+07
  0.234913E-02  0.213643E+07  0.213584E+07  0.271332E+06  0.271676E+06  0.210729E+07  0.213549E+07
  0.242866E-02  0.213297E+07  0.213234E+07  0.248251E+06  0.249081E+06  0.210193E+07  0.213198E+07
  0.251089E-02  0.212935E+07  0.212868E+07  0.229712E+06  0.230820E+06  0.209629E+07  0.212829E+07
  0.259589E-02  0.212556E+07  0.212485E+07  0.215297E+06  0.216453E+06  0.209035E+07  0.212443E+07
  0.268378E-02  0.212159E+07  0.212083E+07  0.204457E+06  0.205422E+06  0.208412E+07  0.212038E+07
  0.277464E-02  0.211743E+07  0.211663E+07  0.196530E+06  0.197066E+06  0.207756E+07  0.211616E+07
  0.286858E-02  0.211309E+07  0.211224E+07  0.190768E+06  0.190657E+06  0.207068E+07  0.211173E+07
  0.296570E-02  0.210856E+07  0.210766E+07  0.186366E+06  0.185425E+06  0.206346E+07  0.210711E+07
  0.306610E-02  0.210383E+07  0.210286E+07  0.182515E+06  0.180613E+06  0.205588E+07  0.210229E+07
  0.316991E-02  0.209889E+07  0.209786E+07  0.178448E+06  0.175527E+06  0.204794E+07  0.209725E+07
  0.327723E-02  0.209374E+07  0.209265E+07  0.173500E+06  0.169582E+06  0.203962E+07  0.209200E+07
  0.338818E-02  0.208837E+07  0.208721E+07  0.167163E+06  0.162361E+06  0.203092E+07  0.208652E+07
  0.350289E-02  0.208277E+07  0.208154E+07  0.159136E+06  0.153651E+06  0.202180E+07  0.208082E+07
  0.362148E-02  0.207695E+07  0.207563E+07  0.149358E+06  0.143472E+06  0.201228E+07  0.207487E+07
  0.374409E-02  0.207088E+07  0.206948E+07  0.138029E+06  0.132076E+06  0.200232E+07  0.206868E+07
  0.387085E-02  0.206457E+07  0.206308E+07  0.125591E+06  0.119928E+06  0.199192E+07  0.206223E+07
  0.400190E-02  0.205800E+07  0.205641E+07  0.112690E+06  0.107652E+06  0.198107E+07  0.205553E+07
  0.413739E-02  0.205118E+07  0.204948E+07  0.100094E+06  0.959447E+05  0.196975E+07  0.204856E+07
  0.427746E-02  0.204408E+07  0.204228E+07  0.885923E+05  0.854803E+05  0.195796E+07  0.204131E+07
  0.442228E-02  0.203671E+07  0.203479E+07  0.788721E+05  0.767947E+05  0.194567E+07  0.203377E+07
  0.457200E-02  0.202905E+07  0.202701E+07  0.713987E+05  0.701873E+05  0.193289E+07  0.202595E+07
  0.472678E-02  0.202111E+07  0.201893E+07  0.663172E+05  0.656511E+05  0.191960E+07  0.201783E+07
  0.488681E-02  0.201286E+07  0.201054E+07  0.634022E+05  0.628555E+05  0.190580E+07  0.200940E+07
  0.505226E-02  0.200430E+07  0.200184E+07  0.620744E+05  0.611933E+05  0.189147E+07  0.200065E+07
  0.522331E-02  0.199543E+07  0.199281E+07  0.614961E+05  0.598959E+05  0.187661E+07  0.199158E+07
  0.540015E-02  0.198624E+07  0.198345E+07  0.607381E+05  0.582009E+05  0.186122E+07  0.198219E+07
  0.558297E-02  0.197672E+07  0.197375E+07  0.589923E+05  0.555381E+05  0.184529E+07  0.197245E+07
  0.577199E-02  0.196686E+07  0.196370E+07  0.557808E+05  0.516850E+05  0.182882E+07  0.196237E+07
  0.596740E-02  0.195666E+07  0.195329E+07  0.511018E+05  0.468406E+05  0.181182E+07  0.195194E+07
  0.616943E-02  0.194610E+07  0.194252E+07  0.454535E+05  0.415777E+05  0.179428E+07  0.194115E+07
  0.637830E-02  0.193519E+07  0.193138E+07  0.397031E+05  0.366656E+05  0.177621E+07  0.192999E+07
  0.659425E-02  0.192391E+07  0.191985E+07  0.348153E+05  0.328046E+05  0.175761E+07  0.191846E+07
  0.681750E-02  0.191225E+07  0.190794E+07  0.315094E+05  0.303567E+05  0.173849E+07  0.190655E+07
  0.704831E-02  0.190022E+07  0.189563E+07  0.299680E+05  0.291823E+05  0.171885E+07  0.189425E+07
  0.728694E-02  0.188779E+07  0.188291E+07  0.297281E+05  0.286743E+05  0.169871E+07  0.188156E+07
  0.753364E-02  0.187498E+07  0.186979E+07  0.298415E+05  0.280109E+05  0.167808E+07  0.186847E+07
  0.778870E-02  0.186177E+07  0.185625E+07  0.292829E+05  0.265396E+05  0.165697E+07  0.185498E+07
  0.805239E-02  0.184815E+07  0.184229E+07  0.274493E+05  0.241154E+05  0.163539E+07  0.184108E+07
  0.832501E-02  0.183412E+07  0.182790E+07  0.245003E+05  0.211939E+05  0.161336E+07  0.182677E+07
  0.860686E-02  0.181968E+07  0.181307E+07  0.213124E+05  0.185801E+05  0.159089E+07  0.181203E+07
  0.889825E-02  0.180482E+07  0.179780E+07  0.182240E+05  0.169325E+05  0.156799E+07  0.179688E+07
  0.919951E-02  0.178954E+07  0.178208E+07  0.170598E+05  0.163155E+05  0.154468E+07  0.178129E+07
  0.951096E-02  0.177382E+07  0.176591E+07  0.170834E+05  0.161310E+05  0.152097E+07  0.176528E+07
  0.983296E-02  0.175768E+07  0.174928E+07  0.172627E+05  0.155442E+05  0.149688E+07  0.174883E+07
  0.101659E-01  0.174129E+07  0.173238E+07  0.165382E+05  0.141430E+05  0.147403E+07  0.173217E+07
  0.105100E-01  0.172428E+07  0.171483E+07  0.146714E+05  0.122882E+05  0.144916E+07  0.171486E+07
  0.108659E-01  0.170684E+07  0.169682E+07  0.124985E+05  0.108084E+05  0.142392E+07  0.169710E+07
  0.112337E-01  0.168895E+07  0.167834E+07  0.109415E+05  0.102030E+05  0.139831E+07  0.167890E+07
  0.116141E-01  0.167062E+07  0.165938E+07  0.107647E+05  0.101241E+05  0.137234E+07  0.166025E+07
  0.120073E-01  0.165184E+07  0.163994E+07  0.110180E+05  0.973552E+04  0.134601E+07  0.164115E+07
  0.124138E-01  0.163261E+07  0.162001E+07  0.105146E+05  0.866079E+04  0.131935E+07  0.162160E+07
  0.128341E-01  0.161288E+07  0.159955E+07  0.904622E+04  0.744011E+04  0.129196E+07  0.160154E+07
  0.132686E-01  0.159274E+07  0.157865E+07  0.766613E+04  0.683660E+04  0.126462E+07  0.158107E+07
  0.137178E-01  0.157215E+07  0.155726E+07  0.722297E+04  0.679189E+04  0.123696E+07  0.156016E+07
  0.141822E-01  0.155111E+07  0.153539E+07  0.746244E+04  0.650834E+04  0.120903E+07  0.153879E+07
  0.146624E-01  0.152961E+07  0.151302E+07  0.708682E+04  0.566306E+04  0.118082E+07  0.151696E+07
  0.151588E-01  0.150766E+07  0.149017E+07  0.592779E+04  0.000000E+00  0.115237E+07  0.149469E+07
  0.156720E-01  0.148528E+07  0.146685E+07  0.515358E+04  0.000000E+00  0.112380E+07  0.147199E+07
  0.162026E-01  0.146244E+07  0.144304E+07  0.521354E+04  0.000000E+00  0.109494E+07  0.144882E+07
  0.167511E-01  0.143915E+07  0.141874E+07  0.515533E+04  0.000000E+00  0.106590E+07  0.142522E+07
  0.173182E-01  0.141543E+07  0.139398E+07  0.432352E+04  0.000000E+00  0.103671E+07  0.140118E+07
  0.179045E-01  0.139128E+07  0.136876E+07  0.372930E+04  0.000000E+00  0.100740E+07  0.137671E+07
  0.185107E-01  0.136670E+07  0.134307E+07  0.387621E+04  0.000000E+00  0.977952E+06  0.135182E+07
  0.191374E-01  0.134170E+07  0.131695E+07  0.362243E+04  0.000000E+00  0.948448E+06  0.132653E+07
  0.197853E-01  0.131631E+07  0.129041E+07  0.293236E+04  0.000000E+00  0.918893E+06  0.130084E+07
  0.204552E-01  0.129053E+07  0.126346E+07  0.282488E+04  0.000000E+00  0.889320E+06  0.127477E+07
  0.211477E-01  0.126438E+07  0.123612E+07  0.285822E+04  0.000000E+00  0.859772E+06  0.124834E+07
  0.218637E-01  0.123788E+07  0.120843E+07  0.237420E+04  0.000000E+00  0.830307E+06  0.122157E+07
  0.226039E-01  0.121104E+07  0.118040E+07  0.229927E+04  0.000000E+00  0.800970E+06  0.119449E+07
  0.233691E-01  0.118391E+07  0.115208E+07  0.242466E+04  0.000000E+00  0.771829E+06  0.116711E+07
  0.241603E-01  0.115651E+07  0.112349E+07  0.210860E+04  0.000000E+00  0.742944E+06  0.113949E+07
  0.249783E-01  0.112887E+07  0.109470E+07  0.206705E+04  0.000000E+00  0.714362E+06  0.111165E+07
  0.258240E-01  0.110104E+07  0.106574E+07  0.175637E+04  0.000000E+00  0.686121E+06  0.108363E+07
  0.266982E-01  0.107305E+07  0.103668E+07  0.123175E+04  0.000000E+00  0.658242E+06  0.105548E+07
  0.276021E-01  0.104496E+07  0.100756E+07  0.122240E+04  0.000000E+00  0.630738E+06  0.102726E+07
  0.285366E-01  0.101682E+07  0.978466E+06  0.114669E+04  0.000000E+00  0.603623E+06  0.999002E+06
  0.295027E-01  0.988687E+06  0.949460E+06  0.120821E+04  0.000000E+00  0.576928E+06  0.970778E+06
  0.305016E-01  0.960623E+06  0.920620E+06  0.885513E+03  0.000000E+00  0.550705E+06  0.942649E+06
  0.315342E-01  0.932694E+06  0.892028E+06  0.862721E+03  0.000000E+00  0.525030E+06  0.914685E+06
  0.326019E-01  0.904972E+06  0.863771E+06  0.840483E+03  0.000000E+00  0.499989E+06  0.886960E+06
  0.337056E-01  0.877533E+06  0.835941E+06  0.697896E+03  0.000000E+00  0.475669E+06  0.859552E+06
  0.348467E-01  0.850455E+06  0.808631E+06  0.642505E+03  0.000000E+00  0.452135E+06  0.832542E+06
  0.360265E-01  0.823820E+06  0.781940E+06  0.626821E+03  0.000000E+00  0.429426E+06  0.806013E+06
  0.372462E-01  0.797711E+06  0.755962E+06  0.486559E+03  0.000000E+00  0.407559E+06  0.780047E+06
  0.385072E-01  0.772209E+06  0.730791E+06  0.534048E+03  0.000000E+00  0.386539E+06  0.754725E+06
  0.398109E-01  0.747393E+06  0.706515E+06  0.399873E+03  0.000000E+00  0.366372E+06  0.730126E+06
  0.411587E-01  0.723335E+06  0.683215E+06  0.412948E+03  0.000000E+00  0.347070E+06  0.706321E+06
  0.425522E-01  0.700101E+06  0.660958E+06  0.367921E+03  0.000000E+00  0.328650E+06  0.683375E+06
  0.439928E-01  0.677748E+06  0.639801E+06  0.308748E+03  0.000000E+00  0.311124E+06  0.661344E+06
  0.454592E-01  0.656638E+06  0.620075E+06  0.312497E+03  0.000000E+00  0.294742E+06  0.640581E+06
  0.469257E-01  0.637078E+06  0.602042E+06  0.268931E+03  0.000000E+00  0.279711E+06  0.621384E+06
  0.483921E-01  0.618958E+06  0.585560E+06  0.227162E+03  0.000000E+00  0.265909E+06  0.603638E+06
  0.498585E-01  0.602162E+06  0.570485E+06  0.203467E+03  0.000000E+00  0.253214E+06  0.587222E+06
  0.513249E-01  0.586575E+06  0.556670E+06  0.241962E+03  0.000000E+00  0.241504E+06  0.572016E+06
  0.527914E-01  0.572078E+06  0.543969E+06  0.191504E+03  0.000000E+00  0.230668E+06  0.557898E+06
  0.542578E-01  0.558555E+06  0.532238E+06  0.150426E+03  0.000000E+00  0.220612E+06  0.544748E+06
  0.557242E-01  0.545894E+06  0.521337E+06  0.194212E+03  0.000000E+00  0.211258E+06  0.532450E+06
  0.571907E-01  0.533985E+06  0.511133E+06  0.138322E+03  0.000000E+00  0.202534E+06  0.520892E+06
  0.586571E-01  0.522723E+06  0.501498E+06  0.134109E+03  0.000000E+00  0.194367E+06  0.509967E+06
  0.601235E-01  0.512010E+06  0.492317E+06  0.152149E+03  0.000000E+00  0.186682E+06  0.499574E+06
  0.615899E-01  0.501756E+06  0.483480E+06  0.104155E+03  0.000000E+00  0.179415E+06  0.489622E+06
  0.630564E-01  0.491877E+06  0.474892E+06  0.125033E+03  0.000000E+00  0.172513E+06  0.480025E+06
  0.645228E-01  0.482300E+06  0.466469E+06  0.104636E+03  0.000000E+00  0.165937E+06  0.470710E+06
  0.659892E-01  0.472958E+06  0.458137E+06  0.103681E+03  0.000000E+00  0.159656E+06  0.461611E+06
  0.674556E-01  0.463796E+06  0.449838E+06  0.833801E+02  0.000000E+00  0.153641E+06  0.452671E+06
  0.689221E-01  0.454768E+06  0.441522E+06  0.945469E+02  0.000000E+00  0.147866E+06  0.443846E+06
  0.703885E-01  0.445836E+06  0.433156E+06  0.658351E+02  0.000000E+00  0.142307E+06  0.435098E+06
  0.718549E-01  0.436973E+06  0.424716E+06  0.849120E+02  0.000000E+00  0.136943E+06  0.426400E+06
  0.733214E-01  0.428158E+06  0.416189E+06  0.778181E+02  0.000000E+00  0.131759E+06  0.417735E+06
  0.747878E-01  0.419386E+06  0.407578E+06  0.911012E+02  0.000000E+00  0.126744E+06  0.409095E+06
  0.762542E-01  0.410636E+06  0.398875E+06  0.475662E+02  0.000000E+00  0.121885E+06  0.400466E+06
  0.777206E-01  0.401921E+06  0.390106E+06  0.506113E+02  0.000000E+00  0.117182E+06  0.391860E+06
  0.791871E-01  0.393252E+06  0.381292E+06  0.733678E+02  0.000000E+00  0.112635E+06  0.383288E+06
  0.806535E-01  0.384640E+06  0.372464E+06  0.510540E+02  0.000000E+00  0.108244E+06  0.374766E+06
  0.821199E-01  0.376105E+06  0.363653E+06  0.597405E+02  0.000000E+00  0.104006E+06  0.366314E+06
  0.835864E-01  0.367666E+06  0.354897E+06  0.541652E+02  0.000000E+00  0.999221E+05  0.357953E+06
  0.850528E-01  0.359347E+06  0.346233E+06  0.647434E+02  0.000000E+00  0.959908E+05  0.349709E+06
  0.865192E-01  0.351173E+06  0.337702E+06  0.405554E+02  0.000000E+00  0.922147E+05  0.341608E+06
  0.879856E-01  0.343168E+06  0.329343E+06  0.341054E+02  0.000000E+00  0.885964E+05  0.333677E+06
  0.894521E-01  0.335357E+06  0.321193E+06  0.305306E+02  0.000000E+00  0.851370E+05  0.325941E+06
  0.909185E-01  0.327764E+06  0.313289E+06  0.343053E+02  0.000000E+00  0.818356E+05  0.318426E+06
  0.923849E-01  0.320411E+06  0.305662E+06  0.252671E+02  0.000000E+00  0.786899E+05  0.311153E+06
  0.942171E-01  0.311590E+06  0.296568E+06  0.179618E+02  0.000000E+00  0.749748E+05  0.302439E+06
  0.960494E-01  0.303206E+06  0.287999E+06  0.480843E+02  0.000000E+00  0.714956E+05  0.294170E+06
  0.978816E-01  0.295284E+06  0.279990E+06  0.237334E+02  0.000000E+00  0.682483E+05  0.286370E+06
  0.997138E-01  0.287838E+06  0.272562E+06  0.357944E+02  0.000000E+00  0.652266E+05  0.279055E+06
  0.101546E+00  0.280875E+06  0.265724E+06  0.338161E+02  0.000000E+00  0.624221E+05  0.272233E+06
  0.103378E+00  0.274394E+06  0.259471E+06  0.189459E+02  0.000000E+00  0.598235E+05  0.265898E+06
  0.105211E+00  0.268381E+06  0.253786E+06  0.172783E+02  0.000000E+00  0.574167E+05  0.260040E+06
  0.107043E+00  0.262817E+06  0.248640E+06  0.196944E+02  0.000000E+00  0.551864E+05  0.254637E+06
  0.108875E+00  0.257676E+06  0.243995E+06  0.234650E+02  0.000000E+00  0.531179E+05  0.249660E+06
  0.110707E+00  0.252923E+06  0.239803E+06  0.173580E+02  0.000000E+00  0.511974E+05  0.245074E+06
  0.112539E+00  0.248520E+06  0.236012E+06  0.195165E+02  0.000000E+00  0.494103E+05  0.240840E+06
  0.114372E+00  0.244425E+06  0.232562E+06  0.132561E+02  0.000000E+00  0.477406E+05  0.236913E+06
  0.116204E+00  0.240593E+06  0.229393E+06  0.206037E+02  0.000000E+00  0.461732E+05  0.233248E+06
  0.118036E+00  0.236980E+06  0.226444E+06  0.787900E+01  0.000000E+00  0.446949E+05  0.229797E+06
  0.119868E+00  0.233540E+06  0.223654E+06  0.184130E+02  0.000000E+00  0.432936E+05  0.226515E+06
  0.121701E+00  0.230227E+06  0.220963E+06  0.172629E+02  0.000000E+00  0.419575E+05  0.223354E+06
  0.123533E+00  0.227001E+06  0.218317E+06  0.114623E+02  0.000000E+00  0.406754E+05  0.220272E+06
  0.125365E+00  0.223824E+06  0.215668E+06  0.188968E+02  0.000000E+00  0.394376E+05  0.217231E+06
  0.127197E+00  0.220664E+06  0.212976E+06  0.170621E+02  0.000000E+00  0.382366E+05  0.214200E+06
  0.129030E+00  0.217495E+06  0.210209E+06  0.709963E+01  0.000000E+00  0.370665E+05  0.211150E+06
  0.130862E+00  0.214297E+06  0.207340E+06  0.630374E+01  0.000000E+00  0.359231E+05  0.208061E+06
  0.132694E+00  0.211053E+06  0.204354E+06  0.138198E+02  0.000000E+00  0.348034E+05  0.204918E+06
  0.134526E+00  0.207754E+06  0.201241E+06  0.000000E+00  0.000000E+00  0.337052E+05  0.201711E+06
  0.136358E+00  0.204395E+06  0.197999E+06  0.000000E+00  0.000000E+00  0.326266E+05  0.198436E+06
  0.138191E+00  0.200976E+06  0.194633E+06  0.000000E+00  0.000000E+00  0.315668E+05  0.195094E+06
  0.140023E+00  0.197506E+06  0.191157E+06  0.000000E+00  0.000000E+00  0.305265E+05  0.191693E+06
  0.141855E+00  0.193992E+06  0.187589E+06  0.000000E+00  0.000000E+00  0.295074E+05  0.188244E+06
  0.143687E+00  0.190451E+06  0.183950E+06  0.000000E+00  0.000000E+00  0.285116E+05  0.184762E+06
  0.145520E+00  0.186899E+06  0.180270E+06  0.000000E+00  0.000000E+00  0.275410E+05  0.181266E+06
  0.147352E+00  0.183357E+06  0.176578E+06  0.000000E+00  0.000000E+00  0.265975E+05  0.177776E+06
  0.149184E+00  0.179844E+06  0.172902E+06  0.000000E+00  0.000000E+00  0.256833E+05  0.174314E+06
  0.151016E+00  0.176381E+06  0.169274E+06  0.000000E+00  0.000000E+00  0.248010E+05  0.170901E+06
  0.152849E+00  0.172988E+06  0.165723E+06  0.000000E+00  0.000000E+00  0.239524E+05  0.167558E+06
  0.154681E+00  0.169683E+06  0.162274E+06  0.000000E+00  0.000000E+00  0.231388E+05  0.164303E+06
  0.156513E+00  0.166482E+06  0.158952E+06  0.000000E+00  0.000000E+00  0.223613E+05  0.161154E+06
  0.158345E+00  0.163402E+06  0.155778E+06  0.000000E+00  0.000000E+00  0.216207E+05  0.158128E+06
  0.160177E+00  0.160455E+06  0.152770E+06  0.000000E+00  0.000000E+00  0.209171E+05  0.155237E+06
  0.162010E+00  0.157651E+06  0.149940E+06  0.000000E+00  0.000000E+00  0.202506E+05  0.152491E+06
  0.163842E+00  0.154995E+06  0.147297E+06  0.000000E+00  0.000000E+00  0.196210E+05  0.149896E+06
  0.165674E+00  0.152491E+06  0.144845E+06  0.000000E+00  0.000000E+00  0.190276E+05  0.147455E+06
  0.167506E+00  0.150139E+06  0.142581E+06  0.000000E+00  0.000000E+00  0.184685E+05  0.145168E+06
  0.169339E+00  0.147933E+06  0.140499E+06  0.000000E+00  0.000000E+00  0.179417E+05  0.143030E+06
  0.171171E+00  0.145867E+06  0.138590E+06  0.000000E+00  0.000000E+00  0.174450E+05  0.141033E+06
  0.173003E+00  0.143933E+06  0.136841E+06  0.000000E+00  0.000000E+00  0.169766E+05  0.139170E+06
  0.174835E+00  0.142119E+06  0.135236E+06  0.000000E+00  0.000000E+00  0.165342E+05  0.137428E+06
  0.176668E+00  0.140413E+06  0.133758E+06  0.000000E+00  0.000000E+00  0.161150E+05  0.135794E+06
  0.178500E+00  0.138802E+06  0.132387E+06  0.000000E+00  0.000000E+00  0.157167E+05  0.134254E+06
  0.180332E+00  0.137269E+06  0.131102E+06  0.000000E+00  0.000000E+00  0.153366E+05  0.132793E+06
  0.182164E+00  0.135801E+06  0.129884E+06  0.000000E+00  0.000000E+00  0.149724E+05  0.131394E+06
  0.183996E+00  0.134381E+06  0.128709E+06  0.000000E+00  0.000000E+00  0.146219E+05  0.130043E+06
  0.185829E+00  0.132995E+06  0.127560E+06  0.000000E+00  0.000000E+00  0.142829E+05  0.128723E+06
  0.187661E+00  0.131629E+06  0.126416E+06  0.000000E+00  0.000000E+00  0.139535E+05  0.127421E+06
  0.189493E+00  0.130271E+06  0.125263E+06  0.000000E+00  0.000000E+00  0.136319E+05  0.126124E+06
  0.191325E+00  0.128909E+06  0.124087E+06  0.000000E+00  0.000000E+00  0.133168E+05  0.124821E+06
  0.193158E+00  0.127537E+06  0.122876E+06  0.000000E+00  0.000000E+00  0.130069E+05  0.123504E+06
  0.194990E+00  0.126146E+06  0.121622E+06  0.000000E+00  0.000000E+00  0.127017E+05  0.122165E+06
  0.196822E+00  0.124732E+06  0.120319E+06  0.000000E+00  0.000000E+00  0.124007E+05  0.120800E+06
  0.198654E+00  0.123291E+06  0.118964E+06  0.000000E+00  0.000000E+00  0.121033E+05  0.119406E+06
  0.200487E+00  0.121823E+06  0.117557E+06  0.000000E+00  0.000000E+00  0.118093E+05  0.117981E+06
  0.202319E+00  0.120328E+06  0.116099E+06  0.000000E+00  0.000000E+00  0.115186E+05  0.116526E+06
  0.204151E+00  0.118808E+06  0.114595E+06  0.000000E+00  0.000000E+00  0.112314E+05  0.115045E+06
  0.205983E+00  0.117268E+06  0.113053E+06  0.000000E+00  0.000000E+00  0.109484E+05  0.113541E+06
  0.207815E+00  0.115713E+06  0.111479E+06  0.000000E+00  0.000000E+00  0.106699E+05  0.112020E+06
  0.209648E+00  0.114150E+06  0.109885E+06  0.000000E+00  0.000000E+00  0.103963E+05  0.110489E+06
  0.211480E+00  0.112585E+06  0.108280E+06  0.000000E+00  0.000000E+00  0.101284E+05  0.108956E+06
  0.213312E+00  0.111027E+06  0.106676E+06  0.000000E+00  0.000000E+00  0.986661E+04  0.107429E+06
  0.215144E+00  0.109483E+06  0.105084E+06  0.000000E+00  0.000000E+00  0.961157E+04  0.105915E+06
  0.216977E+00  0.107960E+06  0.103513E+06  0.000000E+00  0.000000E+00  0.936380E+04  0.104422E+06
  0.218809E+00  0.106465E+06  0.101975E+06  0.000000E+00  0.000000E+00  0.912377E+04  0.102957E+06
  0.220641E+00  0.105006E+06  0.100479E+06  0.000000E+00  0.000000E+00  0.889180E+04  0.101528E+06
  0.222473E+00  0.103588E+06  0.990327E+05  0.000000E+00  0.000000E+00  0.866810E+04  0.100140E+06
  0.224306E+00  0.102216E+06  0.976432E+05  0.000000E+00  0.000000E+00  0.845289E+04  0.987990E+05
  0.226138E+00  0.100894E+06  0.963162E+05  0.000000E+00  0.000000E+00  0.824639E+04  0.975089E+05
  0.227970E+00  0.996255E+05  0.950555E+05  0.000000E+00  0.000000E+00  0.804868E+04  0.962727E+05
  0.229802E+00  0.984118E+05  0.938631E+05  0.000000E+00  0.000000E+00  0.785958E+04  0.950919E+05
  0.231634E+00  0.972532E+05  0.927394E+05  0.000000E+00  0.000000E+00  0.767876E+04  0.939670E+05
  0.233467E+00  0.961491E+05  0.916831E+05  0.000000E+00  0.000000E+00  0.750589E+04  0.928972E+05
  0.235299E+00  0.950977E+05  0.906918E+05  0.000000E+00  0.000000E+00  0.734064E+04  0.918807E+05
  0.237131E+00  0.940964E+05  0.897614E+05  0.000000E+00  0.000000E+00  0.718260E+04  0.909146E+05
  0.238963E+00  0.931416E+05  0.888871E+05  0.000000E+00  0.000000E+00  0.703127E+04  0.899953E+05
  0.240796E+00  0.922295E+05  0.880633E+05  0.000000E+00  0.000000E+00  0.688615E+04  0.891189E+05
  0.242628E+00  0.913556E+05  0.872836E+05  0.000000E+00  0.000000E+00  0.674671E+04  0.882807E+05
  0.244460E+00  0.905148E+05  0.865409E+05  0.000000E+00  0.000000E+00  0.661235E+04  0.874752E+05
  0.246292E+00  0.897014E+05  0.858276E+05  0.000000E+00  0.000000E+00  0.648252E+04  0.866969E+05
  0.248125E+00  0.889103E+05  0.851365E+05  0.000000E+00  0.000000E+00  0.635671E+04  0.859403E+05
  0.249957E+00  0.881360E+05  0.844604E+05  0.000000E+00  0.000000E+00  0.623445E+04  0.851998E+05
  0.251789E+00  0.873735E+05  0.837924E+05  0.000000E+00  0.000000E+00  0.611524E+04  0.844704E+05
  0.253621E+00  0.866182E+05  0.831264E+05  0.000000E+00  0.000000E+00  0.599860E+04  0.837472E+05
  0.255453E+00  0.858661E+05  0.824572E+05  0.000000E+00  0.000000E+00  0.588415E+04  0.830261E+05
  0.257286E+00  0.851137E+05  0.817801E+05  0.000000E+00  0.000000E+00  0.577169E+04  0.823037E+05
  0.259118E+00  0.843580E+05  0.810914E+05  0.000000E+00  0.000000E+00  0.566102E+04  0.815769E+05
  0.260950E+00  0.835969E+05  0.803886E+05  0.000000E+00  0.000000E+00  0.555193E+04  0.808436E+05
  0.262782E+00  0.828287E+05  0.796697E+05  0.000000E+00  0.000000E+00  0.544422E+04  0.801021E+05
  0.264615E+00  0.820524E+05  0.789337E+05  0.000000E+00  0.000000E+00  0.533778E+04  0.793514E+05
  0.266447E+00  0.812679E+05  0.781807E+05  0.000000E+00  0.000000E+00  0.523259E+04  0.785914E+05
  0.268279E+00  0.804756E+05  0.774118E+05  0.000000E+00  0.000000E+00  0.512868E+04  0.778226E+05
  0.270111E+00  0.796765E+05  0.766287E+05  0.000000E+00  0.000000E+00  0.502609E+04  0.770462E+05
  0.271944E+00  0.788723E+05  0.758339E+05  0.000000E+00  0.000000E+00  0.492494E+04  0.762638E+05
  0.273776E+00  0.780649E+05  0.750305E+05  0.000000E+00  0.000000E+00  0.482533E+04  0.754776E+05
  0.275608E+00  0.772568E+05  0.742220E+05  0.000000E+00  0.000000E+00  0.472736E+04  0.746900E+05
  0.277440E+00  0.764505E+05  0.734120E+05  0.000000E+00  0.000000E+00  0.463116E+04  0.739037E+05
  0.279272E+00  0.756484E+05  0.726042E+05  0.000000E+00  0.000000E+00  0.453687E+04  0.731214E+05
  0.281105E+00  0.748533E+05  0.718026E+05  0.000000E+00  0.000000E+00  0.444465E+04  0.723457E+05
  0.282937E+00  0.740677E+05  0.710108E+05  0.000000E+00  0.000000E+00  0.435461E+04  0.715794E+05
  0.284769E+00  0.732942E+05  0.702323E+05  0.000000E+00  0.000000E+00  0.426679E+04  0.708250E+05
  0.286601E+00  0.725352E+05  0.694705E+05  0.000000E+00  0.000000E+00  0.418128E+04  0.700851E+05
  0.288434E+00  0.717927E+05  0.687282E+05  0.000000E+00  0.000000E+00  0.409820E+04  0.693618E+05
  0.290266E+00  0.710686E+05  0.680079E+05  0.000000E+00  0.000000E+00  0.401763E+04  0.686570E+05
  0.292098E+00  0.703642E+05  0.673114E+05  0.000000E+00  0.000000E+00  0.393959E+04  0.679720E+05
  0.293930E+00  0.696805E+05  0.666401E+05  0.000000E+00  0.000000E+00  0.386405E+04  0.673078E+05
  0.295763E+00  0.690180E+05  0.659945E+05  0.000000E+00  0.000000E+00  0.379097E+04  0.666650E+05
  0.297595E+00  0.683768E+05  0.653748E+05  0.000000E+00  0.000000E+00  0.372028E+04  0.660436E+05
  0.299427E+00  0.677565E+05  0.647805E+05  0.000000E+00  0.000000E+00  0.365191E+04  0.654433E+05
  0.301259E+00  0.671568E+05  0.642108E+05  0.000000E+00  0.000000E+00  0.358578E+04  0.648636E+05
  0.303091E+00  0.665767E+05  0.636646E+05  0.000000E+00  0.000000E+00  0.352181E+04  0.643037E+05
  0.304924E+00  0.660151E+05  0.631400E+05  0.000000E+00  0.000000E+00  0.345990E+04  0.637622E+05
  0.306756E+00  0.654707E+05  0.626353E+05  0.000000E+00  0.000000E+00  0.339988E+04  0.632379E+05
  0.308588E+00  0.649417E+05  0.621480E+05  0.000000E+00  0.000000E+00  0.334162E+04  0.627289E+05
  0.310420E+00  0.644264E+05  0.616758E+05  0.000000E+00  0.000000E+00  0.328499E+04  0.622334E+05
  0.312253E+00  0.639228E+05  0.612160E+05  0.000000E+00  0.000000E+00  0.322989E+04  0.617495E+05
  0.314085E+00  0.634291E+05  0.607660E+05  0.000000E+00  0.000000E+00  0.317615E+04  0.612752E+05
  0.315917E+00  0.629434E+05  0.603235E+05  0.000000E+00  0.000000E+00  0.312363E+04  0.608087E+05
  0.317749E+00  0.624641E+05  0.598860E+05  0.000000E+00  0.000000E+00  0.307219E+04  0.603481E+05
  0.319582E+00  0.619894E+05  0.594515E+05  0.000000E+00  0.000000E+00  0.302176E+04  0.598919E+05
  0.321414E+00  0.615181E+05  0.590181E+05  0.000000E+00  0.000000E+00  0.297225E+04  0.594386E+05
  0.323246E+00  0.610488E+05  0.585841E+05  0.000000E+00  0.000000E+00  0.292360E+04  0.589869E+05
  0.325078E+00  0.605805E+05  0.581482E+05  0.000000E+00  0.000000E+00  0.287573E+04  0.585357E+05
  0.326910E+00  0.601123E+05  0.577093E+05  0.000000E+00  0.000000E+00  0.282856E+04  0.580841E+05
  0.328743E+00  0.596435E+05  0.572668E+05  0.000000E+00  0.000000E+00  0.278205E+04  0.576316E+05
  0.330575E+00  0.591738E+05  0.568201E+05  0.000000E+00  0.000000E+00  0.273616E+04  0.571777E+05
  0.332407E+00  0.587030E+05  0.563693E+05  0.000000E+00  0.000000E+00  0.269088E+04  0.567223E+05
  0.334239E+00  0.582313E+05  0.559147E+05  0.000000E+00  0.000000E+00  0.264622E+04  0.562656E+05
  0.336072E+00  0.577590E+05  0.554567E+05  0.000000E+00  0.000000E+00  0.260221E+04  0.558079E+05
  0.337904E+00  0.572866E+05  0.549963E+05  0.000000E+00  0.000000E+00  0.255882E+04  0.553497E+05
  0.339736E+00  0.568147E+05  0.545344E+05  0.000000E+00  0.000000E+00  0.251607E+04  0.548918E+05
  0.341568E+00  0.563440E+05  0.540721E+05  0.000000E+00  0.000000E+00  0.247399E+04  0.544349E+05
  0.343401E+00  0.558754E+05  0.536105E+05  0.000000E+00  0.000000E+00  0.243263E+04  0.539798E+05
  0.345233E+00  0.554097E+05  0.531509E+05  0.000000E+00  0.000000E+00  0.239201E+04  0.535273E+05
  0.347065E+00  0.549478E+05  0.526946E+05  0.000000E+00  0.000000E+00  0.235213E+04  0.530785E+05
  0.348897E+00  0.544904E+05  0.522428E+05  0.000000E+00  0.000000E+00  0.231301E+04  0.526341E+05
  0.350729E+00  0.540387E+05  0.517968E+05  0.000000E+00  0.000000E+00  0.227468E+04  0.521953E+05
  0.352562E+00  0.535933E+05  0.513578E+05  0.000000E+00  0.000000E+00  0.223719E+04  0.517627E+05
  0.354394E+00  0.531551E+05  0.509268E+05  0.000000E+00  0.000000E+00  0.220055E+04  0.513372E+05
  0.356226E+00  0.527246E+05  0.505047E+05  0.000000E+00  0.000000E+00  0.216477E+04  0.509195E+05
  0.358058E+00  0.523023E+05  0.500920E+05  0.000000E+00  0.000000E+00  0.212985E+04  0.505099E+05
  0.359891E+00  0.518886E+05  0.496892E+05  0.000000E+00  0.000000E+00  0.209579E+04  0.501088E+05
  0.361723E+00  0.514835E+05  0.492966E+05  0.000000E+00  0.000000E+00  0.206254E+04  0.497165E+05
  0.363555E+00  0.510873E+05  0.489143E+05  0.000000E+00  0.000000E+00  0.203012E+04  0.493329E+05
  0.365387E+00  0.506998E+05  0.485422E+05  0.000000E+00  0.000000E+00  0.199852E+04  0.489581E+05
  0.367220E+00  0.503210E+05  0.481802E+05  0.000000E+00  0.000000E+00  0.196772E+04  0.485920E+05
  0.369052E+00  0.499506E+05  0.478278E+05  0.000000E+00  0.000000E+00  0.193768E+04  0.482342E+05
  0.370884E+00  0.495883E+05  0.474846E+05  0.000000E+00  0.000000E+00  0.190836E+04  0.478844E+05
  0.372716E+00  0.492335E+05  0.471498E+05  0.000000E+00  0.000000E+00  0.187974E+04  0.475422E+05
  0.374548E+00  0.488858E+05  0.468228E+05  0.000000E+00  0.000000E+00  0.185179E+04  0.472068E+05
  0.376381E+00  0.485444E+05  0.465027E+05  0.000000E+00  0.000000E+00  0.182447E+04  0.468778E+05
  0.378213E+00  0.482087E+05  0.461885E+05  0.000000E+00  0.000000E+00  0.179774E+04  0.465544E+05
  0.380045E+00  0.478782E+05  0.458795E+05  0.000000E+00  0.000000E+00  0.177155E+04  0.462359E+05
  0.381877E+00  0.475521E+05  0.455748E+05  0.000000E+00  0.000000E+00  0.174587E+04  0.459218E+05
  0.383710E+00  0.472299E+05  0.452736E+05  0.000000E+00  0.000000E+00  0.172068E+04  0.456115E+05
  0.385542E+00  0.469111E+05  0.449752E+05  0.000000E+00  0.000000E+00  0.169593E+04  0.453043E+05
  0.387374E+00  0.465951E+05  0.446788E+05  0.000000E+00  0.000000E+00  0.167163E+04  0.449997E+05
  0.389206E+00  0.462814E+05  0.443840E+05  0.000000E+00  0.000000E+00  0.164773E+04  0.446973E+05
  0.391039E+00  0.459696E+05  0.440900E+05  0.000000E+00  0.000000E+00  0.162421E+04  0.443965E+05
  0.392871E+00  0.456592E+05  0.437965E+05  0.000000E+00  0.000000E+00  0.160104E+04  0.440971E+05
  0.394703E+00  0.453502E+05  0.435031E+05  0.000000E+00  0.000000E+00  0.157819E+04  0.437988E+05
  0.396535E+00  0.450422E+05  0.432097E+05  0.000000E+00  0.000000E+00  0.155568E+04  0.435013E+05
  0.398367E+00  0.447353E+05  0.429162E+05  0.000000E+00  0.000000E+00  0.153350E+04  0.432046E+05
  0.400200E+00  0.444293E+05  0.426227E+05  0.000000E+00  0.000000E+00  0.151163E+04  0.429088E+05
  0.402032E+00  0.441244E+05  0.423292E+05  0.000000E+00  0.000000E+00  0.149008E+04  0.426139E+05
  0.403864E+00  0.438207E+05  0.420360E+05  0.000000E+00  0.000000E+00  0.146883E+04  0.423200E+05
  0.405696E+00  0.435183E+05  0.417434E+05  0.000000E+00  0.000000E+00  0.144790E+04  0.420273E+05
  0.407529E+00  0.432175E+05  0.414515E+05  0.000000E+00  0.000000E+00  0.142729E+04  0.417359E+05
  0.409361E+00  0.429183E+05  0.411609E+05  0.000000E+00  0.000000E+00  0.140700E+04  0.414461E+05
  0.411193E+00  0.426212E+05  0.408718E+05  0.000000E+00  0.000000E+00  0.138703E+04  0.411583E+05
  0.413025E+00  0.423263E+05  0.405847E+05  0.000000E+00  0.000000E+00  0.136738E+04  0.408726E+05
  0.414858E+00  0.420340E+05  0.403000E+05  0.000000E+00  0.000000E+00  0.134806E+04  0.405894E+05
  0.416690E+00  0.417446E+05  0.400182E+05  0.000000E+00  0.000000E+00  0.132907E+04  0.403090E+05
  0.418522E+00  0.414584E+05  0.397396E+05  0.000000E+00  0.000000E+00  0.131042E+04  0.400317E+05
  0.420354E+00  0.411756E+05  0.394646E+05  0.000000E+00  0.000000E+00  0.129213E+04  0.397578E+05
  0.422186E+00  0.408964E+05  0.391935E+05  0.000000E+00  0.000000E+00  0.127418E+04  0.394874E+05
  0.424019E+00  0.406210E+05  0.389264E+05  0.000000E+00  0.000000E+00  0.125656E+04  0.392207E+05
  0.425851E+00  0.403494E+05  0.386636E+05  0.000000E+00  0.000000E+00  0.123927E+04  0.389578E+05
  0.427683E+00  0.400817E+05  0.384052E+05  0.000000E+00  0.000000E+00  0.122232E+04  0.386988E+05
  0.429515E+00  0.398181E+05  0.381512E+05  0.000000E+00  0.000000E+00  0.120572E+04  0.384438E+05
  0.431348E+00  0.395585E+05  0.379017E+05  0.000000E+00  0.000000E+00  0.118944E+04  0.381929E+05
  0.433180E+00  0.393030E+05  0.376567E+05  0.000000E+00  0.000000E+00  0.117348E+04  0.379459E+05
  0.435012E+00  0.390514E+05  0.374161E+05  0.000000E+00  0.000000E+00  0.115783E+04  0.377028E+05
  0.436844E+00  0.388037E+05  0.371796E+05  0.000000E+00  0.000000E+00  0.114248E+04  0.374636E+05
  0.438677E+00  0.385596E+05  0.369471E+05  0.000000E+00  0.000000E+00  0.112744E+04  0.372279E+05
  0.440509E+00  0.383191E+05  0.367183E+05  0.000000E+00  0.000000E+00  0.111267E+04  0.369957E+05
  0.442341E+00  0.380818E+05  0.364930E+05  0.000000E+00  0.000000E+00  0.109819E+04  0.367667E+05
  0.444173E+00  0.378475E+05  0.362709E+05  0.000000E+00  0.000000E+00  0.108395E+04  0.365407E+05
  0.446005E+00  0.376162E+05  0.360516E+05  0.000000E+00  0.000000E+00  0.106997E+04  0.363175E+05
  0.447838E+00  0.373875E+05  0.358350E+05  0.000000E+00  0.000000E+00  0.105622E+04  0.360969E+05
  0.449670E+00  0.371613E+05  0.356208E+05  0.000000E+00  0.000000E+00  0.104270E+04  0.358787E+05
  0.451502E+00  0.369374E+05  0.354086E+05  0.000000E+00  0.000000E+00  0.102942E+04  0.356626E+05
  0.453334E+00  0.367155E+05  0.351983E+05  0.000000E+00  0.000000E+00  0.101636E+04  0.354486E+05
  0.455167E+00  0.364955E+05  0.349895E+05  0.000000E+00  0.000000E+00  0.100348E+04  0.352363E+05
  0.456999E+00  0.362772E+05  0.347821E+05  0.000000E+00  0.000000E+00  0.990797E+03  0.350256E+05
  0.458831E+00  0.360604E+05  0.345758E+05  0.000000E+00  0.000000E+00  0.978301E+03  0.348163E+05
  0.460663E+00  0.358450E+05  0.343706E+05  0.000000E+00  0.000000E+00  0.965992E+03  0.346084E+05
  0.462496E+00  0.356310E+05  0.341664E+05  0.000000E+00  0.000000E+00  0.953861E+03  0.344017E+05
  0.464328E+00  0.354183E+05  0.339630E+05  0.000000E+00  0.000000E+00  0.941900E+03  0.341963E+05
  0.466160E+00  0.352069E+05  0.337606E+05  0.000000E+00  0.000000E+00  0.930107E+03  0.339920E+05
  0.467992E+00  0.349967E+05  0.335590E+05  0.000000E+00  0.000000E+00  0.918479E+03  0.337889E+05
  0.469824E+00  0.347878E+05  0.333584E+05  0.000000E+00  0.000000E+00  0.907014E+03  0.335870E+05
  0.471657E+00  0.345802E+05  0.331586E+05  0.000000E+00  0.000000E+00  0.895712E+03  0.333863E+05
  0.473489E+00  0.343738E+05  0.329599E+05  0.000000E+00  0.000000E+00  0.884575E+03  0.331868E+05
  0.475321E+00  0.341689E+05  0.327623E+05  0.000000E+00  0.000000E+00  0.873598E+03  0.329885E+05
  0.477153E+00  0.339653E+05  0.325659E+05  0.000000E+00  0.000000E+00  0.862772E+03  0.327917E+05
  0.478986E+00  0.337633E+05  0.323709E+05  0.000000E+00  0.000000E+00  0.852100E+03  0.325963E+05
  0.480818E+00  0.335630E+05  0.321774E+05  0.000000E+00  0.000000E+00  0.841592E+03  0.324025E+05
  0.482650E+00  0.333643E+05  0.319855E+05  0.000000E+00  0.000000E+00  0.831253E+03  0.322103E+05
  0.484482E+00  0.331674E+05  0.317954E+05  0.000000E+00  0.000000E+00  0.821077E+03  0.320199E+05
  0.486315E+00  0.329724E+05  0.316071E+05  0.000000E+00  0.000000E+00  0.811052E+03  0.318313E+05
  0.488147E+00  0.327793E+05  0.314207E+05  0.000000E+00  0.000000E+00  0.801180E+03  0.316445E+05
  0.489979E+00  0.325881E+05  0.312363E+05  0.000000E+00  0.000000E+00  0.791464E+03  0.314596E+05
  0.491811E+00  0.323989E+05  0.310540E+05  0.000000E+00  0.000000E+00  0.781905E+03  0.312767E+05
  0.493643E+00  0.322118E+05  0.308738E+05  0.000000E+00  0.000000E+00  0.772502E+03  0.310958E+05
  0.495476E+00  0.320268E+05  0.306958E+05  0.000000E+00  0.000000E+00  0.763252E+03  0.309169E+05
  0.497308E+00  0.318438E+05  0.305200E+05  0.000000E+00  0.000000E+00  0.754153E+03  0.307401E+05
  0.499140E+00  0.316629E+05  0.303464E+05  0.000000E+00  0.000000E+00  0.745199E+03  0.305653E+05
  0.500972E+00  0.314841E+05  0.301750E+05  0.000000E+00  0.000000E+00  0.736389E+03  0.303925E+05
  0.502805E+00  0.313073E+05  0.300057E+05  0.000000E+00  0.000000E+00  0.727721E+03  0.302218E+05
  0.504637E+00  0.311325E+05  0.298384E+05  0.000000E+00  0.000000E+00  0.719198E+03  0.300529E+05
  0.506469E+00  0.309595E+05  0.296731E+05  0.000000E+00  0.000000E+00  0.710812E+03  0.298859E+05
  0.508301E+00  0.307884E+05  0.295096E+05  0.000000E+00  0.000000E+00  0.702552E+03  0.297207E+05
  0.510134E+00  0.306191E+05  0.293480E+05  0.000000E+00  0.000000E+00  0.694415E+03  0.295572E+05
  0.511966E+00  0.304515E+05  0.291881E+05  0.000000E+00  0.000000E+00  0.686406E+03  0.293954E+05
  0.513798E+00  0.302856E+05  0.290299E+05  0.000000E+00  0.000000E+00  0.678524E+03  0.292352E+05
  0.515630E+00  0.301212E+05  0.288731E+05  0.000000E+00  0.000000E+00  0.670762E+03  0.290766E+05
  0.517462E+00  0.299584E+05  0.287178E+05  0.000000E+00  0.000000E+00  0.663111E+03  0.289194E+05
  0.519295E+00  0.297969E+05  0.285639E+05  0.000000E+00  0.000000E+00  0.655568E+03  0.287635E+05
  0.521127E+00  0.296368E+05  0.284111E+05  0.000000E+00  0.000000E+00  0.648131E+03  0.286089E+05
  0.522959E+00  0.294779E+05  0.282595E+05  0.000000E+00  0.000000E+00  0.640799E+03  0.284556E+05
  0.524791E+00  0.293202E+05  0.281090E+05  0.000000E+00  0.000000E+00  0.633569E+03  0.283034E+05
  0.526624E+00  0.291637E+05  0.279594E+05  0.000000E+00  0.000000E+00  0.626441E+03  0.281522E+05
  0.528456E+00  0.290083E+05  0.278109E+05  0.000000E+00  0.000000E+00  0.619409E+03  0.280022E+05
  0.530288E+00  0.288540E+05  0.276633E+05  0.000000E+00  0.000000E+00  0.612470E+03  0.278532E+05
  0.532120E+00  0.287008E+05  0.275166E+05  0.000000E+00  0.000000E+00  0.605625E+03  0.277052E+05
  0.533953E+00  0.285487E+05  0.273709E+05  0.000000E+00  0.000000E+00  0.598873E+03  0.275583E+05
  0.535785E+00  0.283976E+05  0.272260E+05  0.000000E+00  0.000000E+00  0.592214E+03  0.274123E+05
  0.537617E+00  0.282475E+05  0.270820E+05  0.000000E+00  0.000000E+00  0.585643E+03  0.272673E+05
  0.539449E+00  0.280984E+05  0.269389E+05  0.000000E+00  0.000000E+00  0.579156E+03  0.271233E+05
  0.541281E+00  0.279504E+05  0.267968E+05  0.000000E+00  0.000000E+00  0.572752E+03  0.269803E+05
  0.543114E+00  0.278035E+05  0.266556E+05  0.000000E+00  0.000000E+00  0.566435E+03  0.268383E+05
  0.544946E+00  0.276576E+05  0.265153E+05  0.000000E+00  0.000000E+00  0.560208E+03  0.266974E+05
  0.546778E+00  0.275129E+05  0.263762E+05  0.000000E+00  0.000000E+00  0.554068E+03  0.265575E+05
  0.548610E+00  0.273693E+05  0.262381E+05  0.000000E+00  0.000000E+00  0.548008E+03  0.264187E+05
  0.550443E+00  0.272268E+05  0.261010E+05  0.000000E+00  0.000000E+00  0.542029E+03  0.262810E+05
  0.552275E+00  0.270854E+05  0.259650E+05  0.000000E+00  0.000000E+00  0.536130E+03  0.261444E+05
  0.554107E+00  0.269452E+05  0.258302E+05  0.000000E+00  0.000000E+00  0.530313E+03  0.260089E+05
  0.555939E+00  0.268061E+05  0.256965E+05  0.000000E+00  0.000000E+00  0.524578E+03  0.258745E+05
  0.557772E+00  0.266683E+05  0.255640E+05  0.000000E+00  0.000000E+00  0.518926E+03  0.257413E+05
  0.559604E+00  0.265316E+05  0.254327E+05  0.000000E+00  0.000000E+00  0.513352E+03  0.256093E+05
  0.561436E+00  0.263962E+05  0.253026E+05  0.000000E+00  0.000000E+00  0.507854E+03  0.254785E+05
  0.563268E+00  0.262620E+05  0.251738E+05  0.000000E+00  0.000000E+00  0.502429E+03  0.253488E+05
  0.565100E+00  0.261290E+05  0.250461E+05  0.000000E+00  0.000000E+00  0.497082E+03  0.252203E+05
  0.566933E+00  0.259971E+05  0.249197E+05  0.000000E+00  0.000000E+00  0.491813E+03  0.250930E+05
  0.568765E+00  0.258665E+05  0.247944E+05  0.000000E+00  0.000000E+00  0.486618E+03  0.249668E+05
  0.570597E+00  0.257370E+05  0.246703E+05  0.000000E+00  0.000000E+00  0.481492E+03  0.248417E+05
  0.572429E+00  0.256086E+05  0.245473E+05  0.000000E+00  0.000000E+00  0.476433E+03  0.247177E+05
  0.574262E+00  0.254813E+05  0.244254E+05  0.000000E+00  0.000000E+00  0.471443E+03  0.245948E+05
  0.576094E+00  0.253552E+05  0.243047E+05  0.000000E+00  0.000000E+00  0.466525E+03  0.244730E+05
  0.577926E+00  0.252301E+05  0.241850E+05  0.000000E+00  0.000000E+00  0.461675E+03  0.243522E+05
  0.579758E+00  0.251061E+05  0.240664E+05  0.000000E+00  0.000000E+00  0.456892E+03  0.242325E+05
  0.581591E+00  0.249831E+05  0.239487E+05  0.000000E+00  0.000000E+00  0.452171E+03  0.241138E+05
  0.583423E+00  0.248611E+05  0.238320E+05  0.000000E+00  0.000000E+00  0.447510E+03  0.239960E+05
  0.585255E+00  0.247400E+05  0.237162E+05  0.000000E+00  0.000000E+00  0.442908E+03  0.238791E+05
  0.587087E+00  0.246199E+05  0.236013E+05  0.000000E+00  0.000000E+00  0.438366E+03  0.237631E+05
  0.707312E+00  0.183511E+05  0.175920E+05  0.000000E+00  0.000000E+00  0.235375E+03  0.177098E+05
  0.863914E+00  0.133207E+05  0.127700E+05  0.000000E+00  0.000000E+00  0.119175E+03  0.128537E+05
  0.105519E+01  0.962366E+04  0.922589E+04  0.000000E+00  0.000000E+00  0.596202E+02  0.928556E+04
  0.128881E+01  0.692345E+04  0.663733E+04  0.000000E+00  0.000000E+00  0.295130E+02  0.667983E+04
  0.157415E+01  0.496148E+04  0.475648E+04  0.000000E+00  0.000000E+00  0.193169E+02  0.478685E+04
  0.192267E+01  0.354290E+04  0.339653E+04  0.000000E+00  0.000000E+00  0.947321E+01  0.341808E+04
  0.234836E+01  0.252172E+04  0.241754E+04  0.000000E+00  0.000000E+00  0.460737E+01  0.243282E+04
  0.286829E+01  0.178956E+04  0.171563E+04  0.000000E+00  0.000000E+00  0.222458E+01  0.172644E+04
  0.350334E+01  0.126651E+04  0.121419E+04  0.000000E+00  0.000000E+00  0.106731E+01  0.122182E+04
  0.427899E+01  0.894090E+03  0.857147E+03  0.000000E+00  0.000000E+00  0.509311E+00  0.862534E+03
  0.522637E+01  0.629719E+03  0.603692E+03  0.000000E+00  0.000000E+00  0.241915E+00  0.607489E+03
  0.638351E+01  0.442569E+03  0.424269E+03  0.000000E+00  0.000000E+00  0.114460E+00  0.426943E+03
  0.779683E+01  0.310423E+03  0.297579E+03  0.000000E+00  0.000000E+00  0.539794E-01  0.299461E+03
  0.952307E+01  0.217334E+03  0.208332E+03  0.000000E+00  0.000000E+00  0.253848E-01  0.209657E+03
  0.116315E+02  0.151900E+03  0.145598E+03  0.000000E+00  0.000000E+00  0.119101E-01  0.146533E+03
  0.142067E+02  0.105997E+03  0.101589E+03  0.000000E+00  0.000000E+00  0.557652E-02  0.102250E+03
  0.173522E+02  0.738550E+02  0.707726E+02  0.000000E+00  0.000000E+00  0.260609E-02  0.712426E+02
  0.211940E+02  0.513876E+02  0.492313E+02  0.000000E+00  0.000000E+00  0.121604E-02  0.495681E+02
  0.258864E+02  0.357076E+02  0.341973E+02  0.000000E+00  0.000000E+00  0.566531E-03  0.344415E+02
  0.316177E+02  0.247811E+02  0.237204E+02  0.000000E+00  0.000000E+00  0.263600E-03  0.239005E+02
  0.386180E+02  0.171774E+02  0.164292E+02  0.000000E+00  0.000000E+00  0.122465E-03  0.165650E+02
  0.471681E+02  0.118930E+02  0.113617E+02  0.000000E+00  0.000000E+00  0.568304E-04  0.114670E+02
  0.576112E+02  0.822485E+01  0.784370E+01  0.000000E+00  0.000000E+00  0.263420E-04  0.792816E+01
  0.703666E+02  0.568154E+01  0.540418E+01  0.000000E+00  0.000000E+00  0.121937E-04  0.547446E+01
  0.859458E+02  0.392003E+01  0.371427E+01  0.000000E+00  0.000000E+00  0.563662E-05  0.377497E+01
  0.104975E+03  0.270119E+01  0.254474E+01  0.000000E+00  0.000000E+00  0.260151E-05  0.259901E+01
