  0.355810E-05  0.217678E+07  0.217678E+07  0.290236E+07  0.290236E+07  0.217700E+07  0.217679E+07
  0.367857E-05  0.217678E+07  0.217678E+07  0.290236E+07  0.290236E+07  0.217700E+07  0.217679E+07
  0.380311E-05  0.217678E+07  0.217678E+07  0.290236E+07  0.290236E+07  0.217700E+07  0.217679E+07
  0.393186E-05  0.217678E+07  0.217678E+07  0.290236E+07  0.290236E+07  0.217700E+07  0.217679E+07
  0.406498E-05  0.217678E+07  0.217678E+07  0.290236E+07  0.290236E+07  0.217700E+07  0.217679E+07
  0.420260E-05  0.217678E+07  0.217678E+07  0.290235E+07  0.290235E+07  0.217700E+07  0.217679E+07
  0.434489E-05  0.217678E+07  0.217678E+07  0.290235E+07  0.290235E+07  0.217700E+07  0.217679E+07
  0.449198E-05  0.217678E+07  0.217678E+07  0.290235E+07  0.290235E+07  0.217700E+07  0.217679E+07
  0.464406E-05  0.217678E+07  0.217678E+07  0.290235E+07  0.290235E+07  0.217700E+07  0.217679E+07
  0.480129E-05  0.217678E+07  0.217678E+07  0.290235E+07  0.290235E+07  0.217700E+07  0.217679E+07
  0.496384E-05  0.217678E+07  0.217678E+07  0.290234E+07  0.290234E+07  0.217700E+07  0.217679E+07
  0.513190E-05  0.217678E+07  0.217678E+07  0.290234E+07  0.290234E+07  0.217700E+07  0.217679E+07
  0.530564E-05  0.217678E+07  0.217678E+07  0.290234E+07  0.290234E+07  0.217700E+07  0.217679E+07
  0.548527E-05  0.217678E+07  0.217678E+07  0.290234E+07  0.290234E+07  0.217700E+07  0.217679E+07
  0.567098E-05  0.217678E+07  0.217678E+07  0.290233E+07  0.290233E+07  0.217700E+07  0.217679E+07
  0.586297E-05  0.217678E+07  0.217678E+07  0.290233E+07  0.290233E+07  0.217700E+07  0.217679E+07
  0.606147E-05  0.217678E+07  0.217678E+07  0.290233E+07  0.290233E+07  0.217700E+07  0.217679E+07
  0.626668E-05  0.217678E+07  0.217678E+07  0.290232E+07  0.290232E+07  0.217700E+07  0.217679E+07
  0.647885E-05  0.217678E+07  0.217678E+07  0.290232E+07  0.290232E+07  0.217700E+07  0.217679E+07
  0.669819E-05  0.217678E+07  0.217678E+07  0.290232E+07  0.290232E+07  0.217700E+07  0.217679E+07
  0.692496E-05  0.217678E+07  0.217678E+07  0.290231E+07  0.290231E+07  0.217700E+07  0.217679E+07
  0.715941E-05  0.217678E+07  0.217678E+07  0.290231E+07  0.290231E+07  0.217700E+07  0.217679E+07
  0.740180E-05  0.217678E+07  0.217678E+07  0.290230E+07  0.290230E+07  0.217700E+07  0.217679E+07
  0.765239E-05  0.217678E+07  0.217678E+07  0.290230E+07  0.290230E+07  0.217700E+07  0.217679E+07
  0.791147E-05  0.217678E+07  0.217678E+07  0.290229E+07  0.290229E+07  0.217700E+07  0.217679E+07
  0.817932E-05  0.217678E+07  0.217678E+07  0.290229E+07  0.290229E+07  0.217700E+07  0.217679E+07
  0.845624E-05  0.217678E+07  0.217678E+07  0.290228E+07  0.290228E+07  0.217700E+07  0.217679E+07
  0.874253E-05  0.217678E+07  0.217678E+07  0.290228E+07  0.290227E+07  0.217700E+07  0.217679E+07
  0.903851E-05  0.217678E+07  0.217678E+07  0.290227E+07  0.290227E+07  0.217700E+07  0.217679E+07
  0.934452E-05  0.217678E+07  0.217678E+07  0.290226E+07  0.290226E+07  0.217700E+07  0.217679E+07
  0.966088E-05  0.217678E+07  0.217678E+07  0.290225E+07  0.290225E+07  0.217700E+07  0.217679E+07
  0.998796E-05  0.217678E+07  0.217678E+07  0.290224E+07  0.290224E+07  0.217700E+07  0.217679E+07
  0.103261E-04  0.217678E+07  0.217678E+07  0.290223E+07  0.290223E+07  0.217700E+07  0.217679E+07
  0.106757E-04  0.217678E+07  0.217678E+07  0.290222E+07  0.290222E+07  0.217700E+07  0.217679E+07
  0.110371E-04  0.217678E+07  0.217678E+07  0.290221E+07  0.290221E+07  0.217700E+07  0.217679E+07
  0.114108E-04  0.217678E+07  0.217678E+07  0.290220E+07  0.290220E+07  0.217700E+07  0.217679E+07
  0.117971E-04  0.217678E+07  0.217678E+07  0.290219E+07  0.290219E+07  0.217700E+07  0.217679E+07
  0.121965E-04  0.217678E+07  0.217678E+07  0.290218E+07  0.290217E+07  0.217700E+07  0.217679E+07
  0.126095E-04  0.217678E+07  0.217678E+07  0.290216E+07  0.290216E+07  0.217700E+07  0.217679E+07
  0.130364E-04  0.217678E+07  0.217678E+07  0.290215E+07  0.290215E+07  0.217700E+07  0.217679E+07
  0.134777E-04  0.217678E+07  0.217678E+07  0.290213E+07  0.290213E+07  0.217700E+07  0.217679E+07
  0.139340E-04  0.217678E+07  0.217678E+07  0.290212E+07  0.290211E+07  0.217700E+07  0.217679E+07
  0.144058E-04  0.217678E+07  0.217678E+07  0.290210E+07  0.290209E+07  0.217700E+07  0.217679E+07
  0.148935E-04  0.217678E+07  0.217678E+07  0.290208E+07  0.290208E+07  0.217700E+07  0.217679E+07
  0.153977E-04  0.217678E+07  0.217678E+07  0.290206E+07  0.290205E+07  0.217700E+07  0.217679E+07
  0.159190E-04  0.217678E+07  0.217678E+07  0.290204E+07  0.290203E+07  0.217700E+07  0.217679E+07
  0.164580E-04  0.217678E+07  0.217678E+07  0.290201E+07  0.290201E+07  0.217700E+07  0.217679E+07
  0.170152E-04  0.217678E+07  0.217678E+07  0.290199E+07  0.290198E+07  0.217700E+07  0.217679E+07
  0.175912E-04  0.217678E+07  0.217678E+07  0.290196E+07  0.290196E+07  0.217700E+07  0.217679E+07
  0.181868E-04  0.217678E+07  0.217678E+07  0.290193E+07  0.290193E+07  0.217700E+07  0.217679E+07
  0.188025E-04  0.217678E+07  0.217678E+07  0.290190E+07  0.290190E+07  0.217700E+07  0.217678E+07
  0.194391E-04  0.217678E+07  0.217678E+07  0.290187E+07  0.290186E+07  0.217700E+07  0.217678E+07
  0.200972E-04  0.217678E+07  0.217678E+07  0.290184E+07  0.290183E+07  0.217699E+07  0.217678E+07
  0.207776E-04  0.217678E+07  0.217678E+07  0.290180E+07  0.290179E+07  0.217699E+07  0.217678E+07
  0.214810E-04  0.217678E+07  0.217678E+07  0.290176E+07  0.290175E+07  0.217699E+07  0.217678E+07
  0.222083E-04  0.217678E+07  0.217678E+07  0.290172E+07  0.290170E+07  0.217699E+07  0.217678E+07
  0.229602E-04  0.217678E+07  0.217678E+07  0.290167E+07  0.290166E+07  0.217699E+07  0.217678E+07
  0.237375E-04  0.217678E+07  0.217678E+07  0.290162E+07  0.290161E+07  0.217699E+07  0.217678E+07
  0.245412E-04  0.217678E+07  0.217678E+07  0.290157E+07  0.290156E+07  0.217699E+07  0.217678E+07
  0.253720E-04  0.217678E+07  0.217678E+07  0.290151E+07  0.290150E+07  0.217699E+07  0.217678E+07
  0.262310E-04  0.217677E+07  0.217677E+07  0.290145E+07  0.290144E+07  0.217699E+07  0.217678E+07
  0.271191E-04  0.217677E+07  0.217677E+07  0.290139E+07  0.290137E+07  0.217699E+07  0.217678E+07
  0.280372E-04  0.217677E+07  0.217677E+07  0.290132E+07  0.290131E+07  0.217699E+07  0.217678E+07
  0.289864E-04  0.217677E+07  0.217677E+07  0.290125E+07  0.290123E+07  0.217699E+07  0.217678E+07
  0.299678E-04  0.217677E+07  0.217677E+07  0.290117E+07  0.290115E+07  0.217699E+07  0.217678E+07
  0.309824E-04  0.217677E+07  0.217677E+07  0.290109E+07  0.290107E+07  0.217698E+07  0.217678E+07
  0.320313E-04  0.217677E+07  0.217677E+07  0.290100E+07  0.290098E+07  0.217698E+07  0.217678E+07
  0.331158E-04  0.217677E+07  0.217677E+07  0.290090E+07  0.290088E+07  0.217698E+07  0.217678E+07
  0.342369E-04  0.217677E+07  0.217677E+07  0.290080E+07  0.290078E+07  0.217698E+07  0.217677E+07
  0.353960E-04  0.217677E+07  0.217677E+07  0.290069E+07  0.290067E+07  0.217698E+07  0.217677E+07
  0.365944E-04  0.217677E+07  0.217677E+07  0.290058E+07  0.290055E+07  0.217698E+07  0.217677E+07
  0.378333E-04  0.217676E+07  0.217676E+07  0.290045E+07  0.290043E+07  0.217698E+07  0.217677E+07
  0.391142E-04  0.217676E+07  0.217676E+07  0.290032E+07  0.290029E+07  0.217697E+07  0.217677E+07
  0.404384E-04  0.217676E+07  0.217676E+07  0.290018E+07  0.290015E+07  0.217697E+07  0.217677E+07
  0.418075E-04  0.217676E+07  0.217676E+07  0.290003E+07  0.289999E+07  0.217697E+07  0.217677E+07
  0.432229E-04  0.217676E+07  0.217676E+07  0.289987E+07  0.289983E+07  0.217697E+07  0.217676E+07
  0.446863E-04  0.217676E+07  0.217676E+07  0.289970E+07  0.289965E+07  0.217696E+07  0.217676E+07
  0.461992E-04  0.217676E+07  0.217676E+07  0.289951E+07  0.289947E+07  0.217696E+07  0.217676E+07
  0.477633E-04  0.217675E+07  0.217675E+07  0.289931E+07  0.289927E+07  0.217696E+07  0.217676E+07
  0.493803E-04  0.217675E+07  0.217675E+07  0.289910E+07  0.289905E+07  0.217696E+07  0.217676E+07
  0.510521E-04  0.217675E+07  0.217675E+07  0.289888E+07  0.289882E+07  0.217695E+07  0.217676E+07
  0.527805E-04  0.217675E+07  0.217675E+07  0.289864E+07  0.289858E+07  0.217695E+07  0.217675E+07
  0.545675E-04  0.217674E+07  0.217674E+07  0.289838E+07  0.289832E+07  0.217695E+07  0.217675E+07
  0.564149E-04  0.217674E+07  0.217674E+07  0.289810E+07  0.289804E+07  0.217694E+07  0.217675E+07
  0.583249E-04  0.217674E+07  0.217674E+07  0.289781E+07  0.289774E+07  0.217694E+07  0.217674E+07
  0.602995E-04  0.217674E+07  0.217674E+07  0.289749E+07  0.289742E+07  0.217693E+07  0.217674E+07
  0.623410E-04  0.217673E+07  0.217673E+07  0.289716E+07  0.289708E+07  0.217693E+07  0.217674E+07
  0.644516E-04  0.217673E+07  0.217673E+07  0.289680E+07  0.289671E+07  0.217692E+07  0.217673E+07
  0.666336E-04  0.217673E+07  0.217672E+07  0.289642E+07  0.289632E+07  0.217692E+07  0.217673E+07
  0.688896E-04  0.217672E+07  0.217672E+07  0.289601E+07  0.289591E+07  0.217691E+07  0.217673E+07
  0.712219E-04  0.217672E+07  0.217672E+07  0.289557E+07  0.289546E+07  0.217691E+07  0.217672E+07
  0.736331E-04  0.217671E+07  0.217671E+07  0.289510E+07  0.289499E+07  0.217690E+07  0.217672E+07
  0.761260E-04  0.217671E+07  0.217671E+07  0.289460E+07  0.289448E+07  0.217689E+07  0.217671E+07
  0.787033E-04  0.217670E+07  0.217670E+07  0.289406E+07  0.289394E+07  0.217689E+07  0.217671E+07
  0.813679E-04  0.217670E+07  0.217670E+07  0.289349E+07  0.289336E+07  0.217688E+07  0.217670E+07
  0.841227E-04  0.217669E+07  0.217669E+07  0.289288E+07  0.289274E+07  0.217687E+07  0.217670E+07
  0.869707E-04  0.217668E+07  0.217668E+07  0.289223E+07  0.289207E+07  0.217686E+07  0.217669E+07
  0.899151E-04  0.217668E+07  0.217668E+07  0.289153E+07  0.289136E+07  0.217685E+07  0.217668E+07
  0.929593E-04  0.217667E+07  0.217667E+07  0.289078E+07  0.289061E+07  0.217684E+07  0.217668E+07
  0.961065E-04  0.217666E+07  0.217666E+07  0.288999E+07  0.288980E+07  0.217683E+07  0.217667E+07
  0.993603E-04  0.217665E+07  0.217665E+07  0.288914E+07  0.288894E+07  0.217682E+07  0.217666E+07
  0.102724E-03  0.217665E+07  0.217664E+07  0.288823E+07  0.288801E+07  0.217681E+07  0.217665E+07
  0.106202E-03  0.217664E+07  0.217664E+07  0.288725E+07  0.288702E+07  0.217679E+07  0.217664E+07
  0.109798E-03  0.217663E+07  0.217662E+07  0.288622E+07  0.288597E+07  0.217678E+07  0.217663E+07
  0.113515E-03  0.217662E+07  0.217661E+07  0.288511E+07  0.288484E+07  0.217676E+07  0.217662E+07
  0.117358E-03  0.217660E+07  0.217660E+07  0.288392E+07  0.288364E+07  0.217675E+07  0.217661E+07
  0.121331E-03  0.217659E+07  0.217659E+07  0.288265E+07  0.288235E+07  0.217673E+07  0.217660E+07
  0.125439E-03  0.217658E+07  0.217658E+07  0.288130E+07  0.288098E+07  0.217671E+07  0.217658E+07
  0.129686E-03  0.217656E+07  0.217656E+07  0.287985E+07  0.287951E+07  0.217669E+07  0.217657E+07
  0.134076E-03  0.217655E+07  0.217655E+07  0.287831E+07  0.287794E+07  0.217667E+07  0.217655E+07
  0.138616E-03  0.217653E+07  0.217653E+07  0.287666E+07  0.287627E+07  0.217664E+07  0.217654E+07
  0.143309E-03  0.217652E+07  0.217651E+07  0.287489E+07  0.287448E+07  0.217662E+07  0.217652E+07
  0.148160E-03  0.217650E+07  0.217649E+07  0.287301E+07  0.287257E+07  0.217659E+07  0.217650E+07
  0.153176E-03  0.217648E+07  0.217648E+07  0.287100E+07  0.287052E+07  0.217657E+07  0.217648E+07
  0.158362E-03  0.217646E+07  0.217645E+07  0.286885E+07  0.286834E+07  0.217654E+07  0.217646E+07
  0.163724E-03  0.217643E+07  0.217643E+07  0.286656E+07  0.286601E+07  0.217650E+07  0.217644E+07
  0.169267E-03  0.217641E+07  0.217641E+07  0.286410E+07  0.286353E+07  0.217647E+07  0.217641E+07
  0.174997E-03  0.217638E+07  0.217638E+07  0.286149E+07  0.286087E+07  0.217643E+07  0.217639E+07
  0.180922E-03  0.217636E+07  0.217635E+07  0.285869E+07  0.285803E+07  0.217639E+07  0.217636E+07
  0.187047E-03  0.217633E+07  0.217632E+07  0.285570E+07  0.285500E+07  0.217635E+07  0.217633E+07
  0.193380E-03  0.217630E+07  0.217629E+07  0.285252E+07  0.285176E+07  0.217631E+07  0.217630E+07
  0.199927E-03  0.217626E+07  0.217626E+07  0.284911E+07  0.284831E+07  0.217626E+07  0.217626E+07
  0.206696E-03  0.217623E+07  0.217622E+07  0.284548E+07  0.284462E+07  0.217621E+07  0.217623E+07
  0.213693E-03  0.217619E+07  0.217618E+07  0.284160E+07  0.284069E+07  0.217615E+07  0.217619E+07
  0.220928E-03  0.217615E+07  0.217614E+07  0.283746E+07  0.283648E+07  0.217609E+07  0.217615E+07
  0.228408E-03  0.217611E+07  0.217610E+07  0.283304E+07  0.283200E+07  0.217603E+07  0.217610E+07
  0.236141E-03  0.217606E+07  0.217605E+07  0.282832E+07  0.282721E+07  0.217597E+07  0.217606E+07
  0.244136E-03  0.217601E+07  0.217600E+07  0.282328E+07  0.282210E+07  0.217589E+07  0.217600E+07
  0.252401E-03  0.217596E+07  0.217595E+07  0.281791E+07  0.281665E+07  0.217582E+07  0.217595E+07
  0.260946E-03  0.217590E+07  0.217589E+07  0.281218E+07  0.281084E+07  0.217574E+07  0.217589E+07
  0.269781E-03  0.217584E+07  0.217583E+07  0.280607E+07  0.280463E+07  0.217565E+07  0.217583E+07
  0.278914E-03  0.217577E+07  0.217576E+07  0.279955E+07  0.279802E+07  0.217556E+07  0.217577E+07
  0.288357E-03  0.217570E+07  0.217569E+07  0.279259E+07  0.279096E+07  0.217546E+07  0.217570E+07
  0.298120E-03  0.217563E+07  0.217562E+07  0.278517E+07  0.278344E+07  0.217535E+07  0.217562E+07
  0.308213E-03  0.217555E+07  0.217554E+07  0.277727E+07  0.277542E+07  0.217524E+07  0.217554E+07
  0.318648E-03  0.217547E+07  0.217545E+07  0.276884E+07  0.276687E+07  0.217512E+07  0.217545E+07
  0.329436E-03  0.217538E+07  0.217536E+07  0.275986E+07  0.275776E+07  0.217499E+07  0.217536E+07
  0.340589E-03  0.217528E+07  0.217526E+07  0.275029E+07  0.274806E+07  0.217485E+07  0.217526E+07
  0.352120E-03  0.217518E+07  0.217516E+07  0.274009E+07  0.273772E+07  0.217470E+07  0.217516E+07
  0.364041E-03  0.217507E+07  0.217505E+07  0.272924E+07  0.272671E+07  0.217454E+07  0.217505E+07
  0.376366E-03  0.217495E+07  0.217493E+07  0.271767E+07  0.271499E+07  0.217438E+07  0.217493E+07
  0.389108E-03  0.217482E+07  0.217480E+07  0.270537E+07  0.270251E+07  0.217420E+07  0.217480E+07
  0.402282E-03  0.217469E+07  0.217467E+07  0.269227E+07  0.268924E+07  0.217400E+07  0.217467E+07
  0.415901E-03  0.217455E+07  0.217452E+07  0.267834E+07  0.267511E+07  0.217380E+07  0.217452E+07
  0.429982E-03  0.217439E+07  0.217437E+07  0.266352E+07  0.266010E+07  0.217358E+07  0.217437E+07
  0.444539E-03  0.217423E+07  0.217420E+07  0.264776E+07  0.264413E+07  0.217334E+07  0.217420E+07
  0.459589E-03  0.217406E+07  0.217403E+07  0.263102E+07  0.262717E+07  0.217310E+07  0.217402E+07
  0.475149E-03  0.217387E+07  0.217384E+07  0.261323E+07  0.260915E+07  0.217283E+07  0.217383E+07
  0.491236E-03  0.217367E+07  0.217364E+07  0.259434E+07  0.259002E+07  0.217254E+07  0.217363E+07
  0.507867E-03  0.217346E+07  0.217342E+07  0.257430E+07  0.256971E+07  0.217224E+07  0.217342E+07
  0.525061E-03  0.217323E+07  0.217320E+07  0.255303E+07  0.254818E+07  0.217191E+07  0.217319E+07
  0.542837E-03  0.217299E+07  0.217295E+07  0.253048E+07  0.252535E+07  0.217157E+07  0.217294E+07
  0.561215E-03  0.217273E+07  0.217269E+07  0.250658E+07  0.250116E+07  0.217119E+07  0.217268E+07
  0.580216E-03  0.217246E+07  0.217241E+07  0.248127E+07  0.247555E+07  0.217080E+07  0.217240E+07
  0.599859E-03  0.217216E+07  0.217212E+07  0.245448E+07  0.244845E+07  0.217038E+07  0.217210E+07
  0.620168E-03  0.217185E+07  0.217180E+07  0.242615E+07  0.241979E+07  0.216993E+07  0.217179E+07
  0.641164E-03  0.217152E+07  0.217146E+07  0.239621E+07  0.238951E+07  0.216944E+07  0.217145E+07
  0.662871E-03  0.217116E+07  0.217110E+07  0.236458E+07  0.235754E+07  0.216893E+07  0.217109E+07
  0.685313E-03  0.217078E+07  0.217072E+07  0.233122E+07  0.232382E+07  0.216838E+07  0.217070E+07
  0.708515E-03  0.217037E+07  0.217031E+07  0.229604E+07  0.228828E+07  0.216780E+07  0.217029E+07
  0.732502E-03  0.216994E+07  0.216987E+07  0.225900E+07  0.225087E+07  0.216717E+07  0.216985E+07
  0.757302E-03  0.216948E+07  0.216941E+07  0.222003E+07  0.221152E+07  0.216651E+07  0.216938E+07
  0.782941E-03  0.216899E+07  0.216891E+07  0.217908E+07  0.217019E+07  0.216580E+07  0.216889E+07
  0.809448E-03  0.216847E+07  0.216838E+07  0.213610E+07  0.212683E+07  0.216504E+07  0.216836E+07
  0.836852E-03  0.216791E+07  0.216782E+07  0.209105E+07  0.208140E+07  0.216424E+07  0.216779E+07
  0.865185E-03  0.216732E+07  0.216722E+07  0.204389E+07  0.203387E+07  0.216338E+07  0.216719E+07
  0.894476E-03  0.216668E+07  0.216658E+07  0.199461E+07  0.198422E+07  0.216246E+07  0.216655E+07
  0.924759E-03  0.216601E+07  0.216590E+07  0.194318E+07  0.193244E+07  0.216149E+07  0.216586E+07
  0.956068E-03  0.216530E+07  0.216518E+07  0.188961E+07  0.187853E+07  0.216045E+07  0.216514E+07
  0.988436E-03  0.216453E+07  0.216441E+07  0.183392E+07  0.182252E+07  0.215934E+07  0.216436E+07
  0.102190E-02  0.216372E+07  0.216359E+07  0.177614E+07  0.176444E+07  0.215816E+07  0.216354E+07
  0.105650E-02  0.216286E+07  0.216272E+07  0.171632E+07  0.170436E+07  0.215691E+07  0.216267E+07
  0.109227E-02  0.216195E+07  0.216180E+07  0.165453E+07  0.164235E+07  0.215557E+07  0.216174E+07
  0.112925E-02  0.216097E+07  0.216082E+07  0.159088E+07  0.157852E+07  0.215415E+07  0.216075E+07
  0.116748E-02  0.215994E+07  0.215977E+07  0.152549E+07  0.151300E+07  0.215264E+07  0.215970E+07
  0.120700E-02  0.215884E+07  0.215866E+07  0.145850E+07  0.144594E+07  0.215103E+07  0.215859E+07
  0.124787E-02  0.215768E+07  0.215749E+07  0.139012E+07  0.137755E+07  0.214932E+07  0.215740E+07
  0.129011E-02  0.215644E+07  0.215624E+07  0.132054E+07  0.130803E+07  0.214750E+07  0.215615E+07
  0.133379E-02  0.215513E+07  0.215492E+07  0.125002E+07  0.123765E+07  0.214557E+07  0.215482E+07
  0.137895E-02  0.215374E+07  0.215351E+07  0.117883E+07  0.116669E+07  0.214352E+07  0.215341E+07
  0.142563E-02  0.215227E+07  0.215202E+07  0.110731E+07  0.109548E+07  0.214134E+07  0.215191E+07
  0.147390E-02  0.215071E+07  0.215045E+07  0.103578E+07  0.102436E+07  0.213903E+07  0.215033E+07
  0.152380E-02  0.214906E+07  0.214878E+07  0.964652E+06  0.953733E+06  0.213658E+07  0.214865E+07
  0.157539E-02  0.214731E+07  0.214702E+07  0.894319E+06  0.884001E+06  0.213398E+07  0.214688E+07
  0.162872E-02  0.214546E+07  0.214516E+07  0.825225E+06  0.815602E+06  0.213122E+07  0.214500E+07
  0.168387E-02  0.214351E+07  0.214319E+07  0.757825E+06  0.748989E+06  0.212830E+07  0.214302E+07
  0.174087E-02  0.214145E+07  0.214111E+07  0.692588E+06  0.684624E+06  0.212521E+07  0.214093E+07
  0.179981E-02  0.213928E+07  0.213891E+07  0.629989E+06  0.622969E+06  0.212194E+07  0.213872E+07
  0.186075E-02  0.213699E+07  0.213660E+07  0.570491E+06  0.564474E+06  0.211848E+07  0.213639E+07
  0.192374E-02  0.213457E+07  0.213416E+07  0.514542E+06  0.509568E+06  0.211483E+07  0.213394E+07
  0.198887E-02  0.213203E+07  0.213159E+07  0.462552E+06  0.458638E+06  0.211096E+07  0.213135E+07
  0.205621E-02  0.212935E+07  0.212888E+07  0.414883E+06  0.412019E+06  0.210688E+07  0.212863E+07
  0.212582E-02  0.212653E+07  0.212604E+07  0.371831E+06  0.369977E+06  0.210257E+07  0.212576E+07
  0.219779E-02  0.212357E+07  0.212305E+07  0.333607E+06  0.332689E+06  0.209802E+07  0.212275E+07
  0.227220E-02  0.212046E+07  0.211991E+07  0.300325E+06  0.300235E+06  0.209323E+07  0.211959E+07
  0.234913E-02  0.211720E+07  0.211661E+07  0.271983E+06  0.272578E+06  0.208818E+07  0.211627E+07
  0.242866E-02  0.211378E+07  0.211315E+07  0.248454E+06  0.249557E+06  0.208286E+07  0.211278E+07
  0.251089E-02  0.211019E+07  0.210953E+07  0.229477E+06  0.230883E+06  0.207726E+07  0.210913E+07
  0.259589E-02  0.210643E+07  0.210573E+07  0.214656E+06  0.216138E+06  0.207137E+07  0.210531E+07
  0.268378E-02  0.210250E+07  0.210175E+07  0.203465E+06  0.204784E+06  0.206518E+07  0.210130E+07
  0.277464E-02  0.209839E+07  0.209759E+07  0.195262E+06  0.196181E+06  0.205867E+07  0.209711E+07
  0.286858E-02  0.209409E+07  0.209324E+07  0.189314E+06  0.189611E+06  0.205184E+07  0.209273E+07
  0.296570E-02  0.208960E+07  0.208870E+07  0.184831E+06  0.184317E+06  0.204467E+07  0.208816E+07
  0.306610E-02  0.208491E+07  0.208395E+07  0.181007E+06  0.179543E+06  0.203715E+07  0.208338E+07
  0.316991E-02  0.208002E+07  0.207900E+07  0.177071E+06  0.174588E+06  0.202927E+07  0.207839E+07
  0.327723E-02  0.207491E+07  0.207383E+07  0.172346E+06  0.168855E+06  0.202101E+07  0.207318E+07
  0.338818E-02  0.206960E+07  0.206844E+07  0.166302E+06  0.161904E+06  0.201236E+07  0.206776E+07
  0.350289E-02  0.206405E+07  0.206282E+07  0.158607E+06  0.153492E+06  0.200332E+07  0.206210E+07
  0.362148E-02  0.205828E+07  0.205697E+07  0.149168E+06  0.143605E+06  0.199386E+07  0.205621E+07
  0.374409E-02  0.205227E+07  0.205087E+07  0.138143E+06  0.132462E+06  0.198398E+07  0.205008E+07
  0.387085E-02  0.204602E+07  0.204453E+07  0.125939E+06  0.120497E+06  0.197365E+07  0.204369E+07
  0.400190E-02  0.203951E+07  0.203793E+07  0.113173E+06  0.108309E+06  0.196288E+07  0.203705E+07
  0.413739E-02  0.203275E+07  0.203106E+07  0.100595E+06  0.965853E+05  0.195164E+07  0.203014E+07
  0.427746E-02  0.202572E+07  0.202392E+07  0.889922E+05  0.860043E+05  0.193993E+07  0.202296E+07
  0.442228E-02  0.201842E+07  0.201650E+07  0.790696E+05  0.771232E+05  0.192773E+07  0.201549E+07
  0.457200E-02  0.201083E+07  0.200879E+07  0.713279E+05  0.702775E+05  0.191504E+07  0.200774E+07
  0.472678E-02  0.200296E+07  0.200079E+07  0.659619E+05  0.655063E+05  0.190184E+07  0.199969E+07
  0.488681E-02  0.199478E+07  0.199247E+07  0.628020E+05  0.625261E+05  0.188813E+07  0.199134E+07
  0.505226E-02  0.198631E+07  0.198385E+07  0.613203E+05  0.607684E+05  0.187390E+07  0.198267E+07
  0.522331E-02  0.197752E+07  0.197490E+07  0.607136E+05  0.594848E+05  0.185915E+07  0.197369E+07
  0.540015E-02  0.196841E+07  0.196563E+07  0.600599E+05  0.579072E+05  0.184387E+07  0.196437E+07
  0.558297E-02  0.195898E+07  0.195601E+07  0.585256E+05  0.554319E+05  0.182805E+07  0.195473E+07
  0.577199E-02  0.194921E+07  0.194605E+07  0.555770E+05  0.517823E+05  0.181170E+07  0.194474E+07
  0.596740E-02  0.193910E+07  0.193574E+07  0.511382E+05  0.470959E+05  0.179482E+07  0.193440E+07
  0.616943E-02  0.192864E+07  0.192507E+07  0.456357E+05  0.418956E+05  0.177740E+07  0.192371E+07
  0.637830E-02  0.191783E+07  0.191402E+07  0.398914E+05  0.369313E+05  0.175946E+07  0.191265E+07
  0.659425E-02  0.190665E+07  0.190260E+07  0.348700E+05  0.329248E+05  0.174099E+07  0.190122E+07
  0.681750E-02  0.189510E+07  0.189079E+07  0.313429E+05  0.302968E+05  0.172201E+07  0.188942E+07
  0.704831E-02  0.188318E+07  0.187859E+07  0.295822E+05  0.289830E+05  0.170251E+07  0.187723E+07
  0.728694E-02  0.187087E+07  0.186600E+07  0.292192E+05  0.284373E+05  0.168252E+07  0.186466E+07
  0.753364E-02  0.185817E+07  0.185299E+07  0.293623E+05  0.278531E+05  0.166204E+07  0.185169E+07
  0.778870E-02  0.184508E+07  0.183957E+07  0.289726E+05  0.265353E+05  0.164108E+07  0.183832E+07
  0.805239E-02  0.183159E+07  0.182573E+07  0.273612E+05  0.242547E+05  0.161966E+07  0.182454E+07
  0.832501E-02  0.181769E+07  0.181147E+07  0.245667E+05  0.213852E+05  0.159779E+07  0.181036E+07
  0.860686E-02  0.180338E+07  0.179677E+07  0.213758E+05  0.187024E+05  0.157549E+07  0.179576E+07
  0.889825E-02  0.178865E+07  0.178164E+07  0.181781E+05  0.169127E+05  0.155276E+07  0.178074E+07
  0.919951E-02  0.177351E+07  0.176606E+07  0.168132E+05  0.161803E+05  0.152963E+07  0.176530E+07
  0.951096E-02  0.175794E+07  0.175003E+07  0.167258E+05  0.159906E+05  0.150610E+07  0.174943E+07
  0.983296E-02  0.174195E+07  0.173355E+07  0.169692E+05  0.155097E+05  0.148219E+07  0.173313E+07
  0.101659E-01  0.172570E+07  0.171680E+07  0.164359E+05  0.142343E+05  0.145954E+07  0.171662E+07
  0.105100E-01  0.170885E+07  0.169941E+07  0.147300E+05  0.124139E+05  0.143486E+07  0.169946E+07
  0.108659E-01  0.169157E+07  0.168156E+07  0.125477E+05  0.108480E+05  0.140982E+07  0.168187E+07
  0.112337E-01  0.167385E+07  0.166324E+07  0.108463E+05  0.101255E+05  0.138441E+07  0.166383E+07
  0.116141E-01  0.165568E+07  0.164444E+07  0.105222E+05  0.100231E+05  0.135865E+07  0.164535E+07
  0.120073E-01  0.163707E+07  0.162518E+07  0.108013E+05  0.972688E+04  0.133254E+07  0.162642E+07
  0.124138E-01  0.161802E+07  0.160543E+07  0.104704E+05  0.874636E+04  0.130610E+07  0.160705E+07
  0.128341E-01  0.159846E+07  0.158515E+07  0.911857E+04  0.750352E+04  0.127894E+07  0.158716E+07
  0.132686E-01  0.157851E+07  0.156443E+07  0.765873E+04  0.679619E+04  0.125182E+07  0.156689E+07
  0.137178E-01  0.155811E+07  0.154323E+07  0.706737E+04  0.671569E+04  0.122440E+07  0.154616E+07
  0.141822E-01  0.153725E+07  0.152155E+07  0.729987E+04  0.651386E+04  0.119670E+07  0.152498E+07
  0.146624E-01  0.151595E+07  0.149938E+07  0.707783E+04  0.573316E+04  0.116874E+07  0.150335E+07
  0.151588E-01  0.149420E+07  0.147673E+07  0.599225E+04  0.000000E+00  0.114053E+07  0.148128E+07
  0.156720E-01  0.147203E+07  0.145361E+07  0.509911E+04  0.000000E+00  0.111221E+07  0.145878E+07
  0.162026E-01  0.144939E+07  0.143000E+07  0.507608E+04  0.000000E+00  0.108360E+07  0.143583E+07
  0.167511E-01  0.142632E+07  0.140592E+07  0.512489E+04  0.000000E+00  0.105482E+07  0.141244E+07
  0.173182E-01  0.140281E+07  0.138137E+07  0.438268E+04  0.000000E+00  0.102589E+07  0.138861E+07
  0.179045E-01  0.137888E+07  0.135637E+07  0.368629E+04  0.000000E+00  0.996841E+06  0.136437E+07
  0.185107E-01  0.135452E+07  0.133091E+07  0.377382E+04  0.000000E+00  0.967660E+06  0.133970E+07
  0.191374E-01  0.132975E+07  0.130502E+07  0.364063E+04  0.000000E+00  0.938426E+06  0.131464E+07
  0.197853E-01  0.130459E+07  0.127870E+07  0.295946E+04  0.000000E+00  0.909141E+06  0.128918E+07
  0.204552E-01  0.127904E+07  0.125198E+07  0.274756E+04  0.000000E+00  0.879841E+06  0.126334E+07
  0.211477E-01  0.125313E+07  0.122489E+07  0.284152E+04  0.000000E+00  0.850567E+06  0.123715E+07
  0.218637E-01  0.122687E+07  0.119743E+07  0.240154E+04  0.000000E+00  0.821377E+06  0.121062E+07
  0.226039E-01  0.120028E+07  0.116965E+07  0.222793E+04  0.000000E+00  0.792316E+06  0.118378E+07
  0.233691E-01  0.117339E+07  0.114157E+07  0.240065E+04  0.000000E+00  0.763452E+06  0.115666E+07
  0.241603E-01  0.114624E+07  0.111324E+07  0.211713E+04  0.000000E+00  0.734843E+06  0.112928E+07
  0.249783E-01  0.111885E+07  0.108469E+07  0.202887E+04  0.000000E+00  0.706536E+06  0.110169E+07
  0.258240E-01  0.109126E+07  0.105599E+07  0.181545E+04  0.000000E+00  0.678570E+06  0.107393E+07
  0.266982E-01  0.106353E+07  0.102717E+07  0.124761E+04  0.000000E+00  0.650964E+06  0.104603E+07
  0.276021E-01  0.103569E+07  0.998315E+06  0.119763E+04  0.000000E+00  0.623733E+06  0.101806E+07
  0.285366E-01  0.100781E+07  0.969473E+06  0.113127E+04  0.000000E+00  0.596888E+06  0.990058E+06
  0.295027E-01  0.979929E+06  0.940721E+06  0.118983E+04  0.000000E+00  0.570461E+06  0.962089E+06
  0.305016E-01  0.952117E+06  0.912134E+06  0.926941E+03  0.000000E+00  0.544502E+06  0.934213E+06
  0.315342E-01  0.924439E+06  0.883793E+06  0.817237E+03  0.000000E+00  0.519086E+06  0.906501E+06
  0.326019E-01  0.896967E+06  0.855785E+06  0.860044E+03  0.000000E+00  0.494300E+06  0.879025E+06
  0.337056E-01  0.869774E+06  0.828201E+06  0.687216E+03  0.000000E+00  0.470227E+06  0.851863E+06
  0.348467E-01  0.842939E+06  0.801135E+06  0.643471E+03  0.000000E+00  0.446935E+06  0.825096E+06
  0.360265E-01  0.816542E+06  0.774681E+06  0.621902E+03  0.000000E+00  0.424462E+06  0.798805E+06
  0.372462E-01  0.790667E+06  0.748937E+06  0.485695E+03  0.000000E+00  0.402824E+06  0.773072E+06
  0.385072E-01  0.765393E+06  0.723993E+06  0.537025E+03  0.000000E+00  0.382026E+06  0.747978E+06
  0.398109E-01  0.740798E+06  0.699938E+06  0.385125E+03  0.000000E+00  0.362073E+06  0.723600E+06
  0.411587E-01  0.716954E+06  0.676852E+06  0.431958E+03  0.000000E+00  0.342977E+06  0.700009E+06
  0.425522E-01  0.693927E+06  0.654801E+06  0.346475E+03  0.000000E+00  0.324754E+06  0.677270E+06
  0.439928E-01  0.671772E+06  0.633841E+06  0.317053E+03  0.000000E+00  0.307416E+06  0.655436E+06
  0.454592E-01  0.650848E+06  0.614302E+06  0.312308E+03  0.000000E+00  0.291211E+06  0.634859E+06
  0.469257E-01  0.631462E+06  0.596440E+06  0.265842E+03  0.000000E+00  0.276343E+06  0.615835E+06
  0.483921E-01  0.613501E+06  0.580117E+06  0.225307E+03  0.000000E+00  0.262691E+06  0.598248E+06
  0.498585E-01  0.596854E+06  0.565189E+06  0.205355E+03  0.000000E+00  0.250135E+06  0.581980E+06
  0.513249E-01  0.581403E+06  0.551510E+06  0.234972E+03  0.000000E+00  0.238554E+06  0.566911E+06
  0.527914E-01  0.567033E+06  0.538935E+06  0.190559E+03  0.000000E+00  0.227838E+06  0.552920E+06
  0.542578E-01  0.553629E+06  0.527322E+06  0.160910E+03  0.000000E+00  0.217893E+06  0.539888E+06
  0.557242E-01  0.541079E+06  0.516531E+06  0.181988E+03  0.000000E+00  0.208643E+06  0.527700E+06
  0.571907E-01  0.529274E+06  0.506430E+06  0.141312E+03  0.000000E+00  0.200017E+06  0.516246E+06
  0.586571E-01  0.518110E+06  0.496893E+06  0.137514E+03  0.000000E+00  0.191941E+06  0.505419E+06
  0.601235E-01  0.507491E+06  0.487805E+06  0.148712E+03  0.000000E+00  0.184343E+06  0.495120E+06
  0.615899E-01  0.497327E+06  0.479057E+06  0.100979E+03  0.000000E+00  0.177158E+06  0.485257E+06
  0.630564E-01  0.487534E+06  0.470555E+06  0.131001E+03  0.000000E+00  0.170335E+06  0.475746E+06
  0.645228E-01  0.478041E+06  0.462215E+06  0.101194E+03  0.000000E+00  0.163834E+06  0.466515E+06
  0.659892E-01  0.468781E+06  0.453965E+06  0.100294E+03  0.000000E+00  0.157625E+06  0.457497E+06
  0.674556E-01  0.459700E+06  0.445746E+06  0.911337E+02  0.000000E+00  0.151680E+06  0.448637E+06
  0.689221E-01  0.450751E+06  0.437510E+06  0.892592E+02  0.000000E+00  0.145972E+06  0.439891E+06
  0.703885E-01  0.441899E+06  0.429223E+06  0.676955E+02  0.000000E+00  0.140478E+06  0.431222E+06
  0.718549E-01  0.433114E+06  0.420861E+06  0.833662E+02  0.000000E+00  0.135178E+06  0.422602E+06
  0.733214E-01  0.424377E+06  0.412412E+06  0.764110E+02  0.000000E+00  0.130055E+06  0.414014E+06
  0.747878E-01  0.415682E+06  0.403879E+06  0.792012E+02  0.000000E+00  0.125099E+06  0.405452E+06
  0.762542E-01  0.407010E+06  0.395254E+06  0.570363E+02  0.000000E+00  0.120298E+06  0.396900E+06
  0.777206E-01  0.398374E+06  0.386562E+06  0.494867E+02  0.000000E+00  0.115652E+06  0.388371E+06
  0.791871E-01  0.389781E+06  0.377826E+06  0.627806E+02  0.000000E+00  0.111160E+06  0.379876E+06
  0.806535E-01  0.381247E+06  0.369075E+06  0.594627E+02  0.000000E+00  0.106822E+06  0.371430E+06
  0.821199E-01  0.372787E+06  0.360340E+06  0.558821E+02  0.000000E+00  0.102637E+06  0.363053E+06
  0.835864E-01  0.364424E+06  0.351660E+06  0.559228E+02  0.000000E+00  0.986025E+05  0.354768E+06
  0.850528E-01  0.356179E+06  0.343071E+06  0.540990E+02  0.000000E+00  0.947197E+05  0.346597E+06
  0.865192E-01  0.348078E+06  0.334613E+06  0.623935E+02  0.000000E+00  0.909903E+05  0.338569E+06
  0.879856E-01  0.340145E+06  0.326325E+06  0.197494E+02  0.000000E+00  0.874168E+05  0.330708E+06
  0.894521E-01  0.332404E+06  0.318246E+06  0.348167E+02  0.000000E+00  0.840006E+05  0.323042E+06
  0.909185E-01  0.324879E+06  0.310409E+06  0.388352E+02  0.000000E+00  0.807405E+05  0.315593E+06
  0.923849E-01  0.317591E+06  0.302849E+06  0.179577E+02  0.000000E+00  0.776343E+05  0.308386E+06
  0.942171E-01  0.308849E+06  0.293834E+06  0.183992E+02  0.000000E+00  0.739660E+05  0.299750E+06
  0.960494E-01  0.300540E+06  0.285339E+06  0.487071E+02  0.000000E+00  0.705308E+05  0.291554E+06
  0.978816E-01  0.292688E+06  0.277401E+06  0.250542E+02  0.000000E+00  0.673246E+05  0.283824E+06
  0.997138E-01  0.285308E+06  0.270039E+06  0.380455E+02  0.000000E+00  0.643412E+05  0.276575E+06
  0.101546E+00  0.278408E+06  0.263263E+06  0.308315E+02  0.000000E+00  0.615724E+05  0.269813E+06
  0.103378E+00  0.271983E+06  0.257067E+06  0.189331E+02  0.000000E+00  0.590068E+05  0.263535E+06
  0.105211E+00  0.266023E+06  0.251434E+06  0.146880E+02  0.000000E+00  0.566308E+05  0.257729E+06
  0.107043E+00  0.260509E+06  0.246337E+06  0.289480E+02  0.000000E+00  0.544290E+05  0.252374E+06
  0.108875E+00  0.255412E+06  0.241737E+06  0.150426E+02  0.000000E+00  0.523871E+05  0.247441E+06
  0.110707E+00  0.250701E+06  0.237587E+06  0.182416E+02  0.000000E+00  0.504912E+05  0.242897E+06
  0.112539E+00  0.246337E+06  0.233833E+06  0.235833E+02  0.000000E+00  0.487270E+05  0.238701E+06
  0.114372E+00  0.242277E+06  0.230418E+06  0.126814E+02  0.000000E+00  0.470788E+05  0.234809E+06
  0.116204E+00  0.238478E+06  0.227282E+06  0.174725E+02  0.000000E+00  0.455316E+05  0.231176E+06
  0.118036E+00  0.234896E+06  0.224364E+06  0.103698E+02  0.000000E+00  0.440724E+05  0.227757E+06
  0.119868E+00  0.231485E+06  0.221603E+06  0.152094E+02  0.000000E+00  0.426892E+05  0.224503E+06
  0.121701E+00  0.228201E+06  0.218940E+06  0.141165E+02  0.000000E+00  0.413704E+05  0.221370E+06
  0.123533E+00  0.225003E+06  0.216322E+06  0.204642E+02  0.000000E+00  0.401050E+05  0.218316E+06
  0.125365E+00  0.221853E+06  0.213701E+06  0.148982E+02  0.000000E+00  0.388834E+05  0.215303E+06
  0.127197E+00  0.218721E+06  0.211036E+06  0.164596E+02  0.000000E+00  0.376981E+05  0.212298E+06
  0.129030E+00  0.215580E+06  0.208296E+06  0.503539E+01  0.000000E+00  0.365435E+05  0.209276E+06
  0.130862E+00  0.212410E+06  0.205456E+06  0.101623E+02  0.000000E+00  0.354151E+05  0.206214E+06
  0.132694E+00  0.209194E+06  0.202498E+06  0.125195E+02  0.000000E+00  0.343102E+05  0.203099E+06
  0.134526E+00  0.205925E+06  0.199414E+06  0.000000E+00  0.000000E+00  0.332266E+05  0.199921E+06
  0.136358E+00  0.202595E+06  0.196201E+06  0.000000E+00  0.000000E+00  0.321624E+05  0.196675E+06
  0.138191E+00  0.199207E+06  0.192865E+06  0.000000E+00  0.000000E+00  0.311168E+05  0.193363E+06
  0.140023E+00  0.195767E+06  0.189420E+06  0.000000E+00  0.000000E+00  0.300906E+05  0.189992E+06
  0.141855E+00  0.192285E+06  0.185883E+06  0.000000E+00  0.000000E+00  0.290852E+05  0.186574E+06
  0.143687E+00  0.188775E+06  0.182276E+06  0.000000E+00  0.000000E+00  0.281029E+05  0.183122E+06
  0.145520E+00  0.185255E+06  0.178628E+06  0.000000E+00  0.000000E+00  0.271455E+05  0.179658E+06
  0.147352E+00  0.181744E+06  0.174967E+06  0.000000E+00  0.000000E+00  0.262149E+05  0.176199E+06
  0.149184E+00  0.178263E+06  0.171323E+06  0.000000E+00  0.000000E+00  0.253133E+05  0.172768E+06
  0.151016E+00  0.174830E+06  0.167726E+06  0.000000E+00  0.000000E+00  0.244430E+05  0.169385E+06
  0.152849E+00  0.171467E+06  0.164205E+06  0.000000E+00  0.000000E+00  0.236060E+05  0.166071E+06
  0.154681E+00  0.168191E+06  0.160786E+06  0.000000E+00  0.000000E+00  0.228037E+05  0.162846E+06
  0.156513E+00  0.165020E+06  0.157492E+06  0.000000E+00  0.000000E+00  0.220369E+05  0.159725E+06
  0.158345E+00  0.161967E+06  0.154346E+06  0.000000E+00  0.000000E+00  0.213065E+05  0.156726E+06
  0.160177E+00  0.159046E+06  0.151364E+06  0.000000E+00  0.000000E+00  0.206127E+05  0.153861E+06
  0.162010E+00  0.156267E+06  0.148559E+06  0.000000E+00  0.000000E+00  0.199554E+05  0.151139E+06
  0.163842E+00  0.153634E+06  0.145940E+06  0.000000E+00  0.000000E+00  0.193346E+05  0.148567E+06
  0.165674E+00  0.151153E+06  0.143509E+06  0.000000E+00  0.000000E+00  0.187494E+05  0.146148E+06
  0.167506E+00  0.148821E+06  0.141266E+06  0.000000E+00  0.000000E+00  0.181981E+05  0.143881E+06
  0.169339E+00  0.146634E+06  0.139204E+06  0.000000E+00  0.000000E+00  0.176786E+05  0.141762E+06
  0.171171E+00  0.144587E+06  0.137313E+06  0.000000E+00  0.000000E+00  0.171889E+05  0.139783E+06
  0.173003E+00  0.142669E+06  0.135580E+06  0.000000E+00  0.000000E+00  0.167270E+05  0.137936E+06
  0.174835E+00  0.140872E+06  0.133992E+06  0.000000E+00  0.000000E+00  0.162907E+05  0.136210E+06
  0.176668E+00  0.139181E+06  0.132528E+06  0.000000E+00  0.000000E+00  0.158774E+05  0.134590E+06
  0.178500E+00  0.137583E+06  0.131171E+06  0.000000E+00  0.000000E+00  0.154846E+05  0.133064E+06
  0.180332E+00  0.136064E+06  0.129899E+06  0.000000E+00  0.000000E+00  0.151098E+05  0.131616E+06
  0.182164E+00  0.134608E+06  0.128693E+06  0.000000E+00  0.000000E+00  0.147508E+05  0.130230E+06
  0.183996E+00  0.133200E+06  0.127531E+06  0.000000E+00  0.000000E+00  0.144052E+05  0.128890E+06
  0.185829E+00  0.131826E+06  0.126393E+06  0.000000E+00  0.000000E+00  0.140709E+05  0.127582E+06
  0.187661E+00  0.130472E+06  0.125261E+06  0.000000E+00  0.000000E+00  0.137461E+05  0.126292E+06
  0.189493E+00  0.129125E+06  0.124120E+06  0.000000E+00  0.000000E+00  0.134291E+05  0.125006E+06
  0.191325E+00  0.127776E+06  0.122955E+06  0.000000E+00  0.000000E+00  0.131184E+05  0.123715E+06
  0.193158E+00  0.126416E+06  0.121756E+06  0.000000E+00  0.000000E+00  0.128129E+05  0.122410E+06
  0.194990E+00  0.125037E+06  0.120515E+06  0.000000E+00  0.000000E+00  0.125120E+05  0.121083E+06
  0.196822E+00  0.123635E+06  0.119224E+06  0.000000E+00  0.000000E+00  0.122153E+05  0.119730E+06
  0.198654E+00  0.122207E+06  0.117881E+06  0.000000E+00  0.000000E+00  0.119221E+05  0.118348E+06
  0.200487E+00  0.120752E+06  0.116487E+06  0.000000E+00  0.000000E+00  0.116323E+05  0.116936E+06
  0.202319E+00  0.119270E+06  0.115043E+06  0.000000E+00  0.000000E+00  0.113457E+05  0.115494E+06
  0.204151E+00  0.117763E+06  0.113552E+06  0.000000E+00  0.000000E+00  0.110627E+05  0.114026E+06
  0.205983E+00  0.116237E+06  0.112023E+06  0.000000E+00  0.000000E+00  0.107837E+05  0.112535E+06
  0.207815E+00  0.114696E+06  0.110464E+06  0.000000E+00  0.000000E+00  0.105092E+05  0.111028E+06
  0.209648E+00  0.113146E+06  0.108883E+06  0.000000E+00  0.000000E+00  0.102396E+05  0.109511E+06
  0.211480E+00  0.111595E+06  0.107292E+06  0.000000E+00  0.000000E+00  0.997556E+04  0.107991E+06
  0.213312E+00  0.110051E+06  0.105702E+06  0.000000E+00  0.000000E+00  0.971758E+04  0.106477E+06
  0.215144E+00  0.108521E+06  0.104123E+06  0.000000E+00  0.000000E+00  0.946624E+04  0.104977E+06
  0.216977E+00  0.107011E+06  0.102567E+06  0.000000E+00  0.000000E+00  0.922207E+04  0.103497E+06
  0.218809E+00  0.105530E+06  0.101042E+06  0.000000E+00  0.000000E+00  0.898553E+04  0.102046E+06
  0.220641E+00  0.104084E+06  0.995587E+05  0.000000E+00  0.000000E+00  0.875695E+04  0.100629E+06
  0.222473E+00  0.102678E+06  0.981249E+05  0.000000E+00  0.000000E+00  0.853651E+04  0.992535E+05
  0.224306E+00  0.101318E+06  0.967476E+05  0.000000E+00  0.000000E+00  0.832444E+04  0.979242E+05
  0.226138E+00  0.100008E+06  0.954324E+05  0.000000E+00  0.000000E+00  0.812095E+04  0.966456E+05
  0.227970E+00  0.987511E+05  0.941829E+05  0.000000E+00  0.000000E+00  0.792613E+04  0.954203E+05
  0.229802E+00  0.975481E+05  0.930012E+05  0.000000E+00  0.000000E+00  0.773979E+04  0.942500E+05
  0.231634E+00  0.963997E+05  0.918876E+05  0.000000E+00  0.000000E+00  0.756162E+04  0.931351E+05
  0.233467E+00  0.953053E+05  0.908410E+05  0.000000E+00  0.000000E+00  0.739129E+04  0.920748E+05
  0.235299E+00  0.942631E+05  0.898589E+05  0.000000E+00  0.000000E+00  0.722846E+04  0.910673E+05
  0.237131E+00  0.932705E+05  0.889373E+05  0.000000E+00  0.000000E+00  0.707274E+04  0.901098E+05
  0.238963E+00  0.923241E+05  0.880713E+05  0.000000E+00  0.000000E+00  0.692363E+04  0.891987E+05
  0.240796E+00  0.914200E+05  0.872554E+05  0.000000E+00  0.000000E+00  0.678064E+04  0.883301E+05
  0.242628E+00  0.905537E+05  0.864833E+05  0.000000E+00  0.000000E+00  0.664324E+04  0.874992E+05
  0.244460E+00  0.897201E+05  0.857478E+05  0.000000E+00  0.000000E+00  0.651085E+04  0.867009E+05
  0.246292E+00  0.889139E+05  0.850415E+05  0.000000E+00  0.000000E+00  0.638293E+04  0.859295E+05
  0.248125E+00  0.881296E+05  0.843572E+05  0.000000E+00  0.000000E+00  0.625896E+04  0.851796E+05
  0.249957E+00  0.873621E+05  0.836878E+05  0.000000E+00  0.000000E+00  0.613851E+04  0.844458E+05
  0.251789E+00  0.866062E+05  0.830263E+05  0.000000E+00  0.000000E+00  0.602106E+04  0.837227E+05
  0.253621E+00  0.858575E+05  0.823669E+05  0.000000E+00  0.000000E+00  0.590614E+04  0.830060E+05
  0.255453E+00  0.851119E+05  0.817042E+05  0.000000E+00  0.000000E+00  0.579339E+04  0.822914E+05
  0.257286E+00  0.843660E+05  0.810336E+05  0.000000E+00  0.000000E+00  0.568258E+04  0.815753E+05
  0.259118E+00  0.836169E+05  0.803516E+05  0.000000E+00  0.000000E+00  0.557355E+04  0.808550E+05
  0.260950E+00  0.828625E+05  0.796554E+05  0.000000E+00  0.000000E+00  0.546607E+04  0.801282E+05
  0.262782E+00  0.821010E+05  0.789431E+05  0.000000E+00  0.000000E+00  0.535997E+04  0.793932E+05
  0.264615E+00  0.813316E+05  0.782139E+05  0.000000E+00  0.000000E+00  0.525512E+04  0.786492E+05
  0.266447E+00  0.805539E+05  0.774678E+05  0.000000E+00  0.000000E+00  0.515150E+04  0.778959E+05
  0.268279E+00  0.797686E+05  0.767059E+05  0.000000E+00  0.000000E+00  0.504913E+04  0.771340E+05
  0.270111E+00  0.789766E+05  0.759299E+05  0.000000E+00  0.000000E+00  0.494808E+04  0.763644E+05
  0.271944E+00  0.781794E+05  0.751422E+05  0.000000E+00  0.000000E+00  0.484844E+04  0.755890E+05
  0.273776E+00  0.773792E+05  0.743459E+05  0.000000E+00  0.000000E+00  0.475032E+04  0.748097E+05
  0.275608E+00  0.765782E+05  0.735445E+05  0.000000E+00  0.000000E+00  0.465383E+04  0.740292E+05
  0.277440E+00  0.757790E+05  0.727416E+05  0.000000E+00  0.000000E+00  0.455907E+04  0.732498E+05
  0.279272E+00  0.749840E+05  0.719410E+05  0.000000E+00  0.000000E+00  0.446619E+04  0.724744E+05
  0.281105E+00  0.741960E+05  0.711464E+05  0.000000E+00  0.000000E+00  0.437536E+04  0.717056E+05
  0.282937E+00  0.734174E+05  0.703616E+05  0.000000E+00  0.000000E+00  0.428668E+04  0.709461E+05
  0.284769E+00  0.726507E+05  0.695900E+05  0.000000E+00  0.000000E+00  0.420019E+04  0.701984E+05
  0.286601E+00  0.718984E+05  0.688348E+05  0.000000E+00  0.000000E+00  0.411597E+04  0.694651E+05
  0.288434E+00  0.711625E+05  0.680991E+05  0.000000E+00  0.000000E+00  0.403415E+04  0.687482E+05
  0.290266E+00  0.704447E+05  0.673852E+05  0.000000E+00  0.000000E+00  0.395479E+04  0.680496E+05
  0.292098E+00  0.697466E+05  0.666950E+05  0.000000E+00  0.000000E+00  0.387793E+04  0.673707E+05
  0.293930E+00  0.690689E+05  0.660296E+05  0.000000E+00  0.000000E+00  0.380354E+04  0.667124E+05
  0.295763E+00  0.684122E+05  0.653899E+05  0.000000E+00  0.000000E+00  0.373156E+04  0.660752E+05
  0.297595E+00  0.677766E+05  0.647758E+05  0.000000E+00  0.000000E+00  0.366195E+04  0.654594E+05
  0.299427E+00  0.671618E+05  0.641870E+05  0.000000E+00  0.000000E+00  0.359461E+04  0.648644E+05
  0.301259E+00  0.665674E+05  0.636225E+05  0.000000E+00  0.000000E+00  0.352948E+04  0.642899E+05
  0.303091E+00  0.659924E+05  0.630814E+05  0.000000E+00  0.000000E+00  0.346648E+04  0.637349E+05
  0.304924E+00  0.654357E+05  0.625617E+05  0.000000E+00  0.000000E+00  0.340551E+04  0.631982E+05
  0.306756E+00  0.648960E+05  0.620617E+05  0.000000E+00  0.000000E+00  0.334640E+04  0.626785E+05
  0.308588E+00  0.643716E+05  0.615790E+05  0.000000E+00  0.000000E+00  0.328903E+04  0.621740E+05
  0.310420E+00  0.638608E+05  0.611113E+05  0.000000E+00  0.000000E+00  0.323326E+04  0.616830E+05
  0.312253E+00  0.633617E+05  0.606559E+05  0.000000E+00  0.000000E+00  0.317899E+04  0.612034E+05
  0.314085E+00  0.628723E+05  0.602102E+05  0.000000E+00  0.000000E+00  0.312607E+04  0.607333E+05
  0.315917E+00  0.623909E+05  0.597719E+05  0.000000E+00  0.000000E+00  0.307435E+04  0.602709E+05
  0.317749E+00  0.619157E+05  0.593386E+05  0.000000E+00  0.000000E+00  0.302370E+04  0.598144E+05
  0.319582E+00  0.614452E+05  0.589082E+05  0.000000E+00  0.000000E+00  0.297403E+04  0.593622E+05
  0.321414E+00  0.609780E+05  0.584788E+05  0.000000E+00  0.000000E+00  0.292529E+04  0.589129E+05
  0.323246E+00  0.605128E+05  0.580490E+05  0.000000E+00  0.000000E+00  0.287738E+04  0.584652E+05
  0.325078E+00  0.600486E+05  0.576172E+05  0.000000E+00  0.000000E+00  0.283023E+04  0.580180E+05
  0.326910E+00  0.595844E+05  0.571824E+05  0.000000E+00  0.000000E+00  0.278379E+04  0.575704E+05
  0.328743E+00  0.591198E+05  0.567439E+05  0.000000E+00  0.000000E+00  0.273800E+04  0.571219E+05
  0.330575E+00  0.586542E+05  0.563014E+05  0.000000E+00  0.000000E+00  0.269281E+04  0.566720E+05
  0.332407E+00  0.581876E+05  0.558547E+05  0.000000E+00  0.000000E+00  0.264822E+04  0.562207E+05
  0.334239E+00  0.577200E+05  0.554042E+05  0.000000E+00  0.000000E+00  0.260425E+04  0.557680E+05
  0.336072E+00  0.572518E+05  0.549504E+05  0.000000E+00  0.000000E+00  0.256091E+04  0.553143E+05
  0.337904E+00  0.567836E+05  0.544942E+05  0.000000E+00  0.000000E+00  0.251819E+04  0.548603E+05
  0.339736E+00  0.563158E+05  0.540364E+05  0.000000E+00  0.000000E+00  0.247610E+04  0.544064E+05
  0.341568E+00  0.558493E+05  0.535782E+05  0.000000E+00  0.000000E+00  0.243466E+04  0.539535E+05
  0.343401E+00  0.553849E+05  0.531208E+05  0.000000E+00  0.000000E+00  0.239394E+04  0.535024E+05
  0.345233E+00  0.549233E+05  0.526653E+05  0.000000E+00  0.000000E+00  0.235395E+04  0.530540E+05
  0.347065E+00  0.544654E+05  0.522130E+05  0.000000E+00  0.000000E+00  0.231469E+04  0.526091E+05
  0.348897E+00  0.540121E+05  0.517653E+05  0.000000E+00  0.000000E+00  0.227617E+04  0.521687E+05
  0.350729E+00  0.535643E+05  0.513233E+05  0.000000E+00  0.000000E+00  0.223844E+04  0.517337E+05
  0.352562E+00  0.531229E+05  0.508883E+05  0.000000E+00  0.000000E+00  0.220153E+04  0.513050E+05
  0.354394E+00  0.526885E+05  0.504611E+05  0.000000E+00  0.000000E+00  0.216545E+04  0.508833E+05
  0.356226E+00  0.522618E+05  0.500427E+05  0.000000E+00  0.000000E+00  0.213022E+04  0.504693E+05
  0.358058E+00  0.518433E+05  0.496338E+05  0.000000E+00  0.000000E+00  0.209585E+04  0.500633E+05
  0.359891E+00  0.514331E+05  0.492346E+05  0.000000E+00  0.000000E+00  0.206231E+04  0.496658E+05
  0.361723E+00  0.510317E+05  0.488456E+05  0.000000E+00  0.000000E+00  0.202959E+04  0.492769E+05
  0.363555E+00  0.506389E+05  0.484667E+05  0.000000E+00  0.000000E+00  0.199767E+04  0.488967E+05
  0.365387E+00  0.502548E+05  0.480981E+05  0.000000E+00  0.000000E+00  0.196655E+04  0.485253E+05
  0.367220E+00  0.498794E+05  0.477393E+05  0.000000E+00  0.000000E+00  0.193623E+04  0.481623E+05
  0.369052E+00  0.495122E+05  0.473902E+05  0.000000E+00  0.000000E+00  0.190667E+04  0.478077E+05
  0.370884E+00  0.491531E+05  0.470501E+05  0.000000E+00  0.000000E+00  0.187780E+04  0.474611E+05
  0.372716E+00  0.488014E+05  0.467185E+05  0.000000E+00  0.000000E+00  0.184962E+04  0.471219E+05
  0.374548E+00  0.484567E+05  0.463945E+05  0.000000E+00  0.000000E+00  0.182211E+04  0.467895E+05
  0.376381E+00  0.481183E+05  0.460774E+05  0.000000E+00  0.000000E+00  0.179522E+04  0.464634E+05
  0.378213E+00  0.477856E+05  0.457661E+05  0.000000E+00  0.000000E+00  0.176890E+04  0.461428E+05
  0.380045E+00  0.474579E+05  0.454600E+05  0.000000E+00  0.000000E+00  0.174312E+04  0.458272E+05
  0.381877E+00  0.471347E+05  0.451581E+05  0.000000E+00  0.000000E+00  0.171784E+04  0.455159E+05
  0.383710E+00  0.468154E+05  0.448598E+05  0.000000E+00  0.000000E+00  0.169304E+04  0.452082E+05
  0.385542E+00  0.464993E+05  0.445641E+05  0.000000E+00  0.000000E+00  0.166868E+04  0.449038E+05
  0.387374E+00  0.461861E+05  0.442706E+05  0.000000E+00  0.000000E+00  0.164475E+04  0.446019E+05
  0.389206E+00  0.458751E+05  0.439784E+05  0.000000E+00  0.000000E+00  0.162123E+04  0.443021E+05
  0.391039E+00  0.455660E+05  0.436871E+05  0.000000E+00  0.000000E+00  0.159808E+04  0.440041E+05
  0.392871E+00  0.452584E+05  0.433964E+05  0.000000E+00  0.000000E+00  0.157527E+04  0.437073E+05
  0.394703E+00  0.449521E+05  0.431057E+05  0.000000E+00  0.000000E+00  0.155278E+04  0.434116E+05
  0.396535E+00  0.446468E+05  0.428150E+05  0.000000E+00  0.000000E+00  0.153062E+04  0.431167E+05
  0.398367E+00  0.443426E+05  0.425242E+05  0.000000E+00  0.000000E+00  0.150879E+04  0.428227E+05
  0.400200E+00  0.440393E+05  0.422333E+05  0.000000E+00  0.000000E+00  0.148727E+04  0.425295E+05
  0.402032E+00  0.437371E+05  0.419426E+05  0.000000E+00  0.000000E+00  0.146605E+04  0.422372E+05
  0.403864E+00  0.434360E+05  0.416520E+05  0.000000E+00  0.000000E+00  0.144513E+04  0.419459E+05
  0.405696E+00  0.431363E+05  0.413620E+05  0.000000E+00  0.000000E+00  0.142453E+04  0.416558E+05
  0.407529E+00  0.428381E+05  0.410728E+05  0.000000E+00  0.000000E+00  0.140425E+04  0.413670E+05
  0.409361E+00  0.425416E+05  0.407848E+05  0.000000E+00  0.000000E+00  0.138428E+04  0.410798E+05
  0.411193E+00  0.422471E+05  0.404983E+05  0.000000E+00  0.000000E+00  0.136462E+04  0.407944E+05
  0.413025E+00  0.419548E+05  0.402138E+05  0.000000E+00  0.000000E+00  0.134528E+04  0.405113E+05
  0.414858E+00  0.416651E+05  0.399317E+05  0.000000E+00  0.000000E+00  0.132626E+04  0.402306E+05
  0.416690E+00  0.413782E+05  0.396524E+05  0.000000E+00  0.000000E+00  0.130757E+04  0.399527E+05
  0.418522E+00  0.410945E+05  0.393764E+05  0.000000E+00  0.000000E+00  0.128922E+04  0.396779E+05
  0.420354E+00  0.408142E+05  0.391038E+05  0.000000E+00  0.000000E+00  0.127122E+04  0.394063E+05
  0.422186E+00  0.405375E+05  0.388352E+05  0.000000E+00  0.000000E+00  0.125355E+04  0.391383E+05
  0.424019E+00  0.402644E+05  0.385705E+05  0.000000E+00  0.000000E+00  0.123621E+04  0.388740E+05
  0.425851E+00  0.399952E+05  0.383101E+05  0.000000E+00  0.000000E+00  0.121919E+04  0.386135E+05
  0.427683E+00  0.397299E+05  0.380540E+05  0.000000E+00  0.000000E+00  0.120251E+04  0.383568E+05
  0.429515E+00  0.394686E+05  0.378024E+05  0.000000E+00  0.000000E+00  0.118617E+04  0.381041E+05
  0.431348E+00  0.392114E+05  0.375552E+05  0.000000E+00  0.000000E+00  0.117015E+04  0.378553E+05
  0.433180E+00  0.389581E+05  0.373124E+05  0.000000E+00  0.000000E+00  0.115444E+04  0.376105E+05
  0.435012E+00  0.387087E+05  0.370740E+05  0.000000E+00  0.000000E+00  0.113903E+04  0.373696E+05
  0.436844E+00  0.384631E+05  0.368397E+05  0.000000E+00  0.000000E+00  0.112393E+04  0.371324E+05
  0.438677E+00  0.382212E+05  0.366093E+05  0.000000E+00  0.000000E+00  0.110912E+04  0.368989E+05
  0.440509E+00  0.379828E+05  0.363826E+05  0.000000E+00  0.000000E+00  0.109460E+04  0.366687E+05
  0.442341E+00  0.377475E+05  0.361594E+05  0.000000E+00  0.000000E+00  0.108034E+04  0.364417E+05
  0.444173E+00  0.375154E+05  0.359393E+05  0.000000E+00  0.000000E+00  0.106633E+04  0.362177E+05
  0.446005E+00  0.372860E+05  0.357221E+05  0.000000E+00  0.000000E+00  0.105257E+04  0.359965E+05
  0.447838E+00  0.370594E+05  0.355075E+05  0.000000E+00  0.000000E+00  0.103904E+04  0.357779E+05
  0.449670E+00  0.368352E+05  0.352952E+05  0.000000E+00  0.000000E+00  0.102574E+04  0.355616E+05
  0.451502E+00  0.366132E+05  0.350850E+05  0.000000E+00  0.000000E+00  0.101267E+04  0.353475E+05
  0.453334E+00  0.363933E+05  0.348766E+05  0.000000E+00  0.000000E+00  0.999807E+03  0.351353E+05
  0.455167E+00  0.361752E+05  0.346698E+05  0.000000E+00  0.000000E+00  0.987139E+03  0.349249E+05
  0.456999E+00  0.359588E+05  0.344643E+05  0.000000E+00  0.000000E+00  0.974654E+03  0.347160E+05
  0.458831E+00  0.357439E+05  0.342599E+05  0.000000E+00  0.000000E+00  0.962355E+03  0.345086E+05
  0.460663E+00  0.355304E+05  0.340566E+05  0.000000E+00  0.000000E+00  0.950242E+03  0.343025E+05
  0.462496E+00  0.353183E+05  0.338542E+05  0.000000E+00  0.000000E+00  0.938304E+03  0.340977E+05
  0.464328E+00  0.351074E+05  0.336527E+05  0.000000E+00  0.000000E+00  0.926534E+03  0.338941E+05
  0.466160E+00  0.348979E+05  0.334521E+05  0.000000E+00  0.000000E+00  0.914929E+03  0.336916E+05
  0.467992E+00  0.346895E+05  0.332524E+05  0.000000E+00  0.000000E+00  0.903487E+03  0.334903E+05
  0.469824E+00  0.344825E+05  0.330536E+05  0.000000E+00  0.000000E+00  0.892204E+03  0.332902E+05
  0.471657E+00  0.342767E+05  0.328557E+05  0.000000E+00  0.000000E+00  0.881082E+03  0.330912E+05
  0.473489E+00  0.340722E+05  0.326587E+05  0.000000E+00  0.000000E+00  0.870123E+03  0.328935E+05
  0.475321E+00  0.338690E+05  0.324629E+05  0.000000E+00  0.000000E+00  0.859321E+03  0.326970E+05
  0.477153E+00  0.336672E+05  0.322683E+05  0.000000E+00  0.000000E+00  0.848669E+03  0.325019E+05
  0.478986E+00  0.334670E+05  0.320751E+05  0.000000E+00  0.000000E+00  0.838168E+03  0.323082E+05
  0.480818E+00  0.332684E+05  0.318833E+05  0.000000E+00  0.000000E+00  0.827827E+03  0.321161E+05
  0.482650E+00  0.330715E+05  0.316932E+05  0.000000E+00  0.000000E+00  0.817652E+03  0.319257E+05
  0.484482E+00  0.328764E+05  0.315048E+05  0.000000E+00  0.000000E+00  0.807639E+03  0.317369E+05
  0.486315E+00  0.326830E+05  0.313182E+05  0.000000E+00  0.000000E+00  0.797776E+03  0.315500E+05
  0.488147E+00  0.324916E+05  0.311335E+05  0.000000E+00  0.000000E+00  0.788062E+03  0.313649E+05
  0.489979E+00  0.323021E+05  0.309508E+05  0.000000E+00  0.000000E+00  0.778501E+03  0.311816E+05
  0.491811E+00  0.321146E+05  0.307702E+05  0.000000E+00  0.000000E+00  0.769095E+03  0.310003E+05
  0.493643E+00  0.319291E+05  0.305916E+05  0.000000E+00  0.000000E+00  0.759842E+03  0.308210E+05
  0.495476E+00  0.317457E+05  0.304152E+05  0.000000E+00  0.000000E+00  0.750740E+03  0.306437E+05
  0.497308E+00  0.315643E+05  0.302411E+05  0.000000E+00  0.000000E+00  0.741787E+03  0.304684E+05
  0.499140E+00  0.313851E+05  0.300691E+05  0.000000E+00  0.000000E+00  0.732978E+03  0.302952E+05
  0.500972E+00  0.312078E+05  0.298992E+05  0.000000E+00  0.000000E+00  0.724309E+03  0.301240E+05
  0.502805E+00  0.310326E+05  0.297314E+05  0.000000E+00  0.000000E+00  0.715780E+03  0.299547E+05
  0.504637E+00  0.308593E+05  0.295657E+05  0.000000E+00  0.000000E+00  0.707393E+03  0.297873E+05
  0.506469E+00  0.306878E+05  0.294019E+05  0.000000E+00  0.000000E+00  0.699142E+03  0.296218E+05
  0.508301E+00  0.305182E+05  0.292399E+05  0.000000E+00  0.000000E+00  0.691015E+03  0.294581E+05
  0.510134E+00  0.303504E+05  0.290798E+05  0.000000E+00  0.000000E+00  0.683009E+03  0.292960E+05
  0.511966E+00  0.301843E+05  0.289214E+05  0.000000E+00  0.000000E+00  0.675128E+03  0.291357E+05
  0.513798E+00  0.300198E+05  0.287646E+05  0.000000E+00  0.000000E+00  0.667372E+03  0.289769E+05
  0.515630E+00  0.298569E+05  0.286093E+05  0.000000E+00  0.000000E+00  0.659735E+03  0.288197E+05
  0.517462E+00  0.296954E+05  0.284554E+05  0.000000E+00  0.000000E+00  0.652208E+03  0.286638E+05
  0.519295E+00  0.295354E+05  0.283028E+05  0.000000E+00  0.000000E+00  0.644786E+03  0.285094E+05
  0.521127E+00  0.293767E+05  0.281515E+05  0.000000E+00  0.000000E+00  0.637469E+03  0.283562E+05
  0.522959E+00  0.292192E+05  0.280013E+05  0.000000E+00  0.000000E+00  0.630255E+03  0.282042E+05
  0.524791E+00  0.290629E+05  0.278521E+05  0.000000E+00  0.000000E+00  0.623142E+03  0.280533E+05
  0.526624E+00  0.289077E+05  0.277039E+05  0.000000E+00  0.000000E+00  0.616128E+03  0.279035E+05
  0.528456E+00  0.287537E+05  0.275567E+05  0.000000E+00  0.000000E+00  0.609209E+03  0.277547E+05
  0.530288E+00  0.286008E+05  0.274105E+05  0.000000E+00  0.000000E+00  0.602383E+03  0.276071E+05
  0.532120E+00  0.284489E+05  0.272652E+05  0.000000E+00  0.000000E+00  0.595648E+03  0.274604E+05
  0.533953E+00  0.282981E+05  0.271208E+05  0.000000E+00  0.000000E+00  0.589004E+03  0.273148E+05
  0.535785E+00  0.281483E+05  0.269772E+05  0.000000E+00  0.000000E+00  0.582452E+03  0.271701E+05
  0.537617E+00  0.279996E+05  0.268345E+05  0.000000E+00  0.000000E+00  0.575988E+03  0.270264E+05
  0.539449E+00  0.278518E+05  0.266928E+05  0.000000E+00  0.000000E+00  0.569606E+03  0.268837E+05
  0.541281E+00  0.277051E+05  0.265519E+05  0.000000E+00  0.000000E+00  0.563306E+03  0.267419E+05
  0.543114E+00  0.275595E+05  0.264120E+05  0.000000E+00  0.000000E+00  0.557091E+03  0.266012E+05
  0.544946E+00  0.274149E+05  0.262731E+05  0.000000E+00  0.000000E+00  0.550964E+03  0.264615E+05
  0.546778E+00  0.272714E+05  0.261352E+05  0.000000E+00  0.000000E+00  0.544922E+03  0.263229E+05
  0.548610E+00  0.271291E+05  0.259983E+05  0.000000E+00  0.000000E+00  0.538961E+03  0.261853E+05
  0.550443E+00  0.269878E+05  0.258625E+05  0.000000E+00  0.000000E+00  0.533079E+03  0.260488E+05
  0.552275E+00  0.268477E+05  0.257278E+05  0.000000E+00  0.000000E+00  0.527275E+03  0.259134E+05
  0.554107E+00  0.267087E+05  0.255942E+05  0.000000E+00  0.000000E+00  0.521552E+03  0.257791E+05
  0.555939E+00  0.265709E+05  0.254617E+05  0.000000E+00  0.000000E+00  0.515910E+03  0.256459E+05
  0.557772E+00  0.264343E+05  0.253304E+05  0.000000E+00  0.000000E+00  0.510349E+03  0.255139E+05
  0.559604E+00  0.262988E+05  0.252003E+05  0.000000E+00  0.000000E+00  0.504867E+03  0.253830E+05
  0.561436E+00  0.261646E+05  0.250714E+05  0.000000E+00  0.000000E+00  0.499457E+03  0.252534E+05
  0.563268E+00  0.260315E+05  0.249437E+05  0.000000E+00  0.000000E+00  0.494121E+03  0.251248E+05
  0.565100E+00  0.258997E+05  0.248172E+05  0.000000E+00  0.000000E+00  0.488860E+03  0.249975E+05
  0.566933E+00  0.257690E+05  0.246919E+05  0.000000E+00  0.000000E+00  0.483675E+03  0.248713E+05
  0.568765E+00  0.256395E+05  0.245678E+05  0.000000E+00  0.000000E+00  0.478565E+03  0.247462E+05
  0.570597E+00  0.255111E+05  0.244448E+05  0.000000E+00  0.000000E+00  0.473523E+03  0.246222E+05
  0.572429E+00  0.253838E+05  0.243230E+05  0.000000E+00  0.000000E+00  0.468547E+03  0.244993E+05
  0.574262E+00  0.252577E+05  0.242022E+05  0.000000E+00  0.000000E+00  0.463637E+03  0.243775E+05
  0.576094E+00  0.251327E+05  0.240826E+05  0.000000E+00  0.000000E+00  0.458798E+03  0.242568E+05
  0.577926E+00  0.250087E+05  0.239640E+05  0.000000E+00  0.000000E+00  0.454027E+03  0.241371E+05
  0.579758E+00  0.248858E+05  0.238464E+05  0.000000E+00  0.000000E+00  0.449322E+03  0.240184E+05
  0.581591E+00  0.247639E+05  0.237299E+05  0.000000E+00  0.000000E+00  0.444678E+03  0.239007E+05
  0.583423E+00  0.246429E+05  0.236142E+05  0.000000E+00  0.000000E+00  0.440093E+03  0.237840E+05
  0.585255E+00  0.245229E+05  0.234995E+05  0.000000E+00  0.000000E+00  0.435565E+03  0.236681E+05
  0.587087E+00  0.244038E+05  0.233856E+05  0.000000E+00  0.000000E+00  0.431098E+03  0.235532E+05
  0.707312E+00  0.181900E+05  0.174313E+05  0.000000E+00  0.000000E+00  0.231429E+03  0.175534E+05
  0.863914E+00  0.132038E+05  0.126533E+05  0.000000E+00  0.000000E+00  0.117156E+03  0.127402E+05
  0.105519E+01  0.953922E+04  0.914160E+04  0.000000E+00  0.000000E+00  0.586015E+02  0.920356E+04
  0.128881E+01  0.686270E+04  0.657669E+04  0.000000E+00  0.000000E+00  0.290049E+02  0.662085E+04
  0.157415E+01  0.491795E+04  0.471302E+04  0.000000E+00  0.000000E+00  0.189854E+02  0.474458E+04
  0.192267E+01  0.351182E+04  0.336550E+04  0.000000E+00  0.000000E+00  0.930953E+01  0.338790E+04
  0.234836E+01  0.249960E+04  0.239546E+04  0.000000E+00  0.000000E+00  0.452726E+01  0.241134E+04
  0.286829E+01  0.177386E+04  0.169996E+04  0.000000E+00  0.000000E+00  0.218571E+01  0.171119E+04
  0.350334E+01  0.125540E+04  0.120309E+04  0.000000E+00  0.000000E+00  0.104860E+01  0.121104E+04
  0.427899E+01  0.886246E+03  0.849316E+03  0.000000E+00  0.000000E+00  0.500344E+00  0.854920E+03
  0.522637E+01  0.624194E+03  0.598177E+03  0.000000E+00  0.000000E+00  0.237643E+00  0.602126E+03
  0.638351E+01  0.438686E+03  0.420393E+03  0.000000E+00  0.000000E+00  0.112436E+00  0.423174E+03
  0.779683E+01  0.307700E+03  0.294861E+03  0.000000E+00  0.000000E+00  0.530222E-01  0.296817E+03
  0.952307E+01  0.215427E+03  0.206429E+03  0.000000E+00  0.000000E+00  0.249351E-01  0.207807E+03
  0.116315E+02  0.150567E+03  0.144268E+03  0.000000E+00  0.000000E+00  0.116992E-01  0.145239E+03
  0.142067E+02  0.105067E+03  0.100661E+03  0.000000E+00  0.000000E+00  0.547747E-02  0.101348E+03
  0.173522E+02  0.732071E+02  0.701260E+02  0.000000E+00  0.000000E+00  0.256001E-02  0.706137E+02
  0.211940E+02  0.509367E+02  0.487814E+02  0.000000E+00  0.000000E+00  0.119438E-02  0.491305E+02
  0.258864E+02  0.353944E+02  0.338847E+02  0.000000E+00  0.000000E+00  0.556450E-03  0.341375E+02
  0.316177E+02  0.245637E+02  0.235035E+02  0.000000E+00  0.000000E+00  0.258898E-03  0.236895E+02
  0.386180E+02  0.170267E+02  0.162790E+02  0.000000E+00  0.000000E+00  0.120297E-03  0.164188E+02
  0.471681E+02  0.117887E+02  0.112577E+02  0.000000E+00  0.000000E+00  0.558218E-04  0.113658E+02
  0.576112E+02  0.815273E+01  0.777188E+01  0.000000E+00  0.000000E+00  0.258780E-04  0.785818E+01
  0.703666E+02  0.563174E+01  0.535464E+01  0.000000E+00  0.000000E+00  0.119747E-04  0.542614E+01
  0.859458E+02  0.388568E+01  0.368016E+01  0.000000E+00  0.000000E+00  0.553736E-05  0.374165E+01
  0.104975E+03  0.267753E+01  0.252131E+01  0.000000E+00  0.000000E+00  0.255447E-05  0.257607E+01
