  0.355810E-05  0.188151E+08  0.188151E+08  0.250854E+08  0.250853E+08  0.188151E+08  0.188151E+08
  0.367857E-05  0.188151E+08  0.188151E+08  0.250853E+08  0.250852E+08  0.188151E+08  0.188151E+08
  0.380311E-05  0.188151E+08  0.188151E+08  0.250852E+08  0.250851E+08  0.188151E+08  0.188151E+08
  0.393186E-05  0.188151E+08  0.188151E+08  0.250850E+08  0.250850E+08  0.188151E+08  0.188151E+08
  0.406498E-05  0.188151E+08  0.188151E+08  0.250849E+08  0.250849E+08  0.188151E+08  0.188151E+08
  0.420260E-05  0.188151E+08  0.188151E+08  0.250848E+08  0.250847E+08  0.188151E+08  0.188151E+08
  0.434489E-05  0.188151E+08  0.188151E+08  0.250847E+08  0.250846E+08  0.188151E+08  0.188151E+08
  0.449198E-05  0.188151E+08  0.188151E+08  0.250845E+08  0.250845E+08  0.188151E+08  0.188151E+08
  0.464406E-05  0.188151E+08  0.188151E+08  0.250844E+08  0.250843E+08  0.188151E+08  0.188151E+08
  0.480129E-05  0.188151E+08  0.188151E+08  0.250842E+08  0.250841E+08  0.188151E+08  0.188151E+08
  0.496384E-05  0.188151E+08  0.188151E+08  0.250840E+08  0.250839E+08  0.188151E+08  0.188151E+08
  0.513190E-05  0.188151E+08  0.188151E+08  0.250838E+08  0.250838E+08  0.188151E+08  0.188151E+08
  0.530564E-05  0.188151E+08  0.188151E+08  0.250836E+08  0.250835E+08  0.188151E+08  0.188151E+08
  0.548527E-05  0.188151E+08  0.188151E+08  0.250834E+08  0.250833E+08  0.188151E+08  0.188151E+08
  0.567098E-05  0.188151E+08  0.188151E+08  0.250832E+08  0.250831E+08  0.188151E+08  0.188151E+08
  0.586297E-05  0.188151E+08  0.188151E+08  0.250830E+08  0.250828E+08  0.188151E+08  0.188151E+08
  0.606147E-05  0.188151E+08  0.188151E+08  0.250827E+08  0.250826E+08  0.188151E+08  0.188151E+08
  0.626668E-05  0.188151E+08  0.188151E+08  0.250824E+08  0.250823E+08  0.188151E+08  0.188151E+08
  0.647885E-05  0.188151E+08  0.188151E+08  0.250821E+08  0.250820E+08  0.188151E+08  0.188151E+08
  0.669819E-05  0.188151E+08  0.188151E+08  0.250818E+08  0.250816E+08  0.188151E+08  0.188151E+08
  0.692496E-05  0.188151E+08  0.188151E+08  0.250815E+08  0.250813E+08  0.188151E+08  0.188151E+08
  0.715941E-05  0.188151E+08  0.188151E+08  0.250811E+08  0.250809E+08  0.188151E+08  0.188151E+08
  0.740180E-05  0.188151E+08  0.188151E+08  0.250807E+08  0.250805E+08  0.188151E+08  0.188151E+08
  0.765239E-05  0.188151E+08  0.188151E+08  0.250803E+08  0.250801E+08  0.188151E+08  0.188151E+08
  0.791147E-05  0.188151E+08  0.188151E+08  0.250798E+08  0.250796E+08  0.188151E+08  0.188151E+08
  0.817932E-05  0.188151E+08  0.188150E+08  0.250794E+08  0.250791E+08  0.188151E+08  0.188151E+08
  0.845624E-05  0.188150E+08  0.188150E+08  0.250788E+08  0.250786E+08  0.188151E+08  0.188151E+08
  0.874253E-05  0.188150E+08  0.188150E+08  0.250783E+08  0.250781E+08  0.188151E+08  0.188150E+08
  0.903851E-05  0.188150E+08  0.188150E+08  0.250777E+08  0.250775E+08  0.188151E+08  0.188150E+08
  0.934452E-05  0.188150E+08  0.188150E+08  0.250771E+08  0.250768E+08  0.188151E+08  0.188150E+08
  0.966088E-05  0.188150E+08  0.188150E+08  0.250764E+08  0.250761E+08  0.188151E+08  0.188150E+08
  0.998796E-05  0.188150E+08  0.188150E+08  0.250757E+08  0.250754E+08  0.188151E+08  0.188150E+08
  0.103261E-04  0.188150E+08  0.188150E+08  0.250750E+08  0.250746E+08  0.188151E+08  0.188150E+08
  0.106757E-04  0.188150E+08  0.188150E+08  0.250742E+08  0.250738E+08  0.188151E+08  0.188150E+08
  0.110371E-04  0.188150E+08  0.188150E+08  0.250733E+08  0.250729E+08  0.188151E+08  0.188150E+08
  0.114108E-04  0.188150E+08  0.188150E+08  0.250724E+08  0.250719E+08  0.188151E+08  0.188150E+08
  0.117971E-04  0.188150E+08  0.188150E+08  0.250714E+08  0.250709E+08  0.188151E+08  0.188150E+08
  0.121965E-04  0.188150E+08  0.188150E+08  0.250703E+08  0.250698E+08  0.188151E+08  0.188150E+08
  0.126095E-04  0.188150E+08  0.188150E+08  0.250692E+08  0.250687E+08  0.188151E+08  0.188150E+08
  0.130364E-04  0.188150E+08  0.188150E+08  0.250680E+08  0.250674E+08  0.188151E+08  0.188150E+08
  0.134777E-04  0.188150E+08  0.188150E+08  0.250667E+08  0.250661E+08  0.188151E+08  0.188150E+08
  0.139340E-04  0.188150E+08  0.188150E+08  0.250653E+08  0.250647E+08  0.188151E+08  0.188150E+08
  0.144058E-04  0.188150E+08  0.188150E+08  0.250638E+08  0.250631E+08  0.188151E+08  0.188150E+08
  0.148935E-04  0.188150E+08  0.188150E+08  0.250622E+08  0.250615E+08  0.188150E+08  0.188150E+08
  0.153977E-04  0.188150E+08  0.188150E+08  0.250606E+08  0.250598E+08  0.188150E+08  0.188150E+08
  0.159190E-04  0.188150E+08  0.188150E+08  0.250588E+08  0.250579E+08  0.188150E+08  0.188150E+08
  0.164580E-04  0.188150E+08  0.188150E+08  0.250568E+08  0.250559E+08  0.188150E+08  0.188150E+08
  0.170152E-04  0.188150E+08  0.188150E+08  0.250548E+08  0.250538E+08  0.188150E+08  0.188150E+08
  0.175912E-04  0.188150E+08  0.188150E+08  0.250526E+08  0.250516E+08  0.188150E+08  0.188150E+08
  0.181868E-04  0.188150E+08  0.188150E+08  0.250502E+08  0.250491E+08  0.188150E+08  0.188150E+08
  0.188025E-04  0.188150E+08  0.188150E+08  0.250477E+08  0.250465E+08  0.188150E+08  0.188150E+08
  0.194391E-04  0.188150E+08  0.188150E+08  0.250450E+08  0.250438E+08  0.188150E+08  0.188150E+08
  0.200972E-04  0.188150E+08  0.188150E+08  0.250421E+08  0.250408E+08  0.188150E+08  0.188150E+08
  0.207776E-04  0.188150E+08  0.188150E+08  0.250391E+08  0.250377E+08  0.188150E+08  0.188150E+08
  0.214810E-04  0.188150E+08  0.188150E+08  0.250358E+08  0.250343E+08  0.188150E+08  0.188150E+08
  0.222083E-04  0.188150E+08  0.188150E+08  0.250323E+08  0.250307E+08  0.188150E+08  0.188150E+08
  0.229602E-04  0.188150E+08  0.188150E+08  0.250285E+08  0.250268E+08  0.188150E+08  0.188150E+08
  0.237375E-04  0.188150E+08  0.188150E+08  0.250245E+08  0.250227E+08  0.188150E+08  0.188150E+08
  0.245412E-04  0.188149E+08  0.188149E+08  0.250203E+08  0.250183E+08  0.188150E+08  0.188149E+08
  0.253720E-04  0.188149E+08  0.188149E+08  0.250157E+08  0.250136E+08  0.188150E+08  0.188149E+08
  0.262310E-04  0.188149E+08  0.188149E+08  0.250108E+08  0.250086E+08  0.188150E+08  0.188149E+08
  0.271191E-04  0.188149E+08  0.188149E+08  0.250056E+08  0.250032E+08  0.188149E+08  0.188149E+08
  0.280372E-04  0.188149E+08  0.188149E+08  0.250000E+08  0.249974E+08  0.188149E+08  0.188149E+08
  0.289864E-04  0.188149E+08  0.188149E+08  0.249940E+08  0.249913E+08  0.188149E+08  0.188149E+08
  0.299678E-04  0.188149E+08  0.188149E+08  0.249877E+08  0.249847E+08  0.188149E+08  0.188149E+08
  0.309824E-04  0.188149E+08  0.188149E+08  0.249809E+08  0.249777E+08  0.188149E+08  0.188149E+08
  0.320313E-04  0.188149E+08  0.188149E+08  0.249736E+08  0.249702E+08  0.188149E+08  0.188149E+08
  0.331158E-04  0.188148E+08  0.188148E+08  0.249658E+08  0.249622E+08  0.188149E+08  0.188148E+08
  0.342369E-04  0.188148E+08  0.188148E+08  0.249575E+08  0.249537E+08  0.188149E+08  0.188148E+08
  0.353960E-04  0.188148E+08  0.188148E+08  0.249486E+08  0.249445E+08  0.188148E+08  0.188148E+08
  0.365944E-04  0.188148E+08  0.188148E+08  0.249391E+08  0.249348E+08  0.188148E+08  0.188148E+08
  0.378333E-04  0.188148E+08  0.188148E+08  0.249290E+08  0.249243E+08  0.188148E+08  0.188148E+08
  0.391142E-04  0.188148E+08  0.188148E+08  0.249182E+08  0.249132E+08  0.188148E+08  0.188148E+08
  0.404384E-04  0.188147E+08  0.188147E+08  0.249066E+08  0.249013E+08  0.188148E+08  0.188147E+08
  0.418075E-04  0.188147E+08  0.188147E+08  0.248942E+08  0.248886E+08  0.188147E+08  0.188147E+08
  0.432229E-04  0.188147E+08  0.188147E+08  0.248810E+08  0.248750E+08  0.188147E+08  0.188147E+08
  0.446863E-04  0.188147E+08  0.188147E+08  0.248669E+08  0.248604E+08  0.188147E+08  0.188147E+08
  0.461992E-04  0.188146E+08  0.188146E+08  0.248518E+08  0.248449E+08  0.188147E+08  0.188146E+08
  0.477633E-04  0.188146E+08  0.188146E+08  0.248357E+08  0.248284E+08  0.188146E+08  0.188146E+08
  0.493803E-04  0.188146E+08  0.188146E+08  0.248185E+08  0.248107E+08  0.188146E+08  0.188146E+08
  0.510521E-04  0.188146E+08  0.188145E+08  0.248002E+08  0.247918E+08  0.188146E+08  0.188146E+08
  0.527805E-04  0.188145E+08  0.188145E+08  0.247806E+08  0.247716E+08  0.188145E+08  0.188145E+08
  0.545675E-04  0.188145E+08  0.188145E+08  0.247596E+08  0.247500E+08  0.188145E+08  0.188145E+08
  0.564149E-04  0.188144E+08  0.188144E+08  0.247372E+08  0.247270E+08  0.188144E+08  0.188144E+08
  0.583249E-04  0.188144E+08  0.188144E+08  0.247133E+08  0.247024E+08  0.188144E+08  0.188144E+08
  0.602995E-04  0.188144E+08  0.188143E+08  0.246878E+08  0.246761E+08  0.188143E+08  0.188144E+08
  0.623410E-04  0.188143E+08  0.188143E+08  0.246605E+08  0.246480E+08  0.188143E+08  0.188143E+08
  0.644516E-04  0.188143E+08  0.188142E+08  0.246314E+08  0.246181E+08  0.188142E+08  0.188142E+08
  0.666336E-04  0.188142E+08  0.188142E+08  0.246004E+08  0.245861E+08  0.188142E+08  0.188142E+08
  0.688896E-04  0.188141E+08  0.188141E+08  0.245672E+08  0.245520E+08  0.188141E+08  0.188141E+08
  0.712219E-04  0.188141E+08  0.188140E+08  0.245318E+08  0.245155E+08  0.188140E+08  0.188141E+08
  0.736331E-04  0.188140E+08  0.188140E+08  0.244940E+08  0.244767E+08  0.188140E+08  0.188140E+08
  0.761260E-04  0.188139E+08  0.188139E+08  0.244537E+08  0.244352E+08  0.188139E+08  0.188139E+08
  0.787033E-04  0.188139E+08  0.188138E+08  0.244106E+08  0.243909E+08  0.188138E+08  0.188139E+08
  0.813679E-04  0.188138E+08  0.188137E+08  0.243647E+08  0.243436E+08  0.188137E+08  0.188138E+08
  0.841227E-04  0.188137E+08  0.188136E+08  0.243157E+08  0.242932E+08  0.188136E+08  0.188137E+08
  0.869707E-04  0.188136E+08  0.188136E+08  0.242634E+08  0.242394E+08  0.188135E+08  0.188136E+08
  0.899151E-04  0.188135E+08  0.188134E+08  0.242076E+08  0.241820E+08  0.188134E+08  0.188135E+08
  0.929593E-04  0.188134E+08  0.188133E+08  0.241482E+08  0.241208E+08  0.188133E+08  0.188134E+08
  0.961065E-04  0.188133E+08  0.188132E+08  0.240848E+08  0.240556E+08  0.188132E+08  0.188133E+08
  0.993603E-04  0.188131E+08  0.188131E+08  0.240171E+08  0.239861E+08  0.188131E+08  0.188131E+08
  0.102724E-03  0.188130E+08  0.188130E+08  0.239451E+08  0.239119E+08  0.188129E+08  0.188130E+08
  0.106202E-03  0.188129E+08  0.188128E+08  0.238683E+08  0.238329E+08  0.188128E+08  0.188129E+08
  0.109798E-03  0.188127E+08  0.188127E+08  0.237864E+08  0.237488E+08  0.188126E+08  0.188127E+08
  0.113515E-03  0.188126E+08  0.188125E+08  0.236992E+08  0.236591E+08  0.188124E+08  0.188125E+08
  0.117358E-03  0.188124E+08  0.188123E+08  0.236063E+08  0.235636E+08  0.188123E+08  0.188124E+08
  0.121331E-03  0.188122E+08  0.188121E+08  0.235074E+08  0.234619E+08  0.188121E+08  0.188122E+08
  0.125439E-03  0.188120E+08  0.188119E+08  0.234021E+08  0.233536E+08  0.188119E+08  0.188120E+08
  0.129686E-03  0.188118E+08  0.188117E+08  0.232901E+08  0.232385E+08  0.188116E+08  0.188118E+08
  0.134076E-03  0.188116E+08  0.188115E+08  0.231709E+08  0.231159E+08  0.188114E+08  0.188116E+08
  0.138616E-03  0.188113E+08  0.188112E+08  0.230441E+08  0.229856E+08  0.188111E+08  0.188113E+08
  0.143309E-03  0.188111E+08  0.188110E+08  0.229093E+08  0.228471E+08  0.188109E+08  0.188111E+08
  0.148160E-03  0.188108E+08  0.188107E+08  0.227660E+08  0.226998E+08  0.188106E+08  0.188108E+08
  0.153176E-03  0.188105E+08  0.188104E+08  0.226137E+08  0.225434E+08  0.188103E+08  0.188105E+08
  0.158362E-03  0.188102E+08  0.188101E+08  0.224520E+08  0.223774E+08  0.188100E+08  0.188102E+08
  0.163724E-03  0.188099E+08  0.188097E+08  0.222804E+08  0.222011E+08  0.188096E+08  0.188098E+08
  0.169267E-03  0.188095E+08  0.188094E+08  0.220983E+08  0.220141E+08  0.188092E+08  0.188095E+08
  0.174997E-03  0.188091E+08  0.188090E+08  0.219052E+08  0.218159E+08  0.188088E+08  0.188091E+08
  0.180922E-03  0.188087E+08  0.188086E+08  0.217006E+08  0.216058E+08  0.188084E+08  0.188087E+08
  0.187047E-03  0.188083E+08  0.188081E+08  0.214838E+08  0.213833E+08  0.188079E+08  0.188083E+08
  0.193380E-03  0.188078E+08  0.188076E+08  0.212543E+08  0.211479E+08  0.188074E+08  0.188078E+08
  0.199927E-03  0.188073E+08  0.188071E+08  0.210116E+08  0.208989E+08  0.188069E+08  0.188073E+08
  0.206696E-03  0.188068E+08  0.188066E+08  0.207550E+08  0.206357E+08  0.188064E+08  0.188068E+08
  0.213693E-03  0.188063E+08  0.188060E+08  0.204839E+08  0.203579E+08  0.188058E+08  0.188062E+08
  0.220928E-03  0.188057E+08  0.188054E+08  0.201979E+08  0.200647E+08  0.188051E+08  0.188056E+08
  0.228408E-03  0.188050E+08  0.188048E+08  0.198962E+08  0.197556E+08  0.188045E+08  0.188050E+08
  0.236141E-03  0.188043E+08  0.188041E+08  0.195785E+08  0.194302E+08  0.188037E+08  0.188043E+08
  0.244136E-03  0.188036E+08  0.188033E+08  0.192441E+08  0.190879E+08  0.188030E+08  0.188035E+08
  0.252401E-03  0.188028E+08  0.188025E+08  0.188927E+08  0.187282E+08  0.188022E+08  0.188028E+08
  0.260946E-03  0.188020E+08  0.188017E+08  0.185237E+08  0.183507E+08  0.188013E+08  0.188019E+08
  0.269781E-03  0.188011E+08  0.188008E+08  0.181367E+08  0.179551E+08  0.188003E+08  0.188010E+08
  0.278914E-03  0.188002E+08  0.187998E+08  0.177316E+08  0.175411E+08  0.187993E+08  0.188001E+08
  0.288357E-03  0.187992E+08  0.187988E+08  0.173079E+08  0.171084E+08  0.187983E+08  0.187991E+08
  0.298120E-03  0.187981E+08  0.187977E+08  0.168656E+08  0.166569E+08  0.187971E+08  0.187980E+08
  0.308213E-03  0.187970E+08  0.187965E+08  0.164047E+08  0.161868E+08  0.187959E+08  0.187969E+08
  0.318648E-03  0.187958E+08  0.187952E+08  0.159253E+08  0.156980E+08  0.187946E+08  0.187956E+08
  0.329436E-03  0.187945E+08  0.187939E+08  0.154275E+08  0.151910E+08  0.187933E+08  0.187943E+08
  0.340589E-03  0.187931E+08  0.187925E+08  0.149118E+08  0.146662E+08  0.187918E+08  0.187930E+08
  0.352120E-03  0.187916E+08  0.187910E+08  0.143787E+08  0.141242E+08  0.187903E+08  0.187915E+08
  0.364041E-03  0.187900E+08  0.187894E+08  0.138291E+08  0.135659E+08  0.187886E+08  0.187899E+08
  0.376366E-03  0.187884E+08  0.187877E+08  0.132640E+08  0.129924E+08  0.187868E+08  0.187882E+08
  0.389108E-03  0.187866E+08  0.187859E+08  0.126844E+08  0.124050E+08  0.187849E+08  0.187865E+08
  0.402282E-03  0.187847E+08  0.187840E+08  0.120921E+08  0.118054E+08  0.187829E+08  0.187846E+08
  0.415901E-03  0.187827E+08  0.187819E+08  0.114886E+08  0.111955E+08  0.187808E+08  0.187825E+08
  0.429982E-03  0.187806E+08  0.187797E+08  0.108761E+08  0.105773E+08  0.187786E+08  0.187804E+08
  0.444539E-03  0.187783E+08  0.187774E+08  0.102567E+08  0.995332E+07  0.187761E+08  0.187781E+08
  0.459589E-03  0.187759E+08  0.187750E+08  0.963329E+07  0.932638E+07  0.187736E+08  0.187757E+08
  0.475149E-03  0.187734E+08  0.187723E+08  0.900858E+07  0.869949E+07  0.187709E+08  0.187731E+08
  0.491236E-03  0.187706E+08  0.187696E+08  0.838578E+07  0.807596E+07  0.187680E+08  0.187704E+08
  0.507867E-03  0.187678E+08  0.187666E+08  0.776830E+07  0.745937E+07  0.187649E+08  0.187675E+08
  0.525061E-03  0.187647E+08  0.187635E+08  0.715980E+07  0.685350E+07  0.187617E+08  0.187644E+08
  0.542837E-03  0.187615E+08  0.187602E+08  0.656408E+07  0.626228E+07  0.187582E+08  0.187612E+08
  0.561215E-03  0.187580E+08  0.187567E+08  0.598508E+07  0.568977E+07  0.187545E+08  0.187577E+08
  0.580216E-03  0.187544E+08  0.187530E+08  0.542679E+07  0.514004E+07  0.187506E+08  0.187541E+08
  0.599859E-03  0.187505E+08  0.187490E+08  0.489315E+07  0.461707E+07  0.187465E+08  0.187502E+08
  0.620168E-03  0.187464E+08  0.187448E+08  0.438796E+07  0.412468E+07  0.187422E+08  0.187461E+08
  0.641164E-03  0.187421E+08  0.187404E+08  0.391478E+07  0.366640E+07  0.187375E+08  0.187417E+08
  0.662871E-03  0.187375E+08  0.187358E+08  0.347677E+07  0.324530E+07  0.187326E+08  0.187371E+08
  0.685313E-03  0.187327E+08  0.187308E+08  0.307660E+07  0.286390E+07  0.187275E+08  0.187322E+08
  0.708515E-03  0.187275E+08  0.187256E+08  0.271630E+07  0.252400E+07  0.187220E+08  0.187271E+08
  0.732502E-03  0.187221E+08  0.187201E+08  0.239709E+07  0.222656E+07  0.187162E+08  0.187217E+08
  0.757302E-03  0.187164E+08  0.187143E+08  0.211933E+07  0.197157E+07  0.187101E+08  0.187159E+08
  0.782941E-03  0.187104E+08  0.187082E+08  0.188240E+07  0.175798E+07  0.187036E+08  0.187098E+08
  0.809448E-03  0.187040E+08  0.187017E+08  0.168460E+07  0.158362E+07  0.186968E+08  0.187035E+08
  0.836852E-03  0.186973E+08  0.186949E+08  0.152318E+07  0.144521E+07  0.186895E+08  0.186967E+08
  0.865185E-03  0.186902E+08  0.186877E+08  0.139439E+07  0.133842E+07  0.186819E+08  0.186896E+08
  0.894476E-03  0.186828E+08  0.186802E+08  0.129354E+07  0.125799E+07  0.186739E+08  0.186821E+08
  0.924759E-03  0.186749E+08  0.186722E+08  0.121519E+07  0.119795E+07  0.186654E+08  0.186742E+08
  0.956068E-03  0.186666E+08  0.186638E+08  0.115346E+07  0.115190E+07  0.186565E+08  0.186659E+08
  0.988436E-03  0.186579E+08  0.186550E+08  0.110227E+07  0.111334E+07  0.186471E+08  0.186572E+08
  0.102190E-02  0.186487E+08  0.186458E+08  0.105580E+07  0.107615E+07  0.186372E+08  0.186480E+08
  0.105650E-02  0.186391E+08  0.186360E+08  0.100882E+07  0.103497E+07  0.186268E+08  0.186383E+08
  0.109227E-02  0.186290E+08  0.186258E+08  0.957165E+06  0.985670E+06  0.186158E+08  0.186281E+08
  0.112925E-02  0.186183E+08  0.186150E+08  0.898075E+06  0.925702E+06  0.186042E+08  0.186174E+08
  0.116748E-02  0.186071E+08  0.186038E+08  0.830435E+06  0.854379E+06  0.185921E+08  0.186062E+08
  0.120700E-02  0.185953E+08  0.185919E+08  0.754912E+06  0.772961E+06  0.185793E+08  0.185944E+08
  0.124787E-02  0.185830E+08  0.185795E+08  0.673861E+06  0.684536E+06  0.185658E+08  0.185820E+08
  0.129011E-02  0.185700E+08  0.185665E+08  0.591025E+06  0.593660E+06  0.185517E+08  0.185690E+08
  0.133379E-02  0.185564E+08  0.185528E+08  0.511003E+06  0.505759E+06  0.185369E+08  0.185553E+08
  0.137895E-02  0.185421E+08  0.185385E+08  0.438544E+06  0.426334E+06  0.185213E+08  0.185410E+08
  0.142563E-02  0.185272E+08  0.185234E+08  0.377732E+06  0.360074E+06  0.185049E+08  0.185259E+08
  0.147390E-02  0.185114E+08  0.185077E+08  0.331197E+06  0.309998E+06  0.184877E+08  0.185102E+08
  0.152380E-02  0.184950E+08  0.184912E+08  0.299503E+06  0.276810E+06  0.184696E+08  0.184937E+08
  0.157539E-02  0.184777E+08  0.184739E+08  0.280882E+06  0.258625E+06  0.184506E+08  0.184764E+08
  0.162872E-02  0.184596E+08  0.184558E+08  0.271420E+06  0.251194E+06  0.184307E+08  0.184582E+08
  0.168387E-02  0.184407E+08  0.184368E+08  0.265768E+06  0.248685E+06  0.184098E+08  0.184392E+08
  0.174087E-02  0.184209E+08  0.184169E+08  0.258281E+06  0.244922E+06  0.183879E+08  0.184193E+08
  0.179981E-02  0.184001E+08  0.183962E+08  0.244394E+06  0.234848E+06  0.183649E+08  0.183985E+08
  0.186075E-02  0.183783E+08  0.183744E+08  0.221878E+06  0.215854E+06  0.183409E+08  0.183767E+08
  0.192374E-02  0.183556E+08  0.183517E+08  0.191582E+06  0.188548E+06  0.183156E+08  0.183538E+08
  0.198887E-02  0.183318E+08  0.183279E+08  0.157327E+06  0.156631E+06  0.182892E+08  0.183300E+08
  0.205621E-02  0.183069E+08  0.183030E+08  0.124813E+06  0.125739E+06  0.182615E+08  0.183050E+08
  0.212582E-02  0.182809E+08  0.182770E+08  0.997233E+05  0.101501E+06  0.182324E+08  0.182789E+08
  0.219779E-02  0.182537E+08  0.182498E+08  0.856098E+05  0.873967E+05  0.182021E+08  0.182516E+08
  0.227220E-02  0.182253E+08  0.182213E+08  0.823476E+05  0.832599E+05  0.181702E+08  0.182231E+08
  0.234913E-02  0.181956E+08  0.181916E+08  0.859478E+05  0.851856E+05  0.181370E+08  0.181933E+08
  0.242866E-02  0.181645E+08  0.181606E+08  0.900646E+05  0.871363E+05  0.181021E+08  0.181621E+08
  0.251089E-02  0.181322E+08  0.181282E+08  0.887850E+05  0.837448E+05  0.180657E+08  0.181296E+08
  0.259589E-02  0.180983E+08  0.180944E+08  0.795011E+05  0.730500E+05  0.180276E+08  0.180957E+08
  0.268378E-02  0.180631E+08  0.180590E+08  0.643092E+05  0.576239E+05  0.179878E+08  0.180603E+08
  0.277464E-02  0.180263E+08  0.180222E+08  0.488701E+05  0.431444E+05  0.179461E+08  0.180233E+08
  0.286858E-02  0.179879E+08  0.179838E+08  0.390123E+05  0.348936E+05  0.179027E+08  0.179848E+08
  0.296570E-02  0.179479E+08  0.179437E+08  0.369459E+05  0.341986E+05  0.178572E+08  0.179446E+08
  0.306610E-02  0.179061E+08  0.179019E+08  0.396801E+05  0.373607E+05  0.178098E+08  0.179027E+08
  0.316991E-02  0.178627E+08  0.178584E+08  0.411605E+05  0.382901E+05  0.177603E+08  0.178590E+08
  0.327723E-02  0.178174E+08  0.178130E+08  0.369720E+05  0.332959E+05  0.177086E+08  0.178136E+08
  0.338818E-02  0.177703E+08  0.177658E+08  0.279895E+05  0.242398E+05  0.176548E+08  0.177662E+08
  0.350289E-02  0.177212E+08  0.177166E+08  0.195267E+05  0.169135E+05  0.175986E+08  0.177169E+08
  0.362148E-02  0.176701E+08  0.176655E+08  0.161923E+05  0.154972E+05  0.175400E+08  0.176656E+08
  0.374409E-02  0.176170E+08  0.176122E+08  0.171769E+05  0.182355E+05  0.174790E+08  0.176123E+08
  0.387085E-02  0.175617E+08  0.175569E+08  0.172264E+05  0.192390E+05  0.174155E+08  0.175568E+08
  0.400190E-02  0.175043E+08  0.174994E+08  0.129634E+05  0.151835E+05  0.173493E+08  0.174990E+08
  0.413739E-02  0.174446E+08  0.174396E+08  0.740069E+04  0.934957E+04  0.172805E+08  0.174391E+08
  0.427746E-02  0.173826E+08  0.173775E+08  0.628344E+04  0.739093E+04  0.172089E+08  0.173768E+08
  0.442228E-02  0.173182E+08  0.173130E+08  0.100234E+05  0.958952E+04  0.171344E+08  0.173121E+08
  0.457200E-02  0.172514E+08  0.172460E+08  0.124990E+05  0.116453E+05  0.170570E+08  0.172449E+08
  0.472678E-02  0.171820E+08  0.171766E+08  0.983577E+04  0.152942E+05  0.169767E+08  0.171752E+08
  0.488681E-02  0.171101E+08  0.171045E+08  0.645734E+04  0.000000E+00  0.168932E+08  0.171029E+08
  0.505226E-02  0.170355E+08  0.170297E+08  0.757442E+04  0.000000E+00  0.168066E+08  0.170279E+08
  0.522331E-02  0.169581E+08  0.169522E+08  0.969391E+04  0.000000E+00  0.167168E+08  0.169502E+08
  0.540015E-02  0.168780E+08  0.168720E+08  0.695480E+04  0.000000E+00  0.166236E+08  0.168697E+08
  0.558297E-02  0.167951E+08  0.167888E+08  0.287260E+04  0.000000E+00  0.165271E+08  0.167863E+08
  0.577199E-02  0.167092E+08  0.167027E+08  0.369798E+04  0.000000E+00  0.164272E+08  0.167000E+08
  0.596740E-02  0.166203E+08  0.166136E+08  0.558680E+04  0.000000E+00  0.163238E+08  0.166107E+08
  0.616943E-02  0.165284E+08  0.165215E+08  0.362471E+04  0.000000E+00  0.162168E+08  0.165183E+08
  0.637830E-02  0.164334E+08  0.164263E+08  0.270031E+04  0.000000E+00  0.161062E+08  0.164228E+08
  0.659425E-02  0.163352E+08  0.163278E+08  0.395988E+04  0.000000E+00  0.159919E+08  0.163241E+08
  0.681750E-02  0.162338E+08  0.162262E+08  0.169955E+04  0.000000E+00  0.158739E+08  0.162222E+08
  0.704831E-02  0.161291E+08  0.161212E+08  0.738603E+01  0.000000E+00  0.157522E+08  0.161170E+08
  0.728694E-02  0.160211E+08  0.160129E+08  0.225901E+04  0.000000E+00  0.156266E+08  0.160084E+08
  0.753364E-02  0.159097E+08  0.159012E+08  0.156454E+04  0.000000E+00  0.154972E+08  0.158965E+08
  0.778870E-02  0.157949E+08  0.157861E+08  0.270184E+03  0.000000E+00  0.153639E+08  0.157810E+08
  0.805239E-02  0.156766E+08  0.156674E+08  0.961665E+03  0.000000E+00  0.152267E+08  0.156621E+08
  0.832501E-02  0.155548E+08  0.155452E+08  0.365640E+03  0.000000E+00  0.150856E+08  0.155397E+08
  0.860686E-02  0.154294E+08  0.154195E+08  0.164156E+04  0.000000E+00  0.149404E+08  0.154137E+08
  0.889825E-02  0.153004E+08  0.152901E+08  0.690757E+02  0.000000E+00  0.147913E+08  0.152841E+08
  0.919951E-02  0.151678E+08  0.151571E+08  0.468179E+03  0.000000E+00  0.146381E+08  0.151508E+08
  0.951096E-02  0.150316E+08  0.150203E+08  0.680008E+03  0.000000E+00  0.144808E+08  0.150139E+08
  0.983296E-02  0.148916E+08  0.148799E+08 -0.625605E+03  0.000000E+00  0.143195E+08  0.148732E+08
  0.101659E-01  0.147498E+08  0.147376E+08  0.430563E+03  0.000000E+00  0.141585E+08  0.147308E+08
  0.105100E-01  0.146025E+08  0.145897E+08 -0.326242E+03  0.000000E+00  0.139890E+08  0.145827E+08
  0.108659E-01  0.144514E+08  0.144380E+08  0.106157E+03  0.000000E+00  0.138154E+08  0.144309E+08
  0.112337E-01  0.142965E+08  0.142825E+08 -0.145813E+02  0.000000E+00  0.136376E+08  0.142752E+08
  0.116141E-01  0.141378E+08  0.141232E+08 -0.119836E+03  0.000000E+00  0.134558E+08  0.141158E+08
  0.120073E-01  0.139753E+08  0.139600E+08 -0.653950E+02  0.000000E+00  0.132698E+08  0.139525E+08
  0.124138E-01  0.138089E+08  0.137929E+08 -0.320306E+03  0.000000E+00  0.130796E+08  0.137853E+08
  0.128341E-01  0.136382E+08  0.136214E+08 -0.655965E+02  0.000000E+00  0.128846E+08  0.136137E+08
  0.132686E-01  0.134640E+08  0.134464E+08 -0.298793E+03  0.000000E+00  0.126862E+08  0.134388E+08
  0.137178E-01  0.132860E+08  0.132676E+08 -0.312246E+03  0.000000E+00  0.124838E+08  0.132599E+08
  0.141822E-01  0.131041E+08  0.130849E+08  0.676971E+02  0.000000E+00  0.122774E+08  0.130772E+08
  0.146624E-01  0.129184E+08  0.128983E+08 -0.345417E+03  0.000000E+00  0.120672E+08  0.128906E+08
  0.151588E-01  0.127288E+08  0.127078E+08 -0.268861E+03  0.000000E+00  0.118530E+08  0.127002E+08
  0.156720E-01  0.125356E+08  0.125136E+08 -0.183983E+03  0.000000E+00  0.116354E+08  0.125061E+08
  0.162026E-01  0.123385E+08  0.123154E+08 -0.390667E+02  0.000000E+00  0.114138E+08  0.123081E+08
  0.167511E-01  0.121376E+08  0.121135E+08 -0.320651E+03  0.000000E+00  0.111886E+08  0.121064E+08
  0.173182E-01  0.119330E+08  0.119078E+08 -0.205640E+03  0.000000E+00  0.109599E+08  0.119009E+08
  0.179045E-01  0.117247E+08  0.116985E+08 -0.247418E+03  0.000000E+00  0.107279E+08  0.116918E+08
  0.185107E-01  0.115129E+08  0.114855E+08 -0.161626E+03  0.000000E+00  0.104925E+08  0.114791E+08
  0.191374E-01  0.112976E+08  0.112690E+08 -0.111757E+02  0.000000E+00  0.102542E+08  0.112629E+08
  0.197853E-01  0.110789E+08  0.110492E+08 -0.110746E+03  0.000000E+00  0.100129E+08  0.110434E+08
  0.204552E-01  0.108570E+08  0.108261E+08 -0.116049E+03  0.000000E+00  0.976906E+07  0.108207E+08
  0.211477E-01  0.106320E+08  0.105999E+08 -0.319391E+02  0.000000E+00  0.952280E+07  0.105949E+08
  0.218637E-01  0.104041E+08  0.103708E+08  0.490423E+02  0.000000E+00  0.927447E+07  0.103663E+08
  0.226039E-01  0.101736E+08  0.101390E+08  0.126779E+01  0.000000E+00  0.902436E+07  0.101350E+08
  0.233691E-01  0.994056E+07  0.990475E+07 -0.171293E+03  0.000000E+00  0.877281E+07  0.990122E+07
  0.241603E-01  0.970538E+07  0.966836E+07 -0.666843E+02  0.000000E+00  0.852015E+07  0.966535E+07
  0.249783E-01  0.946834E+07  0.943014E+07 -0.147267E+03  0.000000E+00  0.826672E+07  0.942765E+07
  0.258240E-01  0.922980E+07  0.919046E+07 -0.468056E+02  0.000000E+00  0.801291E+07  0.918849E+07
  0.266982E-01  0.899013E+07  0.894969E+07 -0.382020E+02  0.000000E+00  0.775910E+07  0.894825E+07
  0.276021E-01  0.874977E+07  0.870829E+07 -0.992854E+02  0.000000E+00  0.750574E+07  0.870735E+07
  0.285366E-01  0.850916E+07  0.846672E+07 -0.505800E+02  0.000000E+00  0.725333E+07  0.846625E+07
  0.295027E-01  0.826880E+07  0.822549E+07 -0.718549E+01  0.000000E+00  0.700243E+07  0.822546E+07
  0.305016E-01  0.802925E+07  0.798517E+07 -0.105581E+03  0.000000E+00  0.675363E+07  0.798552E+07
  0.315342E-01  0.779108E+07  0.774636E+07 -0.293976E+02  0.000000E+00  0.650756E+07  0.774702E+07
  0.326019E-01  0.755493E+07  0.750970E+07 -0.468964E+02  0.000000E+00  0.626485E+07  0.751060E+07
  0.337056E-01  0.732145E+07  0.727586E+07 -0.448053E+02  0.000000E+00  0.602610E+07  0.727692E+07
  0.348467E-01  0.709133E+07  0.704556E+07 -0.212228E+02  0.000000E+00  0.579193E+07  0.704665E+07
  0.360265E-01  0.686527E+07  0.681951E+07 -0.356924E+02  0.000000E+00  0.556290E+07  0.682051E+07
  0.372462E-01  0.664398E+07  0.659842E+07 -0.304159E+02  0.000000E+00  0.533961E+07  0.659919E+07
  0.385072E-01  0.642814E+07  0.638300E+07 -0.239143E+02  0.000000E+00  0.512258E+07  0.638338E+07
  0.398109E-01  0.621842E+07  0.617392E+07 -0.189536E+02  0.000000E+00  0.491234E+07  0.617375E+07
  0.411587E-01  0.601544E+07  0.597181E+07 -0.257886E+02  0.000000E+00  0.470935E+07  0.597089E+07
  0.425522E-01  0.581974E+07  0.577721E+07 -0.144266E+02  0.000000E+00  0.451399E+07  0.577537E+07
  0.439928E-01  0.563179E+07  0.559059E+07 -0.172631E+02  0.000000E+00  0.432658E+07  0.558764E+07
  0.454592E-01  0.545461E+07  0.541495E+07 -0.929062E+01  0.000000E+00  0.414999E+07  0.541071E+07
  0.469257E-01  0.529075E+07  0.525277E+07 -0.223408E+02  0.000000E+00  0.398661E+07  0.524712E+07
  0.483921E-01  0.513922E+07  0.510304E+07 -0.201766E+02  0.000000E+00  0.383534E+07  0.509587E+07
  0.498585E-01  0.499902E+07  0.496472E+07 -0.173821E+02  0.000000E+00  0.369511E+07  0.495595E+07
  0.513249E-01  0.486911E+07  0.483673E+07 -0.133737E+02  0.000000E+00  0.356487E+07  0.482632E+07
  0.527914E-01  0.474846E+07  0.471804E+07 -0.187241E+01  0.000000E+00  0.344365E+07  0.470596E+07
  0.542578E-01  0.463607E+07  0.460758E+07 -0.582779E+01  0.000000E+00  0.333048E+07  0.459383E+07
  0.557242E-01  0.453093E+07  0.450436E+07 -0.176902E+02  0.000000E+00  0.322445E+07  0.448896E+07
  0.571907E-01  0.443211E+07  0.440738E+07 -0.123905E+02  0.000000E+00  0.312468E+07  0.439039E+07
  0.586571E-01  0.433870E+07  0.431572E+07 -0.143089E+02  0.000000E+00  0.303037E+07  0.429722E+07
  0.601235E-01  0.424984E+07  0.422851E+07 -0.560978E+01  0.000000E+00  0.294081E+07  0.420859E+07
  0.615899E-01  0.416475E+07  0.414495E+07 -0.384892E+01  0.000000E+00  0.285533E+07  0.412372E+07
  0.630564E-01  0.408273E+07  0.406431E+07 -0.475361E+01  0.000000E+00  0.277337E+07  0.404191E+07
  0.645228E-01  0.400312E+07  0.398594E+07 -0.115415E+02  0.000000E+00  0.269441E+07  0.396252E+07
  0.659892E-01  0.392539E+07  0.390929E+07 -0.698519E+01  0.000000E+00  0.261800E+07  0.388498E+07
  0.674556E-01  0.384905E+07  0.383387E+07 -0.893827E+01  0.000000E+00  0.254379E+07  0.380885E+07
  0.689221E-01  0.377372E+07  0.375930E+07 -0.468995E+01  0.000000E+00  0.247145E+07  0.373372E+07
  0.703885E-01  0.369908E+07  0.368526E+07 -0.347220E+01  0.000000E+00  0.240074E+07  0.365928E+07
  0.718549E-01  0.362490E+07  0.361153E+07 -0.747243E+01  0.000000E+00  0.233148E+07  0.358531E+07
  0.733214E-01  0.355103E+07  0.353796E+07 -0.584896E+01  0.000000E+00  0.226354E+07  0.351166E+07
  0.747878E-01  0.347741E+07  0.346451E+07 -0.669804E+01  0.000000E+00  0.219687E+07  0.343827E+07
  0.762542E-01  0.340390E+07  0.339104E+07 -0.830734E+01  0.000000E+00  0.213136E+07  0.336500E+07
  0.777206E-01  0.333062E+07  0.331770E+07 -0.123845E+02  0.000000E+00  0.206704E+07  0.329197E+07
  0.791871E-01  0.325765E+07  0.324458E+07 -0.693670E+01  0.000000E+00  0.200396E+07  0.321927E+07
  0.806535E-01  0.318514E+07  0.317183E+07 -0.427724E+01  0.000000E+00  0.194217E+07  0.314702E+07
  0.821199E-01  0.311322E+07  0.309962E+07 -0.604420E+01  0.000000E+00  0.188175E+07  0.307540E+07
  0.835864E-01  0.304211E+07  0.302816E+07 -0.319793E+01  0.000000E+00  0.182278E+07  0.300459E+07
  0.850528E-01  0.297200E+07  0.295768E+07 -0.466603E+01  0.000000E+00  0.176536E+07  0.293479E+07
  0.865192E-01  0.290312E+07  0.288842E+07 -0.593738E+01  0.000000E+00  0.170958E+07  0.286623E+07
  0.879856E-01  0.283568E+07  0.282060E+07 -0.667326E+01  0.000000E+00  0.165554E+07  0.279912E+07
  0.894521E-01  0.276991E+07  0.275447E+07 -0.996790E+01  0.000000E+00  0.160333E+07  0.273369E+07
  0.909185E-01  0.270601E+07  0.269024E+07 -0.200542E+01  0.000000E+00  0.155302E+07  0.267014E+07
  0.923849E-01  0.264418E+07  0.262813E+07  0.202255E+01  0.000000E+00  0.150468E+07  0.260865E+07
  0.942171E-01  0.257008E+07  0.255375E+07 -0.246849E+01  0.000000E+00  0.144715E+07  0.253500E+07
  0.960494E-01  0.249976E+07  0.248323E+07 -0.143632E+01  0.000000E+00  0.139285E+07  0.246511E+07
  0.978816E-01  0.243341E+07  0.241680E+07 -0.108302E+01  0.000000E+00  0.134181E+07  0.239919E+07
  0.997138E-01  0.237118E+07  0.235460E+07 -0.668024E+01  0.000000E+00  0.129402E+07  0.233738E+07
  0.101546E+00  0.231311E+07  0.229668E+07 -0.327293E+01  0.000000E+00  0.124939E+07  0.227973E+07
  0.103378E+00  0.225918E+07  0.224300E+07 -0.384975E+01  0.000000E+00  0.120784E+07  0.222620E+07
  0.105211E+00  0.220928E+07  0.219346E+07 -0.117964E+01  0.000000E+00  0.116922E+07  0.217668E+07
  0.107043E+00  0.216323E+07  0.214787E+07 -0.385185E+01  0.000000E+00  0.113334E+07  0.213099E+07
  0.108875E+00  0.212080E+07  0.210598E+07 -0.353543E+01  0.000000E+00  0.110001E+07  0.208891E+07
  0.110707E+00  0.208168E+07  0.206748E+07 -0.857507E+00  0.000000E+00  0.106901E+07  0.205012E+07
  0.112539E+00  0.204554E+07  0.203200E+07 -0.105141E+01  0.000000E+00  0.104009E+07  0.201429E+07
  0.114372E+00  0.201201E+07  0.199916E+07 -0.818145E+00  0.000000E+00  0.101301E+07  0.198105E+07
  0.116204E+00  0.198069E+07  0.196857E+07  0.691649E+00  0.000000E+00  0.987532E+06  0.195001E+07
  0.118036E+00  0.195121E+07  0.193980E+07 -0.238104E+01  0.000000E+00  0.963406E+06  0.192079E+07
  0.119868E+00  0.192315E+07  0.191245E+07 -0.248008E+01  0.000000E+00  0.940404E+06  0.189299E+07
  0.121701E+00  0.189614E+07  0.188611E+07 -0.219669E+01  0.000000E+00  0.918307E+06  0.186622E+07
  0.123533E+00  0.186981E+07  0.186040E+07 -0.110375E+01  0.000000E+00  0.896920E+06  0.184013E+07
  0.125365E+00  0.184384E+07  0.183500E+07 -0.217124E+01  0.000000E+00  0.876071E+06  0.181440E+07
  0.127197E+00  0.181796E+07  0.180962E+07 -0.330253E+01  0.000000E+00  0.855619E+06  0.178875E+07
  0.129030E+00  0.179194E+07  0.178403E+07 -0.101335E+01  0.000000E+00  0.835449E+06  0.176297E+07
  0.130862E+00  0.176561E+07  0.175805E+07 -0.239289E+01  0.000000E+00  0.815473E+06  0.173687E+07
  0.132694E+00  0.173884E+07  0.173155E+07 -0.113935E+01  0.000000E+00  0.795628E+06  0.171034E+07
  0.134526E+00  0.171153E+07  0.170445E+07  0.000000E+00  0.000000E+00  0.775877E+06  0.168329E+07
  0.136358E+00  0.168366E+07  0.167670E+07  0.000000E+00  0.000000E+00  0.756199E+06  0.165568E+07
  0.138191E+00  0.165525E+07  0.164834E+07  0.000000E+00  0.000000E+00  0.736606E+06  0.162752E+07
  0.140023E+00  0.162634E+07  0.161943E+07  0.000000E+00  0.000000E+00  0.717123E+06  0.159889E+07
  0.141855E+00  0.159704E+07  0.159007E+07  0.000000E+00  0.000000E+00  0.697789E+06  0.156987E+07
  0.143687E+00  0.156747E+07  0.156039E+07  0.000000E+00  0.000000E+00  0.678659E+06  0.154058E+07
  0.145520E+00  0.153778E+07  0.153057E+07  0.000000E+00  0.000000E+00  0.659800E+06  0.151119E+07
  0.147352E+00  0.150817E+07  0.150079E+07  0.000000E+00  0.000000E+00  0.641281E+06  0.148187E+07
  0.149184E+00  0.147879E+07  0.147123E+07  0.000000E+00  0.000000E+00  0.623167E+06  0.145279E+07
  0.151016E+00  0.144982E+07  0.144209E+07  0.000000E+00  0.000000E+00  0.605526E+06  0.142413E+07
  0.152849E+00  0.142145E+07  0.141355E+07  0.000000E+00  0.000000E+00  0.588421E+06  0.139607E+07
  0.154681E+00  0.139383E+07  0.138578E+07  0.000000E+00  0.000000E+00  0.571906E+06  0.136875E+07
  0.156513E+00  0.136712E+07  0.135894E+07  0.000000E+00  0.000000E+00  0.556027E+06  0.134232E+07
  0.158345E+00  0.134143E+07  0.133316E+07  0.000000E+00  0.000000E+00  0.540826E+06  0.131693E+07
  0.160177E+00  0.131689E+07  0.130855E+07  0.000000E+00  0.000000E+00  0.526327E+06  0.129267E+07
  0.162010E+00  0.129357E+07  0.128521E+07  0.000000E+00  0.000000E+00  0.512547E+06  0.126963E+07
  0.163842E+00  0.127153E+07  0.126319E+07  0.000000E+00  0.000000E+00  0.499492E+06  0.124785E+07
  0.165674E+00  0.125080E+07  0.124251E+07  0.000000E+00  0.000000E+00  0.487154E+06  0.122737E+07
  0.167506E+00  0.123136E+07  0.122317E+07  0.000000E+00  0.000000E+00  0.475513E+06  0.120817E+07
  0.169339E+00  0.121318E+07  0.120512E+07  0.000000E+00  0.000000E+00  0.464537E+06  0.119022E+07
  0.171171E+00  0.119619E+07  0.118831E+07  0.000000E+00  0.000000E+00  0.454189E+06  0.117345E+07
  0.173003E+00  0.118033E+07  0.117265E+07  0.000000E+00  0.000000E+00  0.444424E+06  0.115780E+07
  0.174835E+00  0.116550E+07  0.115804E+07  0.000000E+00  0.000000E+00  0.435193E+06  0.114316E+07
  0.176668E+00  0.115158E+07  0.114437E+07  0.000000E+00  0.000000E+00  0.426442E+06  0.112943E+07
  0.178500E+00  0.113845E+07  0.113151E+07  0.000000E+00  0.000000E+00  0.418115E+06  0.111648E+07
  0.180332E+00  0.112600E+07  0.111932E+07  0.000000E+00  0.000000E+00  0.410155E+06  0.110420E+07
  0.182164E+00  0.111407E+07  0.110766E+07  0.000000E+00  0.000000E+00  0.402506E+06  0.109244E+07
  0.183996E+00  0.110255E+07  0.109640E+07  0.000000E+00  0.000000E+00  0.395113E+06  0.108107E+07
  0.185829E+00  0.109129E+07  0.108540E+07  0.000000E+00  0.000000E+00  0.387923E+06  0.106998E+07
  0.187661E+00  0.108019E+07  0.107454E+07  0.000000E+00  0.000000E+00  0.380892E+06  0.105903E+07
  0.189493E+00  0.106914E+07  0.106371E+07  0.000000E+00  0.000000E+00  0.373977E+06  0.104813E+07
  0.191325E+00  0.105804E+07  0.105281E+07  0.000000E+00  0.000000E+00  0.367146E+06  0.103719E+07
  0.193158E+00  0.104683E+07  0.104177E+07  0.000000E+00  0.000000E+00  0.360372E+06  0.102613E+07
  0.194990E+00  0.103544E+07  0.103053E+07  0.000000E+00  0.000000E+00  0.353633E+06  0.101490E+07
  0.196822E+00  0.102383E+07  0.101904E+07  0.000000E+00  0.000000E+00  0.346915E+06  0.100345E+07
  0.198654E+00  0.101198E+07  0.100728E+07  0.000000E+00  0.000000E+00  0.340208E+06  0.991757E+06
  0.200487E+00  0.999872E+06  0.995236E+06  0.000000E+00  0.000000E+00  0.333512E+06  0.979818E+06
  0.202319E+00  0.987520E+06  0.982924E+06  0.000000E+00  0.000000E+00  0.326827E+06  0.967638E+06
  0.204151E+00  0.974944E+06  0.970365E+06  0.000000E+00  0.000000E+00  0.320162E+06  0.955236E+06
  0.205983E+00  0.962181E+06  0.957599E+06  0.000000E+00  0.000000E+00  0.313530E+06  0.942651E+06
  0.207815E+00  0.949282E+06  0.944680E+06  0.000000E+00  0.000000E+00  0.306947E+06  0.929932E+06
  0.209648E+00  0.936303E+06  0.931667E+06  0.000000E+00  0.000000E+00  0.300429E+06  0.917135E+06
  0.211480E+00  0.923304E+06  0.918626E+06  0.000000E+00  0.000000E+00  0.293996E+06  0.904320E+06
  0.213312E+00  0.910354E+06  0.905627E+06  0.000000E+00  0.000000E+00  0.287668E+06  0.891556E+06
  0.215144E+00  0.897520E+06  0.892740E+06  0.000000E+00  0.000000E+00  0.281464E+06  0.878906E+06
  0.216977E+00  0.884865E+06  0.880035E+06  0.000000E+00  0.000000E+00  0.275402E+06  0.866434E+06
  0.218809E+00  0.872451E+06  0.867575E+06  0.000000E+00  0.000000E+00  0.269498E+06  0.854202E+06
  0.220641E+00  0.860335E+06  0.855420E+06  0.000000E+00  0.000000E+00  0.263768E+06  0.842266E+06
  0.222473E+00  0.848569E+06  0.843625E+06  0.000000E+00  0.000000E+00  0.258224E+06  0.830677E+06
  0.224306E+00  0.837198E+06  0.832236E+06  0.000000E+00  0.000000E+00  0.252874E+06  0.819478E+06
  0.226138E+00  0.826257E+06  0.821291E+06  0.000000E+00  0.000000E+00  0.247727E+06  0.808704E+06
  0.227970E+00  0.815771E+06  0.810814E+06  0.000000E+00  0.000000E+00  0.242786E+06  0.798381E+06
  0.229802E+00  0.805753E+06  0.800821E+06  0.000000E+00  0.000000E+00  0.238050E+06  0.788520E+06
  0.231634E+00  0.796207E+06  0.791313E+06  0.000000E+00  0.000000E+00  0.233516E+06  0.779125E+06
  0.233467E+00  0.787125E+06  0.782284E+06  0.000000E+00  0.000000E+00  0.229178E+06  0.770189E+06
  0.235299E+00  0.778492E+06  0.773717E+06  0.000000E+00  0.000000E+00  0.225028E+06  0.761696E+06
  0.237131E+00  0.770286E+06  0.765587E+06  0.000000E+00  0.000000E+00  0.221056E+06  0.753624E+06
  0.238963E+00  0.762475E+06  0.757864E+06  0.000000E+00  0.000000E+00  0.217248E+06  0.745943E+06
  0.240796E+00  0.755025E+06  0.750510E+06  0.000000E+00  0.000000E+00  0.213592E+06  0.738618E+06
  0.242628E+00  0.747898E+06  0.743485E+06  0.000000E+00  0.000000E+00  0.210074E+06  0.731612E+06
  0.244460E+00  0.741049E+06  0.736742E+06  0.000000E+00  0.000000E+00  0.206679E+06  0.724878E+06
  0.246292E+00  0.734430E+06  0.730231E+06  0.000000E+00  0.000000E+00  0.203391E+06  0.718372E+06
  0.248125E+00  0.727994E+06  0.723903E+06  0.000000E+00  0.000000E+00  0.200196E+06  0.712047E+06
  0.249957E+00  0.721696E+06  0.717711E+06  0.000000E+00  0.000000E+00  0.197078E+06  0.705858E+06
  0.251789E+00  0.715492E+06  0.711609E+06  0.000000E+00  0.000000E+00  0.194024E+06  0.699761E+06
  0.253621E+00  0.709343E+06  0.705556E+06  0.000000E+00  0.000000E+00  0.191023E+06  0.693717E+06
  0.255453E+00  0.703213E+06  0.699516E+06  0.000000E+00  0.000000E+00  0.188064E+06  0.687693E+06
  0.257286E+00  0.697073E+06  0.693456E+06  0.000000E+00  0.000000E+00  0.185139E+06  0.681659E+06
  0.259118E+00  0.690898E+06  0.687354E+06  0.000000E+00  0.000000E+00  0.182240E+06  0.675590E+06
  0.260950E+00  0.684670E+06  0.681188E+06  0.000000E+00  0.000000E+00  0.179363E+06  0.669468E+06
  0.262782E+00  0.678374E+06  0.674945E+06  0.000000E+00  0.000000E+00  0.176503E+06  0.663280E+06
  0.264615E+00  0.672002E+06  0.668616E+06  0.000000E+00  0.000000E+00  0.173658E+06  0.657018E+06
  0.266447E+00  0.665554E+06  0.662202E+06  0.000000E+00  0.000000E+00  0.170828E+06  0.650679E+06
  0.268279E+00  0.659032E+06  0.655706E+06  0.000000E+00  0.000000E+00  0.168014E+06  0.644270E+06
  0.270111E+00  0.652448E+06  0.649139E+06  0.000000E+00  0.000000E+00  0.165218E+06  0.637798E+06
  0.271944E+00  0.645815E+06  0.642516E+06  0.000000E+00  0.000000E+00  0.162443E+06  0.631278E+06
  0.273776E+00  0.639151E+06  0.635856E+06  0.000000E+00  0.000000E+00  0.159693E+06  0.624729E+06
  0.275608E+00  0.632476E+06  0.629181E+06  0.000000E+00  0.000000E+00  0.156974E+06  0.618169E+06
  0.277440E+00  0.625813E+06  0.622514E+06  0.000000E+00  0.000000E+00  0.154291E+06  0.611621E+06
  0.279272E+00  0.619184E+06  0.615879E+06  0.000000E+00  0.000000E+00  0.151648E+06  0.605107E+06
  0.281105E+00  0.612612E+06  0.609300E+06  0.000000E+00  0.000000E+00  0.149051E+06  0.598649E+06
  0.282937E+00  0.606120E+06  0.602801E+06  0.000000E+00  0.000000E+00  0.146504E+06  0.592270E+06
  0.284769E+00  0.599729E+06  0.596405E+06  0.000000E+00  0.000000E+00  0.144012E+06  0.585991E+06
  0.286601E+00  0.593460E+06  0.590134E+06  0.000000E+00  0.000000E+00  0.141579E+06  0.579833E+06
  0.288434E+00  0.587331E+06  0.584005E+06  0.000000E+00  0.000000E+00  0.139208E+06  0.573814E+06
  0.290266E+00  0.581358E+06  0.578037E+06  0.000000E+00  0.000000E+00  0.136901E+06  0.567948E+06
  0.292098E+00  0.575552E+06  0.572240E+06  0.000000E+00  0.000000E+00  0.134661E+06  0.562247E+06
  0.293930E+00  0.569922E+06  0.566624E+06  0.000000E+00  0.000000E+00  0.132488E+06  0.556720E+06
  0.295763E+00  0.564473E+06  0.561193E+06  0.000000E+00  0.000000E+00  0.130383E+06  0.551370E+06
  0.297595E+00  0.559204E+06  0.555948E+06  0.000000E+00  0.000000E+00  0.128343E+06  0.546198E+06
  0.299427E+00  0.554113E+06  0.550886E+06  0.000000E+00  0.000000E+00  0.126368E+06  0.541203E+06
  0.301259E+00  0.549196E+06  0.546002E+06  0.000000E+00  0.000000E+00  0.124455E+06  0.536378E+06
  0.303091E+00  0.544446E+06  0.541288E+06  0.000000E+00  0.000000E+00  0.122601E+06  0.531717E+06
  0.304924E+00  0.539851E+06  0.536734E+06  0.000000E+00  0.000000E+00  0.120804E+06  0.527210E+06
  0.306756E+00  0.535401E+06  0.532327E+06  0.000000E+00  0.000000E+00  0.119059E+06  0.522845E+06
  0.308588E+00  0.531081E+06  0.528052E+06  0.000000E+00  0.000000E+00  0.117362E+06  0.518608E+06
  0.310420E+00  0.526875E+06  0.523893E+06  0.000000E+00  0.000000E+00  0.115710E+06  0.514484E+06
  0.312253E+00  0.522768E+06  0.519833E+06  0.000000E+00  0.000000E+00  0.114097E+06  0.510456E+06
  0.314085E+00  0.518742E+06  0.515854E+06  0.000000E+00  0.000000E+00  0.112520E+06  0.506508E+06
  0.315917E+00  0.514781E+06  0.511940E+06  0.000000E+00  0.000000E+00  0.110974E+06  0.502624E+06
  0.317749E+00  0.510871E+06  0.508075E+06  0.000000E+00  0.000000E+00  0.109457E+06  0.498791E+06
  0.319582E+00  0.506999E+06  0.504246E+06  0.000000E+00  0.000000E+00  0.107964E+06  0.494994E+06
  0.321414E+00  0.503152E+06  0.500440E+06  0.000000E+00  0.000000E+00  0.106492E+06  0.491222E+06
  0.323246E+00  0.499319E+06  0.496645E+06  0.000000E+00  0.000000E+00  0.105040E+06  0.487464E+06
  0.325078E+00  0.495491E+06  0.492852E+06  0.000000E+00  0.000000E+00  0.103604E+06  0.483711E+06
  0.326910E+00  0.491660E+06  0.489053E+06  0.000000E+00  0.000000E+00  0.102183E+06  0.479955E+06
  0.328743E+00  0.487822E+06  0.485243E+06  0.000000E+00  0.000000E+00  0.100776E+06  0.476192E+06
  0.330575E+00  0.483974E+06  0.481419E+06  0.000000E+00  0.000000E+00  0.993818E+05  0.472418E+06
  0.332407E+00  0.480113E+06  0.477580E+06  0.000000E+00  0.000000E+00  0.979999E+05  0.468633E+06
  0.334239E+00  0.476241E+06  0.473727E+06  0.000000E+00  0.000000E+00  0.966306E+05  0.464837E+06
  0.336072E+00  0.472362E+06  0.469864E+06  0.000000E+00  0.000000E+00  0.952743E+05  0.461033E+06
  0.337904E+00  0.468480E+06  0.465994E+06  0.000000E+00  0.000000E+00  0.939318E+05  0.457227E+06
  0.339736E+00  0.464600E+06  0.462125E+06  0.000000E+00  0.000000E+00  0.926040E+05  0.453423E+06
  0.341568E+00  0.460729E+06  0.458263E+06  0.000000E+00  0.000000E+00  0.912920E+05  0.449627E+06
  0.343401E+00  0.456874E+06  0.454415E+06  0.000000E+00  0.000000E+00  0.899970E+05  0.445847E+06
  0.345233E+00  0.453041E+06  0.450590E+06  0.000000E+00  0.000000E+00  0.887201E+05  0.442090E+06
  0.347065E+00  0.449239E+06  0.446794E+06  0.000000E+00  0.000000E+00  0.874627E+05  0.438363E+06
  0.348897E+00  0.445476E+06  0.443037E+06  0.000000E+00  0.000000E+00  0.862258E+05  0.434674E+06
  0.350729E+00  0.441759E+06  0.439326E+06  0.000000E+00  0.000000E+00  0.850109E+05  0.431030E+06
  0.352562E+00  0.438095E+06  0.435669E+06  0.000000E+00  0.000000E+00  0.838189E+05  0.427439E+06
  0.354394E+00  0.434491E+06  0.432073E+06  0.000000E+00  0.000000E+00  0.826507E+05  0.423907E+06
  0.356226E+00  0.430952E+06  0.428544E+06  0.000000E+00  0.000000E+00  0.815071E+05  0.420439E+06
  0.358058E+00  0.427482E+06  0.425084E+06  0.000000E+00  0.000000E+00  0.803883E+05  0.417040E+06
  0.359891E+00  0.424084E+06  0.421699E+06  0.000000E+00  0.000000E+00  0.792945E+05  0.413710E+06
  0.361723E+00  0.420760E+06  0.418388E+06  0.000000E+00  0.000000E+00  0.782256E+05  0.410454E+06
  0.363555E+00  0.417510E+06  0.415153E+06  0.000000E+00  0.000000E+00  0.771815E+05  0.407270E+06
  0.365387E+00  0.414334E+06  0.411994E+06  0.000000E+00  0.000000E+00  0.761617E+05  0.404159E+06
  0.367220E+00  0.411231E+06  0.408909E+06  0.000000E+00  0.000000E+00  0.751656E+05  0.401120E+06
  0.369052E+00  0.408198E+06  0.405896E+06  0.000000E+00  0.000000E+00  0.741925E+05  0.398150E+06
  0.370884E+00  0.405234E+06  0.402952E+06  0.000000E+00  0.000000E+00  0.732414E+05  0.395247E+06
  0.372716E+00  0.402332E+06  0.400072E+06  0.000000E+00  0.000000E+00  0.723114E+05  0.392406E+06
  0.374548E+00  0.399490E+06  0.397252E+06  0.000000E+00  0.000000E+00  0.714011E+05  0.389623E+06
  0.376381E+00  0.396700E+06  0.394485E+06  0.000000E+00  0.000000E+00  0.705093E+05  0.386892E+06
  0.378213E+00  0.393958E+06  0.391767E+06  0.000000E+00  0.000000E+00  0.696348E+05  0.384208E+06
  0.380045E+00  0.391258E+06  0.389090E+06  0.000000E+00  0.000000E+00  0.687764E+05  0.381565E+06
  0.381877E+00  0.388595E+06  0.386450E+06  0.000000E+00  0.000000E+00  0.679329E+05  0.378958E+06
  0.383710E+00  0.385964E+06  0.383842E+06  0.000000E+00  0.000000E+00  0.671032E+05  0.376383E+06
  0.385542E+00  0.383359E+06  0.381259E+06  0.000000E+00  0.000000E+00  0.662862E+05  0.373834E+06
  0.387374E+00  0.380777E+06  0.378699E+06  0.000000E+00  0.000000E+00  0.654811E+05  0.371306E+06
  0.389206E+00  0.378214E+06  0.376155E+06  0.000000E+00  0.000000E+00  0.646869E+05  0.368797E+06
  0.391039E+00  0.375665E+06  0.373626E+06  0.000000E+00  0.000000E+00  0.639029E+05  0.366302E+06
  0.392871E+00  0.373127E+06  0.371106E+06  0.000000E+00  0.000000E+00  0.631283E+05  0.363819E+06
  0.394703E+00  0.370599E+06  0.368595E+06  0.000000E+00  0.000000E+00  0.623628E+05  0.361344E+06
  0.396535E+00  0.368078E+06  0.366090E+06  0.000000E+00  0.000000E+00  0.616059E+05  0.358877E+06
  0.398367E+00  0.365565E+06  0.363591E+06  0.000000E+00  0.000000E+00  0.608575E+05  0.356417E+06
  0.400200E+00  0.363058E+06  0.361098E+06  0.000000E+00  0.000000E+00  0.601173E+05  0.353964E+06
  0.402032E+00  0.360560E+06  0.358612E+06  0.000000E+00  0.000000E+00  0.593856E+05  0.351519E+06
  0.403864E+00  0.358070E+06  0.356134E+06  0.000000E+00  0.000000E+00  0.586622E+05  0.349082E+06
  0.405696E+00  0.355591E+06  0.353665E+06  0.000000E+00  0.000000E+00  0.579474E+05  0.346656E+06
  0.407529E+00  0.353123E+06  0.351207E+06  0.000000E+00  0.000000E+00  0.572412E+05  0.344241E+06
  0.409361E+00  0.350670E+06  0.348763E+06  0.000000E+00  0.000000E+00  0.565439E+05  0.341839E+06
  0.411193E+00  0.348232E+06  0.346333E+06  0.000000E+00  0.000000E+00  0.558558E+05  0.339454E+06
  0.413025E+00  0.345812E+06  0.343922E+06  0.000000E+00  0.000000E+00  0.551770E+05  0.337086E+06
  0.414858E+00  0.343414E+06  0.341533E+06  0.000000E+00  0.000000E+00  0.545081E+05  0.334739E+06
  0.416690E+00  0.341040E+06  0.339167E+06  0.000000E+00  0.000000E+00  0.538492E+05  0.332416E+06
  0.418522E+00  0.338692E+06  0.336827E+06  0.000000E+00  0.000000E+00  0.532005E+05  0.330119E+06
  0.420354E+00  0.336372E+06  0.334516E+06  0.000000E+00  0.000000E+00  0.525623E+05  0.327849E+06
  0.422186E+00  0.334082E+06  0.332235E+06  0.000000E+00  0.000000E+00  0.519348E+05  0.325609E+06
  0.424019E+00  0.331824E+06  0.329986E+06  0.000000E+00  0.000000E+00  0.513178E+05  0.323400E+06
  0.425851E+00  0.329598E+06  0.327769E+06  0.000000E+00  0.000000E+00  0.507116E+05  0.321222E+06
  0.427683E+00  0.327405E+06  0.325586E+06  0.000000E+00  0.000000E+00  0.501160E+05  0.319077E+06
  0.429515E+00  0.325245E+06  0.323437E+06  0.000000E+00  0.000000E+00  0.495310E+05  0.316965E+06
  0.431348E+00  0.323119E+06  0.321322E+06  0.000000E+00  0.000000E+00  0.489565E+05  0.314886E+06
  0.433180E+00  0.321028E+06  0.319242E+06  0.000000E+00  0.000000E+00  0.483924E+05  0.312840E+06
  0.435012E+00  0.318969E+06  0.317195E+06  0.000000E+00  0.000000E+00  0.478384E+05  0.310827E+06
  0.436844E+00  0.316942E+06  0.315180E+06  0.000000E+00  0.000000E+00  0.472941E+05  0.308845E+06
  0.438677E+00  0.314946E+06  0.313197E+06  0.000000E+00  0.000000E+00  0.467593E+05  0.306893E+06
  0.440509E+00  0.312979E+06  0.311242E+06  0.000000E+00  0.000000E+00  0.462337E+05  0.304969E+06
  0.442341E+00  0.311039E+06  0.309315E+06  0.000000E+00  0.000000E+00  0.457167E+05  0.303073E+06
  0.444173E+00  0.309124E+06  0.307414E+06  0.000000E+00  0.000000E+00  0.452082E+05  0.301201E+06
  0.446005E+00  0.307233E+06  0.305536E+06  0.000000E+00  0.000000E+00  0.447076E+05  0.299353E+06
  0.447838E+00  0.305365E+06  0.303680E+06  0.000000E+00  0.000000E+00  0.442146E+05  0.297526E+06
  0.449670E+00  0.303516E+06  0.301845E+06  0.000000E+00  0.000000E+00  0.437290E+05  0.295719E+06
  0.451502E+00  0.301686E+06  0.300028E+06  0.000000E+00  0.000000E+00  0.432503E+05  0.293930E+06
  0.453334E+00  0.299873E+06  0.298227E+06  0.000000E+00  0.000000E+00  0.427782E+05  0.292158E+06
  0.455167E+00  0.298075E+06  0.296441E+06  0.000000E+00  0.000000E+00  0.423124E+05  0.290400E+06
  0.456999E+00  0.296290E+06  0.294668E+06  0.000000E+00  0.000000E+00  0.418526E+05  0.288655E+06
  0.458831E+00  0.294517E+06  0.292907E+06  0.000000E+00  0.000000E+00  0.413985E+05  0.286923E+06
  0.460663E+00  0.292756E+06  0.291157E+06  0.000000E+00  0.000000E+00  0.409499E+05  0.285202E+06
  0.462496E+00  0.291006E+06  0.289417E+06  0.000000E+00  0.000000E+00  0.405068E+05  0.283491E+06
  0.464328E+00  0.289266E+06  0.287687E+06  0.000000E+00  0.000000E+00  0.400689E+05  0.281790E+06
  0.466160E+00  0.287536E+06  0.285967E+06  0.000000E+00  0.000000E+00  0.396363E+05  0.280100E+06
  0.467992E+00  0.285816E+06  0.284257E+06  0.000000E+00  0.000000E+00  0.392087E+05  0.278419E+06
  0.469824E+00  0.284107E+06  0.282556E+06  0.000000E+00  0.000000E+00  0.387862E+05  0.276748E+06
  0.471657E+00  0.282407E+06  0.280865E+06  0.000000E+00  0.000000E+00  0.383687E+05  0.275087E+06
  0.473489E+00  0.280718E+06  0.279184E+06  0.000000E+00  0.000000E+00  0.379561E+05  0.273436E+06
  0.475321E+00  0.279040E+06  0.277513E+06  0.000000E+00  0.000000E+00  0.375486E+05  0.271796E+06
  0.477153E+00  0.277373E+06  0.275855E+06  0.000000E+00  0.000000E+00  0.371461E+05  0.270167E+06
  0.478986E+00  0.275719E+06  0.274208E+06  0.000000E+00  0.000000E+00  0.367488E+05  0.268550E+06
  0.480818E+00  0.274078E+06  0.272575E+06  0.000000E+00  0.000000E+00  0.363565E+05  0.266947E+06
  0.482650E+00  0.272451E+06  0.270955E+06  0.000000E+00  0.000000E+00  0.359694E+05  0.265357E+06
  0.484482E+00  0.270839E+06  0.269350E+06  0.000000E+00  0.000000E+00  0.355876E+05  0.263782E+06
  0.486315E+00  0.269242E+06  0.267761E+06  0.000000E+00  0.000000E+00  0.352109E+05  0.262222E+06
  0.488147E+00  0.267661E+06  0.266187E+06  0.000000E+00  0.000000E+00  0.348395E+05  0.260677E+06
  0.489979E+00  0.266096E+06  0.264629E+06  0.000000E+00  0.000000E+00  0.344732E+05  0.259147E+06
  0.491811E+00  0.264547E+06  0.263088E+06  0.000000E+00  0.000000E+00  0.341122E+05  0.257634E+06
  0.493643E+00  0.263016E+06  0.261564E+06  0.000000E+00  0.000000E+00  0.337564E+05  0.256138E+06
  0.495476E+00  0.261501E+06  0.260057E+06  0.000000E+00  0.000000E+00  0.334057E+05  0.254659E+06
  0.497308E+00  0.260004E+06  0.258568E+06  0.000000E+00  0.000000E+00  0.330602E+05  0.253196E+06
  0.499140E+00  0.258525E+06  0.257096E+06  0.000000E+00  0.000000E+00  0.327197E+05  0.251751E+06
  0.500972E+00  0.257062E+06  0.255642E+06  0.000000E+00  0.000000E+00  0.323842E+05  0.250322E+06
  0.502805E+00  0.255616E+06  0.254204E+06  0.000000E+00  0.000000E+00  0.320535E+05  0.248910E+06
  0.504637E+00  0.254186E+06  0.252782E+06  0.000000E+00  0.000000E+00  0.317276E+05  0.247514E+06
  0.506469E+00  0.252772E+06  0.251377E+06  0.000000E+00  0.000000E+00  0.314063E+05  0.246132E+06
  0.508301E+00  0.251373E+06  0.249986E+06  0.000000E+00  0.000000E+00  0.310895E+05  0.244766E+06
  0.510134E+00  0.249989E+06  0.248610E+06  0.000000E+00  0.000000E+00  0.307771E+05  0.243415E+06
  0.511966E+00  0.248619E+06  0.247249E+06  0.000000E+00  0.000000E+00  0.304691E+05  0.242077E+06
  0.513798E+00  0.247263E+06  0.245901E+06  0.000000E+00  0.000000E+00  0.301651E+05  0.240752E+06
  0.515630E+00  0.245920E+06  0.244566E+06  0.000000E+00  0.000000E+00  0.298652E+05  0.239441E+06
  0.517462E+00  0.244589E+06  0.243243E+06  0.000000E+00  0.000000E+00  0.295692E+05  0.238141E+06
  0.519295E+00  0.243269E+06  0.241932E+06  0.000000E+00  0.000000E+00  0.292770E+05  0.236853E+06
  0.521127E+00  0.241961E+06  0.240631E+06  0.000000E+00  0.000000E+00  0.289884E+05  0.235575E+06
  0.522959E+00  0.240662E+06  0.239340E+06  0.000000E+00  0.000000E+00  0.287033E+05  0.234307E+06
  0.524791E+00  0.239374E+06  0.238060E+06  0.000000E+00  0.000000E+00  0.284217E+05  0.233049E+06
  0.526624E+00  0.238094E+06  0.236787E+06  0.000000E+00  0.000000E+00  0.281434E+05  0.231799E+06
  0.528456E+00  0.236824E+06  0.235525E+06  0.000000E+00  0.000000E+00  0.278684E+05  0.230559E+06
  0.530288E+00  0.235562E+06  0.234271E+06  0.000000E+00  0.000000E+00  0.275966E+05  0.229328E+06
  0.532120E+00  0.234310E+06  0.233025E+06  0.000000E+00  0.000000E+00  0.273281E+05  0.228105E+06
  0.533953E+00  0.233066E+06  0.231788E+06  0.000000E+00  0.000000E+00  0.270626E+05  0.226890E+06
  0.535785E+00  0.231830E+06  0.230559E+06  0.000000E+00  0.000000E+00  0.268002E+05  0.225684E+06
  0.537617E+00  0.230603E+06  0.229339E+06  0.000000E+00  0.000000E+00  0.265408E+05  0.224486E+06
  0.539449E+00  0.229384E+06  0.228126E+06  0.000000E+00  0.000000E+00  0.262843E+05  0.223296E+06
  0.541281E+00  0.228174E+06  0.226922E+06  0.000000E+00  0.000000E+00  0.260309E+05  0.222114E+06
  0.543114E+00  0.226972E+06  0.225726E+06  0.000000E+00  0.000000E+00  0.257804E+05  0.220941E+06
  0.544946E+00  0.225779E+06  0.224540E+06  0.000000E+00  0.000000E+00  0.255329E+05  0.219776E+06
  0.546778E+00  0.224595E+06  0.223362E+06  0.000000E+00  0.000000E+00  0.252883E+05  0.218621E+06
  0.548610E+00  0.223420E+06  0.222193E+06  0.000000E+00  0.000000E+00  0.250466E+05  0.217474E+06
  0.550443E+00  0.222255E+06  0.221034E+06  0.000000E+00  0.000000E+00  0.248079E+05  0.216336E+06
  0.552275E+00  0.221099E+06  0.219883E+06  0.000000E+00  0.000000E+00  0.245720E+05  0.215208E+06
  0.554107E+00  0.219952E+06  0.218742E+06  0.000000E+00  0.000000E+00  0.243390E+05  0.214088E+06
  0.555939E+00  0.218815E+06  0.217611E+06  0.000000E+00  0.000000E+00  0.241088E+05  0.212978E+06
  0.557772E+00  0.217687E+06  0.216489E+06  0.000000E+00  0.000000E+00  0.238814E+05  0.211878E+06
  0.559604E+00  0.216570E+06  0.215378E+06  0.000000E+00  0.000000E+00  0.236569E+05  0.210787E+06
  0.561436E+00  0.215462E+06  0.214276E+06  0.000000E+00  0.000000E+00  0.234352E+05  0.209706E+06
  0.563268E+00  0.214365E+06  0.213184E+06  0.000000E+00  0.000000E+00  0.232163E+05  0.208635E+06
  0.565100E+00  0.213278E+06  0.212103E+06  0.000000E+00  0.000000E+00  0.230001E+05  0.207574E+06
  0.566933E+00  0.212200E+06  0.211031E+06  0.000000E+00  0.000000E+00  0.227865E+05  0.206522E+06
  0.568765E+00  0.211132E+06  0.209968E+06  0.000000E+00  0.000000E+00  0.225757E+05  0.205480E+06
  0.570597E+00  0.210073E+06  0.208916E+06  0.000000E+00  0.000000E+00  0.223674E+05  0.204447E+06
  0.572429E+00  0.209024E+06  0.207872E+06  0.000000E+00  0.000000E+00  0.221617E+05  0.203423E+06
  0.574262E+00  0.207984E+06  0.206838E+06  0.000000E+00  0.000000E+00  0.219585E+05  0.202408E+06
  0.576094E+00  0.206953E+06  0.205813E+06  0.000000E+00  0.000000E+00  0.217578E+05  0.201402E+06
  0.577926E+00  0.205931E+06  0.204797E+06  0.000000E+00  0.000000E+00  0.215595E+05  0.200405E+06
  0.579758E+00  0.204917E+06  0.203789E+06  0.000000E+00  0.000000E+00  0.213636E+05  0.199416E+06
  0.581591E+00  0.203912E+06  0.202790E+06  0.000000E+00  0.000000E+00  0.211700E+05  0.198435E+06
  0.583423E+00  0.202915E+06  0.201799E+06  0.000000E+00  0.000000E+00  0.209787E+05  0.197463E+06
  0.585255E+00  0.201926E+06  0.200815E+06  0.000000E+00  0.000000E+00  0.207896E+05  0.196498E+06
  0.587087E+00  0.200944E+06  0.199839E+06  0.000000E+00  0.000000E+00  0.206027E+05  0.195540E+06
  0.707312E+00  0.149725E+06  0.148901E+06  0.000000E+00  0.000000E+00  0.118972E+05  0.145598E+06
  0.863914E+00  0.108651E+06  0.108053E+06  0.000000E+00  0.000000E+00  0.647070E+04  0.105593E+06
  0.105519E+01  0.784789E+05  0.780472E+05  0.000000E+00  0.000000E+00  0.345381E+04  0.762348E+05
  0.128881E+01  0.564504E+05  0.561397E+05  0.000000E+00  0.000000E+00  0.181226E+04  0.548167E+05
  0.157415E+01  0.404521E+05  0.402293E+05  0.000000E+00  0.000000E+00  0.115858E+04  0.392773E+05
  0.192267E+01  0.288832E+05  0.287240E+05  0.000000E+00  0.000000E+00  0.599902E+03  0.280377E+05
  0.234836E+01  0.205566E+05  0.204432E+05  0.000000E+00  0.000000E+00  0.306304E+03  0.199514E+05
  0.286829E+01  0.145874E+05  0.145067E+05  0.000000E+00  0.000000E+00  0.154421E+03  0.141561E+05
  0.350334E+01  0.103235E+05  0.102662E+05  0.000000E+00  0.000000E+00  0.769600E+02  0.100172E+05
  0.427899E+01  0.728761E+04  0.724702E+04  0.000000E+00  0.000000E+00  0.379604E+02  0.707094E+04
  0.522637E+01  0.513264E+04  0.510387E+04  0.000000E+00  0.000000E+00  0.185509E+02  0.497977E+04
  0.638351E+01  0.360718E+04  0.358676E+04  0.000000E+00  0.000000E+00  0.899076E+01  0.349959E+04
  0.779683E+01  0.253007E+04  0.251555E+04  0.000000E+00  0.000000E+00  0.432553E+01  0.245453E+04
  0.952307E+01  0.177133E+04  0.176094E+04  0.000000E+00  0.000000E+00  0.206765E+01  0.171837E+04
  0.116315E+02  0.123799E+04  0.123051E+04  0.000000E+00  0.000000E+00  0.982807E+00  0.120094E+04
  0.142067E+02  0.863850E+03  0.858394E+03  0.000000E+00  0.000000E+00  0.464883E+00  0.837951E+03
  0.173522E+02  0.601870E+03  0.597825E+03  0.000000E+00  0.000000E+00  0.218976E+00  0.583785E+03
  0.211940E+02  0.418744E+03  0.415677E+03  0.000000E+00  0.000000E+00  0.102775E+00  0.406122E+03
  0.258864E+02  0.290941E+03  0.288548E+03  0.000000E+00  0.000000E+00  0.480882E-01  0.282131E+03
  0.316177E+02  0.201880E+03  0.199949E+03  0.000000E+00  0.000000E+00  0.224401E-01  0.195725E+03
  0.386180E+02  0.139902E+03  0.138285E+03  0.000000E+00  0.000000E+00  0.104467E-01  0.135595E+03
  0.471681E+02  0.968285E+02  0.954215E+02  0.000000E+00  0.000000E+00  0.485291E-02  0.938035E+02
  0.576112E+02  0.669281E+02  0.656604E+02  0.000000E+00  0.000000E+00  0.224968E-02  0.647924E+02
  0.703666E+02  0.461958E+02  0.450188E+02  0.000000E+00  0.000000E+00  0.104068E-02  0.446758E+02
  0.859458E+02  0.318358E+02  0.307170E+02  0.000000E+00  0.000000E+00  0.480295E-03  0.307416E+02
  0.104975E+03  0.218992E+02  0.208184E+02  0.000000E+00  0.000000E+00  0.221056E-03  0.210994E+02
