  0.355810E-05  0.118973E+08  0.118973E+08  0.158625E+08  0.158625E+08  0.118974E+08  0.118973E+08
  0.367857E-05  0.118973E+08  0.118973E+08  0.158625E+08  0.158625E+08  0.118974E+08  0.118973E+08
  0.380311E-05  0.118973E+08  0.118973E+08  0.158625E+08  0.158625E+08  0.118974E+08  0.118973E+08
  0.393186E-05  0.118973E+08  0.118973E+08  0.158624E+08  0.158624E+08  0.118974E+08  0.118973E+08
  0.406498E-05  0.118973E+08  0.118973E+08  0.158624E+08  0.158624E+08  0.118974E+08  0.118973E+08
  0.420260E-05  0.118973E+08  0.118973E+08  0.158623E+08  0.158623E+08  0.118974E+08  0.118973E+08
  0.434489E-05  0.118973E+08  0.118973E+08  0.158623E+08  0.158623E+08  0.118974E+08  0.118973E+08
  0.449198E-05  0.118973E+08  0.118973E+08  0.158622E+08  0.158622E+08  0.118974E+08  0.118973E+08
  0.464406E-05  0.118973E+08  0.118973E+08  0.158622E+08  0.158622E+08  0.118974E+08  0.118973E+08
  0.480129E-05  0.118973E+08  0.118973E+08  0.158621E+08  0.158621E+08  0.118973E+08  0.118973E+08
  0.496384E-05  0.118973E+08  0.118973E+08  0.158621E+08  0.158620E+08  0.118973E+08  0.118973E+08
  0.513190E-05  0.118973E+08  0.118973E+08  0.158620E+08  0.158619E+08  0.118973E+08  0.118973E+08
  0.530564E-05  0.118973E+08  0.118973E+08  0.158619E+08  0.158619E+08  0.118973E+08  0.118973E+08
  0.548527E-05  0.118973E+08  0.118973E+08  0.158618E+08  0.158618E+08  0.118973E+08  0.118973E+08
  0.567098E-05  0.118973E+08  0.118973E+08  0.158617E+08  0.158617E+08  0.118973E+08  0.118973E+08
  0.586297E-05  0.118973E+08  0.118973E+08  0.158617E+08  0.158616E+08  0.118973E+08  0.118973E+08
  0.606147E-05  0.118973E+08  0.118973E+08  0.158616E+08  0.158615E+08  0.118973E+08  0.118973E+08
  0.626668E-05  0.118973E+08  0.118973E+08  0.158615E+08  0.158614E+08  0.118973E+08  0.118973E+08
  0.647885E-05  0.118973E+08  0.118973E+08  0.158613E+08  0.158613E+08  0.118973E+08  0.118973E+08
  0.669819E-05  0.118973E+08  0.118973E+08  0.158612E+08  0.158612E+08  0.118973E+08  0.118973E+08
  0.692496E-05  0.118973E+08  0.118973E+08  0.158611E+08  0.158610E+08  0.118973E+08  0.118973E+08
  0.715941E-05  0.118973E+08  0.118973E+08  0.158610E+08  0.158609E+08  0.118973E+08  0.118973E+08
  0.740180E-05  0.118973E+08  0.118973E+08  0.158608E+08  0.158607E+08  0.118973E+08  0.118973E+08
  0.765239E-05  0.118973E+08  0.118973E+08  0.158607E+08  0.158606E+08  0.118973E+08  0.118973E+08
  0.791147E-05  0.118973E+08  0.118973E+08  0.158605E+08  0.158604E+08  0.118973E+08  0.118973E+08
  0.817932E-05  0.118973E+08  0.118973E+08  0.158603E+08  0.158602E+08  0.118973E+08  0.118973E+08
  0.845624E-05  0.118973E+08  0.118973E+08  0.158601E+08  0.158600E+08  0.118973E+08  0.118973E+08
  0.874253E-05  0.118973E+08  0.118973E+08  0.158599E+08  0.158598E+08  0.118973E+08  0.118973E+08
  0.903851E-05  0.118973E+08  0.118973E+08  0.158597E+08  0.158596E+08  0.118973E+08  0.118973E+08
  0.934452E-05  0.118973E+08  0.118973E+08  0.158595E+08  0.158593E+08  0.118973E+08  0.118973E+08
  0.966088E-05  0.118973E+08  0.118973E+08  0.158592E+08  0.158591E+08  0.118973E+08  0.118973E+08
  0.998796E-05  0.118973E+08  0.118973E+08  0.158590E+08  0.158588E+08  0.118973E+08  0.118973E+08
  0.103261E-04  0.118973E+08  0.118973E+08  0.158587E+08  0.158585E+08  0.118973E+08  0.118973E+08
  0.106757E-04  0.118973E+08  0.118973E+08  0.158584E+08  0.158582E+08  0.118973E+08  0.118973E+08
  0.110371E-04  0.118973E+08  0.118973E+08  0.158581E+08  0.158579E+08  0.118973E+08  0.118973E+08
  0.114108E-04  0.118973E+08  0.118973E+08  0.158577E+08  0.158575E+08  0.118973E+08  0.118973E+08
  0.117971E-04  0.118973E+08  0.118973E+08  0.158573E+08  0.158571E+08  0.118973E+08  0.118973E+08
  0.121965E-04  0.118973E+08  0.118973E+08  0.158569E+08  0.158567E+08  0.118973E+08  0.118973E+08
  0.126095E-04  0.118973E+08  0.118973E+08  0.158565E+08  0.158563E+08  0.118973E+08  0.118973E+08
  0.130364E-04  0.118973E+08  0.118973E+08  0.158561E+08  0.158558E+08  0.118973E+08  0.118973E+08
  0.134777E-04  0.118973E+08  0.118973E+08  0.158556E+08  0.158553E+08  0.118973E+08  0.118973E+08
  0.139340E-04  0.118973E+08  0.118973E+08  0.158551E+08  0.158548E+08  0.118973E+08  0.118973E+08
  0.144058E-04  0.118973E+08  0.118973E+08  0.158545E+08  0.158542E+08  0.118973E+08  0.118973E+08
  0.148935E-04  0.118973E+08  0.118973E+08  0.158539E+08  0.158536E+08  0.118973E+08  0.118973E+08
  0.153977E-04  0.118973E+08  0.118973E+08  0.158533E+08  0.158530E+08  0.118973E+08  0.118973E+08
  0.159190E-04  0.118973E+08  0.118973E+08  0.158526E+08  0.158523E+08  0.118973E+08  0.118973E+08
  0.164580E-04  0.118973E+08  0.118973E+08  0.158519E+08  0.158515E+08  0.118973E+08  0.118973E+08
  0.170152E-04  0.118973E+08  0.118973E+08  0.158512E+08  0.158507E+08  0.118973E+08  0.118973E+08
  0.175912E-04  0.118973E+08  0.118973E+08  0.158503E+08  0.158499E+08  0.118973E+08  0.118973E+08
  0.181868E-04  0.118973E+08  0.118973E+08  0.158495E+08  0.158490E+08  0.118973E+08  0.118973E+08
  0.188025E-04  0.118973E+08  0.118973E+08  0.158485E+08  0.158480E+08  0.118973E+08  0.118973E+08
  0.194391E-04  0.118973E+08  0.118973E+08  0.158475E+08  0.158470E+08  0.118973E+08  0.118973E+08
  0.200972E-04  0.118973E+08  0.118973E+08  0.158464E+08  0.158458E+08  0.118973E+08  0.118973E+08
  0.207776E-04  0.118973E+08  0.118973E+08  0.158453E+08  0.158447E+08  0.118973E+08  0.118973E+08
  0.214810E-04  0.118973E+08  0.118972E+08  0.158441E+08  0.158434E+08  0.118973E+08  0.118973E+08
  0.222083E-04  0.118972E+08  0.118972E+08  0.158428E+08  0.158420E+08  0.118973E+08  0.118972E+08
  0.229602E-04  0.118972E+08  0.118972E+08  0.158414E+08  0.158406E+08  0.118973E+08  0.118972E+08
  0.237375E-04  0.118972E+08  0.118972E+08  0.158399E+08  0.158390E+08  0.118973E+08  0.118972E+08
  0.245412E-04  0.118972E+08  0.118972E+08  0.158383E+08  0.158374E+08  0.118973E+08  0.118972E+08
  0.253720E-04  0.118972E+08  0.118972E+08  0.158366E+08  0.158356E+08  0.118973E+08  0.118972E+08
  0.262310E-04  0.118972E+08  0.118972E+08  0.158348E+08  0.158337E+08  0.118973E+08  0.118972E+08
  0.271191E-04  0.118972E+08  0.118972E+08  0.158328E+08  0.158317E+08  0.118973E+08  0.118972E+08
  0.280372E-04  0.118972E+08  0.118972E+08  0.158307E+08  0.158296E+08  0.118973E+08  0.118972E+08
  0.289864E-04  0.118972E+08  0.118972E+08  0.158285E+08  0.158272E+08  0.118972E+08  0.118972E+08
  0.299678E-04  0.118972E+08  0.118972E+08  0.158261E+08  0.158248E+08  0.118972E+08  0.118972E+08
  0.309824E-04  0.118972E+08  0.118972E+08  0.158236E+08  0.158222E+08  0.118972E+08  0.118972E+08
  0.320313E-04  0.118972E+08  0.118972E+08  0.158209E+08  0.158193E+08  0.118972E+08  0.118972E+08
  0.331158E-04  0.118972E+08  0.118972E+08  0.158180E+08  0.158163E+08  0.118972E+08  0.118972E+08
  0.342369E-04  0.118972E+08  0.118972E+08  0.158149E+08  0.158131E+08  0.118972E+08  0.118972E+08
  0.353960E-04  0.118972E+08  0.118972E+08  0.158116E+08  0.158097E+08  0.118972E+08  0.118972E+08
  0.365944E-04  0.118972E+08  0.118971E+08  0.158080E+08  0.158060E+08  0.118972E+08  0.118972E+08
  0.378333E-04  0.118971E+08  0.118971E+08  0.158042E+08  0.158021E+08  0.118972E+08  0.118971E+08
  0.391142E-04  0.118971E+08  0.118971E+08  0.158002E+08  0.157979E+08  0.118972E+08  0.118971E+08
  0.404384E-04  0.118971E+08  0.118971E+08  0.157959E+08  0.157934E+08  0.118972E+08  0.118971E+08
  0.418075E-04  0.118971E+08  0.118971E+08  0.157913E+08  0.157886E+08  0.118971E+08  0.118971E+08
  0.432229E-04  0.118971E+08  0.118971E+08  0.157863E+08  0.157835E+08  0.118971E+08  0.118971E+08
  0.446863E-04  0.118971E+08  0.118971E+08  0.157811E+08  0.157781E+08  0.118971E+08  0.118971E+08
  0.461992E-04  0.118971E+08  0.118971E+08  0.157754E+08  0.157722E+08  0.118971E+08  0.118971E+08
  0.477633E-04  0.118970E+08  0.118970E+08  0.157694E+08  0.157660E+08  0.118971E+08  0.118970E+08
  0.493803E-04  0.118970E+08  0.118970E+08  0.157630E+08  0.157593E+08  0.118971E+08  0.118970E+08
  0.510521E-04  0.118970E+08  0.118970E+08  0.157561E+08  0.157522E+08  0.118970E+08  0.118970E+08
  0.527805E-04  0.118970E+08  0.118970E+08  0.157488E+08  0.157446E+08  0.118970E+08  0.118970E+08
  0.545675E-04  0.118970E+08  0.118970E+08  0.157409E+08  0.157365E+08  0.118970E+08  0.118970E+08
  0.564149E-04  0.118969E+08  0.118969E+08  0.157326E+08  0.157278E+08  0.118970E+08  0.118969E+08
  0.583249E-04  0.118969E+08  0.118969E+08  0.157236E+08  0.157185E+08  0.118969E+08  0.118969E+08
  0.602995E-04  0.118969E+08  0.118969E+08  0.157140E+08  0.157086E+08  0.118969E+08  0.118969E+08
  0.623410E-04  0.118969E+08  0.118969E+08  0.157038E+08  0.156980E+08  0.118969E+08  0.118969E+08
  0.644516E-04  0.118968E+08  0.118968E+08  0.156929E+08  0.156867E+08  0.118968E+08  0.118968E+08
  0.666336E-04  0.118968E+08  0.118968E+08  0.156813E+08  0.156746E+08  0.118968E+08  0.118968E+08
  0.688896E-04  0.118968E+08  0.118968E+08  0.156688E+08  0.156617E+08  0.118968E+08  0.118968E+08
  0.712219E-04  0.118967E+08  0.118967E+08  0.156555E+08  0.156480E+08  0.118967E+08  0.118967E+08
  0.736331E-04  0.118967E+08  0.118967E+08  0.156413E+08  0.156332E+08  0.118967E+08  0.118967E+08
  0.761260E-04  0.118967E+08  0.118966E+08  0.156262E+08  0.156175E+08  0.118966E+08  0.118966E+08
  0.787033E-04  0.118966E+08  0.118966E+08  0.156100E+08  0.156008E+08  0.118966E+08  0.118966E+08
  0.813679E-04  0.118966E+08  0.118965E+08  0.155927E+08  0.155828E+08  0.118965E+08  0.118966E+08
  0.841227E-04  0.118965E+08  0.118965E+08  0.155743E+08  0.155637E+08  0.118965E+08  0.118965E+08
  0.869707E-04  0.118965E+08  0.118964E+08  0.155546E+08  0.155433E+08  0.118964E+08  0.118964E+08
  0.899151E-04  0.118964E+08  0.118964E+08  0.155335E+08  0.155215E+08  0.118964E+08  0.118964E+08
  0.929593E-04  0.118963E+08  0.118963E+08  0.155111E+08  0.154983E+08  0.118963E+08  0.118963E+08
  0.961065E-04  0.118963E+08  0.118962E+08  0.154871E+08  0.154734E+08  0.118962E+08  0.118963E+08
  0.993603E-04  0.118962E+08  0.118962E+08  0.154615E+08  0.154469E+08  0.118961E+08  0.118962E+08
  0.102724E-03  0.118961E+08  0.118961E+08  0.154343E+08  0.154187E+08  0.118961E+08  0.118961E+08
  0.106202E-03  0.118960E+08  0.118960E+08  0.154051E+08  0.153885E+08  0.118960E+08  0.118960E+08
  0.109798E-03  0.118960E+08  0.118959E+08  0.153741E+08  0.153563E+08  0.118959E+08  0.118959E+08
  0.113515E-03  0.118959E+08  0.118958E+08  0.153409E+08  0.153220E+08  0.118958E+08  0.118958E+08
  0.117358E-03  0.118958E+08  0.118957E+08  0.153056E+08  0.152854E+08  0.118957E+08  0.118958E+08
  0.121331E-03  0.118957E+08  0.118956E+08  0.152679E+08  0.152463E+08  0.118956E+08  0.118956E+08
  0.125439E-03  0.118955E+08  0.118955E+08  0.152277E+08  0.152047E+08  0.118954E+08  0.118955E+08
  0.129686E-03  0.118954E+08  0.118954E+08  0.151849E+08  0.151603E+08  0.118953E+08  0.118954E+08
  0.134076E-03  0.118953E+08  0.118952E+08  0.151392E+08  0.151130E+08  0.118952E+08  0.118953E+08
  0.138616E-03  0.118952E+08  0.118951E+08  0.150905E+08  0.150626E+08  0.118950E+08  0.118951E+08
  0.143309E-03  0.118950E+08  0.118949E+08  0.150387E+08  0.150089E+08  0.118948E+08  0.118950E+08
  0.148160E-03  0.118948E+08  0.118948E+08  0.149835E+08  0.149518E+08  0.118947E+08  0.118948E+08
  0.153176E-03  0.118947E+08  0.118946E+08  0.149246E+08  0.148909E+08  0.118945E+08  0.118947E+08
  0.158362E-03  0.118945E+08  0.118944E+08  0.148620E+08  0.148260E+08  0.118943E+08  0.118945E+08
  0.163724E-03  0.118943E+08  0.118942E+08  0.147953E+08  0.147570E+08  0.118941E+08  0.118943E+08
  0.169267E-03  0.118941E+08  0.118940E+08  0.147244E+08  0.146836E+08  0.118939E+08  0.118941E+08
  0.174997E-03  0.118939E+08  0.118938E+08  0.146490E+08  0.146055E+08  0.118936E+08  0.118939E+08
  0.180922E-03  0.118936E+08  0.118935E+08  0.145687E+08  0.145225E+08  0.118934E+08  0.118936E+08
  0.187047E-03  0.118934E+08  0.118933E+08  0.144834E+08  0.144342E+08  0.118931E+08  0.118934E+08
  0.193380E-03  0.118931E+08  0.118930E+08  0.143927E+08  0.143404E+08  0.118928E+08  0.118931E+08
  0.199927E-03  0.118928E+08  0.118927E+08  0.142964E+08  0.142408E+08  0.118925E+08  0.118928E+08
  0.206696E-03  0.118925E+08  0.118924E+08  0.141942E+08  0.141351E+08  0.118922E+08  0.118925E+08
  0.213693E-03  0.118922E+08  0.118920E+08  0.140857E+08  0.140229E+08  0.118918E+08  0.118922E+08
  0.220928E-03  0.118919E+08  0.118917E+08  0.139706E+08  0.139039E+08  0.118914E+08  0.118918E+08
  0.228408E-03  0.118915E+08  0.118913E+08  0.138486E+08  0.137778E+08  0.118910E+08  0.118915E+08
  0.236141E-03  0.118911E+08  0.118909E+08  0.137193E+08  0.136441E+08  0.118906E+08  0.118911E+08
  0.244136E-03  0.118907E+08  0.118905E+08  0.135824E+08  0.135027E+08  0.118901E+08  0.118906E+08
  0.252401E-03  0.118902E+08  0.118900E+08  0.134375E+08  0.133530E+08  0.118896E+08  0.118902E+08
  0.260946E-03  0.118897E+08  0.118895E+08  0.132843E+08  0.131948E+08  0.118891E+08  0.118897E+08
  0.269781E-03  0.118892E+08  0.118890E+08  0.131224E+08  0.130277E+08  0.118886E+08  0.118892E+08
  0.278914E-03  0.118887E+08  0.118884E+08  0.129515E+08  0.128513E+08  0.118880E+08  0.118886E+08
  0.288357E-03  0.118881E+08  0.118878E+08  0.127712E+08  0.126652E+08  0.118873E+08  0.118880E+08
  0.298120E-03  0.118875E+08  0.118872E+08  0.125811E+08  0.124692E+08  0.118866E+08  0.118874E+08
  0.308213E-03  0.118868E+08  0.118865E+08  0.123810E+08  0.122629E+08  0.118859E+08  0.118867E+08
  0.318648E-03  0.118861E+08  0.118857E+08  0.121705E+08  0.120460E+08  0.118851E+08  0.118860E+08
  0.329436E-03  0.118853E+08  0.118850E+08  0.119494E+08  0.118183E+08  0.118843E+08  0.118853E+08
  0.340589E-03  0.118845E+08  0.118841E+08  0.117174E+08  0.115794E+08  0.118834E+08  0.118844E+08
  0.352120E-03  0.118837E+08  0.118832E+08  0.114743E+08  0.113292E+08  0.118825E+08  0.118836E+08
  0.364041E-03  0.118828E+08  0.118823E+08  0.112199E+08  0.110676E+08  0.118815E+08  0.118827E+08
  0.376366E-03  0.118818E+08  0.118813E+08  0.109541E+08  0.107944E+08  0.118804E+08  0.118817E+08
  0.389108E-03  0.118807E+08  0.118802E+08  0.106769E+08  0.105095E+08  0.118793E+08  0.118806E+08
  0.402282E-03  0.118796E+08  0.118791E+08  0.103881E+08  0.102132E+08  0.118781E+08  0.118795E+08
  0.415901E-03  0.118785E+08  0.118778E+08  0.100881E+08  0.990541E+07  0.118768E+08  0.118783E+08
  0.429982E-03  0.118772E+08  0.118765E+08  0.977688E+07  0.958646E+07  0.118754E+08  0.118770E+08
  0.444539E-03  0.118759E+08  0.118752E+08  0.945481E+07  0.925668E+07  0.118739E+08  0.118757E+08
  0.459589E-03  0.118744E+08  0.118737E+08  0.912228E+07  0.891653E+07  0.118724E+08  0.118743E+08
  0.475149E-03  0.118729E+08  0.118721E+08  0.877983E+07  0.856661E+07  0.118707E+08  0.118727E+08
  0.491236E-03  0.118713E+08  0.118705E+08  0.842815E+07  0.820767E+07  0.118689E+08  0.118711E+08
  0.507867E-03  0.118696E+08  0.118687E+08  0.806804E+07  0.784061E+07  0.118671E+08  0.118694E+08
  0.525061E-03  0.118678E+08  0.118668E+08  0.770050E+07  0.746650E+07  0.118651E+08  0.118675E+08
  0.542837E-03  0.118658E+08  0.118648E+08  0.732667E+07  0.708659E+07  0.118629E+08  0.118656E+08
  0.561215E-03  0.118638E+08  0.118627E+08  0.694789E+07  0.670230E+07  0.118607E+08  0.118635E+08
  0.580216E-03  0.118616E+08  0.118605E+08  0.656563E+07  0.631523E+07  0.118583E+08  0.118613E+08
  0.599859E-03  0.118592E+08  0.118581E+08  0.618159E+07  0.592717E+07  0.118557E+08  0.118590E+08
  0.620168E-03  0.118568E+08  0.118556E+08  0.579760E+07  0.554007E+07  0.118530E+08  0.118565E+08
  0.641164E-03  0.118542E+08  0.118529E+08  0.541567E+07  0.515605E+07  0.118501E+08  0.118538E+08
  0.662871E-03  0.118514E+08  0.118500E+08  0.503794E+07  0.477738E+07  0.118471E+08  0.118511E+08
  0.685313E-03  0.118484E+08  0.118470E+08  0.466668E+07  0.440642E+07  0.118438E+08  0.118481E+08
  0.708515E-03  0.118453E+08  0.118438E+08  0.430425E+07  0.404565E+07  0.118404E+08  0.118450E+08
  0.732502E-03  0.118420E+08  0.118405E+08  0.395305E+07  0.369754E+07  0.118368E+08  0.118416E+08
  0.757302E-03  0.118385E+08  0.118369E+08  0.361548E+07  0.336458E+07  0.118329E+08  0.118381E+08
  0.782941E-03  0.118348E+08  0.118331E+08  0.329390E+07  0.304917E+07  0.118288E+08  0.118344E+08
  0.809448E-03  0.118309E+08  0.118291E+08  0.299053E+07  0.275356E+07  0.118245E+08  0.118305E+08
  0.836852E-03  0.118268E+08  0.118249E+08  0.270738E+07  0.247976E+07  0.118199E+08  0.118263E+08
  0.865185E-03  0.118224E+08  0.118205E+08  0.244622E+07  0.222950E+07  0.118151E+08  0.118219E+08
  0.894476E-03  0.118178E+08  0.118158E+08  0.220843E+07  0.200409E+07  0.118099E+08  0.118173E+08
  0.924759E-03  0.118129E+08  0.118108E+08  0.199497E+07  0.180435E+07  0.118045E+08  0.118124E+08
  0.956068E-03  0.118078E+08  0.118056E+08  0.180628E+07  0.163056E+07  0.117988E+08  0.118072E+08
  0.988436E-03  0.118024E+08  0.118001E+08  0.164222E+07  0.148237E+07  0.117928E+08  0.118018E+08
  0.102190E-02  0.117967E+08  0.117943E+08  0.150202E+07  0.135875E+07  0.117864E+08  0.117960E+08
  0.105650E-02  0.117907E+08  0.117882E+08  0.138428E+07  0.125800E+07  0.117797E+08  0.117900E+08
  0.109227E-02  0.117843E+08  0.117818E+08  0.128694E+07  0.117773E+07  0.117726E+08  0.117836E+08
  0.112925E-02  0.117777E+08  0.117751E+08  0.120737E+07  0.111496E+07  0.117652E+08  0.117769E+08
  0.116748E-02  0.117706E+08  0.117680E+08  0.114242E+07  0.106619E+07  0.117573E+08  0.117699E+08
  0.120700E-02  0.117633E+08  0.117605E+08  0.108861E+07  0.102758E+07  0.117490E+08  0.117624E+08
  0.124787E-02  0.117555E+08  0.117527E+08  0.104226E+07  0.995125E+06  0.117403E+08  0.117547E+08
  0.129011E-02  0.117474E+08  0.117445E+08  0.999743E+06  0.964934E+06  0.117311E+08  0.117465E+08
  0.133379E-02  0.117388E+08  0.117359E+08  0.957735E+06  0.933461E+06  0.117215E+08  0.117379E+08
  0.137895E-02  0.117299E+08  0.117269E+08  0.913457E+06  0.897798E+06  0.117113E+08  0.117289E+08
  0.142563E-02  0.117204E+08  0.117174E+08  0.864927E+06  0.855927E+06  0.117006E+08  0.117194E+08
  0.147390E-02  0.117106E+08  0.117075E+08  0.811153E+06  0.806912E+06  0.116894E+08  0.117095E+08
  0.152380E-02  0.117002E+08  0.116971E+08  0.752246E+06  0.751016E+06  0.116776E+08  0.116991E+08
  0.157539E-02  0.116893E+08  0.116862E+08  0.689425E+06  0.689688E+06  0.116652E+08  0.116881E+08
  0.162872E-02  0.116779E+08  0.116748E+08  0.624883E+06  0.625407E+06  0.116522E+08  0.116767E+08
  0.168387E-02  0.116660E+08  0.116628E+08  0.561516E+06  0.561384E+06  0.116386E+08  0.116647E+08
  0.174087E-02  0.116535E+08  0.116503E+08  0.502514E+06  0.501114E+06  0.116242E+08  0.116522E+08
  0.179981E-02  0.116404E+08  0.116372E+08  0.450854E+06  0.447847E+06  0.116092E+08  0.116390E+08
  0.186075E-02  0.116267E+08  0.116235E+08  0.408779E+06  0.404029E+06  0.115934E+08  0.116252E+08
  0.192374E-02  0.116123E+08  0.116091E+08  0.377320E+06  0.370829E+06  0.115768E+08  0.116108E+08
  0.198887E-02  0.115973E+08  0.115941E+08  0.356008E+06  0.347845E+06  0.115595E+08  0.115958E+08
  0.205621E-02  0.115816E+08  0.115784E+08  0.342825E+06  0.333089E+06  0.115413E+08  0.115800E+08
  0.212582E-02  0.115652E+08  0.115620E+08  0.334504E+06  0.323313E+06  0.115222E+08  0.115635E+08
  0.219779E-02  0.115481E+08  0.115448E+08  0.327131E+06  0.314660E+06  0.115022E+08  0.115462E+08
  0.227220E-02  0.115301E+08  0.115269E+08  0.316995E+06  0.303534E+06  0.114812E+08  0.115282E+08
  0.234913E-02  0.115114E+08  0.115081E+08  0.301491E+06  0.287503E+06  0.114593E+08  0.115094E+08
  0.242866E-02  0.114918E+08  0.114885E+08  0.279836E+06  0.265978E+06  0.114364E+08  0.114897E+08
  0.251089E-02  0.114714E+08  0.114681E+08  0.253344E+06  0.240424E+06  0.114123E+08  0.114692E+08
  0.259589E-02  0.114500E+08  0.114467E+08  0.225097E+06  0.213944E+06  0.113872E+08  0.114477E+08
  0.268378E-02  0.114278E+08  0.114244E+08  0.198989E+06  0.190256E+06  0.113609E+08  0.114253E+08
  0.277464E-02  0.114045E+08  0.114011E+08  0.178393E+06  0.172357E+06  0.113334E+08  0.114020E+08
  0.286858E-02  0.113803E+08  0.113769E+08  0.164884E+06  0.161313E+06  0.113046E+08  0.113776E+08
  0.296570E-02  0.113551E+08  0.113516E+08  0.157558E+06  0.155731E+06  0.112746E+08  0.113522E+08
  0.306610E-02  0.113287E+08  0.113252E+08  0.153359E+06  0.152258E+06  0.112432E+08  0.113257E+08
  0.316991E-02  0.113013E+08  0.112977E+08  0.148420E+06  0.147056E+06  0.112104E+08  0.112981E+08
  0.327723E-02  0.112727E+08  0.112690E+08  0.139942E+06  0.137666E+06  0.111762E+08  0.112694E+08
  0.338818E-02  0.112430E+08  0.112392E+08  0.127673E+06  0.124335E+06  0.111404E+08  0.112394E+08
  0.350289E-02  0.112120E+08  0.112081E+08  0.114082E+06  0.109920E+06  0.111032E+08  0.112082E+08
  0.362148E-02  0.111798E+08  0.111758E+08  0.102876E+06  0.982146E+05  0.110643E+08  0.111758E+08
  0.374409E-02  0.111462E+08  0.111422E+08  0.965560E+05  0.915019E+05  0.110238E+08  0.111421E+08
  0.387085E-02  0.111114E+08  0.111072E+08  0.945181E+05  0.889263E+05  0.109816E+08  0.111070E+08
  0.400190E-02  0.110751E+08  0.110708E+08  0.932345E+05  0.870095E+05  0.109377E+08  0.110705E+08
  0.413739E-02  0.110374E+08  0.110331E+08  0.887425E+05  0.822609E+05  0.108919E+08  0.110325E+08
  0.427746E-02  0.109983E+08  0.109938E+08  0.798054E+05  0.740310E+05  0.108443E+08  0.109931E+08
  0.442228E-02  0.109577E+08  0.109531E+08  0.690907E+05  0.651141E+05  0.107948E+08  0.109522E+08
  0.457200E-02  0.109155E+08  0.109108E+08  0.609339E+05  0.591823E+05  0.107433E+08  0.109098E+08
  0.472678E-02  0.108717E+08  0.108669E+08  0.573209E+05  0.571378E+05  0.106899E+08  0.108657E+08
  0.488681E-02  0.108263E+08  0.108213E+08  0.559739E+05  0.560971E+05  0.106343E+08  0.108200E+08
  0.505226E-02  0.107792E+08  0.107741E+08  0.529286E+05  0.525313E+05  0.105767E+08  0.107725E+08
  0.522331E-02  0.107304E+08  0.107251E+08  0.471604E+05  0.464066E+05  0.105169E+08  0.107234E+08
  0.540015E-02  0.106798E+08  0.106744E+08  0.417275E+05  0.412308E+05  0.104550E+08  0.106725E+08
  0.558297E-02  0.106275E+08  0.106219E+08  0.394636E+05  0.393958E+05  0.103908E+08  0.106197E+08
  0.577199E-02  0.105733E+08  0.105675E+08  0.386858E+05  0.388060E+05  0.103243E+08  0.105652E+08
  0.596740E-02  0.105172E+08  0.105112E+08  0.355588E+05  0.364791E+05  0.102555E+08  0.105087E+08
  0.616943E-02  0.104592E+08  0.104529E+08  0.304125E+05  0.331075E+05  0.101844E+08  0.104502E+08
  0.637830E-02  0.103992E+08  0.103927E+08  0.278007E+05  0.000000E+00  0.101109E+08  0.103898E+08
  0.659425E-02  0.103372E+08  0.103305E+08  0.288614E+05  0.000000E+00  0.100350E+08  0.103274E+08
  0.681750E-02  0.102732E+08  0.102663E+08  0.288137E+05  0.000000E+00  0.995662E+07  0.102630E+08
  0.704831E-02  0.102072E+08  0.101999E+08  0.254397E+05  0.000000E+00  0.987582E+07  0.101964E+08
  0.728694E-02  0.101390E+08  0.101315E+08  0.232206E+05  0.000000E+00  0.979254E+07  0.101278E+08
  0.753364E-02  0.100687E+08  0.100609E+08  0.239093E+05  0.000000E+00  0.970677E+07  0.100570E+08
  0.778870E-02  0.999621E+07  0.998805E+07  0.226215E+05  0.000000E+00  0.961847E+07  0.998400E+07
  0.805239E-02  0.992154E+07  0.991302E+07  0.187870E+05  0.000000E+00  0.952765E+07  0.990881E+07
  0.832501E-02  0.984466E+07  0.983576E+07  0.171420E+05  0.000000E+00  0.943429E+07  0.983139E+07
  0.860686E-02  0.976552E+07  0.975623E+07  0.162259E+05  0.000000E+00  0.933837E+07  0.975170E+07
  0.889825E-02  0.968410E+07  0.967440E+07  0.142070E+05  0.000000E+00  0.923989E+07  0.966973E+07
  0.919951E-02  0.960040E+07  0.959026E+07  0.141960E+05  0.000000E+00  0.913884E+07  0.958546E+07
  0.951096E-02  0.951439E+07  0.950378E+07  0.138950E+05  0.000000E+00  0.903522E+07  0.949886E+07
  0.983296E-02  0.942604E+07  0.941494E+07  0.119006E+05  0.000000E+00  0.892902E+07  0.940992E+07
  0.101659E-01  0.933650E+07  0.932488E+07  0.117948E+05  0.000000E+00  0.882360E+07  0.931985E+07
  0.105100E-01  0.924350E+07  0.923132E+07  0.103762E+05  0.000000E+00  0.871220E+07  0.922622E+07
  0.108659E-01  0.914811E+07  0.913535E+07  0.867747E+04  0.000000E+00  0.859819E+07  0.913020E+07
  0.112337E-01  0.905032E+07  0.903695E+07  0.917730E+04  0.000000E+00  0.848156E+07  0.903178E+07
  0.116141E-01  0.895013E+07  0.893612E+07  0.803947E+04  0.000000E+00  0.836233E+07  0.893094E+07
  0.120073E-01  0.884752E+07  0.883283E+07  0.780394E+04  0.000000E+00  0.824050E+07  0.882766E+07
  0.124138E-01  0.874248E+07  0.872708E+07  0.698175E+04  0.000000E+00  0.811610E+07  0.872195E+07
  0.128341E-01  0.863467E+07  0.861853E+07  0.654184E+04  0.000000E+00  0.798847E+07  0.861346E+07
  0.132686E-01  0.852472E+07  0.850780E+07  0.556012E+04  0.000000E+00  0.785893E+07  0.850282E+07
  0.137178E-01  0.841233E+07  0.839458E+07  0.554041E+04  0.000000E+00  0.772686E+07  0.838973E+07
  0.141822E-01  0.829749E+07  0.827889E+07  0.498414E+04  0.000000E+00  0.759238E+07  0.827419E+07
  0.146624E-01  0.818022E+07  0.816073E+07  0.482407E+04  0.000000E+00  0.745550E+07  0.815622E+07
  0.151588E-01  0.806051E+07  0.804010E+07  0.420772E+04  0.000000E+00  0.731628E+07  0.803580E+07
  0.156720E-01  0.793850E+07  0.791712E+07  0.389372E+04  0.000000E+00  0.717495E+07  0.791309E+07
  0.162026E-01  0.781400E+07  0.779162E+07  0.347236E+04  0.000000E+00  0.703124E+07  0.778788E+07
  0.167511E-01  0.768713E+07  0.766371E+07  0.338670E+04  0.000000E+00  0.688538E+07  0.766029E+07
  0.173182E-01  0.755791E+07  0.753342E+07  0.328561E+04  0.000000E+00  0.673745E+07  0.753037E+07
  0.179045E-01  0.742639E+07  0.740080E+07  0.252868E+04  0.000000E+00  0.658753E+07  0.739815E+07
  0.185107E-01  0.729257E+07  0.726585E+07  0.243217E+04  0.000000E+00  0.643566E+07  0.726364E+07
  0.191374E-01  0.715658E+07  0.712870E+07  0.249843E+04  0.000000E+00  0.628207E+07  0.712696E+07
  0.197853E-01  0.701846E+07  0.698939E+07  0.219764E+04  0.000000E+00  0.612685E+07  0.698816E+07
  0.204552E-01  0.687828E+07  0.684801E+07  0.174660E+04  0.000000E+00  0.597015E+07  0.684732E+07
  0.211477E-01  0.673615E+07  0.670466E+07  0.175243E+04  0.000000E+00  0.581217E+07  0.670454E+07
  0.218637E-01  0.659219E+07  0.655948E+07  0.174107E+04  0.000000E+00  0.565314E+07  0.655995E+07
  0.226039E-01  0.644650E+07  0.641257E+07  0.141781E+04  0.000000E+00  0.549323E+07  0.641367E+07
  0.233691E-01  0.629927E+07  0.626411E+07  0.132984E+04  0.000000E+00  0.533270E+07  0.626587E+07
  0.241603E-01  0.615065E+07  0.611429E+07  0.111578E+04  0.000000E+00  0.517176E+07  0.611671E+07
  0.249783E-01  0.600085E+07  0.596331E+07  0.106145E+04  0.000000E+00  0.501063E+07  0.596640E+07
  0.258240E-01  0.585008E+07  0.581140E+07  0.100327E+04  0.000000E+00  0.484953E+07  0.581516E+07
  0.266982E-01  0.569859E+07  0.565881E+07  0.876185E+03  0.000000E+00  0.468872E+07  0.566323E+07
  0.276021E-01  0.554665E+07  0.550583E+07  0.835706E+03  0.000000E+00  0.452845E+07  0.551089E+07
  0.285366E-01  0.539454E+07  0.535275E+07  0.819518E+03  0.000000E+00  0.436903E+07  0.535842E+07
  0.295027E-01  0.524258E+07  0.519992E+07  0.680132E+03  0.000000E+00  0.421082E+07  0.520614E+07
  0.305016E-01  0.509110E+07  0.504767E+07  0.594402E+03  0.000000E+00  0.405420E+07  0.505440E+07
  0.315342E-01  0.494049E+07  0.489641E+07  0.590684E+03  0.000000E+00  0.389959E+07  0.490358E+07
  0.326019E-01  0.479113E+07  0.474654E+07  0.535890E+03  0.000000E+00  0.374737E+07  0.475406E+07
  0.337056E-01  0.464345E+07  0.459849E+07  0.446262E+03  0.000000E+00  0.359792E+07  0.460627E+07
  0.348467E-01  0.449788E+07  0.445272E+07  0.424289E+03  0.000000E+00  0.345161E+07  0.446064E+07
  0.360265E-01  0.435485E+07  0.430969E+07  0.419372E+03  0.000000E+00  0.330876E+07  0.431762E+07
  0.372462E-01  0.421482E+07  0.416986E+07  0.366805E+03  0.000000E+00  0.316971E+07  0.417765E+07
  0.385072E-01  0.407823E+07  0.403366E+07  0.327021E+03  0.000000E+00  0.303478E+07  0.404117E+07
  0.398109E-01  0.394549E+07  0.390155E+07  0.289857E+03  0.000000E+00  0.290424E+07  0.390859E+07
  0.411587E-01  0.381700E+07  0.377391E+07  0.261100E+03  0.000000E+00  0.277837E+07  0.378030E+07
  0.425522E-01  0.369309E+07  0.365109E+07  0.227580E+03  0.000000E+00  0.265738E+07  0.365664E+07
  0.439928E-01  0.357408E+07  0.353339E+07  0.219081E+03  0.000000E+00  0.254146E+07  0.353792E+07
  0.454592E-01  0.346187E+07  0.342269E+07  0.182362E+03  0.000000E+00  0.243234E+07  0.342603E+07
  0.469257E-01  0.335808E+07  0.332056E+07  0.182680E+03  0.000000E+00  0.233150E+07  0.332257E+07
  0.483921E-01  0.326208E+07  0.322634E+07  0.159060E+03  0.000000E+00  0.223821E+07  0.322693E+07
  0.498585E-01  0.317325E+07  0.313936E+07  0.150592E+03  0.000000E+00  0.215180E+07  0.313845E+07
  0.513249E-01  0.309093E+07  0.305895E+07  0.141250E+03  0.000000E+00  0.207160E+07  0.305648E+07
  0.527914E-01  0.301448E+07  0.298442E+07  0.117933E+03  0.000000E+00  0.199700E+07  0.298037E+07
  0.542578E-01  0.294324E+07  0.291511E+07  0.103626E+03  0.000000E+00  0.192742E+07  0.290948E+07
  0.557242E-01  0.287660E+07  0.285035E+07  0.984039E+02  0.000000E+00  0.186229E+07  0.284317E+07
  0.571907E-01  0.281397E+07  0.278954E+07  0.972810E+02  0.000000E+00  0.180107E+07  0.278085E+07
  0.586571E-01  0.275475E+07  0.273206E+07  0.912658E+02  0.000000E+00  0.174327E+07  0.272194E+07
  0.601235E-01  0.269843E+07  0.267737E+07  0.809142E+02  0.000000E+00  0.168844E+07  0.266590E+07
  0.615899E-01  0.264449E+07  0.262494E+07  0.757174E+02  0.000000E+00  0.163620E+07  0.261225E+07
  0.630564E-01  0.259250E+07  0.257432E+07  0.746148E+02  0.000000E+00  0.158620E+07  0.256052E+07
  0.645228E-01  0.254204E+07  0.252509E+07  0.661547E+02  0.000000E+00  0.153814E+07  0.251032E+07
  0.659892E-01  0.249278E+07  0.247689E+07  0.621188E+02  0.000000E+00  0.149174E+07  0.246130E+07
  0.674556E-01  0.244440E+07  0.242943E+07  0.627471E+02  0.000000E+00  0.144678E+07  0.241316E+07
  0.689221E-01  0.239665E+07  0.238244E+07  0.542665E+02  0.000000E+00  0.140308E+07  0.236564E+07
  0.703885E-01  0.234935E+07  0.233573E+07  0.529490E+02  0.000000E+00  0.136049E+07  0.231857E+07
  0.718549E-01  0.230235E+07  0.228917E+07  0.464792E+02  0.000000E+00  0.131888E+07  0.227179E+07
  0.733214E-01  0.225554E+07  0.224266E+07  0.469270E+02  0.000000E+00  0.127819E+07  0.222520E+07
  0.747878E-01  0.220889E+07  0.219618E+07  0.453255E+02  0.000000E+00  0.123838E+07  0.217878E+07
  0.762542E-01  0.216231E+07  0.214965E+07  0.341912E+02  0.000000E+00  0.119937E+07  0.213243E+07
  0.777206E-01  0.211588E+07  0.210315E+07  0.289260E+02  0.000000E+00  0.116120E+07  0.208623E+07
  0.791871E-01  0.206965E+07  0.205676E+07  0.433753E+02  0.000000E+00  0.112386E+07  0.204023E+07
  0.806535E-01  0.202370E+07  0.201058E+07  0.281639E+02  0.000000E+00  0.108738E+07  0.199452E+07
  0.821199E-01  0.197813E+07  0.196472E+07  0.252970E+02  0.000000E+00  0.105181E+07  0.194920E+07
  0.835864E-01  0.193307E+07  0.191931E+07  0.318534E+02  0.000000E+00  0.101718E+07  0.190438E+07
  0.850528E-01  0.188864E+07  0.187452E+07  0.281725E+02  0.000000E+00  0.983535E+06  0.186021E+07
  0.865192E-01  0.184498E+07  0.183048E+07  0.299092E+02  0.000000E+00  0.950931E+06  0.181682E+07
  0.879856E-01  0.180224E+07  0.178737E+07  0.293420E+02  0.000000E+00  0.919408E+06  0.177435E+07
  0.894521E-01  0.176055E+07  0.174532E+07  0.213809E+02  0.000000E+00  0.889008E+06  0.173293E+07
  0.909185E-01  0.172004E+07  0.170449E+07  0.243734E+02  0.000000E+00  0.859770E+06  0.169270E+07
  0.923849E-01  0.168084E+07  0.166500E+07  0.325883E+02  0.000000E+00  0.831723E+06  0.165378E+07
  0.942171E-01  0.163386E+07  0.161774E+07  0.214678E+02  0.000000E+00  0.798390E+06  0.160716E+07
  0.960494E-01  0.158927E+07  0.157295E+07  0.127246E+02  0.000000E+00  0.766981E+06  0.156291E+07
  0.978816E-01  0.154719E+07  0.153079E+07  0.199841E+02  0.000000E+00  0.737498E+06  0.152119E+07
  0.997138E-01  0.150771E+07  0.149134E+07  0.184664E+02  0.000000E+00  0.709916E+06  0.148206E+07
  0.101546E+00  0.147087E+07  0.145464E+07  0.128404E+02  0.000000E+00  0.684185E+06  0.144557E+07
  0.103378E+00  0.143665E+07  0.142067E+07  0.177125E+02  0.000000E+00  0.660237E+06  0.141168E+07
  0.105211E+00  0.140498E+07  0.138935E+07  0.182358E+02  0.000000E+00  0.637984E+06  0.138034E+07
  0.107043E+00  0.137575E+07  0.136057E+07  0.115220E+02  0.000000E+00  0.617318E+06  0.135142E+07
  0.108875E+00  0.134880E+07  0.133417E+07  0.110326E+02  0.000000E+00  0.598120E+06  0.132478E+07
  0.110707E+00  0.132396E+07  0.130993E+07  0.115998E+02  0.000000E+00  0.580259E+06  0.130024E+07
  0.112539E+00  0.130100E+07  0.128763E+07  0.873349E+01  0.000000E+00  0.563597E+06  0.127756E+07
  0.114372E+00  0.127970E+07  0.126702E+07  0.102499E+02  0.000000E+00  0.547996E+06  0.125653E+07
  0.116204E+00  0.125980E+07  0.124783E+07  0.118783E+02  0.000000E+00  0.533318E+06  0.123689E+07
  0.118036E+00  0.124107E+07  0.122980E+07  0.846545E+01  0.000000E+00  0.519428E+06  0.121841E+07
  0.119868E+00  0.122324E+07  0.121267E+07  0.753138E+01  0.000000E+00  0.506196E+06  0.120082E+07
  0.121701E+00  0.120607E+07  0.119617E+07  0.865405E+01  0.000000E+00  0.493501E+06  0.118388E+07
  0.123533E+00  0.118934E+07  0.118005E+07  0.680353E+01  0.000000E+00  0.481232E+06  0.116737E+07
  0.125365E+00  0.117284E+07  0.116412E+07  0.710866E+01  0.000000E+00  0.469299E+06  0.115109E+07
  0.127197E+00  0.115640E+07  0.114817E+07  0.100013E+02  0.000000E+00  0.457622E+06  0.113486E+07
  0.129030E+00  0.113987E+07  0.113207E+07  0.916863E+01  0.000000E+00  0.446138E+06  0.111854E+07
  0.130862E+00  0.112315E+07  0.111569E+07  0.674086E+01  0.000000E+00  0.434799E+06  0.110203E+07
  0.132694E+00  0.110614E+07  0.109896E+07  0.641923E+01  0.000000E+00  0.423569E+06  0.108523E+07
  0.134526E+00  0.108881E+07  0.108182E+07  0.000000E+00  0.000000E+00  0.412429E+06  0.106810E+07
  0.136358E+00  0.107111E+07  0.106425E+07  0.000000E+00  0.000000E+00  0.401367E+06  0.105062E+07
  0.138191E+00  0.105307E+07  0.104626E+07  0.000000E+00  0.000000E+00  0.390386E+06  0.103279E+07
  0.140023E+00  0.103472E+07  0.102790E+07  0.000000E+00  0.000000E+00  0.379501E+06  0.101466E+07
  0.141855E+00  0.101612E+07  0.100924E+07  0.000000E+00  0.000000E+00  0.368731E+06  0.996273E+06
  0.143687E+00  0.997341E+06  0.990359E+06  0.000000E+00  0.000000E+00  0.358104E+06  0.977720E+06
  0.145520E+00  0.978500E+06  0.971380E+06  0.000000E+00  0.000000E+00  0.347654E+06  0.959101E+06
  0.147352E+00  0.959699E+06  0.952418E+06  0.000000E+00  0.000000E+00  0.337417E+06  0.940524E+06
  0.149184E+00  0.941047E+06  0.933593E+06  0.000000E+00  0.000000E+00  0.327425E+06  0.922098E+06
  0.151016E+00  0.922660E+06  0.915031E+06  0.000000E+00  0.000000E+00  0.317713E+06  0.903936E+06
  0.152849E+00  0.904648E+06  0.896851E+06  0.000000E+00  0.000000E+00  0.308312E+06  0.886149E+06
  0.154681E+00  0.887112E+06  0.879163E+06  0.000000E+00  0.000000E+00  0.299247E+06  0.868835E+06
  0.156513E+00  0.870146E+06  0.862070E+06  0.000000E+00  0.000000E+00  0.290544E+06  0.852090E+06
  0.158345E+00  0.853836E+06  0.845662E+06  0.000000E+00  0.000000E+00  0.282220E+06  0.835997E+06
  0.160177E+00  0.838249E+06  0.830012E+06  0.000000E+00  0.000000E+00  0.274288E+06  0.820623E+06
  0.162010E+00  0.823435E+06  0.815174E+06  0.000000E+00  0.000000E+00  0.266753E+06  0.806017E+06
  0.163842E+00  0.809433E+06  0.801188E+06  0.000000E+00  0.000000E+00  0.259617E+06  0.792217E+06
  0.165674E+00  0.796258E+06  0.788070E+06  0.000000E+00  0.000000E+00  0.252875E+06  0.779237E+06
  0.167506E+00  0.783904E+06  0.775812E+06  0.000000E+00  0.000000E+00  0.246514E+06  0.767071E+06
  0.169339E+00  0.772346E+06  0.764389E+06  0.000000E+00  0.000000E+00  0.240515E+06  0.755695E+06
  0.171171E+00  0.761548E+06  0.753760E+06  0.000000E+00  0.000000E+00  0.234859E+06  0.745073E+06
  0.173003E+00  0.751462E+06  0.743874E+06  0.000000E+00  0.000000E+00  0.229520E+06  0.735155E+06
  0.174835E+00  0.742028E+06  0.734664E+06  0.000000E+00  0.000000E+00  0.224471E+06  0.725882E+06
  0.176668E+00  0.733173E+06  0.726054E+06  0.000000E+00  0.000000E+00  0.219685E+06  0.717182E+06
  0.178500E+00  0.724823E+06  0.717961E+06  0.000000E+00  0.000000E+00  0.215130E+06  0.708982E+06
  0.180332E+00  0.716897E+06  0.710300E+06  0.000000E+00  0.000000E+00  0.210777E+06  0.701199E+06
  0.182164E+00  0.709309E+06  0.702979E+06  0.000000E+00  0.000000E+00  0.206596E+06  0.693751E+06
  0.183996E+00  0.701976E+06  0.695907E+06  0.000000E+00  0.000000E+00  0.202558E+06  0.686553E+06
  0.185829E+00  0.694814E+06  0.688998E+06  0.000000E+00  0.000000E+00  0.198635E+06  0.679524E+06
  0.187661E+00  0.687750E+06  0.682172E+06  0.000000E+00  0.000000E+00  0.194803E+06  0.672590E+06
  0.189493E+00  0.680718E+06  0.675358E+06  0.000000E+00  0.000000E+00  0.191043E+06  0.665685E+06
  0.191325E+00  0.673658E+06  0.668495E+06  0.000000E+00  0.000000E+00  0.187335E+06  0.658753E+06
  0.193158E+00  0.666525E+06  0.661533E+06  0.000000E+00  0.000000E+00  0.183665E+06  0.651747E+06
  0.194990E+00  0.659281E+06  0.654434E+06  0.000000E+00  0.000000E+00  0.180024E+06  0.644629E+06
  0.196822E+00  0.651898E+06  0.647169E+06  0.000000E+00  0.000000E+00  0.176402E+06  0.637373E+06
  0.198654E+00  0.644361E+06  0.639722E+06  0.000000E+00  0.000000E+00  0.172796E+06  0.629964E+06
  0.200487E+00  0.636664E+06  0.632090E+06  0.000000E+00  0.000000E+00  0.169205E+06  0.622396E+06
  0.202319E+00  0.628812E+06  0.624277E+06  0.000000E+00  0.000000E+00  0.165629E+06  0.614674E+06
  0.204151E+00  0.620817E+06  0.616300E+06  0.000000E+00  0.000000E+00  0.162072E+06  0.606811E+06
  0.205983E+00  0.612705E+06  0.608184E+06  0.000000E+00  0.000000E+00  0.158540E+06  0.598831E+06
  0.207815E+00  0.604506E+06  0.599965E+06  0.000000E+00  0.000000E+00  0.155041E+06  0.590766E+06
  0.209648E+00  0.596256E+06  0.591682E+06  0.000000E+00  0.000000E+00  0.151585E+06  0.582650E+06
  0.211480E+00  0.587995E+06  0.583377E+06  0.000000E+00  0.000000E+00  0.148179E+06  0.574523E+06
  0.213312E+00  0.579764E+06  0.575098E+06  0.000000E+00  0.000000E+00  0.144835E+06  0.566426E+06
  0.215144E+00  0.571606E+06  0.566889E+06  0.000000E+00  0.000000E+00  0.141561E+06  0.558403E+06
  0.216977E+00  0.563562E+06  0.558794E+06  0.000000E+00  0.000000E+00  0.138366E+06  0.550492E+06
  0.218809E+00  0.555671E+06  0.550857E+06  0.000000E+00  0.000000E+00  0.135259E+06  0.542733E+06
  0.220641E+00  0.547969E+06  0.543117E+06  0.000000E+00  0.000000E+00  0.132245E+06  0.535161E+06
  0.222473E+00  0.540489E+06  0.535607E+06  0.000000E+00  0.000000E+00  0.129332E+06  0.527809E+06
  0.224306E+00  0.533259E+06  0.528360E+06  0.000000E+00  0.000000E+00  0.126523E+06  0.520705E+06
  0.226138E+00  0.526302E+06  0.521398E+06  0.000000E+00  0.000000E+00  0.123821E+06  0.513871E+06
  0.227970E+00  0.519634E+06  0.514739E+06  0.000000E+00  0.000000E+00  0.121229E+06  0.507322E+06
  0.229802E+00  0.513262E+06  0.508391E+06  0.000000E+00  0.000000E+00  0.118744E+06  0.501067E+06
  0.231634E+00  0.507190E+06  0.502356E+06  0.000000E+00  0.000000E+00  0.116366E+06  0.495108E+06
  0.233467E+00  0.501412E+06  0.496631E+06  0.000000E+00  0.000000E+00  0.114092E+06  0.489440E+06
  0.235299E+00  0.495920E+06  0.491203E+06  0.000000E+00  0.000000E+00  0.111915E+06  0.484053E+06
  0.237131E+00  0.490697E+06  0.486057E+06  0.000000E+00  0.000000E+00  0.109832E+06  0.478934E+06
  0.238963E+00  0.485726E+06  0.481172E+06  0.000000E+00  0.000000E+00  0.107835E+06  0.474062E+06
  0.240796E+00  0.480984E+06  0.476525E+06  0.000000E+00  0.000000E+00  0.105918E+06  0.469416E+06
  0.242628E+00  0.476447E+06  0.472089E+06  0.000000E+00  0.000000E+00  0.104074E+06  0.464973E+06
  0.244460E+00  0.472087E+06  0.467833E+06  0.000000E+00  0.000000E+00  0.102294E+06  0.460703E+06
  0.246292E+00  0.467872E+06  0.463726E+06  0.000000E+00  0.000000E+00  0.100571E+06  0.456577E+06
  0.248125E+00  0.463774E+06  0.459735E+06  0.000000E+00  0.000000E+00  0.988978E+05  0.452566E+06
  0.249957E+00  0.459764E+06  0.455830E+06  0.000000E+00  0.000000E+00  0.972663E+05  0.448641E+06
  0.251789E+00  0.455814E+06  0.451980E+06  0.000000E+00  0.000000E+00  0.956701E+05  0.444775E+06
  0.253621E+00  0.451899E+06  0.448160E+06  0.000000E+00  0.000000E+00  0.941032E+05  0.440942E+06
  0.255453E+00  0.447996E+06  0.444346E+06  0.000000E+00  0.000000E+00  0.925605E+05  0.437121E+06
  0.257286E+00  0.444088E+06  0.440518E+06  0.000000E+00  0.000000E+00  0.910377E+05  0.433294E+06
  0.259118E+00  0.440157E+06  0.436658E+06  0.000000E+00  0.000000E+00  0.895310E+05  0.429445E+06
  0.260950E+00  0.436192E+06  0.432756E+06  0.000000E+00  0.000000E+00  0.880380E+05  0.425561E+06
  0.262782E+00  0.432185E+06  0.428801E+06  0.000000E+00  0.000000E+00  0.865566E+05  0.421636E+06
  0.264615E+00  0.428131E+06  0.424789E+06  0.000000E+00  0.000000E+00  0.850856E+05  0.417662E+06
  0.266447E+00  0.424027E+06  0.420719E+06  0.000000E+00  0.000000E+00  0.836248E+05  0.413640E+06
  0.268279E+00  0.419878E+06  0.416594E+06  0.000000E+00  0.000000E+00  0.821747E+05  0.409573E+06
  0.270111E+00  0.415688E+06  0.412422E+06  0.000000E+00  0.000000E+00  0.807363E+05  0.405467E+06
  0.271944E+00  0.411468E+06  0.408212E+06  0.000000E+00  0.000000E+00  0.793112E+05  0.401329E+06
  0.273776E+00  0.407228E+06  0.403976E+06  0.000000E+00  0.000000E+00  0.779014E+05  0.397172E+06
  0.275608E+00  0.402982E+06  0.399729E+06  0.000000E+00  0.000000E+00  0.765092E+05  0.393008E+06
  0.277440E+00  0.398743E+06  0.395487E+06  0.000000E+00  0.000000E+00  0.751371E+05  0.388852E+06
  0.279272E+00  0.394526E+06  0.391263E+06  0.000000E+00  0.000000E+00  0.737874E+05  0.384717E+06
  0.281105E+00  0.390345E+06  0.387076E+06  0.000000E+00  0.000000E+00  0.724624E+05  0.380618E+06
  0.282937E+00  0.386214E+06  0.382938E+06  0.000000E+00  0.000000E+00  0.711643E+05  0.376569E+06
  0.284769E+00  0.382148E+06  0.378867E+06  0.000000E+00  0.000000E+00  0.698953E+05  0.372583E+06
  0.286601E+00  0.378159E+06  0.374876E+06  0.000000E+00  0.000000E+00  0.686572E+05  0.368674E+06
  0.288434E+00  0.374260E+06  0.370977E+06  0.000000E+00  0.000000E+00  0.674516E+05  0.364852E+06
  0.290266E+00  0.370459E+06  0.367180E+06  0.000000E+00  0.000000E+00  0.662796E+05  0.361129E+06
  0.292098E+00  0.366764E+06  0.363494E+06  0.000000E+00  0.000000E+00  0.651418E+05  0.357510E+06
  0.293930E+00  0.363181E+06  0.359925E+06  0.000000E+00  0.000000E+00  0.640387E+05  0.354001E+06
  0.295763E+00  0.359713E+06  0.356475E+06  0.000000E+00  0.000000E+00  0.629700E+05  0.350605E+06
  0.297595E+00  0.356359E+06  0.353144E+06  0.000000E+00  0.000000E+00  0.619352E+05  0.347322E+06
  0.299427E+00  0.353118E+06  0.349932E+06  0.000000E+00  0.000000E+00  0.609332E+05  0.344150E+06
  0.301259E+00  0.349988E+06  0.346834E+06  0.000000E+00  0.000000E+00  0.599631E+05  0.341088E+06
  0.303091E+00  0.346963E+06  0.343845E+06  0.000000E+00  0.000000E+00  0.590233E+05  0.338129E+06
  0.304924E+00  0.344038E+06  0.340960E+06  0.000000E+00  0.000000E+00  0.581122E+05  0.335268E+06
  0.306756E+00  0.341204E+06  0.338168E+06  0.000000E+00  0.000000E+00  0.572280E+05  0.332497E+06
  0.308588E+00  0.338453E+06  0.335462E+06  0.000000E+00  0.000000E+00  0.563687E+05  0.329808E+06
  0.310420E+00  0.335774E+06  0.332830E+06  0.000000E+00  0.000000E+00  0.555321E+05  0.327190E+06
  0.312253E+00  0.333158E+06  0.330260E+06  0.000000E+00  0.000000E+00  0.547160E+05  0.324633E+06
  0.314085E+00  0.330594E+06  0.327743E+06  0.000000E+00  0.000000E+00  0.539185E+05  0.322127E+06
  0.315917E+00  0.328071E+06  0.325266E+06  0.000000E+00  0.000000E+00  0.531375E+05  0.319662E+06
  0.317749E+00  0.325581E+06  0.322820E+06  0.000000E+00  0.000000E+00  0.523712E+05  0.317229E+06
  0.319582E+00  0.323115E+06  0.320397E+06  0.000000E+00  0.000000E+00  0.516179E+05  0.314819E+06
  0.321414E+00  0.320664E+06  0.317987E+06  0.000000E+00  0.000000E+00  0.508763E+05  0.312424E+06
  0.323246E+00  0.318223E+06  0.315584E+06  0.000000E+00  0.000000E+00  0.501449E+05  0.310038E+06
  0.325078E+00  0.315785E+06  0.313180E+06  0.000000E+00  0.000000E+00  0.494229E+05  0.307656E+06
  0.326910E+00  0.313346E+06  0.310772E+06  0.000000E+00  0.000000E+00  0.487091E+05  0.305271E+06
  0.328743E+00  0.310902E+06  0.308356E+06  0.000000E+00  0.000000E+00  0.480032E+05  0.302882E+06
  0.330575E+00  0.308451E+06  0.305930E+06  0.000000E+00  0.000000E+00  0.473045E+05  0.300486E+06
  0.332407E+00  0.305993E+06  0.303493E+06  0.000000E+00  0.000000E+00  0.466129E+05  0.298082E+06
  0.334239E+00  0.303528E+06  0.301046E+06  0.000000E+00  0.000000E+00  0.459284E+05  0.295671E+06
  0.336072E+00  0.301058E+06  0.298592E+06  0.000000E+00  0.000000E+00  0.452512E+05  0.293256E+06
  0.337904E+00  0.298587E+06  0.296133E+06  0.000000E+00  0.000000E+00  0.445817E+05  0.290839E+06
  0.339736E+00  0.296117E+06  0.293674E+06  0.000000E+00  0.000000E+00  0.439202E+05  0.288423E+06
  0.341568E+00  0.293652E+06  0.291218E+06  0.000000E+00  0.000000E+00  0.432674E+05  0.286012E+06
  0.343401E+00  0.291198E+06  0.288771E+06  0.000000E+00  0.000000E+00  0.426235E+05  0.283612E+06
  0.345233E+00  0.288758E+06  0.286338E+06  0.000000E+00  0.000000E+00  0.419894E+05  0.281225E+06
  0.347065E+00  0.286338E+06  0.283924E+06  0.000000E+00  0.000000E+00  0.413654E+05  0.278858E+06
  0.348897E+00  0.283942E+06  0.281534E+06  0.000000E+00  0.000000E+00  0.407522E+05  0.276515E+06
  0.350729E+00  0.281575E+06  0.279173E+06  0.000000E+00  0.000000E+00  0.401502E+05  0.274200E+06
  0.352562E+00  0.279242E+06  0.276848E+06  0.000000E+00  0.000000E+00  0.395601E+05  0.271919E+06
  0.354394E+00  0.276948E+06  0.274561E+06  0.000000E+00  0.000000E+00  0.389821E+05  0.269676E+06
  0.356226E+00  0.274695E+06  0.272317E+06  0.000000E+00  0.000000E+00  0.384165E+05  0.267473E+06
  0.358058E+00  0.272485E+06  0.270118E+06  0.000000E+00  0.000000E+00  0.378636E+05  0.265313E+06
  0.359891E+00  0.270322E+06  0.267966E+06  0.000000E+00  0.000000E+00  0.373232E+05  0.263199E+06
  0.361723E+00  0.268205E+06  0.265863E+06  0.000000E+00  0.000000E+00  0.367955E+05  0.261130E+06
  0.363555E+00  0.266135E+06  0.263808E+06  0.000000E+00  0.000000E+00  0.362801E+05  0.259107E+06
  0.365387E+00  0.264112E+06  0.261802E+06  0.000000E+00  0.000000E+00  0.357770E+05  0.257131E+06
  0.367220E+00  0.262136E+06  0.259843E+06  0.000000E+00  0.000000E+00  0.352857E+05  0.255201E+06
  0.369052E+00  0.260204E+06  0.257931E+06  0.000000E+00  0.000000E+00  0.348060E+05  0.253314E+06
  0.370884E+00  0.258316E+06  0.256063E+06  0.000000E+00  0.000000E+00  0.343374E+05  0.251470E+06
  0.372716E+00  0.256468E+06  0.254237E+06  0.000000E+00  0.000000E+00  0.338792E+05  0.249666E+06
  0.374548E+00  0.254657E+06  0.252448E+06  0.000000E+00  0.000000E+00  0.334311E+05  0.247898E+06
  0.376381E+00  0.252880E+06  0.250693E+06  0.000000E+00  0.000000E+00  0.329922E+05  0.246163E+06
  0.378213E+00  0.251133E+06  0.248970E+06  0.000000E+00  0.000000E+00  0.325622E+05  0.244458E+06
  0.380045E+00  0.249413E+06  0.247273E+06  0.000000E+00  0.000000E+00  0.321402E+05  0.242779E+06
  0.381877E+00  0.247716E+06  0.245599E+06  0.000000E+00  0.000000E+00  0.317258E+05  0.241123E+06
  0.383710E+00  0.246040E+06  0.243945E+06  0.000000E+00  0.000000E+00  0.313185E+05  0.239487E+06
  0.385542E+00  0.244381E+06  0.242308E+06  0.000000E+00  0.000000E+00  0.309177E+05  0.237868E+06
  0.387374E+00  0.242736E+06  0.240684E+06  0.000000E+00  0.000000E+00  0.305230E+05  0.236262E+06
  0.389206E+00  0.241103E+06  0.239071E+06  0.000000E+00  0.000000E+00  0.301340E+05  0.234668E+06
  0.391039E+00  0.239479E+06  0.237466E+06  0.000000E+00  0.000000E+00  0.297503E+05  0.233083E+06
  0.392871E+00  0.237862E+06  0.235867E+06  0.000000E+00  0.000000E+00  0.293715E+05  0.231506E+06
  0.394703E+00  0.236252E+06  0.234273E+06  0.000000E+00  0.000000E+00  0.289974E+05  0.229933E+06
  0.396535E+00  0.234646E+06  0.232683E+06  0.000000E+00  0.000000E+00  0.286279E+05  0.228366E+06
  0.398367E+00  0.233045E+06  0.231096E+06  0.000000E+00  0.000000E+00  0.282629E+05  0.226803E+06
  0.400200E+00  0.231449E+06  0.229513E+06  0.000000E+00  0.000000E+00  0.279022E+05  0.225244E+06
  0.402032E+00  0.229857E+06  0.227934E+06  0.000000E+00  0.000000E+00  0.275459E+05  0.223691E+06
  0.403864E+00  0.228271E+06  0.226360E+06  0.000000E+00  0.000000E+00  0.271940E+05  0.222142E+06
  0.405696E+00  0.226692E+06  0.224791E+06  0.000000E+00  0.000000E+00  0.268465E+05  0.220600E+06
  0.407529E+00  0.225120E+06  0.223229E+06  0.000000E+00  0.000000E+00  0.265035E+05  0.219066E+06
  0.409361E+00  0.223557E+06  0.221675E+06  0.000000E+00  0.000000E+00  0.261651E+05  0.217540E+06
  0.411193E+00  0.222005E+06  0.220131E+06  0.000000E+00  0.000000E+00  0.258314E+05  0.216024E+06
  0.413025E+00  0.220464E+06  0.218598E+06  0.000000E+00  0.000000E+00  0.255025E+05  0.214519E+06
  0.414858E+00  0.218936E+06  0.217079E+06  0.000000E+00  0.000000E+00  0.251785E+05  0.213028E+06
  0.416690E+00  0.217424E+06  0.215574E+06  0.000000E+00  0.000000E+00  0.248596E+05  0.211551E+06
  0.418522E+00  0.215928E+06  0.214087E+06  0.000000E+00  0.000000E+00  0.245459E+05  0.210091E+06
  0.420354E+00  0.214451E+06  0.212618E+06  0.000000E+00  0.000000E+00  0.242375E+05  0.208649E+06
  0.422186E+00  0.212992E+06  0.211168E+06  0.000000E+00  0.000000E+00  0.239343E+05  0.207225E+06
  0.424019E+00  0.211553E+06  0.209738E+06  0.000000E+00  0.000000E+00  0.236364E+05  0.205821E+06
  0.425851E+00  0.210135E+06  0.208330E+06  0.000000E+00  0.000000E+00  0.233438E+05  0.204437E+06
  0.427683E+00  0.208738E+06  0.206942E+06  0.000000E+00  0.000000E+00  0.230566E+05  0.203074E+06
  0.429515E+00  0.207362E+06  0.205577E+06  0.000000E+00  0.000000E+00  0.227745E+05  0.201731E+06
  0.431348E+00  0.206008E+06  0.204234E+06  0.000000E+00  0.000000E+00  0.224977E+05  0.200410E+06
  0.433180E+00  0.204675E+06  0.202912E+06  0.000000E+00  0.000000E+00  0.222260E+05  0.199110E+06
  0.435012E+00  0.203364E+06  0.201612E+06  0.000000E+00  0.000000E+00  0.219592E+05  0.197830E+06
  0.436844E+00  0.202072E+06  0.200333E+06  0.000000E+00  0.000000E+00  0.216973E+05  0.196571E+06
  0.438677E+00  0.200801E+06  0.199074E+06  0.000000E+00  0.000000E+00  0.214401E+05  0.195330E+06
  0.440509E+00  0.199547E+06  0.197833E+06  0.000000E+00  0.000000E+00  0.211874E+05  0.194108E+06
  0.442341E+00  0.198311E+06  0.196609E+06  0.000000E+00  0.000000E+00  0.209390E+05  0.192902E+06
  0.444173E+00  0.197091E+06  0.195402E+06  0.000000E+00  0.000000E+00  0.206947E+05  0.191713E+06
  0.446005E+00  0.195886E+06  0.194211E+06  0.000000E+00  0.000000E+00  0.204544E+05  0.190538E+06
  0.447838E+00  0.194695E+06  0.193033E+06  0.000000E+00  0.000000E+00  0.202179E+05  0.189377E+06
  0.449670E+00  0.193518E+06  0.191868E+06  0.000000E+00  0.000000E+00  0.199850E+05  0.188228E+06
  0.451502E+00  0.192352E+06  0.190714E+06  0.000000E+00  0.000000E+00  0.197556E+05  0.187091E+06
  0.453334E+00  0.191196E+06  0.189571E+06  0.000000E+00  0.000000E+00  0.195295E+05  0.185965E+06
  0.455167E+00  0.190050E+06  0.188437E+06  0.000000E+00  0.000000E+00  0.193065E+05  0.184847E+06
  0.456999E+00  0.188913E+06  0.187312E+06  0.000000E+00  0.000000E+00  0.190866E+05  0.183739E+06
  0.458831E+00  0.187783E+06  0.186193E+06  0.000000E+00  0.000000E+00  0.188695E+05  0.182637E+06
  0.460663E+00  0.186661E+06  0.185082E+06  0.000000E+00  0.000000E+00  0.186552E+05  0.181543E+06
  0.462496E+00  0.185546E+06  0.183977E+06  0.000000E+00  0.000000E+00  0.184436E+05  0.180456E+06
  0.464328E+00  0.184437E+06  0.182879E+06  0.000000E+00  0.000000E+00  0.182347E+05  0.179375E+06
  0.466160E+00  0.183335E+06  0.181786E+06  0.000000E+00  0.000000E+00  0.180284E+05  0.178300E+06
  0.467992E+00  0.182239E+06  0.180699E+06  0.000000E+00  0.000000E+00  0.178247E+05  0.177231E+06
  0.469824E+00  0.181150E+06  0.179619E+06  0.000000E+00  0.000000E+00  0.176235E+05  0.176169E+06
  0.471657E+00  0.180067E+06  0.178544E+06  0.000000E+00  0.000000E+00  0.174249E+05  0.175113E+06
  0.473489E+00  0.178991E+06  0.177476E+06  0.000000E+00  0.000000E+00  0.172287E+05  0.174064E+06
  0.475321E+00  0.177921E+06  0.176415E+06  0.000000E+00  0.000000E+00  0.170350E+05  0.173021E+06
  0.477153E+00  0.176859E+06  0.175360E+06  0.000000E+00  0.000000E+00  0.168438E+05  0.171985E+06
  0.478986E+00  0.175805E+06  0.174314E+06  0.000000E+00  0.000000E+00  0.166552E+05  0.170958E+06
  0.480818E+00  0.174760E+06  0.173276E+06  0.000000E+00  0.000000E+00  0.164691E+05  0.169938E+06
  0.482650E+00  0.173723E+06  0.172246E+06  0.000000E+00  0.000000E+00  0.162856E+05  0.168928E+06
  0.484482E+00  0.172696E+06  0.171226E+06  0.000000E+00  0.000000E+00  0.161047E+05  0.167926E+06
  0.486315E+00  0.171679E+06  0.170216E+06  0.000000E+00  0.000000E+00  0.159263E+05  0.166934E+06
  0.488147E+00  0.170671E+06  0.169216E+06  0.000000E+00  0.000000E+00  0.157504E+05  0.165952E+06
  0.489979E+00  0.169674E+06  0.168226E+06  0.000000E+00  0.000000E+00  0.155772E+05  0.164979E+06
  0.491811E+00  0.168687E+06  0.167246E+06  0.000000E+00  0.000000E+00  0.154065E+05  0.164017E+06
  0.493643E+00  0.167711E+06  0.166278E+06  0.000000E+00  0.000000E+00  0.152383E+05  0.163066E+06
  0.495476E+00  0.166746E+06  0.165320E+06  0.000000E+00  0.000000E+00  0.150726E+05  0.162125E+06
  0.497308E+00  0.165792E+06  0.164374E+06  0.000000E+00  0.000000E+00  0.149094E+05  0.161196E+06
  0.499140E+00  0.164849E+06  0.163439E+06  0.000000E+00  0.000000E+00  0.147487E+05  0.160276E+06
  0.500972E+00  0.163917E+06  0.162515E+06  0.000000E+00  0.000000E+00  0.145905E+05  0.159368E+06
  0.502805E+00  0.162996E+06  0.161601E+06  0.000000E+00  0.000000E+00  0.144345E+05  0.158470E+06
  0.504637E+00  0.162084E+06  0.160698E+06  0.000000E+00  0.000000E+00  0.142809E+05  0.157582E+06
  0.506469E+00  0.161183E+06  0.159805E+06  0.000000E+00  0.000000E+00  0.141295E+05  0.156704E+06
  0.508301E+00  0.160292E+06  0.158922E+06  0.000000E+00  0.000000E+00  0.139804E+05  0.155835E+06
  0.510134E+00  0.159410E+06  0.158048E+06  0.000000E+00  0.000000E+00  0.138334E+05  0.154976E+06
  0.511966E+00  0.158537E+06  0.157184E+06  0.000000E+00  0.000000E+00  0.136884E+05  0.154125E+06
  0.513798E+00  0.157672E+06  0.156327E+06  0.000000E+00  0.000000E+00  0.135455E+05  0.153283E+06
  0.515630E+00  0.156816E+06  0.155480E+06  0.000000E+00  0.000000E+00  0.134046E+05  0.152449E+06
  0.517462E+00  0.155968E+06  0.154639E+06  0.000000E+00  0.000000E+00  0.132655E+05  0.151623E+06
  0.519295E+00  0.155127E+06  0.153806E+06  0.000000E+00  0.000000E+00  0.131283E+05  0.150803E+06
  0.521127E+00  0.154293E+06  0.152980E+06  0.000000E+00  0.000000E+00  0.129929E+05  0.149991E+06
  0.522959E+00  0.153465E+06  0.152160E+06  0.000000E+00  0.000000E+00  0.128592E+05  0.149184E+06
  0.524791E+00  0.152644E+06  0.151347E+06  0.000000E+00  0.000000E+00  0.127272E+05  0.148384E+06
  0.526624E+00  0.151828E+06  0.150539E+06  0.000000E+00  0.000000E+00  0.125968E+05  0.147590E+06
  0.528456E+00  0.151019E+06  0.149736E+06  0.000000E+00  0.000000E+00  0.124680E+05  0.146801E+06
  0.530288E+00  0.150215E+06  0.148940E+06  0.000000E+00  0.000000E+00  0.123408E+05  0.146018E+06
  0.532120E+00  0.149417E+06  0.148148E+06  0.000000E+00  0.000000E+00  0.122152E+05  0.145240E+06
  0.533953E+00  0.148624E+06  0.147362E+06  0.000000E+00  0.000000E+00  0.120910E+05  0.144468E+06
  0.535785E+00  0.147836E+06  0.146582E+06  0.000000E+00  0.000000E+00  0.119684E+05  0.143701E+06
  0.537617E+00  0.147054E+06  0.145806E+06  0.000000E+00  0.000000E+00  0.118473E+05  0.142939E+06
  0.539449E+00  0.146277E+06  0.145035E+06  0.000000E+00  0.000000E+00  0.117276E+05  0.142182E+06
  0.541281E+00  0.145506E+06  0.144270E+06  0.000000E+00  0.000000E+00  0.116093E+05  0.141430E+06
  0.543114E+00  0.144740E+06  0.143510E+06  0.000000E+00  0.000000E+00  0.114925E+05  0.140684E+06
  0.544946E+00  0.143980E+06  0.142756E+06  0.000000E+00  0.000000E+00  0.113772E+05  0.139944E+06
  0.546778E+00  0.143225E+06  0.142008E+06  0.000000E+00  0.000000E+00  0.112632E+05  0.139208E+06
  0.548610E+00  0.142476E+06  0.141265E+06  0.000000E+00  0.000000E+00  0.111507E+05  0.138479E+06
  0.550443E+00  0.141734E+06  0.140528E+06  0.000000E+00  0.000000E+00  0.110396E+05  0.137756E+06
  0.552275E+00  0.140997E+06  0.139797E+06  0.000000E+00  0.000000E+00  0.109299E+05  0.137038E+06
  0.554107E+00  0.140266E+06  0.139072E+06  0.000000E+00  0.000000E+00  0.108215E+05  0.136326E+06
  0.555939E+00  0.139541E+06  0.138353E+06  0.000000E+00  0.000000E+00  0.107146E+05  0.135620E+06
  0.557772E+00  0.138822E+06  0.137640E+06  0.000000E+00  0.000000E+00  0.106090E+05  0.134920E+06
  0.559604E+00  0.138110E+06  0.136933E+06  0.000000E+00  0.000000E+00  0.105047E+05  0.134226E+06
  0.561436E+00  0.137404E+06  0.136233E+06  0.000000E+00  0.000000E+00  0.104018E+05  0.133539E+06
  0.563268E+00  0.136705E+06  0.135539E+06  0.000000E+00  0.000000E+00  0.103003E+05  0.132858E+06
  0.565100E+00  0.136012E+06  0.134852E+06  0.000000E+00  0.000000E+00  0.102000E+05  0.132182E+06
  0.566933E+00  0.135325E+06  0.134171E+06  0.000000E+00  0.000000E+00  0.101010E+05  0.131513E+06
  0.568765E+00  0.134644E+06  0.133496E+06  0.000000E+00  0.000000E+00  0.100034E+05  0.130850E+06
  0.570597E+00  0.133969E+06  0.132827E+06  0.000000E+00  0.000000E+00  0.990691E+04  0.130193E+06
  0.572429E+00  0.133300E+06  0.132164E+06  0.000000E+00  0.000000E+00  0.981169E+04  0.129542E+06
  0.574262E+00  0.132637E+06  0.131506E+06  0.000000E+00  0.000000E+00  0.971768E+04  0.128896E+06
  0.576094E+00  0.131980E+06  0.130855E+06  0.000000E+00  0.000000E+00  0.962486E+04  0.128257E+06
  0.577926E+00  0.131329E+06  0.130209E+06  0.000000E+00  0.000000E+00  0.953320E+04  0.127622E+06
  0.579758E+00  0.130683E+06  0.129569E+06  0.000000E+00  0.000000E+00  0.944269E+04  0.126993E+06
  0.581591E+00  0.130042E+06  0.128934E+06  0.000000E+00  0.000000E+00  0.935328E+04  0.126370E+06
  0.583423E+00  0.129407E+06  0.128304E+06  0.000000E+00  0.000000E+00  0.926496E+04  0.125751E+06
  0.585255E+00  0.128776E+06  0.127680E+06  0.000000E+00  0.000000E+00  0.917771E+04  0.125137E+06
  0.587087E+00  0.128150E+06  0.127059E+06  0.000000E+00  0.000000E+00  0.909149E+04  0.124528E+06
  0.707312E+00  0.954982E+05  0.946851E+05  0.000000E+00  0.000000E+00  0.512589E+04  0.927506E+05
  0.863914E+00  0.693075E+05  0.687176E+05  0.000000E+00  0.000000E+00  0.271961E+04  0.672844E+05
  0.105519E+01  0.500652E+05  0.496391E+05  0.000000E+00  0.000000E+00  0.141780E+04  0.485880E+05
  0.128881E+01  0.360144E+05  0.357078E+05  0.000000E+00  0.000000E+00  0.727676E+03  0.349433E+05
  0.157415E+01  0.258082E+05  0.255884E+05  0.000000E+00  0.000000E+00  0.468499E+03  0.250390E+05
  0.192267E+01  0.184280E+05  0.182710E+05  0.000000E+00  0.000000E+00  0.237591E+03  0.178760E+05
  0.234836E+01  0.131159E+05  0.130041E+05  0.000000E+00  0.000000E+00  0.118988E+03  0.127215E+05
  0.286829E+01  0.930750E+04  0.922805E+04  0.000000E+00  0.000000E+00  0.589315E+02  0.902688E+04
  0.350334E+01  0.658698E+04  0.653066E+04  0.000000E+00  0.000000E+00  0.289012E+02  0.638800E+04
  0.427899E+01  0.464998E+04  0.461012E+04  0.000000E+00  0.000000E+00  0.140507E+02  0.450932E+04
  0.522637E+01  0.327500E+04  0.324680E+04  0.000000E+00  0.000000E+00  0.677850E+01  0.317582E+04
  0.638351E+01  0.230166E+04  0.228172E+04  0.000000E+00  0.000000E+00  0.324810E+01  0.223189E+04
  0.779683E+01  0.161439E+04  0.160028E+04  0.000000E+00  0.000000E+00  0.154728E+01  0.156542E+04
  0.952307E+01  0.113026E+04  0.112025E+04  0.000000E+00  0.000000E+00  0.733352E+00  0.109594E+04
  0.116315E+02  0.789951E+03  0.782815E+03  0.000000E+00  0.000000E+00  0.346088E+00  0.765940E+03
  0.142067E+02  0.551221E+03  0.546097E+03  0.000000E+00  0.000000E+00  0.162737E+00  0.534442E+03
  0.173522E+02  0.384058E+03  0.380338E+03  0.000000E+00  0.000000E+00  0.762885E-01  0.372344E+03
  0.211940E+02  0.267210E+03  0.264465E+03  0.000000E+00  0.000000E+00  0.356712E-01  0.259036E+03
  0.258864E+02  0.185662E+03  0.183594E+03  0.000000E+00  0.000000E+00  0.166424E-01  0.179958E+03
  0.316177E+02  0.128835E+03  0.127232E+03  0.000000E+00  0.000000E+00  0.774952E-02  0.124851E+03
  0.386180E+02  0.892894E+02  0.880057E+02  0.000000E+00  0.000000E+00  0.360220E-02  0.865019E+02
  0.471681E+02  0.618056E+02  0.607391E+02  0.000000E+00  0.000000E+00  0.167164E-02  0.598491E+02
  0.576112E+02  0.427274E+02  0.418074E+02  0.000000E+00  0.000000E+00  0.774432E-03  0.413471E+02
  0.703666E+02  0.294991E+02  0.286768E+02  0.000000E+00  0.000000E+00  0.358141E-03  0.285178E+02
  0.859458E+02  0.203368E+02  0.195790E+02  0.000000E+00  0.000000E+00  0.165291E-03  0.196313E+02
  0.104975E+03  0.139969E+02  0.132818E+02  0.000000E+00  0.000000E+00  0.761010E-04  0.134820E+02
