  0.355810E-05  0.229277E+06  0.229277E+06  0.305702E+06  0.305702E+06  0.231003E+06  0.229327E+06
  0.367857E-05  0.229277E+06  0.229277E+06  0.305702E+06  0.305702E+06  0.231003E+06  0.229327E+06
  0.380311E-05  0.229277E+06  0.229277E+06  0.305702E+06  0.305702E+06  0.231003E+06  0.229327E+06
  0.393186E-05  0.229277E+06  0.229277E+06  0.305702E+06  0.305702E+06  0.231003E+06  0.229327E+06
  0.406498E-05  0.229277E+06  0.229277E+06  0.305702E+06  0.305702E+06  0.231003E+06  0.229327E+06
  0.420260E-05  0.229277E+06  0.229277E+06  0.305702E+06  0.305702E+06  0.231003E+06  0.229327E+06
  0.434489E-05  0.229277E+06  0.229277E+06  0.305702E+06  0.305702E+06  0.231002E+06  0.229327E+06
  0.449198E-05  0.229277E+06  0.229277E+06  0.305702E+06  0.305702E+06  0.231002E+06  0.229327E+06
  0.464406E-05  0.229277E+06  0.229277E+06  0.305702E+06  0.305702E+06  0.231002E+06  0.229327E+06
  0.480129E-05  0.229277E+06  0.229277E+06  0.305702E+06  0.305702E+06  0.231002E+06  0.229327E+06
  0.496384E-05  0.229277E+06  0.229277E+06  0.305702E+06  0.305702E+06  0.231002E+06  0.229327E+06
  0.513190E-05  0.229277E+06  0.229277E+06  0.305702E+06  0.305702E+06  0.231002E+06  0.229327E+06
  0.530564E-05  0.229277E+06  0.229277E+06  0.305702E+06  0.305702E+06  0.231002E+06  0.229327E+06
  0.548527E-05  0.229277E+06  0.229277E+06  0.305702E+06  0.305702E+06  0.231002E+06  0.229327E+06
  0.567098E-05  0.229277E+06  0.229277E+06  0.305702E+06  0.305702E+06  0.231002E+06  0.229327E+06
  0.586297E-05  0.229277E+06  0.229277E+06  0.305702E+06  0.305702E+06  0.231002E+06  0.229327E+06
  0.606147E-05  0.229277E+06  0.229277E+06  0.305702E+06  0.305702E+06  0.231002E+06  0.229327E+06
  0.626668E-05  0.229277E+06  0.229277E+06  0.305702E+06  0.305702E+06  0.231002E+06  0.229327E+06
  0.647885E-05  0.229277E+06  0.229277E+06  0.305702E+06  0.305702E+06  0.231002E+06  0.229327E+06
  0.669819E-05  0.229277E+06  0.229277E+06  0.305702E+06  0.305702E+06  0.231002E+06  0.229327E+06
  0.692496E-05  0.229277E+06  0.229277E+06  0.305702E+06  0.305702E+06  0.231002E+06  0.229327E+06
  0.715941E-05  0.229277E+06  0.229277E+06  0.305702E+06  0.305702E+06  0.231002E+06  0.229327E+06
  0.740180E-05  0.229277E+06  0.229277E+06  0.305702E+06  0.305702E+06  0.231002E+06  0.229327E+06
  0.765239E-05  0.229277E+06  0.229277E+06  0.305702E+06  0.305702E+06  0.231002E+06  0.229327E+06
  0.791147E-05  0.229277E+06  0.229277E+06  0.305702E+06  0.305702E+06  0.231002E+06  0.229327E+06
  0.817932E-05  0.229277E+06  0.229277E+06  0.305702E+06  0.305701E+06  0.231002E+06  0.229327E+06
  0.845624E-05  0.229277E+06  0.229277E+06  0.305702E+06  0.305701E+06  0.231002E+06  0.229327E+06
  0.874253E-05  0.229277E+06  0.229277E+06  0.305701E+06  0.305701E+06  0.231002E+06  0.229327E+06
  0.903851E-05  0.229277E+06  0.229277E+06  0.305701E+06  0.305701E+06  0.231002E+06  0.229327E+06
  0.934452E-05  0.229277E+06  0.229277E+06  0.305701E+06  0.305701E+06  0.231002E+06  0.229327E+06
  0.966088E-05  0.229277E+06  0.229277E+06  0.305701E+06  0.305701E+06  0.231002E+06  0.229327E+06
  0.998796E-05  0.229277E+06  0.229277E+06  0.305701E+06  0.305701E+06  0.231002E+06  0.229327E+06
  0.103261E-04  0.229277E+06  0.229277E+06  0.305701E+06  0.305701E+06  0.231002E+06  0.229327E+06
  0.106757E-04  0.229277E+06  0.229277E+06  0.305701E+06  0.305701E+06  0.231002E+06  0.229327E+06
  0.110371E-04  0.229277E+06  0.229277E+06  0.305701E+06  0.305701E+06  0.231002E+06  0.229327E+06
  0.114108E-04  0.229277E+06  0.229277E+06  0.305701E+06  0.305701E+06  0.231002E+06  0.229327E+06
  0.117971E-04  0.229277E+06  0.229277E+06  0.305701E+06  0.305701E+06  0.231002E+06  0.229327E+06
  0.121965E-04  0.229277E+06  0.229277E+06  0.305701E+06  0.305700E+06  0.231002E+06  0.229327E+06
  0.126095E-04  0.229277E+06  0.229277E+06  0.305700E+06  0.305700E+06  0.231002E+06  0.229327E+06
  0.130364E-04  0.229277E+06  0.229277E+06  0.305700E+06  0.305700E+06  0.231002E+06  0.229327E+06
  0.134777E-04  0.229277E+06  0.229277E+06  0.305700E+06  0.305700E+06  0.231002E+06  0.229327E+06
  0.139340E-04  0.229277E+06  0.229277E+06  0.305700E+06  0.305700E+06  0.231002E+06  0.229327E+06
  0.144058E-04  0.229277E+06  0.229277E+06  0.305700E+06  0.305700E+06  0.231002E+06  0.229327E+06
  0.148935E-04  0.229277E+06  0.229277E+06  0.305700E+06  0.305699E+06  0.231002E+06  0.229327E+06
  0.153977E-04  0.229277E+06  0.229277E+06  0.305700E+06  0.305699E+06  0.231002E+06  0.229327E+06
  0.159190E-04  0.229277E+06  0.229277E+06  0.305699E+06  0.305699E+06  0.231002E+06  0.229327E+06
  0.164580E-04  0.229277E+06  0.229277E+06  0.305699E+06  0.305699E+06  0.231002E+06  0.229327E+06
  0.170152E-04  0.229277E+06  0.229277E+06  0.305699E+06  0.305699E+06  0.231002E+06  0.229327E+06
  0.175912E-04  0.229277E+06  0.229277E+06  0.305699E+06  0.305698E+06  0.231002E+06  0.229327E+06
  0.181868E-04  0.229277E+06  0.229277E+06  0.305698E+06  0.305698E+06  0.231002E+06  0.229327E+06
  0.188025E-04  0.229277E+06  0.229277E+06  0.305698E+06  0.305698E+06  0.231002E+06  0.229327E+06
  0.194391E-04  0.229277E+06  0.229277E+06  0.305698E+06  0.305697E+06  0.231002E+06  0.229327E+06
  0.200972E-04  0.229277E+06  0.229277E+06  0.305698E+06  0.305697E+06  0.231002E+06  0.229327E+06
  0.207776E-04  0.229277E+06  0.229277E+06  0.305697E+06  0.305697E+06  0.231002E+06  0.229327E+06
  0.214810E-04  0.229277E+06  0.229277E+06  0.305697E+06  0.305696E+06  0.231002E+06  0.229327E+06
  0.222083E-04  0.229277E+06  0.229276E+06  0.305696E+06  0.305696E+06  0.231002E+06  0.229327E+06
  0.229602E-04  0.229277E+06  0.229276E+06  0.305696E+06  0.305695E+06  0.231002E+06  0.229327E+06
  0.237375E-04  0.229276E+06  0.229276E+06  0.305696E+06  0.305695E+06  0.231002E+06  0.229327E+06
  0.245412E-04  0.229276E+06  0.229276E+06  0.305695E+06  0.305694E+06  0.231001E+06  0.229327E+06
  0.253720E-04  0.229276E+06  0.229276E+06  0.305695E+06  0.305694E+06  0.231001E+06  0.229327E+06
  0.262310E-04  0.229276E+06  0.229276E+06  0.305694E+06  0.305693E+06  0.231001E+06  0.229327E+06
  0.271191E-04  0.229276E+06  0.229276E+06  0.305694E+06  0.305693E+06  0.231001E+06  0.229327E+06
  0.280372E-04  0.229276E+06  0.229276E+06  0.305693E+06  0.305692E+06  0.231001E+06  0.229327E+06
  0.289864E-04  0.229276E+06  0.229276E+06  0.305692E+06  0.305691E+06  0.231001E+06  0.229327E+06
  0.299678E-04  0.229276E+06  0.229276E+06  0.305692E+06  0.305690E+06  0.231001E+06  0.229327E+06
  0.309824E-04  0.229276E+06  0.229276E+06  0.305691E+06  0.305690E+06  0.231001E+06  0.229327E+06
  0.320313E-04  0.229276E+06  0.229276E+06  0.305690E+06  0.305689E+06  0.231001E+06  0.229327E+06
  0.331158E-04  0.229276E+06  0.229276E+06  0.305689E+06  0.305688E+06  0.231001E+06  0.229327E+06
  0.342369E-04  0.229276E+06  0.229276E+06  0.305688E+06  0.305687E+06  0.231000E+06  0.229327E+06
  0.353960E-04  0.229276E+06  0.229276E+06  0.305688E+06  0.305686E+06  0.231000E+06  0.229327E+06
  0.365944E-04  0.229276E+06  0.229276E+06  0.305686E+06  0.305685E+06  0.231000E+06  0.229327E+06
  0.378333E-04  0.229276E+06  0.229276E+06  0.305685E+06  0.305683E+06  0.231000E+06  0.229327E+06
  0.391142E-04  0.229276E+06  0.229276E+06  0.305684E+06  0.305682E+06  0.231000E+06  0.229327E+06
  0.404384E-04  0.229276E+06  0.229276E+06  0.305683E+06  0.305681E+06  0.231000E+06  0.229327E+06
  0.418075E-04  0.229276E+06  0.229276E+06  0.305682E+06  0.305679E+06  0.230999E+06  0.229326E+06
  0.432229E-04  0.229276E+06  0.229276E+06  0.305680E+06  0.305678E+06  0.230999E+06  0.229326E+06
  0.446863E-04  0.229276E+06  0.229276E+06  0.305679E+06  0.305676E+06  0.230999E+06  0.229326E+06
  0.461992E-04  0.229276E+06  0.229276E+06  0.305677E+06  0.305674E+06  0.230999E+06  0.229326E+06
  0.477633E-04  0.229276E+06  0.229275E+06  0.305675E+06  0.305672E+06  0.230998E+06  0.229326E+06
  0.493803E-04  0.229276E+06  0.229275E+06  0.305673E+06  0.305670E+06  0.230998E+06  0.229326E+06
  0.510521E-04  0.229276E+06  0.229275E+06  0.305671E+06  0.305668E+06  0.230998E+06  0.229326E+06
  0.527805E-04  0.229275E+06  0.229275E+06  0.305669E+06  0.305666E+06  0.230997E+06  0.229326E+06
  0.545675E-04  0.229275E+06  0.229275E+06  0.305667E+06  0.305663E+06  0.230997E+06  0.229326E+06
  0.564149E-04  0.229275E+06  0.229275E+06  0.305665E+06  0.305660E+06  0.230997E+06  0.229326E+06
  0.583249E-04  0.229275E+06  0.229275E+06  0.305662E+06  0.305657E+06  0.230996E+06  0.229326E+06
  0.602995E-04  0.229275E+06  0.229275E+06  0.305659E+06  0.305654E+06  0.230996E+06  0.229325E+06
  0.623410E-04  0.229275E+06  0.229275E+06  0.305656E+06  0.305651E+06  0.230995E+06  0.229325E+06
  0.644516E-04  0.229275E+06  0.229274E+06  0.305653E+06  0.305647E+06  0.230995E+06  0.229325E+06
  0.666336E-04  0.229275E+06  0.229274E+06  0.305650E+06  0.305644E+06  0.230994E+06  0.229325E+06
  0.688896E-04  0.229274E+06  0.229274E+06  0.305646E+06  0.305640E+06  0.230994E+06  0.229325E+06
  0.712219E-04  0.229274E+06  0.229274E+06  0.305642E+06  0.305635E+06  0.230993E+06  0.229325E+06
  0.736331E-04  0.229274E+06  0.229274E+06  0.305638E+06  0.305631E+06  0.230992E+06  0.229325E+06
  0.761260E-04  0.229274E+06  0.229274E+06  0.305634E+06  0.305626E+06  0.230992E+06  0.229324E+06
  0.787033E-04  0.229274E+06  0.229273E+06  0.305629E+06  0.305620E+06  0.230991E+06  0.229324E+06
  0.813679E-04  0.229274E+06  0.229273E+06  0.305624E+06  0.305615E+06  0.230990E+06  0.229324E+06
  0.841227E-04  0.229273E+06  0.229273E+06  0.305618E+06  0.305609E+06  0.230989E+06  0.229324E+06
  0.869707E-04  0.229273E+06  0.229273E+06  0.305613E+06  0.305602E+06  0.230989E+06  0.229323E+06
  0.899151E-04  0.229273E+06  0.229272E+06  0.305606E+06  0.305595E+06  0.230988E+06  0.229323E+06
  0.929593E-04  0.229273E+06  0.229272E+06  0.305600E+06  0.305588E+06  0.230987E+06  0.229323E+06
  0.961065E-04  0.229272E+06  0.229272E+06  0.305593E+06  0.305580E+06  0.230985E+06  0.229322E+06
  0.993603E-04  0.229272E+06  0.229271E+06  0.305585E+06  0.305572E+06  0.230984E+06  0.229322E+06
  0.102724E-03  0.229272E+06  0.229271E+06  0.305577E+06  0.305563E+06  0.230983E+06  0.229322E+06
  0.106202E-03  0.229271E+06  0.229270E+06  0.305568E+06  0.305553E+06  0.230982E+06  0.229321E+06
  0.109798E-03  0.229271E+06  0.229270E+06  0.305559E+06  0.305543E+06  0.230980E+06  0.229321E+06
  0.113515E-03  0.229270E+06  0.229270E+06  0.305549E+06  0.305532E+06  0.230979E+06  0.229320E+06
  0.117358E-03  0.229270E+06  0.229269E+06  0.305539E+06  0.305520E+06  0.230977E+06  0.229320E+06
  0.121331E-03  0.229270E+06  0.229268E+06  0.305528E+06  0.305508E+06  0.230975E+06  0.229319E+06
  0.125439E-03  0.229269E+06  0.229268E+06  0.305516E+06  0.305494E+06  0.230973E+06  0.229319E+06
  0.129686E-03  0.229269E+06  0.229267E+06  0.305503E+06  0.305480E+06  0.230971E+06  0.229318E+06
  0.134076E-03  0.229268E+06  0.229267E+06  0.305489E+06  0.305465E+06  0.230969E+06  0.229318E+06
  0.138616E-03  0.229267E+06  0.229266E+06  0.305474E+06  0.305448E+06  0.230967E+06  0.229317E+06
  0.143309E-03  0.229267E+06  0.229265E+06  0.305459E+06  0.305431E+06  0.230965E+06  0.229316E+06
  0.148160E-03  0.229266E+06  0.229264E+06  0.305442E+06  0.305412E+06  0.230962E+06  0.229316E+06
  0.153176E-03  0.229265E+06  0.229264E+06  0.305424E+06  0.305392E+06  0.230959E+06  0.229315E+06
  0.158362E-03  0.229264E+06  0.229263E+06  0.305405E+06  0.305371E+06  0.230956E+06  0.229314E+06
  0.163724E-03  0.229264E+06  0.229262E+06  0.305384E+06  0.305348E+06  0.230953E+06  0.229313E+06
  0.169267E-03  0.229263E+06  0.229261E+06  0.305362E+06  0.305324E+06  0.230950E+06  0.229312E+06
  0.174997E-03  0.229262E+06  0.229260E+06  0.305339E+06  0.305297E+06  0.230946E+06  0.229311E+06
  0.180922E-03  0.229261E+06  0.229258E+06  0.305314E+06  0.305270E+06  0.230942E+06  0.229310E+06
  0.187047E-03  0.229260E+06  0.229257E+06  0.305287E+06  0.305240E+06  0.230938E+06  0.229309E+06
  0.193380E-03  0.229258E+06  0.229256E+06  0.305259E+06  0.305208E+06  0.230933E+06  0.229307E+06
  0.199927E-03  0.229257E+06  0.229254E+06  0.305228E+06  0.305174E+06  0.230929E+06  0.229306E+06
  0.206696E-03  0.229256E+06  0.229253E+06  0.305196E+06  0.305138E+06  0.230924E+06  0.229304E+06
  0.213693E-03  0.229254E+06  0.229251E+06  0.305161E+06  0.305099E+06  0.230918E+06  0.229303E+06
  0.220928E-03  0.229253E+06  0.229249E+06  0.305123E+06  0.305057E+06  0.230912E+06  0.229301E+06
  0.228408E-03  0.229251E+06  0.229247E+06  0.305084E+06  0.305013E+06  0.230906E+06  0.229299E+06
  0.236141E-03  0.229249E+06  0.229245E+06  0.305041E+06  0.304966E+06  0.230899E+06  0.229297E+06
  0.244136E-03  0.229248E+06  0.229243E+06  0.304996E+06  0.304915E+06  0.230892E+06  0.229295E+06
  0.252401E-03  0.229246E+06  0.229241E+06  0.304947E+06  0.304861E+06  0.230885E+06  0.229293E+06
  0.260946E-03  0.229243E+06  0.229238E+06  0.304895E+06  0.304803E+06  0.230877E+06  0.229291E+06
  0.269781E-03  0.229241E+06  0.229236E+06  0.304839E+06  0.304741E+06  0.230868E+06  0.229288E+06
  0.278914E-03  0.229239E+06  0.229233E+06  0.304780E+06  0.304675E+06  0.230859E+06  0.229285E+06
  0.288357E-03  0.229236E+06  0.229230E+06  0.304717E+06  0.304604E+06  0.230849E+06  0.229282E+06
  0.298120E-03  0.229233E+06  0.229227E+06  0.304649E+06  0.304529E+06  0.230838E+06  0.229279E+06
  0.308213E-03  0.229230E+06  0.229223E+06  0.304576E+06  0.304448E+06  0.230827E+06  0.229276E+06
  0.318648E-03  0.229227E+06  0.229220E+06  0.304499E+06  0.304362E+06  0.230815E+06  0.229273E+06
  0.329436E-03  0.229224E+06  0.229216E+06  0.304416E+06  0.304270E+06  0.230802E+06  0.229269E+06
  0.340589E-03  0.229220E+06  0.229211E+06  0.304328E+06  0.304171E+06  0.230788E+06  0.229265E+06
  0.352120E-03  0.229216E+06  0.229207E+06  0.304234E+06  0.304066E+06  0.230773E+06  0.229260E+06
  0.364041E-03  0.229212E+06  0.229202E+06  0.304133E+06  0.303954E+06  0.230757E+06  0.229256E+06
  0.376366E-03  0.229207E+06  0.229197E+06  0.304025E+06  0.303834E+06  0.230741E+06  0.229251E+06
  0.389108E-03  0.229203E+06  0.229192E+06  0.303910E+06  0.303705E+06  0.230723E+06  0.229246E+06
  0.402282E-03  0.229198E+06  0.229186E+06  0.303786E+06  0.303568E+06  0.230703E+06  0.229240E+06
  0.415901E-03  0.229192E+06  0.229179E+06  0.303655E+06  0.303422E+06  0.230683E+06  0.229234E+06
  0.429982E-03  0.229186E+06  0.229173E+06  0.303514E+06  0.303265E+06  0.230661E+06  0.229228E+06
  0.444539E-03  0.229180E+06  0.229166E+06  0.303364E+06  0.303098E+06  0.230637E+06  0.229221E+06
  0.459589E-03  0.229173E+06  0.229158E+06  0.303204E+06  0.302920E+06  0.230612E+06  0.229213E+06
  0.475149E-03  0.229166E+06  0.229150E+06  0.303032E+06  0.302729E+06  0.230585E+06  0.229205E+06
  0.491236E-03  0.229159E+06  0.229141E+06  0.302849E+06  0.302525E+06  0.230557E+06  0.229197E+06
  0.507867E-03  0.229151E+06  0.229132E+06  0.302654E+06  0.302307E+06  0.230526E+06  0.229188E+06
  0.525061E-03  0.229142E+06  0.229122E+06  0.302445E+06  0.302075E+06  0.230493E+06  0.229178E+06
  0.542837E-03  0.229133E+06  0.229111E+06  0.302221E+06  0.301827E+06  0.230458E+06  0.229168E+06
  0.561215E-03  0.229123E+06  0.229100E+06  0.301983E+06  0.301561E+06  0.230421E+06  0.229157E+06
  0.580216E-03  0.229112E+06  0.229087E+06  0.301728E+06  0.301278E+06  0.230381E+06  0.229146E+06
  0.599859E-03  0.229101E+06  0.229074E+06  0.301456E+06  0.300976E+06  0.230338E+06  0.229133E+06
  0.620168E-03  0.229089E+06  0.229060E+06  0.301166E+06  0.300652E+06  0.230292E+06  0.229120E+06
  0.641164E-03  0.229076E+06  0.229046E+06  0.300856E+06  0.300308E+06  0.230244E+06  0.229106E+06
  0.662871E-03  0.229062E+06  0.229030E+06  0.300524E+06  0.299939E+06  0.230192E+06  0.229090E+06
  0.685313E-03  0.229047E+06  0.229013E+06  0.300171E+06  0.299546E+06  0.230136E+06  0.229074E+06
  0.708515E-03  0.229031E+06  0.228995E+06  0.299793E+06  0.299126E+06  0.230076E+06  0.229057E+06
  0.732502E-03  0.229015E+06  0.228975E+06  0.299390E+06  0.298678E+06  0.230013E+06  0.229038E+06
  0.757302E-03  0.228997E+06  0.228954E+06  0.298959E+06  0.298200E+06  0.229945E+06  0.229018E+06
  0.782941E-03  0.228977E+06  0.228932E+06  0.298500E+06  0.297690E+06  0.229872E+06  0.228997E+06
  0.809448E-03  0.228957E+06  0.228909E+06  0.298009E+06  0.297145E+06  0.229795E+06  0.228974E+06
  0.836852E-03  0.228935E+06  0.228883E+06  0.297486E+06  0.296564E+06  0.229712E+06  0.228950E+06
  0.865185E-03  0.228911E+06  0.228856E+06  0.296927E+06  0.295944E+06  0.229624E+06  0.228924E+06
  0.894476E-03  0.228886E+06  0.228828E+06  0.296331E+06  0.295282E+06  0.229529E+06  0.228896E+06
  0.924759E-03  0.228859E+06  0.228797E+06  0.295695E+06  0.294577E+06  0.229428E+06  0.228867E+06
  0.956068E-03  0.228831E+06  0.228764E+06  0.295016E+06  0.293824E+06  0.229320E+06  0.228835E+06
  0.988436E-03  0.228800E+06  0.228729E+06  0.294293E+06  0.293022E+06  0.229205E+06  0.228801E+06
  0.102190E-02  0.228768E+06  0.228691E+06  0.293521E+06  0.292166E+06  0.229082E+06  0.228765E+06
  0.105650E-02  0.228733E+06  0.228651E+06  0.292698E+06  0.291255E+06  0.228951E+06  0.228727E+06
  0.109227E-02  0.228695E+06  0.228608E+06  0.291820E+06  0.290283E+06  0.228811E+06  0.228686E+06
  0.112925E-02  0.228656E+06  0.228562E+06  0.290885E+06  0.289247E+06  0.228661E+06  0.228642E+06
  0.116748E-02  0.228613E+06  0.228513E+06  0.289888E+06  0.288144E+06  0.228501E+06  0.228595E+06
  0.120700E-02  0.228568E+06  0.228461E+06  0.288825E+06  0.286970E+06  0.228330E+06  0.228545E+06
  0.124787E-02  0.228519E+06  0.228405E+06  0.287694E+06  0.285719E+06  0.228148E+06  0.228491E+06
  0.129011E-02  0.228468E+06  0.228346E+06  0.286488E+06  0.284387E+06  0.227953E+06  0.228434E+06
  0.133379E-02  0.228412E+06  0.228282E+06  0.285205E+06  0.282970E+06  0.227746E+06  0.228373E+06
  0.137895E-02  0.228353E+06  0.228214E+06  0.283838E+06  0.281463E+06  0.227524E+06  0.228308E+06
  0.142563E-02  0.228290E+06  0.228141E+06  0.282384E+06  0.279860E+06  0.227287E+06  0.228238E+06
  0.147390E-02  0.228223E+06  0.228064E+06  0.280836E+06  0.278155E+06  0.227035E+06  0.228164E+06
  0.152380E-02  0.228151E+06  0.227981E+06  0.279191E+06  0.276344E+06  0.226766E+06  0.228085E+06
  0.157539E-02  0.228074E+06  0.227893E+06  0.277441E+06  0.274419E+06  0.226478E+06  0.228000E+06
  0.162872E-02  0.227993E+06  0.227799E+06  0.275581E+06  0.272376E+06  0.226172E+06  0.227910E+06
  0.168387E-02  0.227905E+06  0.227698E+06  0.273605E+06  0.270207E+06  0.225845E+06  0.227813E+06
  0.174087E-02  0.227812E+06  0.227590E+06  0.271507E+06  0.267906E+06  0.225496E+06  0.227711E+06
  0.179981E-02  0.227713E+06  0.227476E+06  0.269280E+06  0.265466E+06  0.225125E+06  0.227601E+06
  0.186075E-02  0.227607E+06  0.227354E+06  0.266916E+06  0.262881E+06  0.224728E+06  0.227484E+06
  0.192374E-02  0.227494E+06  0.227223E+06  0.264410E+06  0.260143E+06  0.224306E+06  0.227359E+06
  0.198887E-02  0.227373E+06  0.227084E+06  0.261754E+06  0.257245E+06  0.223856E+06  0.227226E+06
  0.205621E-02  0.227244E+06  0.226935E+06  0.258941E+06  0.254180E+06  0.223376E+06  0.227084E+06
  0.212582E-02  0.227107E+06  0.226777E+06  0.255963E+06  0.250941E+06  0.222866E+06  0.226932E+06
  0.219779E-02  0.226961E+06  0.226608E+06  0.252813E+06  0.247520E+06  0.222322E+06  0.226771E+06
  0.227220E-02  0.226805E+06  0.226428E+06  0.249483E+06  0.243910E+06  0.221742E+06  0.226599E+06
  0.234913E-02  0.226639E+06  0.226236E+06  0.245966E+06  0.240105E+06  0.221126E+06  0.226416E+06
  0.242866E-02  0.226462E+06  0.226032E+06  0.242255E+06  0.236098E+06  0.220470E+06  0.226221E+06
  0.251089E-02  0.226273E+06  0.225814E+06  0.238341E+06  0.231883E+06  0.219772E+06  0.226013E+06
  0.259589E-02  0.226073E+06  0.225582E+06  0.234219E+06  0.227453E+06  0.219030E+06  0.225791E+06
  0.268378E-02  0.225859E+06  0.225334E+06  0.229882E+06  0.222804E+06  0.218242E+06  0.225556E+06
  0.277464E-02  0.225631E+06  0.225071E+06  0.225324E+06  0.217931E+06  0.217403E+06  0.225305E+06
  0.286858E-02  0.225389E+06  0.224791E+06  0.220538E+06  0.212830E+06  0.216513E+06  0.225038E+06
  0.296570E-02  0.225132E+06  0.224492E+06  0.215521E+06  0.207499E+06  0.215568E+06  0.224754E+06
  0.306610E-02  0.224858E+06  0.224175E+06  0.210268E+06  0.201937E+06  0.214564E+06  0.224452E+06
  0.316991E-02  0.224567E+06  0.223837E+06  0.204777E+06  0.196143E+06  0.213500E+06  0.224131E+06
  0.327723E-02  0.224257E+06  0.223478E+06  0.199047E+06  0.190120E+06  0.212372E+06  0.223790E+06
  0.338818E-02  0.223928E+06  0.223096E+06  0.193076E+06  0.183872E+06  0.211176E+06  0.223428E+06
  0.350289E-02  0.223579E+06  0.222690E+06  0.186867E+06  0.177403E+06  0.209910E+06  0.223043E+06
  0.362148E-02  0.223208E+06  0.222260E+06  0.180424E+06  0.170722E+06  0.208570E+06  0.222635E+06
  0.374409E-02  0.222815E+06  0.221802E+06  0.173752E+06  0.163840E+06  0.207152E+06  0.222202E+06
  0.387085E-02  0.222398E+06  0.221316E+06  0.166860E+06  0.156770E+06  0.205654E+06  0.221742E+06
  0.400190E-02  0.221956E+06  0.220801E+06  0.159759E+06  0.149529E+06  0.204073E+06  0.221256E+06
  0.413739E-02  0.221488E+06  0.220254E+06  0.152462E+06  0.142136E+06  0.202403E+06  0.220740E+06
  0.427746E-02  0.220992E+06  0.219675E+06  0.144987E+06  0.134616E+06  0.200643E+06  0.220194E+06
  0.442228E-02  0.220467E+06  0.219061E+06  0.137354E+06  0.126996E+06  0.198790E+06  0.219617E+06
  0.457200E-02  0.219912E+06  0.218412E+06  0.129589E+06  0.119305E+06  0.196839E+06  0.219007E+06
  0.472678E-02  0.219325E+06  0.217724E+06  0.121720E+06  0.111579E+06  0.194788E+06  0.218362E+06
  0.488681E-02  0.218705E+06  0.216997E+06  0.113778E+06  0.103855E+06  0.192635E+06  0.217681E+06
  0.505226E-02  0.218051E+06  0.216228E+06  0.105801E+06  0.961754E+05  0.190377E+06  0.216962E+06
  0.522331E-02  0.217361E+06  0.215417E+06  0.978286E+05  0.885851E+05  0.188012E+06  0.216205E+06
  0.540015E-02  0.216635E+06  0.214560E+06  0.899060E+05  0.811319E+05  0.185538E+06  0.215407E+06
  0.558297E-02  0.215869E+06  0.213656E+06  0.820811E+05  0.738654E+05  0.182954E+06  0.214567E+06
  0.577199E-02  0.215064E+06  0.212704E+06  0.744053E+05  0.668371E+05  0.180259E+06  0.213684E+06
  0.596740E-02  0.214218E+06  0.211701E+06  0.669328E+05  0.600987E+05  0.177452E+06  0.212756E+06
  0.616943E-02  0.213329E+06  0.210646E+06  0.597195E+05  0.537013E+05  0.174535E+06  0.211783E+06
  0.637830E-02  0.212397E+06  0.209536E+06  0.528225E+05  0.476938E+05  0.171508E+06  0.210762E+06
  0.659425E-02  0.211419E+06  0.208371E+06  0.462982E+05  0.421217E+05  0.168374E+06  0.209693E+06
  0.681750E-02  0.210396E+06  0.207147E+06  0.402016E+05  0.370249E+05  0.165134E+06  0.208574E+06
  0.704831E-02  0.209326E+06  0.205865E+06  0.345841E+05  0.324365E+05  0.161794E+06  0.207406E+06
  0.728694E-02  0.208208E+06  0.204521E+06  0.294920E+05  0.283806E+05  0.158356E+06  0.206185E+06
  0.753364E-02  0.207042E+06  0.203115E+06  0.249642E+05  0.248705E+05  0.154828E+06  0.204913E+06
  0.778870E-02  0.205826E+06  0.201644E+06  0.210302E+05  0.219072E+05  0.151215E+06  0.203588E+06
  0.805239E-02  0.204559E+06  0.200108E+06  0.177083E+05  0.194783E+05  0.147525E+06  0.202210E+06
  0.832501E-02  0.203242E+06  0.198505E+06  0.150030E+05  0.175567E+05  0.143768E+06  0.200778E+06
  0.860686E-02  0.201874E+06  0.196834E+06  0.129039E+05  0.161005E+05  0.139952E+06  0.199292E+06
  0.889825E-02  0.200454E+06  0.195094E+06  0.113837E+05  0.150539E+05  0.136089E+06  0.197751E+06
  0.919951E-02  0.198983E+06  0.193282E+06  0.103979E+05  0.143481E+05  0.132190E+06  0.196157E+06
  0.951096E-02  0.197460E+06  0.191400E+06  0.988501E+04  0.139041E+05  0.128267E+06  0.194509E+06
  0.983296E-02  0.195884E+06  0.189444E+06  0.976697E+04  0.136360E+05  0.124332E+06  0.192806E+06
  0.101659E-01  0.194262E+06  0.187421E+06  0.995228E+04  0.134564E+05  0.120840E+06  0.191069E+06
  0.105100E-01  0.192583E+06  0.185319E+06  0.103379E+05  0.132797E+05  0.116956E+06  0.189260E+06
  0.108659E-01  0.190851E+06  0.183140E+06  0.108158E+05  0.130304E+05  0.113099E+06  0.187399E+06
  0.112337E-01  0.189067E+06  0.180886E+06  0.112781E+05  0.126481E+05  0.109282E+06  0.185484E+06
  0.116141E-01  0.187232E+06  0.178555E+06  0.116237E+05  0.120925E+05  0.105517E+06  0.183516E+06
  0.120073E-01  0.185344E+06  0.176145E+06  0.117663E+05  0.113485E+05  0.101814E+06  0.181496E+06
  0.124138E-01  0.183404E+06  0.173657E+06  0.116415E+05  0.104275E+05  0.981806E+05  0.179423E+06
  0.128341E-01  0.181410E+06  0.171089E+06  0.112132E+05  0.936753E+04  0.944725E+05  0.177292E+06
  0.132686E-01  0.179365E+06  0.168441E+06  0.104791E+05  0.822929E+04  0.909782E+05  0.175113E+06
  0.137178E-01  0.177269E+06  0.165713E+06  0.947159E+04  0.708870E+04  0.875679E+05  0.172882E+06
  0.141822E-01  0.175120E+06  0.162905E+06  0.825708E+04  0.602702E+04  0.842431E+05  0.170599E+06
  0.146624E-01  0.172919E+06  0.160015E+06  0.692971E+04  0.511865E+04  0.810035E+05  0.168263E+06
  0.151588E-01  0.170666E+06  0.157044E+06  0.560143E+04  0.441856E+04  0.778469E+05  0.165875E+06
  0.156720E-01  0.168362E+06  0.153992E+06  0.438804E+04  0.395176E+04  0.748270E+05  0.163436E+06
  0.162026E-01  0.166006E+06  0.150860E+06  0.339269E+04  0.370662E+04  0.718365E+05  0.160944E+06
  0.167511E-01  0.163599E+06  0.147649E+06  0.268960E+04  0.363526E+04  0.689184E+05  0.158400E+06
  0.173182E-01  0.161142E+06  0.144360E+06  0.231001E+04  0.366112E+04  0.660681E+05  0.155805E+06
  0.179045E-01  0.158635E+06  0.140994E+06  0.223418E+04  0.369412E+04  0.632816E+05  0.153160E+06
  0.185107E-01  0.156078E+06  0.137555E+06  0.239207E+04  0.365087E+04  0.605340E+05  0.150464E+06
  0.191374E-01  0.153474E+06  0.134046E+06  0.267433E+04  0.347559E+04  0.578614E+05  0.147720E+06
  0.197853E-01  0.150823E+06  0.130470E+06  0.295309E+04  0.315573E+04  0.552453E+05  0.144930E+06
  0.204552E-01  0.148127E+06  0.126831E+06  0.310964E+04  0.272695E+04  0.526862E+05  0.142095E+06
  0.211477E-01  0.145387E+06  0.123135E+06  0.306304E+04  0.226346E+04  0.501856E+05  0.139217E+06
  0.218637E-01  0.142604E+06  0.119387E+06  0.279207E+04  0.185453E+04  0.477547E+05  0.136298E+06
  0.226039E-01  0.139781E+06  0.115594E+06  0.234271E+04  0.157306E+04  0.453800E+05  0.133341E+06
  0.233691E-01  0.136920E+06  0.111764E+06  0.181626E+04  0.144712E+04  0.430713E+05  0.130350E+06
  0.241603E-01  0.134024E+06  0.107906E+06  0.133839E+04  0.144669E+04  0.408308E+05  0.127327E+06
  0.249783E-01  0.131095E+06  0.104030E+06  0.101671E+04  0.149426E+04  0.386566E+05  0.124276E+06
  0.258240E-01  0.128137E+06  0.100147E+06  0.900928E+03  0.149853E+04  0.365561E+05  0.121203E+06
  0.266982E-01  0.125154E+06  0.962699E+05  0.962090E+03  0.139830E+04  0.345279E+05  0.118112E+06
  0.276021E-01  0.122149E+06  0.924119E+05  0.110307E+04  0.119489E+04  0.325745E+05  0.115009E+06
  0.285366E-01  0.119128E+06  0.885882E+05  0.120076E+04  0.952647E+03  0.306957E+05  0.111900E+06
  0.295027E-01  0.116096E+06  0.848151E+05  0.116435E+04  0.761862E+03  0.288943E+05  0.108792E+06
  0.305016E-01  0.113059E+06  0.811098E+05  0.981900E+03  0.681808E+03  0.271714E+05  0.105691E+06
  0.315342E-01  0.110022E+06  0.774905E+05  0.727239E+03  0.699658E+03  0.255278E+05  0.102607E+06
  0.326019E-01  0.106992E+06  0.739763E+05  0.517054E+03  0.737864E+03  0.239612E+05  0.995469E+05
  0.337056E-01  0.103977E+06  0.705866E+05  0.437662E+03  0.711871E+03  0.224668E+05  0.965192E+05
  0.348467E-01  0.100982E+06  0.673414E+05  0.486485E+03  0.598357E+03  0.210374E+05  0.935329E+05
  0.360265E-01  0.980174E+05  0.642602E+05  0.572607E+03  0.455811E+03  0.196656E+05  0.905970E+05
  0.372462E-01  0.950892E+05  0.613623E+05  0.584719E+03  0.371259E+03  0.183463E+05  0.877207E+05
  0.385072E-01  0.922058E+05  0.586654E+05  0.480839E+03  0.375127E+03  0.170802E+05  0.849131E+05
  0.398109E-01  0.893750E+05  0.561859E+05  0.325094E+03  0.408985E+03  0.158754E+05  0.821832E+05
  0.411587E-01  0.866043E+05  0.539373E+05  0.230135E+03  0.389206E+03  0.147455E+05  0.795399E+05
  0.425522E-01  0.839010E+05  0.519305E+05  0.248267E+03  0.304192E+03  0.137048E+05  0.769911E+05
  0.439928E-01  0.812716E+05  0.501719E+05  0.317069E+03  0.228082E+03  0.127604E+05  0.745433E+05
  0.454592E-01  0.787601E+05  0.486847E+05  0.326896E+03  0.222239E+03  0.119191E+05  0.722361E+05
  0.469257E-01  0.764061E+05  0.474728E+05  0.250135E+03  0.250193E+03  0.111708E+05  0.701025E+05
  0.483921E-01  0.742005E+05  0.465046E+05  0.161212E+03  0.240027E+03  0.104868E+05  0.681293E+05
  0.498585E-01  0.721337E+05  0.457473E+05  0.136656E+03  0.185795E+03  0.984625E+04  0.663029E+05
  0.513249E-01  0.701955E+05  0.451681E+05  0.172030E+03  0.000000E+00  0.924118E+04  0.646100E+05
  0.527914E-01  0.683759E+05  0.447342E+05  0.201234E+03  0.000000E+00  0.867471E+04  0.630374E+05
  0.542578E-01  0.666650E+05  0.444137E+05  0.179205E+03  0.000000E+00  0.815455E+04  0.615722E+05
  0.557242E-01  0.650526E+05  0.441758E+05  0.127025E+03  0.000000E+00  0.768590E+04  0.602019E+05
  0.571907E-01  0.635292E+05  0.439916E+05  0.967043E+02  0.000000E+00  0.726736E+04  0.589140E+05
  0.586571E-01  0.620852E+05  0.438341E+05  0.107784E+03  0.000000E+00  0.689130E+04  0.576965E+05
  0.601235E-01  0.607118E+05  0.436788E+05  0.130545E+03  0.000000E+00  0.654720E+04  0.565381E+05
  0.615899E-01  0.594006E+05  0.435038E+05  0.127254E+03  0.000000E+00  0.622574E+04  0.554283E+05
  0.630564E-01  0.581437E+05  0.432903E+05  0.964524E+02  0.000000E+00  0.592111E+04  0.543576E+05
  0.645228E-01  0.569339E+05  0.430223E+05  0.698088E+02  0.000000E+00  0.563114E+04  0.533176E+05
  0.659892E-01  0.557648E+05  0.426869E+05  0.713966E+02  0.000000E+00  0.535579E+04  0.523012E+05
  0.674556E-01  0.546304E+05  0.422745E+05  0.904639E+02  0.000000E+00  0.509542E+04  0.513020E+05
  0.689221E-01  0.535258E+05  0.417786E+05  0.972175E+02  0.000000E+00  0.484978E+04  0.503149E+05
  0.703885E-01  0.524467E+05  0.411955E+05  0.788996E+02  0.000000E+00  0.461792E+04  0.493359E+05
  0.718549E-01  0.513895E+05  0.405246E+05  0.529207E+02  0.000000E+00  0.439854E+04  0.483619E+05
  0.733214E-01  0.503514E+05  0.397677E+05  0.444122E+02  0.000000E+00  0.419031E+04  0.473908E+05
  0.747878E-01  0.493308E+05  0.389298E+05  0.884618E+02  0.000000E+00  0.399202E+04  0.464221E+05
  0.762542E-01  0.483245E+05  0.380156E+05  0.112421E+03  0.000000E+00  0.380261E+04  0.454537E+05
  0.777206E-01  0.473327E+05  0.370348E+05  0.114731E+03  0.000000E+00  0.362123E+04  0.444874E+05
  0.791871E-01  0.463551E+05  0.359972E+05  0.776449E+02  0.000000E+00  0.344751E+04  0.435243E+05
  0.806535E-01  0.453918E+05  0.349140E+05  0.192173E+02  0.000000E+00  0.328168E+04  0.425662E+05
  0.821199E-01  0.444433E+05  0.337972E+05 -0.217149E+02  0.000000E+00  0.312446E+04  0.416154E+05
  0.835864E-01  0.435104E+05  0.326595E+05 -0.193652E+02  0.000000E+00  0.297659E+04  0.406745E+05
  0.850528E-01  0.425942E+05  0.315135E+05  0.190433E+02  0.000000E+00  0.283817E+04  0.397463E+05
  0.865192E-01  0.416960E+05  0.303722E+05  0.623864E+02  0.000000E+00  0.270828E+04  0.388338E+05
  0.879856E-01  0.408173E+05  0.292479E+05  0.813964E+02  0.000000E+00  0.258511E+04  0.379400E+05
  0.894521E-01  0.399594E+05  0.281524E+05  0.678185E+02  0.000000E+00  0.246671E+04  0.370678E+05
  0.909185E-01  0.391239E+05  0.270965E+05  0.347396E+02  0.000000E+00  0.235181E+04  0.362200E+05
  0.923849E-01  0.383121E+05  0.260902E+05  0.320560E+01  0.000000E+00  0.224051E+04  0.353993E+05
  0.942171E-01  0.373331E+05  0.249153E+05 -0.129051E+02  0.000000E+00  0.210752E+04  0.344154E+05
  0.960494E-01  0.363952E+05  0.238448E+05 -0.404584E+01  0.000000E+00  0.198458E+04  0.334814E+05
  0.978816E-01  0.355002E+05  0.228890E+05  0.866909E+01  0.000000E+00  0.187446E+04  0.326002E+05
  0.997138E-01  0.346491E+05  0.220541E+05  0.612021E+01  0.000000E+00  0.177607E+04  0.317736E+05
  0.101546E+00  0.338424E+05  0.213429E+05 -0.982563E+01  0.000000E+00  0.168645E+04  0.310025E+05
  0.103378E+00  0.330799E+05  0.207544E+05 -0.187876E+02  0.000000E+00  0.160299E+04  0.302863E+05
  0.105211E+00  0.323609E+05  0.202842E+05 -0.481036E+01  0.000000E+00  0.152490E+04  0.296238E+05
  0.107043E+00  0.316838E+05  0.199249E+05  0.243702E+02  0.000000E+00  0.145275E+04  0.290127E+05
  0.108875E+00  0.310466E+05  0.196663E+05  0.444764E+02  0.000000E+00  0.138707E+04  0.284498E+05
  0.110707E+00  0.304470E+05  0.194961E+05  0.401622E+02  0.000000E+00  0.132734E+04  0.279311E+05
  0.112539E+00  0.298819E+05  0.194003E+05  0.190745E+02  0.000000E+00  0.127227E+04  0.274522E+05
  0.114372E+00  0.293481E+05  0.193637E+05  0.725445E+00  0.000000E+00  0.122063E+04  0.270079E+05
  0.116204E+00  0.288423E+05  0.193706E+05 -0.339687E+01  0.000000E+00  0.117188E+04  0.265933E+05
  0.118036E+00  0.283609E+05  0.194053E+05  0.349578E+01  0.000000E+00  0.112595E+04  0.262029E+05
  0.119868E+00  0.279002E+05  0.194523E+05  0.120588E+02  0.000000E+00  0.108279E+04  0.258315E+05
  0.121701E+00  0.274567E+05  0.194971E+05  0.167967E+02  0.000000E+00  0.104215E+04  0.254739E+05
  0.123533E+00  0.270269E+05  0.195263E+05  0.174821E+02  0.000000E+00  0.100366E+04  0.251252E+05
  0.125365E+00  0.266077E+05  0.195285E+05  0.146214E+02  0.000000E+00  0.966966E+03  0.247811E+05
  0.127197E+00  0.261964E+05  0.194939E+05  0.728169E+01  0.000000E+00  0.931704E+03  0.244380E+05
  0.129030E+00  0.257906E+05  0.194152E+05 -0.342778E+01  0.000000E+00  0.897424E+03  0.240927E+05
  0.130862E+00  0.253884E+05  0.192870E+05 -0.110454E+02  0.000000E+00  0.863712E+03  0.237429E+05
  0.132694E+00  0.249883E+05  0.191061E+05 -0.834669E+01  0.000000E+00  0.830488E+03  0.233869E+05
  0.134526E+00  0.245891E+05  0.188717E+05  0.304783E+01  0.000000E+00  0.798153E+03  0.230234E+05
  0.136358E+00  0.241901E+05  0.185846E+05  0.116244E+02  0.000000E+00  0.767351E+03  0.226522E+05
  0.138191E+00  0.237909E+05  0.182478E+05  0.907000E+01  0.000000E+00  0.738439E+03  0.222733E+05
  0.140023E+00  0.233915E+05  0.178659E+05  0.210888E+01  0.000000E+00  0.711125E+03  0.218875E+05
  0.141855E+00  0.229925E+05  0.174452E+05  0.469971E+01  0.000000E+00  0.684618E+03  0.214962E+05
  0.143687E+00  0.225947E+05  0.169927E+05  0.180790E+02  0.000000E+00  0.658216E+03  0.211009E+05
  0.145520E+00  0.221991E+05  0.165168E+05  0.263707E+02  0.000000E+00  0.631845E+03  0.207040E+05
  0.147352E+00  0.218070E+05  0.160259E+05  0.166271E+02  0.000000E+00  0.606083E+03  0.203077E+05
  0.149184E+00  0.214197E+05  0.155289E+05 -0.286803E+01  0.000000E+00  0.581658E+03  0.199144E+05
  0.151016E+00  0.210386E+05  0.150344E+05 -0.119211E+02  0.000000E+00  0.558882E+03  0.195266E+05
  0.152849E+00  0.206649E+05  0.145507E+05 -0.331787E+01  0.000000E+00  0.537503E+03  0.191466E+05
  0.154681E+00  0.203000E+05  0.140853E+05  0.101178E+02  0.000000E+00  0.517040E+03  0.187766E+05
  0.156513E+00  0.199451E+05  0.136451E+05  0.137372E+02  0.000000E+00  0.497247E+03  0.184186E+05
  0.158345E+00  0.196013E+05  0.132359E+05  0.770931E+01  0.000000E+00  0.478260E+03  0.180744E+05
  0.160177E+00  0.192695E+05  0.128623E+05  0.155181E+01  0.000000E+00  0.460376E+03  0.177455E+05
  0.162010E+00  0.189506E+05  0.125279E+05 -0.712473E+00  0.000000E+00  0.443726E+03  0.174331E+05
  0.163842E+00  0.186448E+05  0.122347E+05 -0.252278E+01  0.000000E+00  0.428188E+03  0.171378E+05
  0.165674E+00  0.183527E+05  0.119837E+05 -0.527436E+01  0.000000E+00  0.413531E+03  0.168600E+05
  0.167506E+00  0.180740E+05  0.117744E+05 -0.516372E+01  0.000000E+00  0.399605E+03  0.165996E+05
  0.169339E+00  0.178085E+05  0.116052E+05 -0.408774E+00  0.000000E+00  0.386382E+03  0.163561E+05
  0.171171E+00  0.175557E+05  0.114736E+05  0.470220E+01  0.000000E+00  0.373873E+03  0.161288E+05
  0.173003E+00  0.173151E+05  0.113760E+05  0.578404E+01  0.000000E+00  0.362075E+03  0.159166E+05
  0.174835E+00  0.170858E+05  0.113081E+05  0.427469E+01  0.000000E+00  0.350995E+03  0.157181E+05
  0.176668E+00  0.168669E+05  0.112654E+05  0.425111E+01  0.000000E+00  0.340663E+03  0.155321E+05
  0.178500E+00  0.166573E+05  0.112424E+05  0.611573E+01  0.000000E+00  0.331078E+03  0.153567E+05
  0.180332E+00  0.164560E+05  0.112339E+05  0.679653E+01  0.000000E+00  0.322107E+03  0.151902E+05
  0.182164E+00  0.162617E+05  0.112343E+05  0.467700E+01  0.000000E+00  0.313483E+03  0.150309E+05
  0.183996E+00  0.160733E+05  0.112383E+05  0.124713E+01  0.000000E+00  0.304945E+03  0.148770E+05
  0.185829E+00  0.158896E+05  0.112408E+05 -0.136191E+01  0.000000E+00  0.296424E+03  0.147267E+05
  0.187661E+00  0.157094E+05  0.112372E+05 -0.183540E+01  0.000000E+00  0.288088E+03  0.145783E+05
  0.189493E+00  0.155318E+05  0.112235E+05  0.623890E+00  0.000000E+00  0.280189E+03  0.144306E+05
  0.191325E+00  0.153560E+05  0.111963E+05  0.510123E+01  0.000000E+00  0.272833E+03  0.142822E+05
  0.193158E+00  0.151811E+05  0.111528E+05  0.764813E+01  0.000000E+00  0.265867E+03  0.141322E+05
  0.194990E+00  0.150066E+05  0.110912E+05  0.446665E+01  0.000000E+00  0.258996E+03  0.139797E+05
  0.196822E+00  0.148319E+05  0.110102E+05 -0.260830E+01  0.000000E+00  0.252010E+03  0.138242E+05
  0.198654E+00  0.146569E+05  0.109094E+05 -0.671401E+01  0.000000E+00  0.244933E+03  0.136653E+05
  0.200487E+00  0.144811E+05  0.107890E+05 -0.383222E+01  0.000000E+00  0.237965E+03  0.135030E+05
  0.202319E+00  0.143047E+05  0.106500E+05  0.222373E+01  0.000000E+00  0.231281E+03  0.133372E+05
  0.204151E+00  0.141277E+05  0.104939E+05  0.493626E+01  0.000000E+00  0.224886E+03  0.131684E+05
  0.205983E+00  0.139503E+05  0.103228E+05  0.330107E+01  0.000000E+00  0.218646E+03  0.129969E+05
  0.207815E+00  0.137728E+05  0.101392E+05  0.183918E+01  0.000000E+00  0.212433E+03  0.128236E+05
  0.209648E+00  0.135958E+05  0.994581E+04  0.332230E+01  0.000000E+00  0.206248E+03  0.126491E+05
  0.211480E+00  0.134196E+05  0.974579E+04  0.523786E+01  0.000000E+00  0.200200E+03  0.124743E+05
  0.213312E+00  0.132448E+05  0.954220E+04  0.436219E+01  0.000000E+00  0.194391E+03  0.123001E+05
  0.215144E+00  0.130719E+05  0.933815E+04  0.163592E+01  0.000000E+00  0.188848E+03  0.121274E+05
  0.216977E+00  0.129015E+05  0.913662E+04  0.240709E+00  0.000000E+00  0.183528E+03  0.119571E+05
  0.218809E+00  0.127340E+05  0.894042E+04  0.762057E+00  0.000000E+00  0.178387E+03  0.117900E+05
  0.220641E+00  0.125699E+05  0.875213E+04  0.104322E+01  0.000000E+00  0.173405E+03  0.116269E+05
  0.222473E+00  0.124097E+05  0.857396E+04  0.202063E+00  0.000000E+00  0.168573E+03  0.114685E+05
  0.224306E+00  0.122537E+05  0.840780E+04  0.873854E-02  0.000000E+00  0.163876E+03  0.113154E+05
  0.226138E+00  0.121023E+05  0.825508E+04  0.164973E+01  0.000000E+00  0.159318E+03  0.111682E+05
  0.227970E+00  0.119557E+05  0.811681E+04  0.328150E+01  0.000000E+00  0.154956E+03  0.110270E+05
  0.229802E+00  0.118141E+05  0.799352E+04  0.230881E+01  0.000000E+00  0.150869E+03  0.108922E+05
  0.231634E+00  0.116774E+05  0.788530E+04 -0.939765E+00  0.000000E+00  0.147096E+03  0.107637E+05
  0.233467E+00  0.115456E+05  0.779184E+04 -0.334598E+01  0.000000E+00  0.143570E+03  0.106415E+05
  0.235299E+00  0.114187E+05  0.771241E+04 -0.260645E+01  0.000000E+00  0.140158E+03  0.105254E+05
  0.237131E+00  0.112963E+05  0.764600E+04  0.418376E+00  0.000000E+00  0.136751E+03  0.104150E+05
  0.238963E+00  0.111784E+05  0.759126E+04  0.304675E+01  0.000000E+00  0.133360E+03  0.103100E+05
  0.240796E+00  0.110645E+05  0.754666E+04  0.357762E+01  0.000000E+00  0.130096E+03  0.102099E+05
  0.242628E+00  0.109543E+05  0.751046E+04  0.242842E+01  0.000000E+00  0.127073E+03  0.101141E+05
  0.244460E+00  0.108475E+05  0.748080E+04  0.113627E+01  0.000000E+00  0.124309E+03  0.100221E+05
  0.246292E+00  0.107437E+05  0.745577E+04  0.793504E+00  0.000000E+00  0.121705E+03  0.993312E+04
  0.248125E+00  0.106423E+05  0.743347E+04  0.127978E+01  0.000000E+00  0.119134E+03  0.984666E+04
  0.249957E+00  0.105431E+05  0.741203E+04  0.162944E+01  0.000000E+00  0.116538E+03  0.976204E+04
  0.251789E+00  0.104455E+05  0.738975E+04  0.111467E+01  0.000000E+00  0.113959E+03  0.967868E+04
  0.253621E+00  0.103492E+05  0.736507E+04  0.772227E-01  0.000000E+00  0.111479E+03  0.959604E+04
  0.255453E+00  0.102540E+05  0.733665E+04 -0.401271E+00  0.000000E+00  0.109132E+03  0.951365E+04
  0.257286E+00  0.101594E+05  0.730336E+04  0.253607E+00  0.000000E+00  0.106879E+03  0.943110E+04
  0.259118E+00  0.100654E+05  0.726434E+04  0.137673E+01  0.000000E+00  0.104643E+03  0.934806E+04
  0.260950E+00  0.997152E+04  0.721895E+04  0.178667E+01  0.000000E+00  0.102383E+03  0.926427E+04
  0.262782E+00  0.987779E+04  0.716684E+04  0.109815E+01  0.000000E+00  0.100113E+03  0.917954E+04
  0.264615E+00  0.978406E+04  0.710789E+04  0.164009E-01  0.000000E+00  0.978791E+02  0.909377E+04
  0.266447E+00  0.969026E+04  0.704224E+04 -0.609531E+00  0.000000E+00  0.957108E+02  0.900693E+04
  0.268279E+00  0.959640E+04  0.697024E+04 -0.611467E+00  0.000000E+00  0.936132E+02  0.891908E+04
  0.270111E+00  0.950254E+04  0.689249E+04 -0.241672E+00  0.000000E+00  0.915801E+02  0.883036E+04
  0.271944E+00  0.940877E+04  0.680972E+04  0.461905E+00  0.000000E+00  0.896042E+02  0.874095E+04
  0.273776E+00  0.931523E+04  0.672283E+04  0.154835E+01  0.000000E+00  0.876687E+02  0.865111E+04
  0.275608E+00  0.922207E+04  0.663281E+04  0.252971E+01  0.000000E+00  0.857406E+02  0.856110E+04
  0.277440E+00  0.912946E+04  0.654071E+04  0.252286E+01  0.000000E+00  0.837908E+02  0.847123E+04
  0.279272E+00  0.903757E+04  0.644758E+04  0.133241E+01  0.000000E+00  0.818297E+02  0.838180E+04
  0.281105E+00  0.894660E+04  0.635452E+04  0.313793E-02  0.000000E+00  0.799165E+02  0.829312E+04
  0.282937E+00  0.885673E+04  0.626254E+04 -0.215499E+00  0.000000E+00  0.781213E+02  0.820552E+04
  0.284769E+00  0.876813E+04  0.617262E+04  0.636545E+00  0.000000E+00  0.764675E+02  0.811928E+04
  0.286601E+00  0.868100E+04  0.608565E+04  0.127543E+01  0.000000E+00  0.749083E+02  0.803468E+04
  0.288434E+00  0.859548E+04  0.600240E+04  0.820012E+00  0.000000E+00  0.733639E+02  0.795197E+04
  0.290266E+00  0.851172E+04  0.592352E+04 -0.101428E+00  0.000000E+00  0.717870E+02  0.787136E+04
  0.292098E+00  0.842982E+04  0.584949E+04 -0.253626E+00  0.000000E+00  0.701981E+02  0.779301E+04
  0.293930E+00  0.834985E+04  0.578065E+04  0.539789E+00  0.000000E+00  0.686609E+02  0.771704E+04
  0.295763E+00  0.827186E+04  0.571718E+04  0.120498E+01  0.000000E+00  0.672233E+02  0.764350E+04
  0.297595E+00  0.819585E+04  0.565912E+04  0.861072E+00  0.000000E+00  0.658787E+02  0.757241E+04
  0.299427E+00  0.812181E+04  0.560636E+04 -0.110033E+00  0.000000E+00  0.645793E+02  0.750373E+04
  0.301259E+00  0.804971E+04  0.555866E+04 -0.674394E+00  0.000000E+00  0.632857E+02  0.743740E+04
  0.303091E+00  0.797947E+04  0.551568E+04 -0.404438E+00  0.000000E+00  0.620019E+02  0.737332E+04
  0.304924E+00  0.791102E+04  0.547697E+04  0.271582E+00  0.000000E+00  0.607678E+02  0.731135E+04
  0.306756E+00  0.784425E+04  0.544201E+04  0.830641E+00  0.000000E+00  0.596175E+02  0.725134E+04
  0.308588E+00  0.777905E+04  0.541019E+04  0.115792E+01  0.000000E+00  0.585473E+02  0.719308E+04
  0.310420E+00  0.771527E+04  0.538089E+04  0.128542E+01  0.000000E+00  0.575200E+02  0.713637E+04
  0.312253E+00  0.765276E+04  0.535343E+04  0.110490E+01  0.000000E+00  0.564963E+02  0.708099E+04
  0.314085E+00  0.759137E+04  0.532717E+04  0.594259E+00  0.000000E+00  0.554608E+02  0.702670E+04
  0.315917E+00  0.753096E+04  0.530146E+04  0.725537E-01  0.000000E+00  0.544218E+02  0.697330E+04
  0.317749E+00  0.747139E+04  0.527572E+04 -0.653214E-01  0.000000E+00  0.533949E+02  0.692058E+04
  0.319582E+00  0.741253E+04  0.524942E+04  0.200900E+00  0.000000E+00  0.523932E+02  0.686835E+04
  0.321414E+00  0.735427E+04  0.522207E+04  0.524986E+00  0.000000E+00  0.514288E+02  0.681646E+04
  0.323246E+00  0.729651E+04  0.519329E+04  0.609295E+00  0.000000E+00  0.505142E+02  0.676476E+04
  0.325078E+00  0.723914E+04  0.516275E+04  0.457490E+00  0.000000E+00  0.496512E+02  0.671312E+04
  0.326910E+00  0.718209E+04  0.513023E+04  0.257292E+00  0.000000E+00  0.488184E+02  0.666144E+04
  0.328743E+00  0.712530E+04  0.509557E+04  0.176175E+00  0.000000E+00  0.479749E+02  0.660965E+04
  0.330575E+00  0.706872E+04  0.505871E+04  0.263105E+00  0.000000E+00  0.470956E+02  0.655770E+04
  0.332407E+00  0.701233E+04  0.501970E+04  0.402479E+00  0.000000E+00  0.461912E+02  0.650558E+04
  0.334239E+00  0.695614E+04  0.497863E+04  0.368446E+00  0.000000E+00  0.453043E+02  0.645330E+04
  0.336072E+00  0.690015E+04  0.493569E+04  0.858815E-01  0.000000E+00  0.444746E+02  0.640092E+04
  0.337904E+00  0.684441E+04  0.489113E+04 -0.153379E+00  0.000000E+00  0.437050E+02  0.634848E+04
  0.339736E+00  0.678894E+04  0.484523E+04  0.606488E-01  0.000000E+00  0.429605E+02  0.629607E+04
  0.341568E+00  0.673380E+04  0.479831E+04  0.703577E+00  0.000000E+00  0.422008E+02  0.624377E+04
  0.343401E+00  0.667903E+04  0.475072E+04  0.120773E+01  0.000000E+00  0.414167E+02  0.619168E+04
  0.345233E+00  0.662469E+04  0.470281E+04  0.107718E+01  0.000000E+00  0.406353E+02  0.613988E+04
  0.347065E+00  0.657084E+04  0.465496E+04  0.482102E+00  0.000000E+00  0.398931E+02  0.608850E+04
  0.348897E+00  0.651755E+04  0.460750E+04  0.328022E-01  0.000000E+00  0.392013E+02  0.603764E+04
  0.350729E+00  0.646487E+04  0.456079E+04  0.402472E-01  0.000000E+00  0.385382E+02  0.598740E+04
  0.352562E+00  0.641288E+04  0.451513E+04  0.252189E+00  0.000000E+00  0.378704E+02  0.593788E+04
  0.354394E+00  0.636164E+04  0.447079E+04  0.325677E+00  0.000000E+00  0.371825E+02  0.588916E+04
  0.356226E+00  0.631117E+04  0.442801E+04  0.273663E+00  0.000000E+00  0.364881E+02  0.584132E+04
  0.358058E+00  0.626153E+04  0.438696E+04  0.294515E+00  0.000000E+00  0.358146E+02  0.579442E+04
  0.359891E+00  0.621272E+04  0.434777E+04  0.377076E+00  0.000000E+00  0.351813E+02  0.574849E+04
  0.361723E+00  0.616478E+04  0.431052E+04  0.331836E+00  0.000000E+00  0.345885E+02  0.570355E+04
  0.363555E+00  0.611769E+04  0.427523E+04  0.141759E+00  0.000000E+00  0.340245E+02  0.565962E+04
  0.365387E+00  0.607147E+04  0.424189E+04  0.260791E-01  0.000000E+00  0.334775E+02  0.561670E+04
  0.367220E+00  0.602611E+04  0.421043E+04  0.111480E+00  0.000000E+00  0.329397E+02  0.557476E+04
  0.369052E+00  0.598158E+04  0.418076E+04  0.240342E+00  0.000000E+00  0.324046E+02  0.553378E+04
  0.370884E+00  0.593786E+04  0.415274E+04  0.216832E+00  0.000000E+00  0.318670E+02  0.549371E+04
  0.372716E+00  0.589492E+04  0.412620E+04  0.108518E+00  0.000000E+00  0.313289E+02  0.545450E+04
  0.374548E+00  0.585271E+04  0.410093E+04  0.150569E+00  0.000000E+00  0.308036E+02  0.541608E+04
  0.376381E+00  0.581118E+04  0.407674E+04  0.400494E+00  0.000000E+00  0.303080E+02  0.537838E+04
  0.378213E+00  0.577027E+04  0.405339E+04  0.634251E+00  0.000000E+00  0.298468E+02  0.534133E+04
  0.380045E+00  0.572995E+04  0.403066E+04  0.608028E+00  0.000000E+00  0.294040E+02  0.530484E+04
  0.381877E+00  0.569015E+04  0.400836E+04  0.329606E+00  0.000000E+00  0.289544E+02  0.526886E+04
  0.383710E+00  0.565084E+04  0.398626E+04  0.308594E-01  0.000000E+00  0.284858E+02  0.523330E+04
  0.385542E+00  0.561197E+04  0.396418E+04 -0.702446E-01  0.000000E+00  0.280115E+02  0.519810E+04
  0.387374E+00  0.557349E+04  0.394196E+04  0.563818E-01  0.000000E+00  0.275582E+02  0.516320E+04
  0.389206E+00  0.553537E+04  0.391944E+04  0.267668E+00  0.000000E+00  0.271413E+02  0.512855E+04
  0.391039E+00  0.549756E+04  0.389650E+04  0.384618E+00  0.000000E+00  0.267502E+02  0.509410E+04
  0.392871E+00  0.546003E+04  0.387304E+04  0.333013E+00  0.000000E+00  0.263583E+02  0.505979E+04
  0.394703E+00  0.542276E+04  0.384900E+04  0.190103E+00  0.000000E+00  0.259477E+02  0.502561E+04
  0.396535E+00  0.538572E+04  0.382435E+04  0.968945E-01  0.000000E+00  0.255244E+02  0.499153E+04
  0.398367E+00  0.534892E+04  0.379908E+04  0.112902E+00  0.000000E+00  0.251119E+02  0.495754E+04
  0.400200E+00  0.531233E+04  0.377322E+04  0.169678E+00  0.000000E+00  0.247287E+02  0.492365E+04
  0.402032E+00  0.527598E+04  0.374681E+04  0.176969E+00  0.000000E+00  0.243734E+02  0.488986E+04
  0.403864E+00  0.523986E+04  0.371992E+04  0.142207E+00  0.000000E+00  0.240275E+02  0.485619E+04
  0.405696E+00  0.520397E+04  0.369264E+04  0.146918E+00  0.000000E+00  0.236723E+02  0.482265E+04
  0.407529E+00  0.516833E+04  0.366505E+04  0.223933E+00  0.000000E+00  0.233029E+02  0.478927E+04
  0.409361E+00  0.513295E+04  0.363728E+04  0.313258E+00  0.000000E+00  0.229281E+02  0.475607E+04
  0.411193E+00  0.509785E+04  0.360943E+04  0.348104E+00  0.000000E+00  0.225605E+02  0.472308E+04
  0.413025E+00  0.506304E+04  0.358162E+04  0.331663E+00  0.000000E+00  0.222077E+02  0.469035E+04
  0.414858E+00  0.502855E+04  0.355398E+04  0.297254E+00  0.000000E+00  0.218712E+02  0.465790E+04
  0.416690E+00  0.499440E+04  0.352661E+04  0.237279E+00  0.000000E+00  0.215495E+02  0.462577E+04
  0.418522E+00  0.496061E+04  0.349964E+04  0.131131E+00  0.000000E+00  0.212396E+02  0.459400E+04
  0.420354E+00  0.492719E+04  0.347315E+04  0.283894E-01  0.000000E+00  0.209349E+02  0.456261E+04
  0.422186E+00  0.489417E+04  0.344723E+04  0.312338E-01  0.000000E+00  0.206260E+02  0.453162E+04
  0.424019E+00  0.486154E+04  0.342193E+04  0.162713E+00  0.000000E+00  0.203082E+02  0.450105E+04
  0.425851E+00  0.482932E+04  0.339732E+04  0.300890E+00  0.000000E+00  0.199880E+02  0.447093E+04
  0.427683E+00  0.479752E+04  0.337342E+04  0.298592E+00  0.000000E+00  0.196817E+02  0.444125E+04
  0.429515E+00  0.476613E+04  0.335027E+04  0.155519E+00  0.000000E+00  0.194025E+02  0.441202E+04
  0.431348E+00  0.473517E+04  0.332785E+04  0.206638E-01  0.000000E+00  0.191474E+02  0.438326E+04
  0.433180E+00  0.470463E+04  0.330618E+04  0.170311E-01  0.000000E+00  0.188978E+02  0.435495E+04
  0.435012E+00  0.467450E+04  0.328521E+04  0.110080E+00  0.000000E+00  0.186344E+02  0.432709E+04
  0.436844E+00  0.464478E+04  0.326491E+04  0.175503E+00  0.000000E+00  0.183538E+02  0.429966E+04
  0.438677E+00  0.461545E+04  0.324523E+04  0.159573E+00  0.000000E+00  0.180715E+02  0.427264E+04
  0.440509E+00  0.458649E+04  0.322610E+04  0.123918E+00  0.000000E+00  0.178067E+02  0.424602E+04
  0.442341E+00  0.455790E+04  0.320746E+04  0.141629E+00  0.000000E+00  0.175656E+02  0.421977E+04
  0.444173E+00  0.452964E+04  0.318925E+04  0.201812E+00  0.000000E+00  0.173370E+02  0.419386E+04
  0.446005E+00  0.450172E+04  0.317138E+04  0.237707E+00  0.000000E+00  0.171040E+02  0.416827E+04
  0.447838E+00  0.447410E+04  0.315379E+04  0.214662E+00  0.000000E+00  0.168602E+02  0.414298E+04
  0.449670E+00  0.444678E+04  0.313641E+04  0.156991E+00  0.000000E+00  0.166138E+02  0.411796E+04
  0.451502E+00  0.441974E+04  0.311917E+04  0.103362E+00  0.000000E+00  0.163790E+02  0.409320E+04
  0.453334E+00  0.439296E+04  0.310202E+04  0.712386E-01  0.000000E+00  0.161628E+02  0.406866E+04
  0.455167E+00  0.436643E+04  0.308488E+04  0.662553E-01  0.000000E+00  0.159600E+02  0.404432E+04
  0.456999E+00  0.434011E+04  0.306772E+04  0.942452E-01  0.000000E+00  0.157595E+02  0.402016E+04
  0.458831E+00  0.431402E+04  0.305050E+04  0.146062E+00  0.000000E+00  0.155532E+02  0.399617E+04
  0.460663E+00  0.428812E+04  0.303319E+04  0.186858E+00  0.000000E+00  0.153403E+02  0.397233E+04
  0.462496E+00  0.426242E+04  0.301576E+04  0.181341E+00  0.000000E+00  0.151248E+02  0.394864E+04
  0.464328E+00  0.423692E+04  0.299822E+04  0.129717E+00  0.000000E+00  0.149113E+02  0.392508E+04
  0.466160E+00  0.421160E+04  0.298055E+04  0.699966E-01  0.000000E+00  0.147034E+02  0.390166E+04
  0.467992E+00  0.418647E+04  0.296278E+04  0.453497E-01  0.000000E+00  0.145046E+02  0.387838E+04
  0.469824E+00  0.416152E+04  0.294491E+04  0.712975E-01  0.000000E+00  0.143175E+02  0.385523E+04
  0.471657E+00  0.413675E+04  0.292696E+04  0.126887E+00  0.000000E+00  0.141402E+02  0.383222E+04
  0.473489E+00  0.411216E+04  0.290896E+04  0.170697E+00  0.000000E+00  0.139648E+02  0.380934E+04
  0.475321E+00  0.408776E+04  0.289093E+04  0.173134E+00  0.000000E+00  0.137819E+02  0.378662E+04
  0.477153E+00  0.406354E+04  0.287293E+04  0.144162E+00  0.000000E+00  0.135885E+02  0.376405E+04
  0.478986E+00  0.403952E+04  0.285497E+04  0.124732E+00  0.000000E+00  0.133928E+02  0.374165E+04
  0.480818E+00  0.401570E+04  0.283711E+04  0.139374E+00  0.000000E+00  0.132083E+02  0.371943E+04
  0.482650E+00  0.399209E+04  0.281938E+04  0.162252E+00  0.000000E+00  0.130419E+02  0.369739E+04
  0.484482E+00  0.396868E+04  0.280182E+04  0.147127E+00  0.000000E+00  0.128875E+02  0.367556E+04
  0.486315E+00  0.394550E+04  0.278445E+04  0.908520E-01  0.000000E+00  0.127310E+02  0.365393E+04
  0.488147E+00  0.392253E+04  0.276730E+04  0.456235E-01  0.000000E+00  0.125638E+02  0.363251E+04
  0.489979E+00  0.389978E+04  0.275041E+04  0.572946E-01  0.000000E+00  0.123903E+02  0.361131E+04
  0.491811E+00  0.387725E+04  0.273378E+04  0.108878E+00  0.000000E+00  0.122236E+02  0.359034E+04
  0.493643E+00  0.385495E+04  0.271744E+04  0.143440E+00  0.000000E+00  0.120726E+02  0.356959E+04
  0.495476E+00  0.383288E+04  0.270140E+04  0.132325E+00  0.000000E+00  0.119337E+02  0.354908E+04
  0.497308E+00  0.381104E+04  0.268566E+04  0.980800E-01  0.000000E+00  0.117943E+02  0.352881E+04
  0.499140E+00  0.378943E+04  0.267023E+04  0.731292E-01  0.000000E+00  0.116439E+02  0.350876E+04
  0.500972E+00  0.376805E+04  0.265510E+04  0.625669E-01  0.000000E+00  0.114830E+02  0.348895E+04
  0.502805E+00  0.374689E+04  0.264026E+04  0.576065E-01  0.000000E+00  0.113211E+02  0.346936E+04
  0.504637E+00  0.372594E+04  0.262569E+04  0.628097E-01  0.000000E+00  0.111689E+02  0.345000E+04
  0.506469E+00  0.370521E+04  0.261138E+04  0.875158E-01  0.000000E+00  0.110309E+02  0.343084E+04
  0.508301E+00  0.368468E+04  0.259730E+04  0.119305E+00  0.000000E+00  0.109043E+02  0.341189E+04
  0.510134E+00  0.366436E+04  0.258345E+04  0.129783E+00  0.000000E+00  0.107834E+02  0.339315E+04
  0.511966E+00  0.364424E+04  0.256980E+04  0.110262E+00  0.000000E+00  0.106632E+02  0.337459E+04
  0.513798E+00  0.362431E+04  0.255632E+04  0.847297E-01  0.000000E+00  0.105401E+02  0.335622E+04
  0.515630E+00  0.360456E+04  0.254299E+04  0.792313E-01  0.000000E+00  0.104116E+02  0.333802E+04
  0.517462E+00  0.358499E+04  0.252978E+04  0.900394E-01  0.000000E+00  0.102775E+02  0.331999E+04
  0.519295E+00  0.356560E+04  0.251668E+04  0.928583E-01  0.000000E+00  0.101415E+02  0.330212E+04
  0.521127E+00  0.354636E+04  0.250367E+04  0.769698E-01  0.000000E+00  0.100108E+02  0.328439E+04
  0.522959E+00  0.352729E+04  0.249072E+04  0.581668E-01  0.000000E+00  0.989088E+01  0.326680E+04
  0.524791E+00  0.350836E+04  0.247782E+04  0.579161E-01  0.000000E+00  0.978094E+01  0.324934E+04
  0.526624E+00  0.348958E+04  0.246495E+04  0.784795E-01  0.000000E+00  0.966854E+01  0.323200E+04
  0.528456E+00  0.347095E+04  0.245211E+04  0.101445E+00  0.000000E+00  0.955670E+01  0.321479E+04
  0.530288E+00  0.345246E+04  0.243930E+04  0.106132E+00  0.000000E+00  0.944071E+01  0.319770E+04
  0.532120E+00  0.343411E+04  0.242651E+04  0.875214E-01  0.000000E+00  0.932435E+01  0.318073E+04
  0.533953E+00  0.341590E+04  0.241373E+04  0.599586E-01  0.000000E+00  0.921272E+01  0.316388E+04
  0.535785E+00  0.339782E+04  0.240097E+04  0.453212E-01  0.000000E+00  0.910700E+01  0.314713E+04
  0.537617E+00  0.337988E+04  0.238824E+04  0.545721E-01  0.000000E+00  0.900314E+01  0.313050E+04
  0.539449E+00  0.336207E+04  0.237553E+04  0.783886E-01  0.000000E+00  0.889601E+01  0.311399E+04
  0.541281E+00  0.334439E+04  0.236286E+04  0.969845E-01  0.000000E+00  0.878489E+01  0.309758E+04
  0.543114E+00  0.332684E+04  0.235023E+04  0.995305E-01  0.000000E+00  0.867482E+01  0.308130E+04
  0.544946E+00  0.330943E+04  0.233767E+04  0.916140E-01  0.000000E+00  0.857245E+01  0.306513E+04
  0.546778E+00  0.329216E+04  0.232517E+04  0.839109E-01  0.000000E+00  0.848018E+01  0.304909E+04
  0.548610E+00  0.327502E+04  0.231275E+04  0.790661E-01  0.000000E+00  0.839396E+01  0.303317E+04
  0.550443E+00  0.325802E+04  0.230042E+04  0.734027E-01  0.000000E+00  0.830649E+01  0.301737E+04
  0.552275E+00  0.324116E+04  0.228819E+04  0.668836E-01  0.000000E+00  0.821263E+01  0.300170E+04
  0.554107E+00  0.322443E+04  0.227606E+04  0.640706E-01  0.000000E+00  0.811250E+01  0.298616E+04
  0.555939E+00  0.320784E+04  0.226406E+04  0.656464E-01  0.000000E+00  0.801046E+01  0.297074E+04
  0.557772E+00  0.319138E+04  0.225218E+04  0.661439E-01  0.000000E+00  0.791169E+01  0.295546E+04
  0.559604E+00  0.317507E+04  0.224043E+04  0.628700E-01  0.000000E+00  0.781922E+01  0.294032E+04
  0.561436E+00  0.315889E+04  0.222882E+04  0.613144E-01  0.000000E+00  0.773307E+01  0.292531E+04
  0.563268E+00  0.314286E+04  0.221734E+04  0.664579E-01  0.000000E+00  0.765107E+01  0.291043E+04
  0.565100E+00  0.312696E+04  0.220602E+04  0.722695E-01  0.000000E+00  0.757015E+01  0.289569E+04
  0.566933E+00  0.311120E+04  0.219482E+04  0.671657E-01  0.000000E+00  0.748775E+01  0.288108E+04
  0.568765E+00  0.309557E+04  0.218377E+04  0.505034E-01  0.000000E+00  0.740307E+01  0.286660E+04
  0.570597E+00  0.308007E+04  0.217285E+04  0.371189E-01  0.000000E+00  0.731775E+01  0.285225E+04
  0.572429E+00  0.306470E+04  0.216206E+04  0.413779E-01  0.000000E+00  0.723513E+01  0.283803E+04
  0.574262E+00  0.304947E+04  0.215140E+04  0.600341E-01  0.000000E+00  0.715780E+01  0.282393E+04
  0.576094E+00  0.303436E+04  0.214086E+04  0.755781E-01  0.000000E+00  0.708495E+01  0.280996E+04
  0.577926E+00  0.301937E+04  0.213043E+04  0.755160E-01  0.000000E+00  0.701209E+01  0.279610E+04
  0.579758E+00  0.300452E+04  0.212011E+04  0.639057E-01  0.000000E+00  0.693419E+01  0.278237E+04
  0.581591E+00  0.298978E+04  0.210989E+04  0.534308E-01  0.000000E+00  0.685028E+01  0.276874E+04
  0.583423E+00  0.297515E+04  0.209975E+04  0.507018E-01  0.000000E+00  0.676530E+01  0.275523E+04
  0.585255E+00  0.296064E+04  0.208970E+04  0.523974E-01  0.000000E+00  0.668689E+01  0.274182E+04
  0.587087E+00  0.294624E+04  0.207972E+04  0.530297E-01  0.000000E+00  0.661932E+01  0.272851E+04
  0.707312E+00  0.219619E+04  0.155041E+04  0.328040E-01  0.000000E+00  0.344151E+01  0.203386E+04
  0.863914E+00  0.159422E+04  0.112566E+04  0.174184E-01  0.000000E+00  0.169257E+01  0.147640E+04
  0.105519E+01  0.115180E+04  0.813331E+03  0.840283E-02  0.000000E+00  0.829012E+00  0.106667E+04
  0.128881E+01  0.828640E+03  0.585174E+03  0.405496E-02  0.000000E+00  0.401294E+00  0.767395E+03
  0.157415E+01  0.593820E+03  0.419370E+03  0.194801E-02  0.000000E+00  0.262149E+00  0.549934E+03
  0.192267E+01  0.424041E+03  0.299481E+03  0.932596E-03  0.000000E+00  0.126303E+00  0.392702E+03
  0.234836E+01  0.301821E+03  0.213170E+03  0.444996E-03  0.000000E+00  0.604166E-01  0.279516E+03
  0.286829E+01  0.214191E+03  0.151283E+03  0.211700E-03  0.000000E+00  0.289337E-01  0.198362E+03
  0.350334E+01  0.151588E+03  0.107069E+03  0.100438E-03  0.000000E+00  0.137443E-01  0.140386E+03
  0.427899E+01  0.107014E+03  0.755868E+02  0.475298E-04  0.000000E+00  0.647783E-02  0.991053E+02
  0.522637E+01  0.753713E+02  0.532374E+02  0.224425E-04  0.000000E+00  0.307137E-02  0.698013E+02
  0.638351E+01  0.529714E+02  0.374155E+02  0.105734E-04  0.000000E+00  0.144535E-02  0.490568E+02
  0.779683E+01  0.371551E+02  0.262435E+02  0.497188E-05  0.000000E+00  0.675446E-03  0.344092E+02
  0.952307E+01  0.260133E+02  0.183731E+02  0.233341E-05  0.000000E+00  0.321334E-03  0.240908E+02
  0.116315E+02  0.181816E+02  0.128408E+02  0.109328E-05  0.000000E+00  0.150681E-03  0.168377E+02
  0.142067E+02  0.126875E+02  0.895968E+01  0.511424E-06  0.000000E+00  0.705636E-04  0.117496E+02
  0.173522E+02  0.884050E+01  0.624197E+01  0.238882E-06  0.000000E+00  0.322964E-04  0.818682E+01
  0.211940E+02  0.615142E+01  0.434222E+01  0.111420E-06  0.000000E+00  0.153448E-04  0.569641E+01
  0.258864E+02  0.427474E+01  0.301634E+01  0.519024E-07  0.000000E+00  0.711224E-05  0.395837E+01
  0.316177E+02  0.296698E+01  0.209236E+01  0.241474E-07  0.000000E+00  0.335377E-05  0.274721E+01
  0.386180E+02  0.205694E+01  0.144933E+01  0.112214E-07  0.000000E+00  0.154929E-05  0.190439E+01
  0.471681E+02  0.142449E+01  0.100240E+01  0.520854E-08  0.000000E+00  0.730464E-06  0.131864E+01
  0.576112E+02  0.985484E+00  0.692137E+00  0.241514E-08  0.000000E+00  0.332716E-06  0.912057E+00
  0.703666E+02  0.681110E+00  0.476983E+00  0.111867E-08  0.000000E+00  0.150681E-06  0.630152E+00
  0.859458E+02  0.470306E+00  0.327936E+00  0.517612E-09  0.000000E+00  0.688817E-07  0.434904E+00
  0.104975E+03  0.324452E+00  0.224780E+00  0.239247E-09  0.000000E+00  0.327492E-07  0.299809E+00
