   1   1   1  0.00000000E+00  0.00000000E+00  0.00000000E+00
   2   1   1 -0.16632081E-02  0.00000000E+00  0.00000000E+00
   3   1   1 -0.30517580E-02  0.00000000E+00  0.00000000E+00
   4   1   1 -0.38909914E-02  0.00000000E+00  0.00000000E+00
   1   2   1  0.00000000E+00 -0.16632081E-02  0.00000000E+00
   2   2   1 -0.16174316E-02 -0.16174316E-02  0.00000000E+00
   3   2   1 -0.29602053E-02 -0.14801027E-02  0.00000000E+00
   4   2   1 -0.45043943E-02 -0.15014649E-02  0.00000000E+00
   1   3   1  0.00000000E+00 -0.30517580E-02  0.00000000E+00
   2   3   1 -0.14801027E-02 -0.29602053E-02  0.00000000E+00
   3   3   1 -0.26855469E-02 -0.26855469E-02  0.00000000E+00
   4   3   1 -0.40100105E-02 -0.26733403E-02  0.00000000E+00
   1   4   1  0.00000000E+00 -0.38909914E-02  0.00000000E+00
   2   4   1 -0.15014649E-02 -0.45043943E-02  0.00000000E+00
   3   4   1 -0.26733403E-02 -0.40100105E-02  0.00000000E+00
   4   4   1 -0.24552322E-02 -0.24552322E-02  0.00000000E+00
   1   1   2  0.00000000E+00  0.00000000E+00 -0.16632081E-02
   2   1   2 -0.16174316E-02  0.00000000E+00 -0.16174316E-02
   3   1   2 -0.29602053E-02  0.00000000E+00 -0.14801027E-02
   4   1   2 -0.45043943E-02  0.00000000E+00 -0.15014649E-02
   1   2   2  0.00000000E+00 -0.16174316E-02 -0.16174316E-02
   2   2   2 -0.15716553E-02 -0.15716553E-02 -0.15716553E-02
   3   2   2 -0.28686523E-02 -0.14343262E-02 -0.14343262E-02
   4   2   2 -0.43396004E-02 -0.14465335E-02 -0.14465335E-02
   1   3   2  0.00000000E+00 -0.29602053E-02 -0.14801027E-02
   2   3   2 -0.14343262E-02 -0.28686523E-02 -0.14343262E-02
   3   3   2 -0.25939944E-02 -0.25939944E-02 -0.12969972E-02
   4   3   2 -0.38452151E-02 -0.25634766E-02 -0.12817383E-02
   1   4   2  0.00000000E+00 -0.45043943E-02 -0.15014649E-02
   2   4   2 -0.14465335E-02 -0.43396004E-02 -0.14465335E-02
   3   4   2 -0.25634766E-02 -0.38452151E-02 -0.12817383E-02
   4   4   2 -0.22639714E-02 -0.22639714E-02 -0.75465709E-03
   1   1   3  0.00000000E+00  0.00000000E+00 -0.30517580E-02
   2   1   3 -0.14801027E-02  0.00000000E+00 -0.29602053E-02
   3   1   3 -0.26855469E-02  0.00000000E+00 -0.26855469E-02
   4   1   3 -0.40100105E-02  0.00000000E+00 -0.26733403E-02
   1   2   3  0.00000000E+00 -0.14801027E-02 -0.29602053E-02
   2   2   3 -0.14343262E-02 -0.14343262E-02 -0.28686523E-02
   3   2   3 -0.25939944E-02 -0.12969972E-02 -0.25939944E-02
   4   2   3 -0.38452151E-02 -0.12817383E-02 -0.25634766E-02
   1   3   3  0.00000000E+00 -0.26855469E-02 -0.26855469E-02
   2   3   3 -0.12969972E-02 -0.25939944E-02 -0.25939944E-02
   3   3   3 -0.27832033E-02 -0.27832033E-02 -0.27832033E-02
   4   3   3 -0.26750262E-02 -0.17833508E-02 -0.17833508E-02
   1   4   3  0.00000000E+00 -0.40100105E-02 -0.26733403E-02
   2   4   3 -0.12817383E-02 -0.38452151E-02 -0.25634766E-02
   3   4   3 -0.17833508E-02 -0.26750262E-02 -0.17833508E-02
   4   4   3 -0.18170520E-02 -0.18170520E-02 -0.12113680E-02
   1   1   4  0.00000000E+00  0.00000000E+00 -0.38909914E-02
   2   1   4 -0.15014649E-02  0.00000000E+00 -0.45043943E-02
   3   1   4 -0.26733403E-02  0.00000000E+00 -0.40100105E-02
   4   1   4 -0.24552322E-02  0.00000000E+00 -0.24552322E-02
   1   2   4  0.00000000E+00 -0.15014649E-02 -0.45043943E-02
   2   2   4 -0.14465335E-02 -0.14465335E-02 -0.43396004E-02
   3   2   4 -0.25634766E-02 -0.12817383E-02 -0.38452151E-02
   4   2   4 -0.22639714E-02 -0.75465709E-03 -0.22639714E-02
   1   3   4  0.00000000E+00 -0.26733403E-02 -0.40100105E-02
   2   3   4 -0.12817383E-02 -0.25634766E-02 -0.38452151E-02
   3   3   4 -0.17833508E-02 -0.17833508E-02 -0.26750262E-02
   4   3   4 -0.18170520E-02 -0.12113680E-02 -0.18170520E-02
   1   4   4  0.00000000E+00 -0.24552322E-02 -0.24552322E-02
   2   4   4 -0.75465709E-03 -0.22639714E-02 -0.22639714E-02
   3   4   4 -0.12113680E-02 -0.18170520E-02 -0.18170520E-02
   4   4   4 -0.13364592E-02 -0.13364592E-02 -0.13364592E-02
