           1           1           1  0.0000000E+00  0.0000000E+00
  0.0000000E+00
           2           1           1 -3.8580250E-03  0.0000000E+00
  0.0000000E+00
           3           1           1 -6.5586427E-03  0.0000000E+00
  0.0000000E+00
           4           1           1 -6.9444445E-03  0.0000000E+00
  0.0000000E+00
           1           2           1  0.0000000E+00 -3.8580250E-03
  0.0000000E+00
           2           2           1 -3.6651231E-03 -3.6651231E-03
  0.0000000E+00
           3           2           1 -6.1728400E-03 -3.0864200E-03
  0.0000000E+00
           4           2           1 -5.9292703E-03 -1.9764237E-03
  0.0000000E+00
           1           3           1  0.0000000E+00 -6.5586427E-03
  0.0000000E+00
           2           3           1 -3.0864200E-03 -6.1728400E-03
  0.0000000E+00
           3           3           1 -5.0154314E-03 -5.0154314E-03
  0.0000000E+00
           4           3           1 -4.0002419E-03 -2.6668280E-03
  0.0000000E+00
           1           4           1  0.0000000E+00 -6.9444445E-03
  0.0000000E+00
           2           4           1 -1.9764237E-03 -5.9292703E-03
  0.0000000E+00
           3           4           1 -2.6668280E-03 -4.0002419E-03
  0.0000000E+00
           4           4           1 -2.4552322E-03 -2.4552322E-03
  0.0000000E+00
           1           1           2  0.0000000E+00  0.0000000E+00
 -3.8580250E-03
           2           1           2 -3.6651231E-03  0.0000000E+00
 -3.6651231E-03
           3           1           2 -6.1728400E-03  0.0000000E+00
 -3.0864200E-03
           4           1           2 -5.9292703E-03  0.0000000E+00
 -1.9764237E-03
           1           2           2  0.0000000E+00 -3.6651231E-03
 -3.6651231E-03
           2           2           2 -3.4722225E-03 -3.4722225E-03
 -3.4722225E-03
           3           2           2 -5.7870368E-03 -2.8935184E-03
 -2.8935184E-03
           4           2           2 -5.1393975E-03 -1.7131326E-03
 -1.7131326E-03
           1           3           2  0.0000000E+00 -6.1728400E-03
 -3.0864200E-03
           2           3           2 -2.8935184E-03 -5.7870368E-03
 -2.8935184E-03
           3           3           2 -4.6296297E-03 -4.6296297E-03
 -2.3148148E-03
           4           3           2 -3.5793912E-03 -2.3862610E-03
 -1.1931305E-03
           1           4           2  0.0000000E+00 -5.9292703E-03
 -1.9764237E-03
           2           4           2 -1.7131326E-03 -5.1393975E-03
 -1.7131326E-03
           3           4           2 -2.3862610E-03 -3.5793912E-03
 -1.1931305E-03
           4           4           2 -2.2639707E-03 -2.2639707E-03
 -7.5465691E-04
           1           1           3  0.0000000E+00  0.0000000E+00
 -6.5586427E-03
           2           1           3 -3.0864200E-03  0.0000000E+00
 -6.1728400E-03
           3           1           3 -5.0154314E-03  0.0000000E+00
 -5.0154314E-03
           4           1           3 -4.0002419E-03  0.0000000E+00
 -2.6668280E-03
           1           2           3  0.0000000E+00 -3.0864200E-03
 -6.1728400E-03
           2           2           3 -2.8935184E-03 -2.8935184E-03
 -5.7870368E-03
           3           2           3 -4.6296297E-03 -2.3148148E-03
 -4.6296297E-03
           4           2           3 -3.5793912E-03 -1.1931305E-03
 -2.3862610E-03
           1           3           3  0.0000000E+00 -5.0154314E-03
 -5.0154314E-03
           2           3           3 -2.3148148E-03 -4.6296297E-03
 -4.6296297E-03
           3           3           3 -3.0070327E-03 -3.0070327E-03
 -3.0070327E-03
           4           3           3 -2.6750253E-03 -1.7833502E-03
 -1.7833502E-03
           1           4           3  0.0000000E+00 -4.0002419E-03
 -2.6668280E-03
           2           4           3 -1.1931305E-03 -3.5793912E-03
 -2.3862610E-03
           3           4           3 -1.7833502E-03 -2.6750253E-03
 -1.7833502E-03
           4           4           3 -1.8170516E-03 -1.8170516E-03
 -1.2113678E-03
           1           1           4  0.0000000E+00  0.0000000E+00
 -6.9444445E-03
           2           1           4 -1.9764237E-03  0.0000000E+00
 -5.9292703E-03
           3           1           4 -2.6668280E-03  0.0000000E+00
 -4.0002419E-03
           4           1           4 -2.4552322E-03  0.0000000E+00
 -2.4552322E-03
           1           2           4  0.0000000E+00 -1.9764237E-03
 -5.9292703E-03
           2           2           4 -1.7131326E-03 -1.7131326E-03
 -5.1393975E-03
           3           2           4 -2.3862610E-03 -1.1931305E-03
 -3.5793912E-03
           4           2           4 -2.2639707E-03 -7.5465691E-04
 -2.2639707E-03
           1           3           4  0.0000000E+00 -2.6668280E-03
 -4.0002419E-03
           2           3           4 -1.1931305E-03 -2.3862610E-03
 -3.5793912E-03
           3           3           4 -1.7833502E-03 -1.7833502E-03
 -2.6750253E-03
           4           3           4 -1.8170516E-03 -1.2113678E-03
 -1.8170516E-03
           1           4           4  0.0000000E+00 -2.4552322E-03
 -2.4552322E-03
           2           4           4 -7.5465691E-04 -2.2639707E-03
 -2.2639707E-03
           3           4           4 -1.2113678E-03 -1.8170516E-03
 -1.8170516E-03
           4           4           4 -1.3364592E-03 -1.3364592E-03
 -1.3364592E-03
