  0.353793E-05  0.117962E+08  0.117962E+08  0.157278E+08  0.157278E+08  0.117964E+08  0.117963E+08
  0.365776E-05  0.117962E+08  0.117962E+08  0.157278E+08  0.157278E+08  0.117964E+08  0.117963E+08
  0.378166E-05  0.117962E+08  0.117962E+08  0.157278E+08  0.157277E+08  0.117964E+08  0.117963E+08
  0.390975E-05  0.117962E+08  0.117962E+08  0.157277E+08  0.157277E+08  0.117964E+08  0.117963E+08
  0.404219E-05  0.117962E+08  0.117962E+08  0.157277E+08  0.157276E+08  0.117964E+08  0.117963E+08
  0.417910E-05  0.117962E+08  0.117962E+08  0.157276E+08  0.157276E+08  0.117964E+08  0.117963E+08
  0.432066E-05  0.117962E+08  0.117962E+08  0.157276E+08  0.157276E+08  0.117964E+08  0.117963E+08
  0.446701E-05  0.117962E+08  0.117962E+08  0.157275E+08  0.157275E+08  0.117964E+08  0.117963E+08
  0.461832E-05  0.117962E+08  0.117962E+08  0.157275E+08  0.157274E+08  0.117964E+08  0.117963E+08
  0.477475E-05  0.117962E+08  0.117962E+08  0.157274E+08  0.157274E+08  0.117964E+08  0.117963E+08
  0.493648E-05  0.117962E+08  0.117962E+08  0.157273E+08  0.157273E+08  0.117964E+08  0.117962E+08
  0.510369E-05  0.117962E+08  0.117962E+08  0.157273E+08  0.157272E+08  0.117964E+08  0.117962E+08
  0.527657E-05  0.117962E+08  0.117962E+08  0.157272E+08  0.157272E+08  0.117964E+08  0.117962E+08
  0.545530E-05  0.117962E+08  0.117962E+08  0.157271E+08  0.157271E+08  0.117964E+08  0.117962E+08
  0.564008E-05  0.117962E+08  0.117962E+08  0.157270E+08  0.157270E+08  0.117964E+08  0.117962E+08
  0.583112E-05  0.117962E+08  0.117962E+08  0.157270E+08  0.157269E+08  0.117964E+08  0.117962E+08
  0.602864E-05  0.117962E+08  0.117962E+08  0.157269E+08  0.157268E+08  0.117964E+08  0.117962E+08
  0.623284E-05  0.117962E+08  0.117962E+08  0.157268E+08  0.157267E+08  0.117964E+08  0.117962E+08
  0.644396E-05  0.117962E+08  0.117962E+08  0.157267E+08  0.157266E+08  0.117964E+08  0.117962E+08
  0.666224E-05  0.117962E+08  0.117962E+08  0.157265E+08  0.157265E+08  0.117964E+08  0.117962E+08
  0.688790E-05  0.117962E+08  0.117962E+08  0.157264E+08  0.157263E+08  0.117964E+08  0.117962E+08
  0.712121E-05  0.117962E+08  0.117962E+08  0.157263E+08  0.157262E+08  0.117964E+08  0.117962E+08
  0.736242E-05  0.117962E+08  0.117962E+08  0.157261E+08  0.157261E+08  0.117964E+08  0.117962E+08
  0.761180E-05  0.117962E+08  0.117962E+08  0.157260E+08  0.157259E+08  0.117964E+08  0.117962E+08
  0.786963E-05  0.117962E+08  0.117962E+08  0.157258E+08  0.157257E+08  0.117964E+08  0.117962E+08
  0.813620E-05  0.117962E+08  0.117962E+08  0.157257E+08  0.157256E+08  0.117964E+08  0.117962E+08
  0.841179E-05  0.117962E+08  0.117962E+08  0.157255E+08  0.157254E+08  0.117964E+08  0.117962E+08
  0.869671E-05  0.117962E+08  0.117962E+08  0.157253E+08  0.157252E+08  0.117964E+08  0.117962E+08
  0.899129E-05  0.117962E+08  0.117962E+08  0.157251E+08  0.157249E+08  0.117964E+08  0.117962E+08
  0.929585E-05  0.117962E+08  0.117962E+08  0.157248E+08  0.157247E+08  0.117964E+08  0.117962E+08
  0.961072E-05  0.117962E+08  0.117962E+08  0.157246E+08  0.157245E+08  0.117964E+08  0.117962E+08
  0.993626E-05  0.117962E+08  0.117962E+08  0.157243E+08  0.157242E+08  0.117964E+08  0.117962E+08
  0.102728E-04  0.117962E+08  0.117962E+08  0.157241E+08  0.157239E+08  0.117964E+08  0.117962E+08
  0.106208E-04  0.117962E+08  0.117962E+08  0.157238E+08  0.157236E+08  0.117964E+08  0.117962E+08
  0.109805E-04  0.117962E+08  0.117962E+08  0.157235E+08  0.157233E+08  0.117964E+08  0.117962E+08
  0.113525E-04  0.117962E+08  0.117962E+08  0.157231E+08  0.157229E+08  0.117964E+08  0.117962E+08
  0.117370E-04  0.117962E+08  0.117962E+08  0.157228E+08  0.157226E+08  0.117964E+08  0.117962E+08
  0.121346E-04  0.117962E+08  0.117962E+08  0.157224E+08  0.157222E+08  0.117964E+08  0.117962E+08
  0.125456E-04  0.117962E+08  0.117962E+08  0.157220E+08  0.157217E+08  0.117964E+08  0.117962E+08
  0.129705E-04  0.117962E+08  0.117962E+08  0.157215E+08  0.157213E+08  0.117964E+08  0.117962E+08
  0.134099E-04  0.117962E+08  0.117962E+08  0.157211E+08  0.157208E+08  0.117964E+08  0.117962E+08
  0.138641E-04  0.117962E+08  0.117962E+08  0.157206E+08  0.157203E+08  0.117964E+08  0.117962E+08
  0.143337E-04  0.117962E+08  0.117962E+08  0.157200E+08  0.157197E+08  0.117964E+08  0.117962E+08
  0.148192E-04  0.117962E+08  0.117962E+08  0.157195E+08  0.157191E+08  0.117964E+08  0.117962E+08
  0.153212E-04  0.117962E+08  0.117962E+08  0.157189E+08  0.157185E+08  0.117964E+08  0.117962E+08
  0.158402E-04  0.117962E+08  0.117962E+08  0.157182E+08  0.157178E+08  0.117964E+08  0.117962E+08
  0.163767E-04  0.117962E+08  0.117962E+08  0.157175E+08  0.157171E+08  0.117964E+08  0.117962E+08
  0.169314E-04  0.117962E+08  0.117962E+08  0.157168E+08  0.157163E+08  0.117964E+08  0.117962E+08
  0.175049E-04  0.117962E+08  0.117962E+08  0.157160E+08  0.157155E+08  0.117964E+08  0.117962E+08
  0.180979E-04  0.117962E+08  0.117962E+08  0.157151E+08  0.157146E+08  0.117964E+08  0.117962E+08
  0.187109E-04  0.117962E+08  0.117962E+08  0.157142E+08  0.157137E+08  0.117964E+08  0.117962E+08
  0.193447E-04  0.117962E+08  0.117962E+08  0.157132E+08  0.157127E+08  0.117964E+08  0.117962E+08
  0.199999E-04  0.117962E+08  0.117962E+08  0.157122E+08  0.157116E+08  0.117964E+08  0.117962E+08
  0.206773E-04  0.117962E+08  0.117962E+08  0.157111E+08  0.157104E+08  0.117964E+08  0.117962E+08
  0.213777E-04  0.117962E+08  0.117962E+08  0.157099E+08  0.157092E+08  0.117964E+08  0.117962E+08
  0.221019E-04  0.117962E+08  0.117962E+08  0.157086E+08  0.157079E+08  0.117964E+08  0.117962E+08
  0.228505E-04  0.117962E+08  0.117962E+08  0.157072E+08  0.157065E+08  0.117963E+08  0.117962E+08
  0.236245E-04  0.117962E+08  0.117962E+08  0.157058E+08  0.157050E+08  0.117963E+08  0.117962E+08
  0.244247E-04  0.117962E+08  0.117962E+08  0.157042E+08  0.157034E+08  0.117963E+08  0.117962E+08
  0.252520E-04  0.117962E+08  0.117962E+08  0.157026E+08  0.157016E+08  0.117963E+08  0.117962E+08
  0.261074E-04  0.117962E+08  0.117962E+08  0.157008E+08  0.156998E+08  0.117963E+08  0.117962E+08
  0.269917E-04  0.117962E+08  0.117962E+08  0.156989E+08  0.156978E+08  0.117963E+08  0.117962E+08
  0.279060E-04  0.117962E+08  0.117962E+08  0.156969E+08  0.156957E+08  0.117963E+08  0.117962E+08
  0.288512E-04  0.117962E+08  0.117962E+08  0.156947E+08  0.156935E+08  0.117963E+08  0.117962E+08
  0.298285E-04  0.117961E+08  0.117961E+08  0.156924E+08  0.156911E+08  0.117963E+08  0.117962E+08
  0.308388E-04  0.117961E+08  0.117961E+08  0.156900E+08  0.156885E+08  0.117963E+08  0.117961E+08
  0.318834E-04  0.117961E+08  0.117961E+08  0.156873E+08  0.156858E+08  0.117963E+08  0.117961E+08
  0.329634E-04  0.117961E+08  0.117961E+08  0.156845E+08  0.156829E+08  0.117963E+08  0.117961E+08
  0.340799E-04  0.117961E+08  0.117961E+08  0.156815E+08  0.156797E+08  0.117963E+08  0.117961E+08
  0.352343E-04  0.117961E+08  0.117961E+08  0.156782E+08  0.156764E+08  0.117962E+08  0.117961E+08
  0.364277E-04  0.117961E+08  0.117961E+08  0.156748E+08  0.156728E+08  0.117962E+08  0.117961E+08
  0.376616E-04  0.117961E+08  0.117961E+08  0.156711E+08  0.156690E+08  0.117962E+08  0.117961E+08
  0.389373E-04  0.117961E+08  0.117961E+08  0.156672E+08  0.156649E+08  0.117962E+08  0.117961E+08
  0.402562E-04  0.117961E+08  0.117961E+08  0.156630E+08  0.156606E+08  0.117962E+08  0.117961E+08
  0.416198E-04  0.117961E+08  0.117960E+08  0.156585E+08  0.156559E+08  0.117962E+08  0.117961E+08
  0.430296E-04  0.117960E+08  0.117960E+08  0.156537E+08  0.156509E+08  0.117961E+08  0.117960E+08
  0.444871E-04  0.117960E+08  0.117960E+08  0.156486E+08  0.156456E+08  0.117961E+08  0.117960E+08
  0.459939E-04  0.117960E+08  0.117960E+08  0.156431E+08  0.156399E+08  0.117961E+08  0.117960E+08
  0.475519E-04  0.117960E+08  0.117960E+08  0.156372E+08  0.156339E+08  0.117961E+08  0.117960E+08
  0.491626E-04  0.117960E+08  0.117960E+08  0.156310E+08  0.156274E+08  0.117961E+08  0.117960E+08
  0.508278E-04  0.117960E+08  0.117959E+08  0.156243E+08  0.156204E+08  0.117960E+08  0.117960E+08
  0.525495E-04  0.117959E+08  0.117959E+08  0.156171E+08  0.156130E+08  0.117960E+08  0.117959E+08
  0.543294E-04  0.117959E+08  0.117959E+08  0.156095E+08  0.156051E+08  0.117960E+08  0.117959E+08
  0.561697E-04  0.117959E+08  0.117959E+08  0.156013E+08  0.155967E+08  0.117960E+08  0.117959E+08
  0.580723E-04  0.117959E+08  0.117958E+08  0.155926E+08  0.155876E+08  0.117959E+08  0.117959E+08
  0.600393E-04  0.117958E+08  0.117958E+08  0.155833E+08  0.155780E+08  0.117959E+08  0.117958E+08
  0.620730E-04  0.117958E+08  0.117958E+08  0.155734E+08  0.155677E+08  0.117958E+08  0.117958E+08
  0.641756E-04  0.117958E+08  0.117958E+08  0.155628E+08  0.155566E+08  0.117958E+08  0.117958E+08
  0.663493E-04  0.117957E+08  0.117957E+08  0.155514E+08  0.155449E+08  0.117958E+08  0.117957E+08
  0.685967E-04  0.117957E+08  0.117957E+08  0.155393E+08  0.155323E+08  0.117957E+08  0.117957E+08
  0.709203E-04  0.117957E+08  0.117957E+08  0.155263E+08  0.155189E+08  0.117957E+08  0.117957E+08
  0.733225E-04  0.117956E+08  0.117956E+08  0.155125E+08  0.155046E+08  0.117956E+08  0.117956E+08
  0.758061E-04  0.117956E+08  0.117956E+08  0.154978E+08  0.154893E+08  0.117956E+08  0.117956E+08
  0.783739E-04  0.117955E+08  0.117955E+08  0.154820E+08  0.154729E+08  0.117955E+08  0.117955E+08
  0.810285E-04  0.117955E+08  0.117955E+08  0.154652E+08  0.154555E+08  0.117954E+08  0.117955E+08
  0.837732E-04  0.117954E+08  0.117954E+08  0.154472E+08  0.154368E+08  0.117954E+08  0.117954E+08
  0.866108E-04  0.117954E+08  0.117954E+08  0.154280E+08  0.154169E+08  0.117953E+08  0.117954E+08
  0.895445E-04  0.117953E+08  0.117953E+08  0.154075E+08  0.153957E+08  0.117952E+08  0.117953E+08
  0.925776E-04  0.117953E+08  0.117952E+08  0.153856E+08  0.153730E+08  0.117951E+08  0.117953E+08
  0.957134E-04  0.117952E+08  0.117952E+08  0.153623E+08  0.153488E+08  0.117950E+08  0.117952E+08
  0.989554E-04  0.117951E+08  0.117951E+08  0.153374E+08  0.153230E+08  0.117950E+08  0.117951E+08
  0.102307E-03  0.117950E+08  0.117950E+08  0.153108E+08  0.152955E+08  0.117948E+08  0.117950E+08
  0.105773E-03  0.117950E+08  0.117949E+08  0.152824E+08  0.152660E+08  0.117947E+08  0.117950E+08
  0.109355E-03  0.117949E+08  0.117948E+08  0.152521E+08  0.152347E+08  0.117946E+08  0.117949E+08
  0.113060E-03  0.117948E+08  0.117947E+08  0.152198E+08  0.152012E+08  0.117945E+08  0.117948E+08
  0.116889E-03  0.117947E+08  0.117946E+08  0.151854E+08  0.151655E+08  0.117944E+08  0.117947E+08
  0.120848E-03  0.117946E+08  0.117945E+08  0.151486E+08  0.151274E+08  0.117942E+08  0.117946E+08
  0.124942E-03  0.117945E+08  0.117944E+08  0.151095E+08  0.150869E+08  0.117941E+08  0.117944E+08
  0.129174E-03  0.117943E+08  0.117943E+08  0.150677E+08  0.150436E+08  0.117939E+08  0.117943E+08
  0.133549E-03  0.117942E+08  0.117941E+08  0.150232E+08  0.149975E+08  0.117937E+08  0.117942E+08
  0.138073E-03  0.117941E+08  0.117940E+08  0.149757E+08  0.149483E+08  0.117936E+08  0.117940E+08
  0.142750E-03  0.117939E+08  0.117938E+08  0.149252E+08  0.148959E+08  0.117934E+08  0.117939E+08
  0.147585E-03  0.117938E+08  0.117937E+08  0.148713E+08  0.148401E+08  0.117932E+08  0.117937E+08
  0.152584E-03  0.117936E+08  0.117935E+08  0.148139E+08  0.147807E+08  0.117929E+08  0.117936E+08
  0.157752E-03  0.117934E+08  0.117933E+08  0.147528E+08  0.147174E+08  0.117927E+08  0.117934E+08
  0.163096E-03  0.117932E+08  0.117931E+08  0.146878E+08  0.146501E+08  0.117924E+08  0.117932E+08
  0.168620E-03  0.117930E+08  0.117929E+08  0.146186E+08  0.145785E+08  0.117922E+08  0.117930E+08
  0.174332E-03  0.117928E+08  0.117926E+08  0.145450E+08  0.145022E+08  0.117919E+08  0.117927E+08
  0.180237E-03  0.117925E+08  0.117924E+08  0.144667E+08  0.144212E+08  0.117916E+08  0.117925E+08
  0.186342E-03  0.117923E+08  0.117921E+08  0.143834E+08  0.143350E+08  0.117912E+08  0.117922E+08
  0.192654E-03  0.117920E+08  0.117919E+08  0.142949E+08  0.142434E+08  0.117909E+08  0.117920E+08
  0.199179E-03  0.117917E+08  0.117916E+08  0.142009E+08  0.141462E+08  0.117905E+08  0.117917E+08
  0.205926E-03  0.117914E+08  0.117912E+08  0.141011E+08  0.140429E+08  0.117901E+08  0.117914E+08
  0.212901E-03  0.117911E+08  0.117909E+08  0.139951E+08  0.139333E+08  0.117896E+08  0.117910E+08
  0.220113E-03  0.117907E+08  0.117905E+08  0.138827E+08  0.138170E+08  0.117892E+08  0.117907E+08
  0.227569E-03  0.117903E+08  0.117901E+08  0.137635E+08  0.136938E+08  0.117887E+08  0.117903E+08
  0.235277E-03  0.117899E+08  0.117897E+08  0.136372E+08  0.135632E+08  0.117881E+08  0.117899E+08
  0.243246E-03  0.117895E+08  0.117893E+08  0.135034E+08  0.134249E+08  0.117876E+08  0.117894E+08
  0.251486E-03  0.117890E+08  0.117888E+08  0.133618E+08  0.132786E+08  0.117870E+08  0.117890E+08
  0.260004E-03  0.117886E+08  0.117883E+08  0.132120E+08  0.131239E+08  0.117863E+08  0.117885E+08
  0.268811E-03  0.117880E+08  0.117878E+08  0.130537E+08  0.129604E+08  0.117856E+08  0.117880E+08
  0.277916E-03  0.117875E+08  0.117872E+08  0.128866E+08  0.127878E+08  0.117849E+08  0.117874E+08
  0.287330E-03  0.117869E+08  0.117866E+08  0.127102E+08  0.126057E+08  0.117841E+08  0.117868E+08
  0.297062E-03  0.117862E+08  0.117859E+08  0.125242E+08  0.124138E+08  0.117833E+08  0.117861E+08
  0.307124E-03  0.117856E+08  0.117852E+08  0.123283E+08  0.122118E+08  0.117824E+08  0.117855E+08
  0.317527E-03  0.117848E+08  0.117845E+08  0.121222E+08  0.119994E+08  0.117814E+08  0.117847E+08
  0.328283E-03  0.117841E+08  0.117837E+08  0.119057E+08  0.117762E+08  0.117804E+08  0.117839E+08
  0.339403E-03  0.117832E+08  0.117828E+08  0.116784E+08  0.115420E+08  0.117793E+08  0.117831E+08
  0.350899E-03  0.117824E+08  0.117819E+08  0.114401E+08  0.112967E+08  0.117782E+08  0.117822E+08
  0.362785E-03  0.117814E+08  0.117809E+08  0.111907E+08  0.110400E+08  0.117769E+08  0.117813E+08
  0.375073E-03  0.117804E+08  0.117799E+08  0.109299E+08  0.107719E+08  0.117756E+08  0.117803E+08
  0.387778E-03  0.117794E+08  0.117788E+08  0.106578E+08  0.104923E+08  0.117742E+08  0.117792E+08
  0.400913E-03  0.117782E+08  0.117777E+08  0.103744E+08  0.102012E+08  0.117727E+08  0.117781E+08
  0.414492E-03  0.117770E+08  0.117764E+08  0.100797E+08  0.989870E+07  0.117711E+08  0.117768E+08
  0.428532E-03  0.117757E+08  0.117751E+08  0.977381E+07  0.958506E+07  0.117694E+08  0.117755E+08
  0.443048E-03  0.117744E+08  0.117737E+08  0.945709E+07  0.926058E+07  0.117676E+08  0.117742E+08
  0.458055E-03  0.117729E+08  0.117722E+08  0.912989E+07  0.892568E+07  0.117657E+08  0.117727E+08
  0.473570E-03  0.117714E+08  0.117706E+08  0.879271E+07  0.858093E+07  0.117636E+08  0.117711E+08
  0.489611E-03  0.117697E+08  0.117689E+08  0.844619E+07  0.822703E+07  0.117614E+08  0.117695E+08
  0.506195E-03  0.117680E+08  0.117671E+08  0.809110E+07  0.786484E+07  0.117591E+08  0.117677E+08
  0.523341E-03  0.117661E+08  0.117652E+08  0.772838E+07  0.749538E+07  0.117566E+08  0.117658E+08
  0.541068E-03  0.117641E+08  0.117631E+08  0.735914E+07  0.711984E+07  0.117539E+08  0.117638E+08
  0.559395E-03  0.117620E+08  0.117610E+08  0.698464E+07  0.673959E+07  0.117511E+08  0.117617E+08
  0.578343E-03  0.117598E+08  0.117587E+08  0.660633E+07  0.635618E+07  0.117481E+08  0.117594E+08
  0.597933E-03  0.117574E+08  0.117562E+08  0.622582E+07  0.597134E+07  0.117450E+08  0.117570E+08
  0.618186E-03  0.117549E+08  0.117537E+08  0.584492E+07  0.558698E+07  0.117416E+08  0.117545E+08
  0.639126E-03  0.117522E+08  0.117509E+08  0.546556E+07  0.520515E+07  0.117380E+08  0.117518E+08
  0.660775E-03  0.117493E+08  0.117480E+08  0.508984E+07  0.482806E+07  0.117341E+08  0.117489E+08
  0.683157E-03  0.117463E+08  0.117449E+08  0.472000E+07  0.445807E+07  0.117301E+08  0.117459E+08
  0.706297E-03  0.117431E+08  0.117417E+08  0.435835E+07  0.409758E+07  0.117258E+08  0.117427E+08
  0.730221E-03  0.117398E+08  0.117382E+08  0.400727E+07  0.374908E+07  0.117212E+08  0.117393E+08
  0.754955E-03  0.117362E+08  0.117346E+08  0.366915E+07  0.341502E+07  0.117164E+08  0.117356E+08
  0.780527E-03  0.117324E+08  0.117307E+08  0.334634E+07  0.309783E+07  0.117112E+08  0.117318E+08
  0.806965E-03  0.117284E+08  0.117266E+08  0.304108E+07  0.279977E+07  0.117057E+08  0.117278E+08
  0.834299E-03  0.117242E+08  0.117223E+08  0.275544E+07  0.252291E+07  0.117000E+08  0.117235E+08
  0.862559E-03  0.117197E+08  0.117177E+08  0.249121E+07  0.226905E+07  0.116938E+08  0.117190E+08
  0.891775E-03  0.117150E+08  0.117129E+08  0.224989E+07  0.203957E+07  0.116873E+08  0.117142E+08
  0.921982E-03  0.117100E+08  0.117078E+08  0.203251E+07  0.183543E+07  0.116805E+08  0.117092E+08
  0.953212E-03  0.117047E+08  0.117025E+08  0.183964E+07  0.165704E+07  0.116732E+08  0.117039E+08
  0.985499E-03  0.116991E+08  0.116969E+08  0.167128E+07  0.150419E+07  0.116655E+08  0.116983E+08
  0.101888E-02  0.116933E+08  0.116909E+08  0.152681E+07  0.137604E+07  0.116574E+08  0.116924E+08
  0.105339E-02  0.116871E+08  0.116847E+08  0.140499E+07  0.127104E+07  0.116488E+08  0.116862E+08
  0.108907E-02  0.116806E+08  0.116781E+08  0.130392E+07  0.118698E+07  0.116397E+08  0.116796E+08
  0.112596E-02  0.116738E+08  0.116712E+08  0.122110E+07  0.112103E+07  0.116301E+08  0.116727E+08
  0.116410E-02  0.116666E+08  0.116639E+08  0.115352E+07  0.106982E+07  0.116199E+08  0.116655E+08
  0.120353E-02  0.116590E+08  0.116563E+08  0.109778E+07  0.102959E+07  0.116092E+08  0.116578E+08
  0.124430E-02  0.116510E+08  0.116482E+08  0.105024E+07  0.996388E+06  0.115979E+08  0.116498E+08
  0.128645E-02  0.116427E+08  0.116398E+08  0.100727E+07  0.966292E+06  0.115860E+08  0.116414E+08
  0.133002E-02  0.116339E+08  0.116310E+08  0.965479E+06  0.935673E+06  0.115734E+08  0.116325E+08
  0.137507E-02  0.116247E+08  0.116217E+08  0.921951E+06  0.901474E+06  0.115602E+08  0.116233E+08
  0.142165E-02  0.116150E+08  0.116120E+08  0.874523E+06  0.861462E+06  0.115463E+08  0.116135E+08
  0.146980E-02  0.116048E+08  0.116018E+08  0.821973E+06  0.814446E+06  0.115316E+08  0.116033E+08
  0.151959E-02  0.115942E+08  0.115911E+08  0.764162E+06  0.760410E+06  0.115161E+08  0.115925E+08
  0.157106E-02  0.115830E+08  0.115799E+08  0.702068E+06  0.700530E+06  0.114998E+08  0.115813E+08
  0.162428E-02  0.115713E+08  0.115681E+08  0.637680E+06  0.637061E+06  0.114826E+08  0.115695E+08
  0.167929E-02  0.115590E+08  0.115558E+08  0.573765E+06  0.573065E+06  0.114646E+08  0.115571E+08
  0.173618E-02  0.115461E+08  0.115429E+08  0.513484E+06  0.511998E+06  0.114456E+08  0.115441E+08
  0.179498E-02  0.115326E+08  0.115294E+08  0.459913E+06  0.457200E+06  0.114256E+08  0.115306E+08
  0.185578E-02  0.115185E+08  0.115153E+08  0.415508E+06  0.411336E+06  0.114046E+08  0.115164E+08
  0.191864E-02  0.115038E+08  0.115006E+08  0.381618E+06  0.375896E+06  0.113826E+08  0.115015E+08
  0.198363E-02  0.114883E+08  0.114851E+08  0.358140E+06  0.350850E+06  0.113594E+08  0.114859E+08
  0.205082E-02  0.114722E+08  0.114689E+08  0.343408E+06  0.334564E+06  0.113351E+08  0.114696E+08
  0.212029E-02  0.114553E+08  0.114520E+08  0.334410E+06  0.324048E+06  0.113096E+08  0.114526E+08
  0.219211E-02  0.114376E+08  0.114344E+08  0.327318E+06  0.315528E+06  0.112828E+08  0.114348E+08
  0.226636E-02  0.114191E+08  0.114159E+08  0.318297E+06  0.305284E+06  0.112547E+08  0.114162E+08
  0.234313E-02  0.113998E+08  0.113966E+08  0.304411E+06  0.290559E+06  0.112253E+08  0.113968E+08
  0.242249E-02  0.113797E+08  0.113764E+08  0.284400E+06  0.270313E+06  0.111945E+08  0.113765E+08
  0.250455E-02  0.113587E+08  0.113554E+08  0.259083E+06  0.245555E+06  0.111622E+08  0.113553E+08
  0.258938E-02  0.113367E+08  0.113334E+08  0.231172E+06  0.219074E+06  0.111284E+08  0.113331E+08
  0.267709E-02  0.113138E+08  0.113104E+08  0.204454E+06  0.194549E+06  0.110931E+08  0.113100E+08
  0.276777E-02  0.112899E+08  0.112865E+08  0.182518E+06  0.175245E+06  0.110561E+08  0.112859E+08
  0.286152E-02  0.112650E+08  0.112615E+08  0.167425E+06  0.162738E+06  0.110175E+08  0.112608E+08
  0.295845E-02  0.112390E+08  0.112355E+08  0.158852E+06  0.156188E+06  0.109772E+08  0.112346E+08
  0.305866E-02  0.112120E+08  0.112084E+08  0.154165E+06  0.152596E+06  0.109351E+08  0.112073E+08
  0.316226E-02  0.111838E+08  0.111801E+08  0.149558E+06  0.148083E+06  0.108913E+08  0.111789E+08
  0.326938E-02  0.111544E+08  0.111507E+08  0.141869E+06  0.139742E+06  0.108455E+08  0.111493E+08
  0.338012E-02  0.111239E+08  0.111201E+08  0.130231E+06  0.127163E+06  0.107979E+08  0.111185E+08
  0.349461E-02  0.110921E+08  0.110882E+08  0.116591E+06  0.112706E+06  0.107484E+08  0.110865E+08
  0.361298E-02  0.110591E+08  0.110551E+08  0.104583E+06  0.100147E+06  0.106969E+08  0.110532E+08
  0.373536E-02  0.110248E+08  0.110207E+08  0.971790E+05  0.922959E+05  0.106434E+08  0.110185E+08
  0.386189E-02  0.109891E+08  0.109849E+08  0.945282E+05  0.890412E+05  0.105878E+08  0.109826E+08
  0.399270E-02  0.109521E+08  0.109478E+08  0.935859E+05  0.873290E+05  0.105302E+08  0.109452E+08
  0.412794E-02  0.109136E+08  0.109092E+08  0.901683E+05  0.834044E+05  0.104704E+08  0.109064E+08
  0.426776E-02  0.108737E+08  0.108692E+08  0.821919E+05  0.758277E+05  0.104086E+08  0.108662E+08
  0.441232E-02  0.108323E+08  0.108277E+08  0.715089E+05  0.667437E+05  0.103445E+08  0.108244E+08
  0.456178E-02  0.107894E+08  0.107847E+08  0.624202E+05  0.599509E+05  0.102783E+08  0.107812E+08
  0.471629E-02  0.107449E+08  0.107401E+08  0.577598E+05  0.571903E+05  0.102100E+08  0.107363E+08
  0.487605E-02  0.106989E+08  0.106939E+08  0.561774E+05  0.562802E+05  0.101394E+08  0.106899E+08
  0.504121E-02  0.106512E+08  0.106461E+08  0.537199E+05  0.534413E+05  0.100666E+08  0.106418E+08
  0.521197E-02  0.106019E+08  0.105966E+08  0.484318E+05  0.476676E+05  0.999153E+07  0.105921E+08
  0.538851E-02  0.105509E+08  0.105455E+08  0.426620E+05  0.419712E+05  0.991425E+07  0.105407E+08
  0.557103E-02  0.104982E+08  0.104926E+08  0.397416E+05  0.394340E+05  0.983472E+07  0.104875E+08
  0.575973E-02  0.104437E+08  0.104379E+08  0.390069E+05  0.389096E+05  0.975292E+07  0.104326E+08
  0.595483E-02  0.103875E+08  0.103814E+08  0.365286E+05  0.370156E+05  0.966885E+07  0.103759E+08
  0.615653E-02  0.103294E+08  0.103232E+08  0.313847E+05  0.336082E+05  0.958249E+07  0.103174E+08
  0.636507E-02  0.102695E+08  0.102631E+08  0.277704E+05  0.000000E+00  0.949383E+07  0.102571E+08
  0.658067E-02  0.102084E+08  0.102016E+08  0.282433E+05  0.000000E+00  0.940719E+07  0.101955E+08
  0.680357E-02  0.101448E+08  0.101378E+08  0.288738E+05  0.000000E+00  0.931378E+07  0.101315E+08
  0.703402E-02  0.100792E+08  0.100720E+08  0.260500E+05  0.000000E+00  0.921797E+07  0.100654E+08
  0.727228E-02  0.100118E+08  0.100043E+08  0.232323E+05  0.000000E+00  0.911973E+07  0.999750E+07
  0.751861E-02  0.994238E+07  0.993452E+07  0.236722E+05  0.000000E+00  0.901904E+07  0.992757E+07
  0.777328E-02  0.987097E+07  0.986278E+07  0.232659E+05  0.000000E+00  0.891589E+07  0.985565E+07
  0.803658E-02  0.979755E+07  0.978900E+07  0.196394E+05  0.000000E+00  0.881026E+07  0.978169E+07
  0.830880E-02  0.972191E+07  0.971299E+07  0.173454E+05  0.000000E+00  0.870118E+07  0.970551E+07
  0.859024E-02  0.964436E+07  0.963504E+07  0.166235E+05  0.000000E+00  0.859051E+07  0.962741E+07
  0.888121E-02  0.956472E+07  0.955498E+07  0.143890E+05  0.000000E+00  0.847734E+07  0.954721E+07
  0.918204E-02  0.948297E+07  0.947279E+07  0.139180E+05  0.000000E+00  0.836172E+07  0.946489E+07
  0.949305E-02  0.939908E+07  0.938843E+07  0.141324E+05  0.000000E+00  0.824365E+07  0.938043E+07
  0.981461E-02  0.931304E+07  0.930189E+07  0.122528E+05  0.000000E+00  0.812316E+07  0.929380E+07
  0.101471E-01  0.922487E+07  0.921319E+07  0.118234E+05  0.000000E+00  0.800054E+07  0.920504E+07
  0.104908E-01  0.913445E+07  0.912222E+07  0.109513E+05  0.000000E+00  0.787533E+07  0.911402E+07
  0.108461E-01  0.904180E+07  0.902898E+07  0.874663E+04  0.000000E+00  0.774779E+07  0.902077E+07
  0.112135E-01  0.894690E+07  0.893347E+07  0.910310E+04  0.000000E+00  0.761797E+07  0.892527E+07
  0.115933E-01  0.884974E+07  0.883566E+07  0.830391E+04  0.000000E+00  0.748590E+07  0.882749E+07
  0.119860E-01  0.875028E+07  0.873552E+07  0.782257E+04  0.000000E+00  0.735154E+07  0.872741E+07
  0.123920E-01  0.864852E+07  0.863304E+07  0.727397E+04  0.000000E+00  0.721508E+07  0.862503E+07
  0.128117E-01  0.854444E+07  0.852821E+07  0.656273E+04  0.000000E+00  0.707651E+07  0.852033E+07
  0.132457E-01  0.843802E+07  0.842100E+07  0.582826E+04  0.000000E+00  0.693590E+07  0.841328E+07
  0.136944E-01  0.832925E+07  0.831141E+07  0.541343E+04  0.000000E+00  0.679329E+07  0.830389E+07
  0.141582E-01  0.821813E+07  0.819942E+07  0.530066E+04  0.000000E+00  0.664895E+07  0.819214E+07
  0.146378E-01  0.810463E+07  0.808502E+07  0.473232E+04  0.000000E+00  0.650290E+07  0.807802E+07
  0.151336E-01  0.798875E+07  0.796821E+07  0.443495E+04  0.000000E+00  0.635531E+07  0.796154E+07
  0.156462E-01  0.787051E+07  0.784900E+07  0.392950E+04  0.000000E+00  0.620629E+07  0.784269E+07
  0.161762E-01  0.774990E+07  0.772738E+07  0.348854E+04  0.000000E+00  0.605598E+07  0.772149E+07
  0.167241E-01  0.762695E+07  0.760338E+07  0.356096E+04  0.000000E+00  0.590444E+07  0.759795E+07
  0.172906E-01  0.750166E+07  0.747702E+07  0.320926E+04  0.000000E+00  0.575173E+07  0.747210E+07
  0.178763E-01  0.737408E+07  0.734832E+07  0.269131E+04  0.000000E+00  0.559790E+07  0.734396E+07
  0.184818E-01  0.724422E+07  0.721733E+07  0.255145E+04  0.000000E+00  0.544305E+07  0.721356E+07
  0.191078E-01  0.711214E+07  0.708408E+07  0.247320E+04  0.000000E+00  0.528730E+07  0.708095E+07
  0.197550E-01  0.697789E+07  0.694863E+07  0.223267E+04  0.000000E+00  0.513086E+07  0.694618E+07
  0.204242E-01  0.684153E+07  0.681107E+07  0.189056E+04  0.000000E+00  0.497399E+07  0.680934E+07
  0.211160E-01  0.670316E+07  0.667147E+07  0.180291E+04  0.000000E+00  0.481699E+07  0.667051E+07
  0.218313E-01  0.656288E+07  0.652995E+07  0.175362E+04  0.000000E+00  0.466013E+07  0.652979E+07
  0.225707E-01  0.642081E+07  0.638665E+07  0.136648E+04  0.000000E+00  0.450365E+07  0.638732E+07
  0.233353E-01  0.627709E+07  0.624170E+07  0.134206E+04  0.000000E+00  0.434774E+07  0.624323E+07
  0.241257E-01  0.613189E+07  0.609529E+07  0.116041E+04  0.000000E+00  0.419258E+07  0.609770E+07
  0.249429E-01  0.598540E+07  0.594761E+07  0.116627E+04  0.000000E+00  0.403834E+07  0.595091E+07
  0.257877E-01  0.583783E+07  0.579889E+07  0.105155E+04  0.000000E+00  0.388525E+07  0.580308E+07
  0.266612E-01  0.568942E+07  0.564937E+07  0.934639E+03  0.000000E+00  0.373355E+07  0.565445E+07
  0.275643E-01  0.554042E+07  0.549932E+07  0.903838E+03  0.000000E+00  0.358356E+07  0.550527E+07
  0.284980E-01  0.539112E+07  0.534906E+07  0.864258E+03  0.000000E+00  0.343556E+07  0.535585E+07
  0.294633E-01  0.524184E+07  0.519890E+07  0.718670E+03  0.000000E+00  0.328988E+07  0.520649E+07
  0.304613E-01  0.509293E+07  0.504921E+07  0.569552E+03  0.000000E+00  0.314682E+07  0.505754E+07
  0.314930E-01  0.494476E+07  0.490038E+07  0.581283E+03  0.000000E+00  0.300669E+07  0.490938E+07
  0.325598E-01  0.479771E+07  0.475281E+07  0.518940E+03  0.000000E+00  0.286975E+07  0.476240E+07
  0.336627E-01  0.465220E+07  0.460695E+07  0.481508E+03  0.000000E+00  0.273624E+07  0.461702E+07
  0.348029E-01  0.450868E+07  0.446323E+07  0.434829E+03  0.000000E+00  0.260642E+07  0.447367E+07
  0.359818E-01  0.436756E+07  0.432211E+07  0.406611E+03  0.000000E+00  0.248059E+07  0.433278E+07
  0.372005E-01  0.422932E+07  0.418406E+07  0.392297E+03  0.000000E+00  0.235900E+07  0.419480E+07
  0.384606E-01  0.409437E+07  0.404952E+07  0.326639E+03  0.000000E+00  0.224184E+07  0.406018E+07
  0.397634E-01  0.396315E+07  0.391893E+07  0.293815E+03  0.000000E+00  0.212925E+07  0.392933E+07
  0.411102E-01  0.383605E+07  0.379269E+07  0.265131E+03  0.000000E+00  0.202135E+07  0.380265E+07
  0.425027E-01  0.371343E+07  0.367117E+07  0.260806E+03  0.000000E+00  0.191830E+07  0.368049E+07
  0.439424E-01  0.359560E+07  0.355466E+07  0.205949E+03  0.000000E+00  0.182017E+07  0.356315E+07
  0.454071E-01  0.348451E+07  0.344509E+07  0.188739E+03  0.000000E+00  0.172837E+07  0.345258E+07
  0.468719E-01  0.338172E+07  0.334397E+07  0.183101E+03  0.000000E+00  0.164395E+07  0.335032E+07
  0.483366E-01  0.328663E+07  0.325067E+07  0.152700E+03  0.000000E+00  0.156622E+07  0.325576E+07
  0.498014E-01  0.319861E+07  0.316451E+07  0.157793E+03  0.000000E+00  0.149453E+07  0.316826E+07
  0.512661E-01  0.311701E+07  0.308484E+07  0.143825E+03  0.000000E+00  0.142830E+07  0.308719E+07
  0.527309E-01  0.304121E+07  0.301098E+07  0.122234E+03  0.000000E+00  0.136697E+07  0.301190E+07
  0.541956E-01  0.297057E+07  0.294227E+07  0.121835E+03  0.000000E+00  0.131001E+07  0.294176E+07
  0.556604E-01  0.290446E+07  0.287805E+07  0.109021E+03  0.000000E+00  0.125691E+07  0.287613E+07
  0.571251E-01  0.284229E+07  0.281772E+07  0.913012E+02  0.000000E+00  0.120726E+07  0.281443E+07
  0.585899E-01  0.278350E+07  0.276067E+07  0.110732E+03  0.000000E+00  0.116065E+07  0.275608E+07
  0.600546E-01  0.272754E+07  0.270635E+07  0.822031E+02  0.000000E+00  0.111669E+07  0.270056E+07
  0.615194E-01  0.267392E+07  0.265425E+07  0.864036E+02  0.000000E+00  0.107507E+07  0.264735E+07
  0.629841E-01  0.262220E+07  0.260391E+07  0.810804E+02  0.000000E+00  0.103550E+07  0.259602E+07
  0.644489E-01  0.257197E+07  0.255491E+07  0.678979E+02  0.000000E+00  0.997757E+06  0.254616E+07
  0.659136E-01  0.252289E+07  0.250690E+07  0.563248E+02  0.000000E+00  0.961618E+06  0.249744E+07
  0.673783E-01  0.247465E+07  0.245958E+07  0.647910E+02  0.000000E+00  0.926904E+06  0.244954E+07
  0.688431E-01  0.242701E+07  0.241269E+07  0.569895E+02  0.000000E+00  0.893459E+06  0.240222E+07
  0.703078E-01  0.237977E+07  0.236605E+07  0.591767E+02  0.000000E+00  0.861162E+06  0.235529E+07
  0.717726E-01  0.233278E+07  0.231951E+07  0.501664E+02  0.000000E+00  0.829921E+06  0.230860E+07
  0.732373E-01  0.228595E+07  0.227298E+07  0.438541E+02  0.000000E+00  0.799661E+06  0.226206E+07
  0.747021E-01  0.223924E+07  0.222644E+07  0.494148E+02  0.000000E+00  0.770332E+06  0.221564E+07
  0.761668E-01  0.219257E+07  0.217981E+07  0.412631E+02  0.000000E+00  0.741870E+06  0.216924E+07
  0.776316E-01  0.214601E+07  0.213318E+07  0.456203E+02  0.000000E+00  0.714273E+06  0.212295E+07
  0.790963E-01  0.209961E+07  0.208663E+07  0.386861E+02  0.000000E+00  0.687528E+06  0.207682E+07
  0.805611E-01  0.205347E+07  0.204025E+07  0.387444E+02  0.000000E+00  0.661628E+06  0.203094E+07
  0.820258E-01  0.200769E+07  0.199417E+07  0.323252E+02  0.000000E+00  0.636578E+06  0.198542E+07
  0.834906E-01  0.196239E+07  0.194853E+07  0.272345E+02  0.000000E+00  0.612387E+06  0.194038E+07
  0.849553E-01  0.191770E+07  0.190348E+07  0.254840E+02  0.000000E+00  0.589069E+06  0.189595E+07
  0.864201E-01  0.187378E+07  0.185917E+07  0.319049E+02  0.000000E+00  0.566635E+06  0.185228E+07
  0.878848E-01  0.183075E+07  0.181577E+07  0.237627E+02  0.000000E+00  0.545093E+06  0.180951E+07
  0.893495E-01  0.178877E+07  0.177343E+07  0.154166E+02  0.000000E+00  0.524450E+06  0.176779E+07
  0.908143E-01  0.174797E+07  0.173230E+07  0.235677E+02  0.000000E+00  0.504714E+06  0.172725E+07
  0.922790E-01  0.170848E+07  0.169252E+07  0.225038E+02  0.000000E+00  0.485889E+06  0.168802E+07
  0.941061E-01  0.166121E+07  0.164496E+07  0.205126E+02  0.000000E+00  0.463677E+06  0.164107E+07
  0.959332E-01  0.161633E+07  0.159989E+07  0.162865E+02  0.000000E+00  0.442859E+06  0.159651E+07
  0.977602E-01  0.157396E+07  0.155744E+07  0.164519E+02  0.000000E+00  0.423407E+06  0.155447E+07
  0.995873E-01  0.153420E+07  0.151771E+07  0.222440E+02  0.000000E+00  0.405282E+06  0.151504E+07
  0.101414E+00  0.149709E+07  0.148074E+07  0.205922E+02  0.000000E+00  0.388429E+06  0.147825E+07
  0.103241E+00  0.146261E+07  0.144651E+07  0.135561E+02  0.000000E+00  0.372785E+06  0.144408E+07
  0.105068E+00  0.143068E+07  0.141495E+07  0.137934E+02  0.000000E+00  0.358278E+06  0.141247E+07
  0.106896E+00  0.140122E+07  0.138593E+07  0.155676E+02  0.000000E+00  0.344831E+06  0.138331E+07
  0.108723E+00  0.137405E+07  0.135931E+07  0.120974E+02  0.000000E+00  0.332354E+06  0.135644E+07
  0.110550E+00  0.134900E+07  0.133486E+07  0.120579E+02  0.000000E+00  0.320759E+06  0.133168E+07
  0.112377E+00  0.132586E+07  0.131237E+07  0.146469E+02  0.000000E+00  0.309958E+06  0.130882E+07
  0.114204E+00  0.130437E+07  0.129158E+07  0.114174E+02  0.000000E+00  0.299858E+06  0.128761E+07
  0.116031E+00  0.128431E+07  0.127223E+07  0.836613E+01  0.000000E+00  0.290375E+06  0.126781E+07
  0.117858E+00  0.126541E+07  0.125405E+07  0.933171E+01  0.000000E+00  0.281424E+06  0.124917E+07
  0.119685E+00  0.124743E+07  0.123677E+07  0.820115E+01  0.000000E+00  0.272927E+06  0.123144E+07
  0.121512E+00  0.123011E+07  0.122012E+07  0.816129E+01  0.000000E+00  0.264812E+06  0.121436E+07
  0.123339E+00  0.121323E+07  0.120386E+07  0.112836E+02  0.000000E+00  0.257013E+06  0.119771E+07
  0.125166E+00  0.119659E+07  0.118778E+07  0.943608E+01  0.000000E+00  0.249477E+06  0.118128E+07
  0.126993E+00  0.117999E+07  0.117169E+07  0.563974E+01  0.000000E+00  0.242156E+06  0.116490E+07
  0.128820E+00  0.116331E+07  0.115543E+07  0.766041E+01  0.000000E+00  0.235015E+06  0.114843E+07
  0.130647E+00  0.114643E+07  0.113890E+07  0.887621E+01  0.000000E+00  0.228023E+06  0.113174E+07
  0.132474E+00  0.112925E+07  0.112200E+07  0.655616E+01  0.000000E+00  0.221160E+06  0.111476E+07
  0.134301E+00  0.111174E+07  0.110469E+07  0.807126E+01  0.000000E+00  0.214412E+06  0.109744E+07
  0.136128E+00  0.109385E+07  0.108693E+07  0.000000E+00  0.000000E+00  0.207772E+06  0.107974E+07
  0.137956E+00  0.107561E+07  0.106874E+07  0.000000E+00  0.000000E+00  0.201238E+06  0.106167E+07
  0.139783E+00  0.105704E+07  0.105017E+07  0.000000E+00  0.000000E+00  0.194816E+06  0.104329E+07
  0.141610E+00  0.103821E+07  0.103128E+07  0.000000E+00  0.000000E+00  0.188512E+06  0.102463E+07
  0.143437E+00  0.101920E+07  0.101217E+07  0.000000E+00  0.000000E+00  0.182339E+06  0.100579E+07
  0.145264E+00  0.100011E+07  0.992940E+06  0.000000E+00  0.000000E+00  0.176311E+06  0.986876E+06
  0.147091E+00  0.981054E+06  0.973721E+06  0.000000E+00  0.000000E+00  0.170444E+06  0.967988E+06
  0.148918E+00  0.962137E+06  0.954632E+06  0.000000E+00  0.000000E+00  0.164752E+06  0.949239E+06
  0.150745E+00  0.943480E+06  0.935799E+06  0.000000E+00  0.000000E+00  0.159248E+06  0.930748E+06
  0.152572E+00  0.925192E+06  0.917343E+06  0.000000E+00  0.000000E+00  0.153946E+06  0.912626E+06
  0.154399E+00  0.907378E+06  0.899375E+06  0.000000E+00  0.000000E+00  0.148855E+06  0.894976E+06
  0.156226E+00  0.890135E+06  0.882003E+06  0.000000E+00  0.000000E+00  0.143984E+06  0.877895E+06
  0.158053E+00  0.873549E+06  0.865318E+06  0.000000E+00  0.000000E+00  0.139341E+06  0.861470E+06
  0.159880E+00  0.857690E+06  0.849394E+06  0.000000E+00  0.000000E+00  0.134926E+06  0.845769E+06
  0.161707E+00  0.842612E+06  0.834290E+06  0.000000E+00  0.000000E+00  0.130742E+06  0.830848E+06
  0.163534E+00  0.828354E+06  0.820045E+06  0.000000E+00  0.000000E+00  0.126785E+06  0.816743E+06
  0.165361E+00  0.814931E+06  0.806678E+06  0.000000E+00  0.000000E+00  0.123051E+06  0.803472E+06
  0.167188E+00  0.802340E+06  0.794181E+06  0.000000E+00  0.000000E+00  0.119531E+06  0.791028E+06
  0.169015E+00  0.790556E+06  0.782531E+06  0.000000E+00  0.000000E+00  0.116212E+06  0.779390E+06
  0.170843E+00  0.779545E+06  0.771688E+06  0.000000E+00  0.000000E+00  0.113085E+06  0.768521E+06
  0.172670E+00  0.769259E+06  0.761600E+06  0.000000E+00  0.000000E+00  0.110133E+06  0.758373E+06
  0.174497E+00  0.759636E+06  0.752202E+06  0.000000E+00  0.000000E+00  0.107344E+06  0.748886E+06
  0.176324E+00  0.750607E+06  0.743416E+06  0.000000E+00  0.000000E+00  0.104701E+06  0.739988E+06
  0.178151E+00  0.742094E+06  0.735162E+06  0.000000E+00  0.000000E+00  0.102189E+06  0.731604E+06
  0.179978E+00  0.734017E+06  0.727350E+06  0.000000E+00  0.000000E+00  0.997916E+05  0.723651E+06
  0.181805E+00  0.726289E+06  0.719889E+06  0.000000E+00  0.000000E+00  0.974941E+05  0.716044E+06
  0.183632E+00  0.718822E+06  0.712687E+06  0.000000E+00  0.000000E+00  0.952811E+05  0.708695E+06
  0.185459E+00  0.711536E+06  0.705654E+06  0.000000E+00  0.000000E+00  0.931394E+05  0.701524E+06
  0.187286E+00  0.704354E+06  0.698712E+06  0.000000E+00  0.000000E+00  0.910569E+05  0.694453E+06
  0.189113E+00  0.697207E+06  0.691786E+06  0.000000E+00  0.000000E+00  0.890230E+05  0.687416E+06
  0.190940E+00  0.690036E+06  0.684815E+06  0.000000E+00  0.000000E+00  0.870288E+05  0.680352E+06
  0.192767E+00  0.682794E+06  0.677747E+06  0.000000E+00  0.000000E+00  0.850671E+05  0.673215E+06
  0.194594E+00  0.675441E+06  0.670542E+06  0.000000E+00  0.000000E+00  0.831326E+05  0.665964E+06
  0.196421E+00  0.667948E+06  0.663169E+06  0.000000E+00  0.000000E+00  0.812210E+05  0.658572E+06
  0.198248E+00  0.660297E+06  0.655612E+06  0.000000E+00  0.000000E+00  0.793299E+05  0.651020E+06
  0.200075E+00  0.652484E+06  0.647866E+06  0.000000E+00  0.000000E+00  0.774582E+05  0.643305E+06
  0.201903E+00  0.644510E+06  0.639934E+06  0.000000E+00  0.000000E+00  0.756061E+05  0.635428E+06
  0.203730E+00  0.636389E+06  0.631832E+06  0.000000E+00  0.000000E+00  0.737746E+05  0.627402E+06
  0.205557E+00  0.628146E+06  0.623587E+06  0.000000E+00  0.000000E+00  0.719663E+05  0.619253E+06
  0.207384E+00  0.619810E+06  0.615233E+06  0.000000E+00  0.000000E+00  0.701846E+05  0.611011E+06
  0.209211E+00  0.611417E+06  0.606809E+06  0.000000E+00  0.000000E+00  0.684326E+05  0.602712E+06
  0.211038E+00  0.603008E+06  0.598358E+06  0.000000E+00  0.000000E+00  0.667141E+05  0.594394E+06
  0.212865E+00  0.594625E+06  0.589926E+06  0.000000E+00  0.000000E+00  0.650332E+05  0.586103E+06
  0.214692E+00  0.586311E+06  0.581560E+06  0.000000E+00  0.000000E+00  0.633937E+05  0.577879E+06
  0.216519E+00  0.578106E+06  0.573306E+06  0.000000E+00  0.000000E+00  0.617989E+05  0.569764E+06
  0.218346E+00  0.570052E+06  0.565206E+06  0.000000E+00  0.000000E+00  0.602518E+05  0.561799E+06
  0.220173E+00  0.562186E+06  0.557300E+06  0.000000E+00  0.000000E+00  0.587553E+05  0.554020E+06
  0.222000E+00  0.554542E+06  0.549625E+06  0.000000E+00  0.000000E+00  0.573113E+05  0.546462E+06
  0.223827E+00  0.547148E+06  0.542212E+06  0.000000E+00  0.000000E+00  0.559215E+05  0.539154E+06
  0.225654E+00  0.540029E+06  0.535087E+06  0.000000E+00  0.000000E+00  0.545869E+05  0.532119E+06
  0.227481E+00  0.533201E+06  0.528267E+06  0.000000E+00  0.000000E+00  0.533074E+05  0.525375E+06
  0.229308E+00  0.526674E+06  0.521762E+06  0.000000E+00  0.000000E+00  0.520825E+05  0.518929E+06
  0.231135E+00  0.520450E+06  0.515575E+06  0.000000E+00  0.000000E+00  0.509109E+05  0.512785E+06
  0.232963E+00  0.514527E+06  0.509702E+06  0.000000E+00  0.000000E+00  0.497907E+05  0.506940E+06
  0.234790E+00  0.508894E+06  0.504132E+06  0.000000E+00  0.000000E+00  0.487197E+05  0.501384E+06
  0.236617E+00  0.503537E+06  0.498851E+06  0.000000E+00  0.000000E+00  0.476950E+05  0.496103E+06
  0.238444E+00  0.498438E+06  0.493838E+06  0.000000E+00  0.000000E+00  0.467136E+05  0.491078E+06
  0.240271E+00  0.493576E+06  0.489070E+06  0.000000E+00  0.000000E+00  0.457723E+05  0.486288E+06
  0.242098E+00  0.488926E+06  0.484521E+06  0.000000E+00  0.000000E+00  0.448677E+05  0.481708E+06
  0.243925E+00  0.484458E+06  0.480157E+06  0.000000E+00  0.000000E+00  0.439960E+05  0.477309E+06
  0.245752E+00  0.480142E+06  0.475949E+06  0.000000E+00  0.000000E+00  0.431538E+05  0.473061E+06
  0.247579E+00  0.475949E+06  0.471863E+06  0.000000E+00  0.000000E+00  0.423375E+05  0.468934E+06
  0.249406E+00  0.471849E+06  0.467868E+06  0.000000E+00  0.000000E+00  0.415439E+05  0.464899E+06
  0.251233E+00  0.467812E+06  0.463934E+06  0.000000E+00  0.000000E+00  0.407697E+05  0.460926E+06
  0.253060E+00  0.463815E+06  0.460033E+06  0.000000E+00  0.000000E+00  0.400123E+05  0.456992E+06
  0.254887E+00  0.459834E+06  0.456142E+06  0.000000E+00  0.000000E+00  0.392695E+05  0.453072E+06
  0.256714E+00  0.455849E+06  0.452238E+06  0.000000E+00  0.000000E+00  0.385392E+05  0.449148E+06
  0.258541E+00  0.451844E+06  0.448306E+06  0.000000E+00  0.000000E+00  0.378197E+05  0.445202E+06
  0.260368E+00  0.447806E+06  0.444331E+06  0.000000E+00  0.000000E+00  0.371097E+05  0.441223E+06
  0.262195E+00  0.443725E+06  0.440304E+06  0.000000E+00  0.000000E+00  0.364082E+05  0.437200E+06
  0.264023E+00  0.439595E+06  0.436219E+06  0.000000E+00  0.000000E+00  0.357147E+05  0.433128E+06
  0.265850E+00  0.435416E+06  0.432075E+06  0.000000E+00  0.000000E+00  0.350289E+05  0.429006E+06
  0.267677E+00  0.431190E+06  0.427875E+06  0.000000E+00  0.000000E+00  0.343509E+05  0.424836E+06
  0.269504E+00  0.426922E+06  0.423625E+06  0.000000E+00  0.000000E+00  0.336811E+05  0.420623E+06
  0.271331E+00  0.422620E+06  0.419335E+06  0.000000E+00  0.000000E+00  0.330198E+05  0.416377E+06
  0.273158E+00  0.418297E+06  0.415017E+06  0.000000E+00  0.000000E+00  0.323679E+05  0.412109E+06
  0.274985E+00  0.413965E+06  0.410685E+06  0.000000E+00  0.000000E+00  0.317262E+05  0.407831E+06
  0.276812E+00  0.409638E+06  0.406355E+06  0.000000E+00  0.000000E+00  0.310956E+05  0.403558E+06
  0.278639E+00  0.405330E+06  0.402041E+06  0.000000E+00  0.000000E+00  0.304769E+05  0.399303E+06
  0.280466E+00  0.401056E+06  0.397761E+06  0.000000E+00  0.000000E+00  0.298710E+05  0.395082E+06
  0.282293E+00  0.396831E+06  0.393529E+06  0.000000E+00  0.000000E+00  0.292788E+05  0.390910E+06
  0.284120E+00  0.392669E+06  0.389362E+06  0.000000E+00  0.000000E+00  0.287009E+05  0.386800E+06
  0.285947E+00  0.388583E+06  0.385273E+06  0.000000E+00  0.000000E+00  0.281381E+05  0.382766E+06
  0.287774E+00  0.384586E+06  0.381277E+06  0.000000E+00  0.000000E+00  0.275908E+05  0.378820E+06
  0.289601E+00  0.380689E+06  0.377383E+06  0.000000E+00  0.000000E+00  0.270596E+05  0.374972E+06
  0.291428E+00  0.376898E+06  0.373600E+06  0.000000E+00  0.000000E+00  0.265445E+05  0.371231E+06
  0.293255E+00  0.373219E+06  0.369935E+06  0.000000E+00  0.000000E+00  0.260455E+05  0.367601E+06
  0.295083E+00  0.369657E+06  0.366390E+06  0.000000E+00  0.000000E+00  0.255626E+05  0.364087E+06
  0.296910E+00  0.366211E+06  0.362966E+06  0.000000E+00  0.000000E+00  0.250954E+05  0.360688E+06
  0.298737E+00  0.362879E+06  0.359662E+06  0.000000E+00  0.000000E+00  0.246434E+05  0.357403E+06
  0.300564E+00  0.359661E+06  0.356476E+06  0.000000E+00  0.000000E+00  0.242062E+05  0.354230E+06
  0.302391E+00  0.356551E+06  0.353402E+06  0.000000E+00  0.000000E+00  0.237831E+05  0.351166E+06
  0.304218E+00  0.353544E+06  0.350434E+06  0.000000E+00  0.000000E+00  0.233733E+05  0.348203E+06
  0.306045E+00  0.350632E+06  0.347564E+06  0.000000E+00  0.000000E+00  0.229762E+05  0.345334E+06
  0.307872E+00  0.347806E+06  0.344782E+06  0.000000E+00  0.000000E+00  0.225907E+05  0.342551E+06
  0.309699E+00  0.345055E+06  0.342078E+06  0.000000E+00  0.000000E+00  0.222160E+05  0.339843E+06
  0.311526E+00  0.342370E+06  0.339440E+06  0.000000E+00  0.000000E+00  0.218511E+05  0.337199E+06
  0.313353E+00  0.339740E+06  0.336857E+06  0.000000E+00  0.000000E+00  0.214953E+05  0.334610E+06
  0.315180E+00  0.337155E+06  0.334318E+06  0.000000E+00  0.000000E+00  0.211475E+05  0.332064E+06
  0.317007E+00  0.334604E+06  0.331813E+06  0.000000E+00  0.000000E+00  0.208072E+05  0.329554E+06
  0.318834E+00  0.332080E+06  0.329332E+06  0.000000E+00  0.000000E+00  0.204734E+05  0.327068E+06
  0.320661E+00  0.329574E+06  0.326866E+06  0.000000E+00  0.000000E+00  0.201457E+05  0.324600E+06
  0.322488E+00  0.327078E+06  0.324409E+06  0.000000E+00  0.000000E+00  0.198234E+05  0.322142E+06
  0.324315E+00  0.324587E+06  0.321953E+06  0.000000E+00  0.000000E+00  0.195061E+05  0.319689E+06
  0.326142E+00  0.322095E+06  0.319493E+06  0.000000E+00  0.000000E+00  0.191934E+05  0.317234E+06
  0.327970E+00  0.319598E+06  0.317026E+06  0.000000E+00  0.000000E+00  0.188849E+05  0.314774E+06
  0.329797E+00  0.317095E+06  0.314548E+06  0.000000E+00  0.000000E+00  0.185805E+05  0.312307E+06
  0.331624E+00  0.314584E+06  0.312059E+06  0.000000E+00  0.000000E+00  0.182800E+05  0.309832E+06
  0.333451E+00  0.312066E+06  0.309560E+06  0.000000E+00  0.000000E+00  0.179834E+05  0.307349E+06
  0.335278E+00  0.309543E+06  0.307053E+06  0.000000E+00  0.000000E+00  0.176908E+05  0.304861E+06
  0.337105E+00  0.307017E+06  0.304540E+06  0.000000E+00  0.000000E+00  0.174021E+05  0.302370E+06
  0.338932E+00  0.304491E+06  0.302026E+06  0.000000E+00  0.000000E+00  0.171177E+05  0.299880E+06
  0.340759E+00  0.301970E+06  0.299514E+06  0.000000E+00  0.000000E+00  0.168375E+05  0.297393E+06
  0.342586E+00  0.299459E+06  0.297010E+06  0.000000E+00  0.000000E+00  0.165618E+05  0.294916E+06
  0.344413E+00  0.296961E+06  0.294519E+06  0.000000E+00  0.000000E+00  0.162907E+05  0.292452E+06
  0.346240E+00  0.294481E+06  0.292046E+06  0.000000E+00  0.000000E+00  0.160245E+05  0.290006E+06
  0.348067E+00  0.292026E+06  0.289597E+06  0.000000E+00  0.000000E+00  0.157633E+05  0.287583E+06
  0.349894E+00  0.289599E+06  0.287176E+06  0.000000E+00  0.000000E+00  0.155073E+05  0.285190E+06
  0.351721E+00  0.287206E+06  0.284790E+06  0.000000E+00  0.000000E+00  0.152567E+05  0.282830E+06
  0.353548E+00  0.284851E+06  0.282443E+06  0.000000E+00  0.000000E+00  0.150116E+05  0.280507E+06
  0.355375E+00  0.282538E+06  0.280139E+06  0.000000E+00  0.000000E+00  0.147721E+05  0.278225E+06
  0.357203E+00  0.280269E+06  0.277880E+06  0.000000E+00  0.000000E+00  0.145381E+05  0.275988E+06
  0.359030E+00  0.278045E+06  0.275668E+06  0.000000E+00  0.000000E+00  0.143098E+05  0.273795E+06
  0.360857E+00  0.275869E+06  0.273505E+06  0.000000E+00  0.000000E+00  0.140870E+05  0.271650E+06
  0.362684E+00  0.273741E+06  0.271392E+06  0.000000E+00  0.000000E+00  0.138696E+05  0.269553E+06
  0.364511E+00  0.271662E+06  0.269328E+06  0.000000E+00  0.000000E+00  0.136577E+05  0.267503E+06
  0.366338E+00  0.269629E+06  0.267313E+06  0.000000E+00  0.000000E+00  0.134510E+05  0.265500E+06
  0.368165E+00  0.267643E+06  0.265346E+06  0.000000E+00  0.000000E+00  0.132494E+05  0.263543E+06
  0.369992E+00  0.265701E+06  0.263425E+06  0.000000E+00  0.000000E+00  0.130526E+05  0.261630E+06
  0.371819E+00  0.263801E+06  0.261546E+06  0.000000E+00  0.000000E+00  0.128605E+05  0.259758E+06
  0.373646E+00  0.261939E+06  0.259707E+06  0.000000E+00  0.000000E+00  0.126728E+05  0.257925E+06
  0.375473E+00  0.260113E+06  0.257903E+06  0.000000E+00  0.000000E+00  0.124893E+05  0.256126E+06
  0.377300E+00  0.258318E+06  0.256131E+06  0.000000E+00  0.000000E+00  0.123097E+05  0.254358E+06
  0.379127E+00  0.256551E+06  0.254387E+06  0.000000E+00  0.000000E+00  0.121338E+05  0.252618E+06
  0.380954E+00  0.254809E+06  0.252668E+06  0.000000E+00  0.000000E+00  0.119613E+05  0.250903E+06
  0.382781E+00  0.253088E+06  0.250970E+06  0.000000E+00  0.000000E+00  0.117920E+05  0.249209E+06
  0.384608E+00  0.251386E+06  0.249290E+06  0.000000E+00  0.000000E+00  0.116258E+05  0.247533E+06
  0.386435E+00  0.249699E+06  0.247625E+06  0.000000E+00  0.000000E+00  0.114624E+05  0.245872E+06
  0.388262E+00  0.248025E+06  0.245971E+06  0.000000E+00  0.000000E+00  0.113017E+05  0.244223E+06
  0.390090E+00  0.246361E+06  0.244326E+06  0.000000E+00  0.000000E+00  0.111434E+05  0.242583E+06
  0.391917E+00  0.244704E+06  0.242688E+06  0.000000E+00  0.000000E+00  0.109875E+05  0.240952E+06
  0.393744E+00  0.243054E+06  0.241055E+06  0.000000E+00  0.000000E+00  0.108339E+05  0.239327E+06
  0.395571E+00  0.241409E+06  0.239426E+06  0.000000E+00  0.000000E+00  0.106824E+05  0.237706E+06
  0.397398E+00  0.239770E+06  0.237801E+06  0.000000E+00  0.000000E+00  0.105331E+05  0.236091E+06
  0.399225E+00  0.238135E+06  0.236180E+06  0.000000E+00  0.000000E+00  0.103859E+05  0.234480E+06
  0.401052E+00  0.236505E+06  0.234563E+06  0.000000E+00  0.000000E+00  0.102406E+05  0.232874E+06
  0.402879E+00  0.234881E+06  0.232951E+06  0.000000E+00  0.000000E+00  0.100975E+05  0.231274E+06
  0.404706E+00  0.233264E+06  0.231344E+06  0.000000E+00  0.000000E+00  0.995639E+04  0.229680E+06
  0.406533E+00  0.231653E+06  0.229743E+06  0.000000E+00  0.000000E+00  0.981734E+04  0.228092E+06
  0.408360E+00  0.230052E+06  0.228151E+06  0.000000E+00  0.000000E+00  0.968036E+04  0.226514E+06
  0.410187E+00  0.228460E+06  0.226568E+06  0.000000E+00  0.000000E+00  0.954549E+04  0.224945E+06
  0.412014E+00  0.226880E+06  0.224996E+06  0.000000E+00  0.000000E+00  0.941275E+04  0.223387E+06
  0.413841E+00  0.225313E+06  0.223438E+06  0.000000E+00  0.000000E+00  0.928219E+04  0.221843E+06
  0.415668E+00  0.223761E+06  0.221894E+06  0.000000E+00  0.000000E+00  0.915383E+04  0.220313E+06
  0.417495E+00  0.222226E+06  0.220367E+06  0.000000E+00  0.000000E+00  0.902772E+04  0.218800E+06
  0.419322E+00  0.220708E+06  0.218858E+06  0.000000E+00  0.000000E+00  0.890385E+04  0.217304E+06
  0.421150E+00  0.219210E+06  0.217368E+06  0.000000E+00  0.000000E+00  0.878223E+04  0.215827E+06
  0.422977E+00  0.217731E+06  0.215899E+06  0.000000E+00  0.000000E+00  0.866288E+04  0.214370E+06
  0.424804E+00  0.216273E+06  0.214450E+06  0.000000E+00  0.000000E+00  0.854578E+04  0.212934E+06
  0.426631E+00  0.214837E+06  0.213023E+06  0.000000E+00  0.000000E+00  0.843091E+04  0.211518E+06
  0.428458E+00  0.213422E+06  0.211619E+06  0.000000E+00  0.000000E+00  0.831825E+04  0.210124E+06
  0.430285E+00  0.212029E+06  0.210236E+06  0.000000E+00  0.000000E+00  0.820779E+04  0.208751E+06
  0.432112E+00  0.210658E+06  0.208877E+06  0.000000E+00  0.000000E+00  0.809949E+04  0.207400E+06
  0.433939E+00  0.209308E+06  0.207539E+06  0.000000E+00  0.000000E+00  0.799327E+04  0.206071E+06
  0.435766E+00  0.207979E+06  0.206222E+06  0.000000E+00  0.000000E+00  0.788910E+04  0.204762E+06
  0.437593E+00  0.206671E+06  0.204926E+06  0.000000E+00  0.000000E+00  0.778692E+04  0.203473E+06
  0.439420E+00  0.205382E+06  0.203649E+06  0.000000E+00  0.000000E+00  0.768664E+04  0.202204E+06
  0.441247E+00  0.204110E+06  0.202391E+06  0.000000E+00  0.000000E+00  0.758818E+04  0.200951E+06
  0.443074E+00  0.202856E+06  0.201149E+06  0.000000E+00  0.000000E+00  0.749149E+04  0.199716E+06
  0.444901E+00  0.201617E+06  0.199924E+06  0.000000E+00  0.000000E+00  0.739650E+04  0.198496E+06
  0.446728E+00  0.200394E+06  0.198713E+06  0.000000E+00  0.000000E+00  0.730315E+04  0.197291E+06
  0.448555E+00  0.199184E+06  0.197516E+06  0.000000E+00  0.000000E+00  0.721135E+04  0.196100E+06
  0.450382E+00  0.197986E+06  0.196331E+06  0.000000E+00  0.000000E+00  0.712103E+04  0.194920E+06
  0.452210E+00  0.196799E+06  0.195157E+06  0.000000E+00  0.000000E+00  0.703215E+04  0.193752E+06
  0.454037E+00  0.195623E+06  0.193993E+06  0.000000E+00  0.000000E+00  0.694463E+04  0.192593E+06
  0.455864E+00  0.194456E+06  0.192837E+06  0.000000E+00  0.000000E+00  0.685841E+04  0.191444E+06
  0.457691E+00  0.193297E+06  0.191690E+06  0.000000E+00  0.000000E+00  0.677345E+04  0.190302E+06
  0.459518E+00  0.192145E+06  0.190549E+06  0.000000E+00  0.000000E+00  0.668971E+04  0.189168E+06
  0.461345E+00  0.191001E+06  0.189416E+06  0.000000E+00  0.000000E+00  0.660714E+04  0.188041E+06
  0.463172E+00  0.189863E+06  0.188289E+06  0.000000E+00  0.000000E+00  0.652573E+04  0.186921E+06
  0.464999E+00  0.188733E+06  0.187168E+06  0.000000E+00  0.000000E+00  0.644545E+04  0.185807E+06
  0.466826E+00  0.187608E+06  0.186053E+06  0.000000E+00  0.000000E+00  0.636628E+04  0.184700E+06
  0.468653E+00  0.186491E+06  0.184944E+06  0.000000E+00  0.000000E+00  0.628820E+04  0.183599E+06
  0.470480E+00  0.185379E+06  0.183841E+06  0.000000E+00  0.000000E+00  0.621119E+04  0.182504E+06
  0.472307E+00  0.184275E+06  0.182745E+06  0.000000E+00  0.000000E+00  0.613524E+04  0.181416E+06
  0.474134E+00  0.183177E+06  0.181655E+06  0.000000E+00  0.000000E+00  0.606036E+04  0.180334E+06
  0.475961E+00  0.182087E+06  0.180573E+06  0.000000E+00  0.000000E+00  0.598653E+04  0.179260E+06
  0.477788E+00  0.181004E+06  0.179498E+06  0.000000E+00  0.000000E+00  0.591378E+04  0.178194E+06
  0.479615E+00  0.179930E+06  0.178432E+06  0.000000E+00  0.000000E+00  0.584208E+04  0.177136E+06
  0.481442E+00  0.178866E+06  0.177374E+06  0.000000E+00  0.000000E+00  0.577145E+04  0.176087E+06
  0.483270E+00  0.177810E+06  0.176326E+06  0.000000E+00  0.000000E+00  0.570188E+04  0.175047E+06
  0.485097E+00  0.176764E+06  0.175287E+06  0.000000E+00  0.000000E+00  0.563335E+04  0.174016E+06
  0.486924E+00  0.175727E+06  0.174258E+06  0.000000E+00  0.000000E+00  0.556588E+04  0.172995E+06
  0.488751E+00  0.174702E+06  0.173239E+06  0.000000E+00  0.000000E+00  0.549946E+04  0.171985E+06
  0.490578E+00  0.173687E+06  0.172232E+06  0.000000E+00  0.000000E+00  0.543408E+04  0.170985E+06
  0.492405E+00  0.172683E+06  0.171235E+06  0.000000E+00  0.000000E+00  0.536974E+04  0.169996E+06
  0.494232E+00  0.171690E+06  0.170250E+06  0.000000E+00  0.000000E+00  0.530643E+04  0.169018E+06
  0.496059E+00  0.170709E+06  0.169276E+06  0.000000E+00  0.000000E+00  0.524414E+04  0.168051E+06
  0.497886E+00  0.169739E+06  0.168314E+06  0.000000E+00  0.000000E+00  0.518285E+04  0.167096E+06
  0.499713E+00  0.168780E+06  0.167363E+06  0.000000E+00  0.000000E+00  0.512255E+04  0.166152E+06
  0.501540E+00  0.167832E+06  0.166424E+06  0.000000E+00  0.000000E+00  0.506321E+04  0.165218E+06
  0.503367E+00  0.166895E+06  0.165495E+06  0.000000E+00  0.000000E+00  0.500480E+04  0.164295E+06
  0.505194E+00  0.165968E+06  0.164576E+06  0.000000E+00  0.000000E+00  0.494731E+04  0.163383E+06
  0.507021E+00  0.165052E+06  0.163668E+06  0.000000E+00  0.000000E+00  0.489072E+04  0.162480E+06
  0.508848E+00  0.164145E+06  0.162769E+06  0.000000E+00  0.000000E+00  0.483500E+04  0.161587E+06
  0.510675E+00  0.163247E+06  0.161880E+06  0.000000E+00  0.000000E+00  0.478014E+04  0.160703E+06
  0.512502E+00  0.162359E+06  0.161000E+06  0.000000E+00  0.000000E+00  0.472609E+04  0.159828E+06
  0.514329E+00  0.161479E+06  0.160128E+06  0.000000E+00  0.000000E+00  0.467284E+04  0.158962E+06
  0.516157E+00  0.160608E+06  0.159265E+06  0.000000E+00  0.000000E+00  0.462037E+04  0.158104E+06
  0.517984E+00  0.159743E+06  0.158409E+06  0.000000E+00  0.000000E+00  0.456866E+04  0.157253E+06
  0.519811E+00  0.158886E+06  0.157560E+06  0.000000E+00  0.000000E+00  0.451767E+04  0.156409E+06
  0.521638E+00  0.158036E+06  0.156717E+06  0.000000E+00  0.000000E+00  0.446738E+04  0.155572E+06
  0.523465E+00  0.157192E+06  0.155881E+06  0.000000E+00  0.000000E+00  0.441778E+04  0.154741E+06
  0.525292E+00  0.156355E+06  0.155052E+06  0.000000E+00  0.000000E+00  0.436886E+04  0.153916E+06
  0.527119E+00  0.155524E+06  0.154228E+06  0.000000E+00  0.000000E+00  0.432060E+04  0.153098E+06
  0.528946E+00  0.154698E+06  0.153410E+06  0.000000E+00  0.000000E+00  0.427298E+04  0.152285E+06
  0.530773E+00  0.153879E+06  0.152597E+06  0.000000E+00  0.000000E+00  0.422599E+04  0.151478E+06
  0.532600E+00  0.153064E+06  0.151790E+06  0.000000E+00  0.000000E+00  0.417962E+04  0.150676E+06
  0.534427E+00  0.152256E+06  0.150988E+06  0.000000E+00  0.000000E+00  0.413385E+04  0.149879E+06
  0.536254E+00  0.151452E+06  0.150191E+06  0.000000E+00  0.000000E+00  0.408868E+04  0.149088E+06
  0.538081E+00  0.150654E+06  0.149399E+06  0.000000E+00  0.000000E+00  0.404409E+04  0.148302E+06
  0.539908E+00  0.149861E+06  0.148613E+06  0.000000E+00  0.000000E+00  0.400009E+04  0.147521E+06
  0.541735E+00  0.149074E+06  0.147832E+06  0.000000E+00  0.000000E+00  0.395667E+04  0.146746E+06
  0.543562E+00  0.148293E+06  0.147057E+06  0.000000E+00  0.000000E+00  0.391382E+04  0.145976E+06
  0.545389E+00  0.147517E+06  0.146287E+06  0.000000E+00  0.000000E+00  0.387153E+04  0.145212E+06
  0.547217E+00  0.146747E+06  0.145523E+06  0.000000E+00  0.000000E+00  0.382982E+04  0.144454E+06
  0.549044E+00  0.145983E+06  0.144765E+06  0.000000E+00  0.000000E+00  0.378866E+04  0.143701E+06
  0.550871E+00  0.145225E+06  0.144012E+06  0.000000E+00  0.000000E+00  0.374804E+04  0.142955E+06
  0.552698E+00  0.144473E+06  0.143266E+06  0.000000E+00  0.000000E+00  0.370798E+04  0.142214E+06
  0.554525E+00  0.143727E+06  0.142526E+06  0.000000E+00  0.000000E+00  0.366845E+04  0.141479E+06
  0.556352E+00  0.142987E+06  0.141792E+06  0.000000E+00  0.000000E+00  0.362947E+04  0.140751E+06
  0.558179E+00  0.142254E+06  0.141065E+06  0.000000E+00  0.000000E+00  0.359102E+04  0.140029E+06
  0.560006E+00  0.141527E+06  0.140344E+06  0.000000E+00  0.000000E+00  0.355311E+04  0.139313E+06
  0.561833E+00  0.140807E+06  0.139629E+06  0.000000E+00  0.000000E+00  0.351571E+04  0.138604E+06
  0.563660E+00  0.140093E+06  0.138921E+06  0.000000E+00  0.000000E+00  0.347882E+04  0.137901E+06
  0.565487E+00  0.139386E+06  0.138220E+06  0.000000E+00  0.000000E+00  0.344245E+04  0.137204E+06
  0.567314E+00  0.138685E+06  0.137525E+06  0.000000E+00  0.000000E+00  0.340657E+04  0.136514E+06
  0.569141E+00  0.137990E+06  0.136836E+06  0.000000E+00  0.000000E+00  0.337119E+04  0.135830E+06
  0.570968E+00  0.137301E+06  0.136153E+06  0.000000E+00  0.000000E+00  0.333628E+04  0.135152E+06
  0.572795E+00  0.136619E+06  0.135476E+06  0.000000E+00  0.000000E+00  0.330185E+04  0.134480E+06
  0.574622E+00  0.135943E+06  0.134806E+06  0.000000E+00  0.000000E+00  0.326790E+04  0.133814E+06
  0.576449E+00  0.135272E+06  0.134141E+06  0.000000E+00  0.000000E+00  0.323439E+04  0.133154E+06
  0.578277E+00  0.134608E+06  0.133482E+06  0.000000E+00  0.000000E+00  0.320134E+04  0.132499E+06
  0.580104E+00  0.133949E+06  0.132829E+06  0.000000E+00  0.000000E+00  0.316873E+04  0.131850E+06
  0.581931E+00  0.133295E+06  0.132181E+06  0.000000E+00  0.000000E+00  0.313654E+04  0.131207E+06
  0.583758E+00  0.132647E+06  0.131539E+06  0.000000E+00  0.000000E+00  0.310477E+04  0.130569E+06
  0.703301E+00  0.988960E+05  0.980702E+05  0.000000E+00  0.000000E+00  0.168124E+04  0.973372E+05
  0.859015E+00  0.717975E+05  0.711983E+05  0.000000E+00  0.000000E+00  0.858084E+03  0.706605E+05
  0.104920E+01  0.518792E+05  0.514463E+05  0.000000E+00  0.000000E+00  0.432321E+03  0.510550E+05
  0.128150E+01  0.373271E+05  0.370156E+05  0.000000E+00  0.000000E+00  0.215329E+03  0.367326E+05
  0.156523E+01  0.267522E+05  0.265289E+05  0.000000E+00  0.000000E+00  0.141097E+03  0.263260E+05
  0.191177E+01  0.191051E+05  0.189456E+05  0.000000E+00  0.000000E+00  0.695926E+02  0.188002E+05
  0.233504E+01  0.135997E+05  0.134860E+05  0.000000E+00  0.000000E+00  0.340163E+02  0.133824E+05
  0.285203E+01  0.965190E+04  0.957115E+04  0.000000E+00  0.000000E+00  0.164950E+02  0.949757E+04
  0.348347E+01  0.683138E+04  0.677412E+04  0.000000E+00  0.000000E+00  0.794300E+01  0.672208E+04
  0.425472E+01  0.482292E+04  0.478239E+04  0.000000E+00  0.000000E+00  0.380177E+01  0.474571E+04
  0.519673E+01  0.339704E+04  0.336838E+04  0.000000E+00  0.000000E+00  0.181021E+01  0.334263E+04
  0.634731E+01  0.238759E+04  0.236732E+04  0.000000E+00  0.000000E+00  0.858126E+00  0.234932E+04
  0.775262E+01  0.167476E+04  0.166042E+04  0.000000E+00  0.000000E+00  0.405279E+00  0.164790E+04
  0.946906E+01  0.117259E+04  0.116240E+04  0.000000E+00  0.000000E+00  0.190803E+00  0.115375E+04
  0.115655E+02  0.819575E+03  0.812317E+03  0.000000E+00  0.000000E+00  0.895891E-01  0.806390E+03
  0.141262E+02  0.571919E+03  0.566705E+03  0.000000E+00  0.000000E+00  0.419685E-01  0.562694E+03
  0.172538E+02  0.398496E+03  0.394709E+03  0.000000E+00  0.000000E+00  0.196210E-01  0.392045E+03
  0.210738E+02  0.277266E+03  0.274472E+03  0.000000E+00  0.000000E+00  0.915676E-02  0.272753E+03
  0.257396E+02  0.192657E+03  0.190549E+03  0.000000E+00  0.000000E+00  0.426642E-02  0.189495E+03
  0.314384E+02  0.133693E+03  0.132060E+03  0.000000E+00  0.000000E+00  0.198483E-02  0.131473E+03
  0.383990E+02  0.926594E+02  0.913506E+02  0.000000E+00  0.000000E+00  0.922042E-03  0.910934E+02
  0.469006E+02  0.641404E+02  0.630523E+02  0.000000E+00  0.000000E+00  0.427705E-03  0.630283E+02
  0.572845E+02  0.443430E+02  0.434037E+02  0.000000E+00  0.000000E+00  0.198097E-03  0.435453E+02
  0.699675E+02  0.306156E+02  0.297754E+02  0.000000E+00  0.000000E+00  0.915971E-04  0.300354E+02
  0.854584E+02  0.211073E+02  0.203326E+02  0.000000E+00  0.000000E+00  0.422707E-04  0.206772E+02
  0.104379E+03  0.145278E+02  0.137964E+02  0.000000E+00  0.000000E+00  0.194610E-04  0.142013E+02
