  0.353793E-05  0.224934E+07  0.224934E+07  0.299911E+07  0.299911E+07  0.225018E+07  0.224936E+07
  0.365776E-05  0.224934E+07  0.224934E+07  0.299911E+07  0.299911E+07  0.225018E+07  0.224936E+07
  0.378166E-05  0.224934E+07  0.224934E+07  0.299911E+07  0.299911E+07  0.225018E+07  0.224936E+07
  0.390975E-05  0.224934E+07  0.224934E+07  0.299910E+07  0.299910E+07  0.225018E+07  0.224936E+07
  0.404219E-05  0.224934E+07  0.224934E+07  0.299910E+07  0.299910E+07  0.225018E+07  0.224936E+07
  0.417910E-05  0.224934E+07  0.224934E+07  0.299910E+07  0.299910E+07  0.225018E+07  0.224936E+07
  0.432066E-05  0.224934E+07  0.224934E+07  0.299910E+07  0.299910E+07  0.225018E+07  0.224936E+07
  0.446701E-05  0.224934E+07  0.224934E+07  0.299910E+07  0.299910E+07  0.225018E+07  0.224936E+07
  0.461832E-05  0.224934E+07  0.224934E+07  0.299910E+07  0.299910E+07  0.225018E+07  0.224936E+07
  0.477475E-05  0.224934E+07  0.224934E+07  0.299909E+07  0.299909E+07  0.225018E+07  0.224936E+07
  0.493648E-05  0.224934E+07  0.224934E+07  0.299909E+07  0.299909E+07  0.225018E+07  0.224936E+07
  0.510369E-05  0.224934E+07  0.224934E+07  0.299909E+07  0.299909E+07  0.225018E+07  0.224936E+07
  0.527657E-05  0.224934E+07  0.224934E+07  0.299909E+07  0.299909E+07  0.225018E+07  0.224936E+07
  0.545530E-05  0.224934E+07  0.224934E+07  0.299908E+07  0.299908E+07  0.225018E+07  0.224936E+07
  0.564008E-05  0.224934E+07  0.224934E+07  0.299908E+07  0.299908E+07  0.225018E+07  0.224936E+07
  0.583112E-05  0.224934E+07  0.224934E+07  0.299908E+07  0.299908E+07  0.225018E+07  0.224936E+07
  0.602864E-05  0.224934E+07  0.224934E+07  0.299907E+07  0.299907E+07  0.225018E+07  0.224936E+07
  0.623284E-05  0.224934E+07  0.224934E+07  0.299907E+07  0.299907E+07  0.225018E+07  0.224936E+07
  0.644396E-05  0.224934E+07  0.224934E+07  0.299907E+07  0.299907E+07  0.225018E+07  0.224936E+07
  0.666224E-05  0.224934E+07  0.224934E+07  0.299906E+07  0.299906E+07  0.225018E+07  0.224936E+07
  0.688790E-05  0.224934E+07  0.224934E+07  0.299906E+07  0.299906E+07  0.225018E+07  0.224936E+07
  0.712121E-05  0.224934E+07  0.224934E+07  0.299905E+07  0.299905E+07  0.225018E+07  0.224936E+07
  0.736242E-05  0.224934E+07  0.224934E+07  0.299905E+07  0.299905E+07  0.225018E+07  0.224936E+07
  0.761180E-05  0.224934E+07  0.224934E+07  0.299904E+07  0.299904E+07  0.225018E+07  0.224936E+07
  0.786963E-05  0.224934E+07  0.224934E+07  0.299904E+07  0.299904E+07  0.225018E+07  0.224936E+07
  0.813620E-05  0.224934E+07  0.224934E+07  0.299903E+07  0.299903E+07  0.225018E+07  0.224936E+07
  0.841179E-05  0.224934E+07  0.224934E+07  0.299903E+07  0.299902E+07  0.225018E+07  0.224936E+07
  0.869671E-05  0.224934E+07  0.224934E+07  0.299902E+07  0.299902E+07  0.225018E+07  0.224936E+07
  0.899129E-05  0.224934E+07  0.224934E+07  0.299901E+07  0.299901E+07  0.225018E+07  0.224936E+07
  0.929585E-05  0.224934E+07  0.224934E+07  0.299900E+07  0.299900E+07  0.225018E+07  0.224936E+07
  0.961072E-05  0.224934E+07  0.224934E+07  0.299899E+07  0.299899E+07  0.225018E+07  0.224936E+07
  0.993626E-05  0.224934E+07  0.224934E+07  0.299899E+07  0.299898E+07  0.225018E+07  0.224936E+07
  0.102728E-04  0.224934E+07  0.224934E+07  0.299898E+07  0.299897E+07  0.225018E+07  0.224936E+07
  0.106208E-04  0.224934E+07  0.224934E+07  0.299896E+07  0.299896E+07  0.225018E+07  0.224936E+07
  0.109805E-04  0.224934E+07  0.224934E+07  0.299895E+07  0.299895E+07  0.225018E+07  0.224936E+07
  0.113525E-04  0.224934E+07  0.224934E+07  0.299894E+07  0.299894E+07  0.225018E+07  0.224936E+07
  0.117370E-04  0.224934E+07  0.224934E+07  0.299893E+07  0.299893E+07  0.225018E+07  0.224936E+07
  0.121346E-04  0.224934E+07  0.224934E+07  0.299892E+07  0.299891E+07  0.225018E+07  0.224936E+07
  0.125456E-04  0.224934E+07  0.224934E+07  0.299890E+07  0.299890E+07  0.225018E+07  0.224936E+07
  0.129705E-04  0.224934E+07  0.224934E+07  0.299889E+07  0.299888E+07  0.225018E+07  0.224936E+07
  0.134099E-04  0.224934E+07  0.224934E+07  0.299887E+07  0.299886E+07  0.225018E+07  0.224936E+07
  0.138641E-04  0.224934E+07  0.224934E+07  0.299885E+07  0.299885E+07  0.225018E+07  0.224935E+07
  0.143337E-04  0.224934E+07  0.224934E+07  0.299883E+07  0.299883E+07  0.225018E+07  0.224935E+07
  0.148192E-04  0.224934E+07  0.224934E+07  0.299881E+07  0.299881E+07  0.225018E+07  0.224935E+07
  0.153212E-04  0.224934E+07  0.224934E+07  0.299879E+07  0.299878E+07  0.225018E+07  0.224935E+07
  0.158402E-04  0.224934E+07  0.224934E+07  0.299877E+07  0.299876E+07  0.225018E+07  0.224935E+07
  0.163767E-04  0.224934E+07  0.224934E+07  0.299874E+07  0.299874E+07  0.225018E+07  0.224935E+07
  0.169314E-04  0.224934E+07  0.224934E+07  0.299872E+07  0.299871E+07  0.225018E+07  0.224935E+07
  0.175049E-04  0.224934E+07  0.224934E+07  0.299869E+07  0.299868E+07  0.225017E+07  0.224935E+07
  0.180979E-04  0.224934E+07  0.224934E+07  0.299866E+07  0.299865E+07  0.225017E+07  0.224935E+07
  0.187109E-04  0.224934E+07  0.224934E+07  0.299862E+07  0.299862E+07  0.225017E+07  0.224935E+07
  0.193447E-04  0.224934E+07  0.224934E+07  0.299859E+07  0.299858E+07  0.225017E+07  0.224935E+07
  0.199999E-04  0.224934E+07  0.224934E+07  0.299855E+07  0.299854E+07  0.225017E+07  0.224935E+07
  0.206773E-04  0.224934E+07  0.224934E+07  0.299851E+07  0.299850E+07  0.225017E+07  0.224935E+07
  0.213777E-04  0.224934E+07  0.224934E+07  0.299847E+07  0.299846E+07  0.225017E+07  0.224935E+07
  0.221019E-04  0.224934E+07  0.224934E+07  0.299843E+07  0.299842E+07  0.225017E+07  0.224935E+07
  0.228505E-04  0.224934E+07  0.224934E+07  0.299838E+07  0.299837E+07  0.225017E+07  0.224935E+07
  0.236245E-04  0.224934E+07  0.224934E+07  0.299833E+07  0.299831E+07  0.225017E+07  0.224935E+07
  0.244247E-04  0.224934E+07  0.224934E+07  0.299827E+07  0.299826E+07  0.225016E+07  0.224935E+07
  0.252520E-04  0.224934E+07  0.224934E+07  0.299821E+07  0.299820E+07  0.225016E+07  0.224935E+07
  0.261074E-04  0.224934E+07  0.224934E+07  0.299815E+07  0.299813E+07  0.225016E+07  0.224935E+07
  0.269917E-04  0.224934E+07  0.224933E+07  0.299808E+07  0.299807E+07  0.225016E+07  0.224935E+07
  0.279060E-04  0.224933E+07  0.224933E+07  0.299801E+07  0.299799E+07  0.225016E+07  0.224935E+07
  0.288512E-04  0.224933E+07  0.224933E+07  0.299793E+07  0.299792E+07  0.225016E+07  0.224935E+07
  0.298285E-04  0.224933E+07  0.224933E+07  0.299785E+07  0.299783E+07  0.225016E+07  0.224934E+07
  0.308388E-04  0.224933E+07  0.224933E+07  0.299776E+07  0.299774E+07  0.225015E+07  0.224934E+07
  0.318834E-04  0.224933E+07  0.224933E+07  0.299767E+07  0.299765E+07  0.225015E+07  0.224934E+07
  0.329634E-04  0.224933E+07  0.224933E+07  0.299757E+07  0.299754E+07  0.225015E+07  0.224934E+07
  0.340799E-04  0.224933E+07  0.224933E+07  0.299746E+07  0.299744E+07  0.225015E+07  0.224934E+07
  0.352343E-04  0.224933E+07  0.224933E+07  0.299735E+07  0.299732E+07  0.225014E+07  0.224934E+07
  0.364277E-04  0.224933E+07  0.224933E+07  0.299722E+07  0.299720E+07  0.225014E+07  0.224934E+07
  0.376616E-04  0.224933E+07  0.224932E+07  0.299709E+07  0.299706E+07  0.225014E+07  0.224934E+07
  0.389373E-04  0.224932E+07  0.224932E+07  0.299695E+07  0.299692E+07  0.225013E+07  0.224934E+07
  0.402562E-04  0.224932E+07  0.224932E+07  0.299680E+07  0.299677E+07  0.225013E+07  0.224933E+07
  0.416198E-04  0.224932E+07  0.224932E+07  0.299664E+07  0.299661E+07  0.225013E+07  0.224933E+07
  0.430296E-04  0.224932E+07  0.224932E+07  0.299647E+07  0.299643E+07  0.225012E+07  0.224933E+07
  0.444871E-04  0.224932E+07  0.224932E+07  0.299629E+07  0.299625E+07  0.225012E+07  0.224933E+07
  0.459939E-04  0.224932E+07  0.224932E+07  0.299609E+07  0.299605E+07  0.225012E+07  0.224933E+07
  0.475519E-04  0.224931E+07  0.224931E+07  0.299588E+07  0.299584E+07  0.225011E+07  0.224932E+07
  0.491626E-04  0.224931E+07  0.224931E+07  0.299566E+07  0.299561E+07  0.225011E+07  0.224932E+07
  0.508278E-04  0.224931E+07  0.224931E+07  0.299542E+07  0.299537E+07  0.225010E+07  0.224932E+07
  0.525495E-04  0.224931E+07  0.224931E+07  0.299517E+07  0.299511E+07  0.225009E+07  0.224932E+07
  0.543294E-04  0.224930E+07  0.224930E+07  0.299490E+07  0.299483E+07  0.225009E+07  0.224932E+07
  0.561697E-04  0.224930E+07  0.224930E+07  0.299460E+07  0.299454E+07  0.225008E+07  0.224931E+07
  0.580723E-04  0.224930E+07  0.224930E+07  0.299429E+07  0.299422E+07  0.225007E+07  0.224931E+07
  0.600393E-04  0.224929E+07  0.224929E+07  0.299396E+07  0.299388E+07  0.225007E+07  0.224931E+07
  0.620730E-04  0.224929E+07  0.224929E+07  0.299360E+07  0.299352E+07  0.225006E+07  0.224930E+07
  0.641756E-04  0.224929E+07  0.224929E+07  0.299322E+07  0.299313E+07  0.225005E+07  0.224930E+07
  0.663493E-04  0.224928E+07  0.224928E+07  0.299282E+07  0.299272E+07  0.225004E+07  0.224929E+07
  0.685967E-04  0.224928E+07  0.224928E+07  0.299238E+07  0.299228E+07  0.225003E+07  0.224929E+07
  0.709203E-04  0.224927E+07  0.224927E+07  0.299192E+07  0.299181E+07  0.225002E+07  0.224929E+07
  0.733225E-04  0.224927E+07  0.224927E+07  0.299142E+07  0.299131E+07  0.225001E+07  0.224928E+07
  0.758061E-04  0.224926E+07  0.224926E+07  0.299089E+07  0.299077E+07  0.225000E+07  0.224927E+07
  0.783739E-04  0.224926E+07  0.224926E+07  0.299033E+07  0.299019E+07  0.224998E+07  0.224927E+07
  0.810285E-04  0.224925E+07  0.224925E+07  0.298972E+07  0.298958E+07  0.224997E+07  0.224926E+07
  0.837732E-04  0.224925E+07  0.224925E+07  0.298907E+07  0.298892E+07  0.224996E+07  0.224926E+07
  0.866108E-04  0.224924E+07  0.224924E+07  0.298838E+07  0.298822E+07  0.224994E+07  0.224925E+07
  0.895445E-04  0.224923E+07  0.224923E+07  0.298764E+07  0.298747E+07  0.224992E+07  0.224924E+07
  0.925776E-04  0.224922E+07  0.224922E+07  0.298686E+07  0.298667E+07  0.224990E+07  0.224923E+07
  0.957134E-04  0.224922E+07  0.224921E+07  0.298601E+07  0.298581E+07  0.224988E+07  0.224923E+07
  0.989554E-04  0.224921E+07  0.224921E+07  0.298511E+07  0.298490E+07  0.224986E+07  0.224922E+07
  0.102307E-03  0.224920E+07  0.224920E+07  0.298415E+07  0.298392E+07  0.224984E+07  0.224921E+07
  0.105773E-03  0.224919E+07  0.224919E+07  0.298312E+07  0.298288E+07  0.224982E+07  0.224920E+07
  0.109355E-03  0.224918E+07  0.224918E+07  0.298202E+07  0.298176E+07  0.224979E+07  0.224919E+07
  0.113060E-03  0.224916E+07  0.224916E+07  0.298084E+07  0.298057E+07  0.224977E+07  0.224917E+07
  0.116889E-03  0.224915E+07  0.224915E+07  0.297959E+07  0.297929E+07  0.224974E+07  0.224916E+07
  0.120848E-03  0.224914E+07  0.224914E+07  0.297824E+07  0.297793E+07  0.224971E+07  0.224915E+07
  0.124942E-03  0.224913E+07  0.224912E+07  0.297681E+07  0.297647E+07  0.224967E+07  0.224913E+07
  0.129174E-03  0.224911E+07  0.224911E+07  0.297528E+07  0.297492E+07  0.224964E+07  0.224912E+07
  0.133549E-03  0.224909E+07  0.224909E+07  0.297364E+07  0.297326E+07  0.224960E+07  0.224910E+07
  0.138073E-03  0.224908E+07  0.224907E+07  0.297189E+07  0.297148E+07  0.224956E+07  0.224908E+07
  0.142750E-03  0.224906E+07  0.224906E+07  0.297003E+07  0.296959E+07  0.224952E+07  0.224906E+07
  0.147585E-03  0.224904E+07  0.224904E+07  0.296803E+07  0.296756E+07  0.224947E+07  0.224904E+07
  0.152584E-03  0.224902E+07  0.224901E+07  0.296590E+07  0.296540E+07  0.224942E+07  0.224902E+07
  0.157752E-03  0.224899E+07  0.224899E+07  0.296362E+07  0.296309E+07  0.224937E+07  0.224900E+07
  0.163096E-03  0.224897E+07  0.224897E+07  0.296119E+07  0.296062E+07  0.224932E+07  0.224898E+07
  0.168620E-03  0.224894E+07  0.224894E+07  0.295859E+07  0.295799E+07  0.224926E+07  0.224895E+07
  0.174332E-03  0.224892E+07  0.224891E+07  0.295582E+07  0.295517E+07  0.224919E+07  0.224892E+07
  0.180237E-03  0.224889E+07  0.224888E+07  0.295286E+07  0.295216E+07  0.224912E+07  0.224889E+07
  0.186342E-03  0.224886E+07  0.224885E+07  0.294970E+07  0.294896E+07  0.224905E+07  0.224886E+07
  0.192654E-03  0.224882E+07  0.224882E+07  0.294632E+07  0.294553E+07  0.224897E+07  0.224882E+07
  0.199179E-03  0.224879E+07  0.224878E+07  0.294271E+07  0.294187E+07  0.224889E+07  0.224879E+07
  0.205926E-03  0.224875E+07  0.224874E+07  0.293886E+07  0.293796E+07  0.224880E+07  0.224875E+07
  0.212901E-03  0.224871E+07  0.224870E+07  0.293475E+07  0.293379E+07  0.224871E+07  0.224871E+07
  0.220113E-03  0.224866E+07  0.224866E+07  0.293036E+07  0.292934E+07  0.224860E+07  0.224866E+07
  0.227569E-03  0.224862E+07  0.224861E+07  0.292568E+07  0.292459E+07  0.224849E+07  0.224861E+07
  0.235277E-03  0.224857E+07  0.224856E+07  0.292068E+07  0.291952E+07  0.224838E+07  0.224856E+07
  0.243246E-03  0.224851E+07  0.224850E+07  0.291535E+07  0.291411E+07  0.224825E+07  0.224851E+07
  0.251486E-03  0.224846E+07  0.224845E+07  0.290966E+07  0.290833E+07  0.224812E+07  0.224845E+07
  0.260004E-03  0.224840E+07  0.224839E+07  0.290359E+07  0.290217E+07  0.224798E+07  0.224839E+07
  0.268811E-03  0.224833E+07  0.224832E+07  0.289711E+07  0.289560E+07  0.224783E+07  0.224832E+07
  0.277916E-03  0.224826E+07  0.224825E+07  0.289020E+07  0.288860E+07  0.224767E+07  0.224825E+07
  0.287330E-03  0.224819E+07  0.224817E+07  0.288284E+07  0.288112E+07  0.224749E+07  0.224817E+07
  0.297062E-03  0.224811E+07  0.224809E+07  0.287498E+07  0.287316E+07  0.224731E+07  0.224809E+07
  0.307124E-03  0.224802E+07  0.224801E+07  0.286661E+07  0.286466E+07  0.224711E+07  0.224801E+07
  0.317527E-03  0.224793E+07  0.224792E+07  0.285768E+07  0.285561E+07  0.224690E+07  0.224791E+07
  0.328283E-03  0.224783E+07  0.224782E+07  0.284817E+07  0.284596E+07  0.224667E+07  0.224781E+07
  0.339403E-03  0.224773E+07  0.224771E+07  0.283803E+07  0.283569E+07  0.224643E+07  0.224771E+07
  0.350899E-03  0.224762E+07  0.224760E+07  0.282724E+07  0.282474E+07  0.224618E+07  0.224759E+07
  0.362785E-03  0.224750E+07  0.224748E+07  0.281574E+07  0.281308E+07  0.224590E+07  0.224747E+07
  0.375073E-03  0.224737E+07  0.224735E+07  0.280350E+07  0.280067E+07  0.224561E+07  0.224734E+07
  0.387778E-03  0.224724E+07  0.224722E+07  0.279047E+07  0.278746E+07  0.224529E+07  0.224721E+07
  0.400913E-03  0.224709E+07  0.224707E+07  0.277660E+07  0.277341E+07  0.224496E+07  0.224706E+07
  0.414492E-03  0.224694E+07  0.224692E+07  0.276185E+07  0.275846E+07  0.224460E+07  0.224690E+07
  0.428532E-03  0.224678E+07  0.224675E+07  0.274617E+07  0.274256E+07  0.224422E+07  0.224673E+07
  0.443048E-03  0.224660E+07  0.224657E+07  0.272949E+07  0.272567E+07  0.224381E+07  0.224656E+07
  0.458055E-03  0.224641E+07  0.224638E+07  0.271177E+07  0.270772E+07  0.224337E+07  0.224636E+07
  0.473570E-03  0.224621E+07  0.224618E+07  0.269295E+07  0.268866E+07  0.224290E+07  0.224616E+07
  0.489611E-03  0.224600E+07  0.224597E+07  0.267297E+07  0.266842E+07  0.224241E+07  0.224594E+07
  0.506195E-03  0.224577E+07  0.224574E+07  0.265177E+07  0.264694E+07  0.224187E+07  0.224571E+07
  0.523341E-03  0.224553E+07  0.224549E+07  0.262927E+07  0.262417E+07  0.224131E+07  0.224546E+07
  0.541068E-03  0.224527E+07  0.224523E+07  0.260543E+07  0.260003E+07  0.224070E+07  0.224519E+07
  0.559395E-03  0.224499E+07  0.224495E+07  0.258017E+07  0.257447E+07  0.224005E+07  0.224491E+07
  0.578343E-03  0.224470E+07  0.224465E+07  0.255342E+07  0.254740E+07  0.223936E+07  0.224461E+07
  0.597933E-03  0.224438E+07  0.224433E+07  0.252511E+07  0.251876E+07  0.223862E+07  0.224429E+07
  0.618186E-03  0.224404E+07  0.224399E+07  0.249518E+07  0.248849E+07  0.223784E+07  0.224394E+07
  0.639126E-03  0.224368E+07  0.224363E+07  0.246355E+07  0.245652E+07  0.223700E+07  0.224358E+07
  0.660775E-03  0.224330E+07  0.224324E+07  0.243017E+07  0.242277E+07  0.223610E+07  0.224318E+07
  0.683157E-03  0.224289E+07  0.224283E+07  0.239495E+07  0.238718E+07  0.223514E+07  0.224277E+07
  0.706297E-03  0.224246E+07  0.224239E+07  0.235784E+07  0.234969E+07  0.223412E+07  0.224232E+07
  0.730221E-03  0.224199E+07  0.224192E+07  0.231877E+07  0.231023E+07  0.223303E+07  0.224185E+07
  0.754955E-03  0.224150E+07  0.224142E+07  0.227769E+07  0.226876E+07  0.223187E+07  0.224134E+07
  0.780527E-03  0.224097E+07  0.224089E+07  0.223454E+07  0.222521E+07  0.223063E+07  0.224080E+07
  0.806965E-03  0.224041E+07  0.224032E+07  0.218927E+07  0.217954E+07  0.222931E+07  0.224023E+07
  0.834299E-03  0.223981E+07  0.223971E+07  0.214184E+07  0.213172E+07  0.222790E+07  0.223962E+07
  0.862559E-03  0.223917E+07  0.223907E+07  0.209223E+07  0.208172E+07  0.222639E+07  0.223897E+07
  0.891775E-03  0.223849E+07  0.223838E+07  0.204040E+07  0.202952E+07  0.222479E+07  0.223827E+07
  0.921982E-03  0.223777E+07  0.223765E+07  0.198636E+07  0.197511E+07  0.222309E+07  0.223753E+07
  0.953212E-03  0.223700E+07  0.223688E+07  0.193012E+07  0.191852E+07  0.222127E+07  0.223675E+07
  0.985499E-03  0.223618E+07  0.223605E+07  0.187168E+07  0.185976E+07  0.221933E+07  0.223591E+07
  0.101888E-02  0.223531E+07  0.223517E+07  0.181111E+07  0.179888E+07  0.221727E+07  0.223502E+07
  0.105339E-02  0.223438E+07  0.223424E+07  0.174845E+07  0.173596E+07  0.221507E+07  0.223408E+07
  0.108907E-02  0.223340E+07  0.223324E+07  0.168380E+07  0.167109E+07  0.221273E+07  0.223307E+07
  0.112596E-02  0.223235E+07  0.223219E+07  0.161727E+07  0.160437E+07  0.221024E+07  0.223200E+07
  0.116410E-02  0.223124E+07  0.223107E+07  0.154900E+07  0.153598E+07  0.220759E+07  0.223087E+07
  0.120353E-02  0.223006E+07  0.222988E+07  0.147915E+07  0.146607E+07  0.220478E+07  0.222966E+07
  0.124430E-02  0.222881E+07  0.222861E+07  0.140794E+07  0.139486E+07  0.220178E+07  0.222838E+07
  0.128645E-02  0.222748E+07  0.222727E+07  0.133559E+07  0.132259E+07  0.219860E+07  0.222703E+07
  0.133002E-02  0.222608E+07  0.222585E+07  0.126238E+07  0.124954E+07  0.219522E+07  0.222559E+07
  0.137507E-02  0.222458E+07  0.222435E+07  0.118862E+07  0.117602E+07  0.219162E+07  0.222406E+07
  0.142165E-02  0.222300E+07  0.222275E+07  0.111464E+07  0.110237E+07  0.218781E+07  0.222244E+07
  0.146980E-02  0.222133E+07  0.222106E+07  0.104082E+07  0.102899E+07  0.218376E+07  0.222073E+07
  0.151959E-02  0.221956E+07  0.221927E+07  0.967573E+06  0.956276E+06  0.217947E+07  0.221892E+07
  0.157106E-02  0.221768E+07  0.221738E+07  0.895333E+06  0.884666E+06  0.217492E+07  0.221701E+07
  0.162428E-02  0.221570E+07  0.221538E+07  0.824562E+06  0.814621E+06  0.217009E+07  0.221498E+07
  0.167929E-02  0.221361E+07  0.221327E+07  0.755737E+06  0.746615E+06  0.216498E+07  0.221284E+07
  0.173618E-02  0.221140E+07  0.221104E+07  0.689349E+06  0.681126E+06  0.215957E+07  0.221058E+07
  0.179498E-02  0.220907E+07  0.220869E+07  0.625884E+06  0.618631E+06  0.215385E+07  0.220820E+07
  0.185578E-02  0.220661E+07  0.220621E+07  0.565817E+06  0.559587E+06  0.214779E+07  0.220568E+07
  0.191864E-02  0.220402E+07  0.220360E+07  0.509596E+06  0.504423E+06  0.214140E+07  0.220303E+07
  0.198363E-02  0.220129E+07  0.220084E+07  0.457628E+06  0.453520E+06  0.213464E+07  0.220024E+07
  0.205082E-02  0.219842E+07  0.219795E+07  0.410262E+06  0.407198E+06  0.212751E+07  0.219731E+07
  0.212029E-02  0.219541E+07  0.219490E+07  0.367769E+06  0.365698E+06  0.211999E+07  0.219422E+07
  0.219211E-02  0.219224E+07  0.219170E+07  0.330330E+06  0.329165E+06  0.211206E+07  0.219097E+07
  0.226636E-02  0.218891E+07  0.218834E+07  0.298013E+06  0.297632E+06  0.210371E+07  0.218756E+07
  0.234313E-02  0.218541E+07  0.218481E+07  0.270766E+06  0.271013E+06  0.209493E+07  0.218399E+07
  0.242249E-02  0.218175E+07  0.218111E+07  0.248402E+06  0.249086E+06  0.208569E+07  0.218024E+07
  0.250455E-02  0.217791E+07  0.217724E+07  0.230591E+06  0.231498E+06  0.207599E+07  0.217631E+07
  0.258938E-02  0.217390E+07  0.217318E+07  0.216870E+06  0.217765E+06  0.206580E+07  0.217219E+07
  0.267709E-02  0.216969E+07  0.216893E+07  0.206641E+06  0.207283E+06  0.205512E+07  0.216789E+07
  0.276777E-02  0.216530E+07  0.216449E+07  0.199201E+06  0.199355E+06  0.204394E+07  0.216338E+07
  0.286152E-02  0.216070E+07  0.215984E+07  0.193761E+06  0.193215E+06  0.203223E+07  0.215868E+07
  0.295845E-02  0.215591E+07  0.215499E+07  0.189491E+06  0.188074E+06  0.201999E+07  0.215376E+07
  0.305866E-02  0.215090E+07  0.214993E+07  0.185568E+06  0.183166E+06  0.200720E+07  0.214863E+07
  0.316226E-02  0.214568E+07  0.214464E+07  0.181228E+06  0.177802E+06  0.199386E+07  0.214328E+07
  0.326938E-02  0.214024E+07  0.213914E+07  0.175827E+06  0.171424E+06  0.197997E+07  0.213771E+07
  0.338012E-02  0.213456E+07  0.213339E+07  0.168897E+06  0.163656E+06  0.196550E+07  0.213189E+07
  0.349461E-02  0.212866E+07  0.212741E+07  0.160194E+06  0.154340E+06  0.195047E+07  0.212584E+07
  0.361298E-02  0.212251E+07  0.212118E+07  0.149728E+06  0.143560E+06  0.193486E+07  0.211954E+07
  0.373536E-02  0.211612E+07  0.211470E+07  0.137773E+06  0.131639E+06  0.191867E+07  0.211299E+07
  0.386189E-02  0.210946E+07  0.210796E+07  0.124847E+06  0.119103E+06  0.190191E+07  0.210617E+07
  0.399270E-02  0.210255E+07  0.210095E+07  0.111653E+06  0.106620E+06  0.188458E+07  0.209909E+07
  0.412794E-02  0.209537E+07  0.209366E+07  0.989966E+05  0.949128E+05  0.186669E+07  0.209174E+07
  0.426776E-02  0.208791E+07  0.208609E+07  0.876692E+05  0.846446E+05  0.184825E+07  0.208410E+07
  0.441232E-02  0.208017E+07  0.207823E+07  0.783237E+05  0.763099E+05  0.182926E+07  0.207617E+07
  0.456178E-02  0.207213E+07  0.207007E+07  0.713543E+05  0.701367E+05  0.180975E+07  0.206795E+07
  0.471629E-02  0.206380E+07  0.206161E+07  0.668070E+05  0.660282E+05  0.178973E+07  0.205943E+07
  0.487605E-02  0.205517E+07  0.205284E+07  0.643454E+05  0.635608E+05  0.176921E+07  0.205060E+07
  0.504121E-02  0.204623E+07  0.204374E+07  0.632897E+05  0.620527E+05  0.174823E+07  0.204146E+07
  0.521197E-02  0.203697E+07  0.203433E+07  0.627366E+05  0.606991E+05  0.172680E+07  0.203199E+07
  0.538851E-02  0.202739E+07  0.202458E+07  0.617475E+05  0.587528E+05  0.170494E+07  0.202221E+07
  0.557103E-02  0.201748E+07  0.201449E+07  0.595704E+05  0.557124E+05  0.168269E+07  0.201209E+07
  0.575973E-02  0.200724E+07  0.200405E+07  0.558428E+05  0.514644E+05  0.166007E+07  0.200163E+07
  0.595483E-02  0.199666E+07  0.199326E+07  0.507111E+05  0.463278E+05  0.163710E+07  0.199084E+07
  0.615653E-02  0.198573E+07  0.198212E+07  0.448116E+05  0.409674E+05  0.161380E+07  0.197969E+07
  0.636507E-02  0.197445E+07  0.197060E+07  0.390926E+05  0.361815E+05  0.159021E+07  0.196819E+07
  0.658067E-02  0.196289E+07  0.195881E+07  0.345069E+05  0.326202E+05  0.156873E+07  0.195646E+07
  0.680357E-02  0.195090E+07  0.194655E+07  0.316528E+05  0.305176E+05  0.154458E+07  0.194425E+07
  0.703402E-02  0.193854E+07  0.193392E+07  0.305309E+05  0.295883E+05  0.152015E+07  0.193167E+07
  0.727228E-02  0.192581E+07  0.192089E+07  0.304968E+05  0.291157E+05  0.149544E+07  0.191871E+07
  0.751861E-02  0.191270E+07  0.190748E+07  0.305083E+05  0.282647E+05  0.147047E+07  0.190538E+07
  0.777328E-02  0.189921E+07  0.189366E+07  0.295920E+05  0.264838E+05  0.144522E+07  0.189167E+07
  0.803658E-02  0.188534E+07  0.187943E+07  0.273351E+05  0.238001E+05  0.141971E+07  0.187757E+07
  0.830880E-02  0.187105E+07  0.186477E+07  0.241379E+05  0.208195E+05  0.139322E+07  0.186304E+07
  0.859024E-02  0.185638E+07  0.184972E+07  0.210327E+05  0.183804E+05  0.136711E+07  0.184815E+07
  0.888121E-02  0.184132E+07  0.183424E+07  0.181977E+05  0.170211E+05  0.134073E+07  0.183285E+07
  0.918204E-02  0.182585E+07  0.181833E+07  0.174322E+05  0.166023E+05  0.131408E+07  0.181715E+07
  0.949305E-02  0.180997E+07  0.180199E+07  0.176272E+05  0.163812E+05  0.128717E+07  0.180104E+07
  0.981461E-02  0.179368E+07  0.178522E+07  0.176228E+05  0.155596E+05  0.126001E+07  0.178452E+07
  0.101471E-01  0.177698E+07  0.176800E+07  0.165075E+05  0.139285E+05  0.123283E+07  0.176758E+07
  0.104908E-01  0.175985E+07  0.175033E+07  0.143816E+05  0.120578E+05  0.120524E+07  0.175022E+07
  0.108461E-01  0.174230E+07  0.173220E+07  0.123180E+05  0.107848E+05  0.117745E+07  0.173242E+07
  0.112135E-01  0.172431E+07  0.171362E+07  0.110855E+05  0.103947E+05  0.114947E+07  0.171420E+07
  0.115933E-01  0.170590E+07  0.169456E+07  0.111630E+05  0.103108E+05  0.112134E+07  0.169554E+07
  0.119860E-01  0.168703E+07  0.167504E+07  0.112922E+05  0.971231E+04  0.109301E+07  0.167644E+07
  0.123920E-01  0.166773E+07  0.165504E+07  0.104341E+05  0.848473E+04  0.106462E+07  0.165689E+07
  0.128117E-01  0.164799E+07  0.163456E+07  0.881390E+04  0.736269E+04  0.103613E+07  0.163691E+07
  0.132457E-01  0.162779E+07  0.161360E+07  0.767758E+04  0.696705E+04  0.100757E+07  0.161647E+07
  0.136944E-01  0.160715E+07  0.159215E+07  0.751062E+04  0.694010E+04  0.978951E+06  0.159558E+07
  0.141582E-01  0.158605E+07  0.157021E+07  0.768046E+04  0.646866E+04  0.950321E+06  0.157424E+07
  0.146378E-01  0.156449E+07  0.154778E+07  0.698667E+04  0.554128E+04  0.921680E+06  0.155245E+07
  0.151336E-01  0.154248E+07  0.152486E+07  0.577557E+04  0.000000E+00  0.893088E+06  0.153020E+07
  0.156462E-01  0.152001E+07  0.150144E+07  0.529276E+04  0.000000E+00  0.864590E+06  0.150750E+07
  0.161762E-01  0.149709E+07  0.147753E+07  0.544307E+04  0.000000E+00  0.836246E+06  0.148434E+07
  0.167241E-01  0.147371E+07  0.145314E+07  0.512148E+04  0.000000E+00  0.808102E+06  0.146073E+07
  0.172906E-01  0.144987E+07  0.142826E+07  0.419594E+04  0.000000E+00  0.780190E+06  0.143668E+07
  0.178763E-01  0.142560E+07  0.140290E+07  0.385771E+04  0.000000E+00  0.752525E+06  0.141219E+07
  0.184818E-01  0.140088E+07  0.137707E+07  0.403919E+04  0.000000E+00  0.725093E+06  0.138726E+07
  0.191078E-01  0.137573E+07  0.135079E+07  0.352937E+04  0.000000E+00  0.697871E+06  0.136190E+07
  0.197550E-01  0.135016E+07  0.132406E+07  0.291950E+04  0.000000E+00  0.670838E+06  0.133613E+07
  0.204242E-01  0.132418E+07  0.129690E+07  0.298684E+04  0.000000E+00  0.643997E+06  0.130996E+07
  0.211160E-01  0.129781E+07  0.126934E+07  0.283755E+04  0.000000E+00  0.617392E+06  0.128340E+07
  0.218313E-01  0.127106E+07  0.124139E+07  0.235605E+04  0.000000E+00  0.591106E+06  0.125648E+07
  0.225707E-01  0.124396E+07  0.121308E+07  0.246303E+04  0.000000E+00  0.565251E+06  0.122921E+07
  0.233353E-01  0.121654E+07  0.118446E+07  0.243128E+04  0.000000E+00  0.539927E+06  0.120163E+07
  0.241257E-01  0.118881E+07  0.115555E+07  0.212841E+04  0.000000E+00  0.515200E+06  0.117377E+07
  0.249429E-01  0.116083E+07  0.112640E+07  0.212105E+04  0.000000E+00  0.491083E+06  0.114566E+07
  0.257877E-01  0.113262E+07  0.109706E+07  0.161449E+04  0.000000E+00  0.467547E+06  0.111735E+07
  0.266612E-01  0.110424E+07  0.106759E+07  0.125125E+04  0.000000E+00  0.444554E+06  0.108888E+07
  0.275643E-01  0.107573E+07  0.103805E+07  0.125847E+04  0.000000E+00  0.422091E+06  0.106030E+07
  0.284980E-01  0.104714E+07  0.100850E+07  0.120887E+04  0.000000E+00  0.400183E+06  0.103166E+07
  0.294633E-01  0.101854E+07  0.979019E+06  0.120510E+04  0.000000E+00  0.378890E+06  0.100303E+07
  0.304613E-01  0.989988E+06  0.949687E+06  0.841549E+03  0.000000E+00  0.358276E+06  0.974476E+06
  0.314930E-01  0.961555E+06  0.920588E+06  0.953439E+03  0.000000E+00  0.338388E+06  0.946067E+06
  0.325598E-01  0.933316E+06  0.891811E+06  0.800518E+03  0.000000E+00  0.319257E+06  0.917878E+06
  0.336627E-01  0.905347E+06  0.863451E+06  0.726580E+03  0.000000E+00  0.300896E+06  0.889992E+06
  0.348029E-01  0.877733E+06  0.835605E+06  0.658727E+03  0.000000E+00  0.283304E+06  0.862489E+06
  0.359818E-01  0.850555E+06  0.808372E+06  0.616163E+03  0.000000E+00  0.266472E+06  0.835455E+06
  0.372005E-01  0.823899E+06  0.781851E+06  0.529180E+03  0.000000E+00  0.250393E+06  0.808976E+06
  0.384606E-01  0.797849E+06  0.756137E+06  0.496739E+03  0.000000E+00  0.235088E+06  0.783136E+06
  0.397634E-01  0.772486E+06  0.731321E+06  0.461317E+03  0.000000E+00  0.220582E+06  0.758017E+06
  0.411102E-01  0.747886E+06  0.707487E+06  0.373835E+03  0.000000E+00  0.206873E+06  0.733695E+06
  0.425027E-01  0.724118E+06  0.684707E+06  0.399270E+03  0.000000E+00  0.193916E+06  0.710239E+06
  0.439424E-01  0.701242E+06  0.663039E+06  0.321118E+03  0.000000E+00  0.181686E+06  0.687706E+06
  0.454071E-01  0.679641E+06  0.642835E+06  0.306873E+03  0.000000E+00  0.170372E+06  0.666471E+06
  0.468719E-01  0.659621E+06  0.624353E+06  0.272338E+03  0.000000E+00  0.160114E+06  0.646832E+06
  0.483366E-01  0.641069E+06  0.607453E+06  0.239502E+03  0.000000E+00  0.150792E+06  0.628670E+06
  0.498014E-01  0.623869E+06  0.591987E+06  0.218582E+03  0.000000E+00  0.142276E+06  0.611865E+06
  0.512661E-01  0.607903E+06  0.577806E+06  0.234055E+03  0.000000E+00  0.134471E+06  0.596294E+06
  0.527309E-01  0.593050E+06  0.564762E+06  0.201789E+03  0.000000E+00  0.127305E+06  0.581833E+06
  0.541956E-01  0.579191E+06  0.552708E+06  0.157366E+03  0.000000E+00  0.120715E+06  0.568359E+06
  0.556604E-01  0.566211E+06  0.541500E+06  0.186593E+03  0.000000E+00  0.114639E+06  0.555754E+06
  0.571251E-01  0.553998E+06  0.531003E+06  0.151937E+03  0.000000E+00  0.109018E+06  0.543901E+06
  0.585899E-01  0.542443E+06  0.521087E+06  0.142789E+03  0.000000E+00  0.103791E+06  0.532692E+06
  0.600546E-01  0.531447E+06  0.511631E+06  0.132841E+03  0.000000E+00  0.989078E+05  0.522023E+06
  0.615194E-01  0.520915E+06  0.502526E+06  0.134590E+03  0.000000E+00  0.943375E+05  0.511799E+06
  0.629841E-01  0.510764E+06  0.493672E+06  0.111609E+03  0.000000E+00  0.900449E+05  0.501934E+06
  0.644489E-01  0.500916E+06  0.484985E+06  0.108964E+03  0.000000E+00  0.859908E+05  0.492350E+06
  0.659136E-01  0.491306E+06  0.476390E+06  0.109171E+03  0.000000E+00  0.821453E+05  0.482981E+06
  0.673783E-01  0.481875E+06  0.467825E+06  0.865252E+02  0.000000E+00  0.784940E+05  0.473769E+06
  0.688431E-01  0.472576E+06  0.459241E+06  0.842785E+02  0.000000E+00  0.750247E+05  0.464666E+06
  0.703078E-01  0.463370E+06  0.450603E+06  0.820995E+02  0.000000E+00  0.717187E+05  0.455634E+06
  0.717726E-01  0.454230E+06  0.441887E+06  0.828837E+02  0.000000E+00  0.685582E+05  0.446647E+06
  0.732373E-01  0.445134E+06  0.433079E+06  0.864411E+02  0.000000E+00  0.655328E+05  0.437686E+06
  0.747021E-01  0.436077E+06  0.424183E+06  0.786067E+02  0.000000E+00  0.626369E+05  0.428744E+06
  0.761668E-01  0.427038E+06  0.415189E+06  0.541025E+02  0.000000E+00  0.598628E+05  0.419804E+06
  0.776316E-01  0.418032E+06  0.406126E+06  0.600742E+02  0.000000E+00  0.572070E+05  0.410883E+06
  0.790963E-01  0.409068E+06  0.397015E+06  0.708121E+02  0.000000E+00  0.546640E+05  0.401990E+06
  0.805611E-01  0.400160E+06  0.387888E+06  0.574534E+02  0.000000E+00  0.522276E+05  0.393144E+06
  0.820258E-01  0.391327E+06  0.378777E+06  0.607425E+02  0.000000E+00  0.498949E+05  0.384364E+06
  0.834906E-01  0.382591E+06  0.369721E+06  0.547925E+02  0.000000E+00  0.476666E+05  0.375675E+06
  0.849553E-01  0.373977E+06  0.360760E+06  0.728876E+02  0.000000E+00  0.455413E+05  0.367103E+06
  0.864201E-01  0.365511E+06  0.351934E+06  0.207079E+02  0.000000E+00  0.435143E+05  0.358676E+06
  0.878848E-01  0.357218E+06  0.343284E+06  0.401908E+02  0.000000E+00  0.415833E+05  0.350422E+06
  0.893495E-01  0.349124E+06  0.334849E+06  0.426121E+02  0.000000E+00  0.397495E+05  0.342368E+06
  0.908143E-01  0.341255E+06  0.326667E+06  0.203557E+02  0.000000E+00  0.380126E+05  0.334542E+06
  0.922790E-01  0.333634E+06  0.318771E+06  0.282255E+02  0.000000E+00  0.363688E+05  0.326966E+06
  0.941061E-01  0.324505E+06  0.309368E+06  0.461873E+02  0.000000E+00  0.344423E+05  0.317901E+06
  0.959332E-01  0.315826E+06  0.300504E+06  0.332482E+02  0.000000E+00  0.326492E+05  0.309295E+06
  0.977602E-01  0.307624E+06  0.292215E+06  0.388808E+02  0.000000E+00  0.309857E+05  0.301176E+06
  0.995873E-01  0.299913E+06  0.284523E+06  0.318920E+02  0.000000E+00  0.294473E+05  0.293559E+06
  0.101414E+00  0.292702E+06  0.277437E+06  0.238583E+02  0.000000E+00  0.280261E+05  0.286452E+06
  0.103241E+00  0.285987E+06  0.270953E+06  0.165399E+02  0.000000E+00  0.267124E+05  0.279853E+06
  0.105068E+00  0.279758E+06  0.265052E+06  0.322972E+02  0.000000E+00  0.254994E+05  0.273747E+06
  0.106896E+00  0.273992E+06  0.259707E+06  0.128281E+02  0.000000E+00  0.243808E+05  0.268115E+06
  0.108723E+00  0.268664E+06  0.254877E+06  0.209523E+02  0.000000E+00  0.233462E+05  0.262927E+06
  0.110550E+00  0.263737E+06  0.250515E+06  0.261519E+02  0.000000E+00  0.223876E+05  0.258146E+06
  0.112377E+00  0.259173E+06  0.246565E+06  0.149845E+02  0.000000E+00  0.214990E+05  0.253730E+06
  0.114204E+00  0.254927E+06  0.242968E+06  0.182647E+02  0.000000E+00  0.206718E+05  0.249635E+06
  0.116031E+00  0.250955E+06  0.239662E+06  0.131700E+02  0.000000E+00  0.198976E+05  0.245812E+06
  0.117858E+00  0.247209E+06  0.236583E+06  0.159151E+02  0.000000E+00  0.191698E+05  0.242213E+06
  0.119685E+00  0.243642E+06  0.233670E+06  0.148892E+02  0.000000E+00  0.184827E+05  0.238789E+06
  0.121512E+00  0.240207E+06  0.230860E+06  0.219548E+02  0.000000E+00  0.178315E+05  0.235492E+06
  0.123339E+00  0.236861E+06  0.228099E+06  0.161974E+02  0.000000E+00  0.172102E+05  0.232276E+06
  0.125166E+00  0.233567E+06  0.225337E+06  0.179338E+02  0.000000E+00  0.166135E+05  0.229103E+06
  0.126993E+00  0.230291E+06  0.222532E+06  0.575136E+01  0.000000E+00  0.160385E+05  0.225939E+06
  0.128820E+00  0.227005E+06  0.219651E+06  0.101747E+02  0.000000E+00  0.154832E+05  0.222756E+06
  0.130647E+00  0.223688E+06  0.216667E+06  0.139170E+02  0.000000E+00  0.149441E+05  0.219531E+06
  0.132474E+00  0.220323E+06  0.213564E+06  0.664521E+01  0.000000E+00  0.144196E+05  0.216249E+06
  0.134301E+00  0.216901E+06  0.210330E+06  0.155247E+02  0.000000E+00  0.139093E+05  0.212898E+06
  0.136128E+00  0.213415E+06  0.206964E+06  0.000000E+00  0.000000E+00  0.134119E+05  0.209475E+06
  0.137956E+00  0.209867E+06  0.203471E+06  0.000000E+00  0.000000E+00  0.129266E+05  0.205981E+06
  0.139783E+00  0.206264E+06  0.199864E+06  0.000000E+00  0.000000E+00  0.124536E+05  0.202423E+06
  0.141610E+00  0.202615E+06  0.196161E+06  0.000000E+00  0.000000E+00  0.119935E+05  0.198813E+06
  0.143437E+00  0.198935E+06  0.192386E+06  0.000000E+00  0.000000E+00  0.115472E+05  0.195166E+06
  0.145264E+00  0.195245E+06  0.188568E+06  0.000000E+00  0.000000E+00  0.111148E+05  0.191504E+06
  0.147091E+00  0.191563E+06  0.184735E+06  0.000000E+00  0.000000E+00  0.106963E+05  0.187847E+06
  0.148918E+00  0.187909E+06  0.180919E+06  0.000000E+00  0.000000E+00  0.102930E+05  0.184216E+06
  0.150745E+00  0.184306E+06  0.177151E+06  0.000000E+00  0.000000E+00  0.990591E+04  0.180635E+06
  0.152572E+00  0.180775E+06  0.173459E+06  0.000000E+00  0.000000E+00  0.953492E+04  0.177125E+06
  0.154399E+00  0.177333E+06  0.169873E+06  0.000000E+00  0.000000E+00  0.918042E+04  0.173707E+06
  0.156226E+00  0.173999E+06  0.166416E+06  0.000000E+00  0.000000E+00  0.884314E+04  0.170398E+06
  0.158053E+00  0.170789E+06  0.163111E+06  0.000000E+00  0.000000E+00  0.852293E+04  0.167216E+06
  0.159880E+00  0.167717E+06  0.159975E+06  0.000000E+00  0.000000E+00  0.821943E+04  0.164175E+06
  0.161707E+00  0.164791E+06  0.157023E+06  0.000000E+00  0.000000E+00  0.793260E+04  0.161284E+06
  0.163534E+00  0.162021E+06  0.154263E+06  0.000000E+00  0.000000E+00  0.766226E+04  0.158552E+06
  0.165361E+00  0.159407E+06  0.151699E+06  0.000000E+00  0.000000E+00  0.740803E+04  0.155981E+06
  0.167188E+00  0.156951E+06  0.149330E+06  0.000000E+00  0.000000E+00  0.716880E+04  0.153571E+06
  0.169015E+00  0.154647E+06  0.147149E+06  0.000000E+00  0.000000E+00  0.694335E+04  0.151316E+06
  0.170843E+00  0.152489E+06  0.145146E+06  0.000000E+00  0.000000E+00  0.673128E+04  0.149211E+06
  0.172670E+00  0.150468E+06  0.143310E+06  0.000000E+00  0.000000E+00  0.653183E+04  0.147246E+06
  0.174497E+00  0.148574E+06  0.141624E+06  0.000000E+00  0.000000E+00  0.634348E+04  0.145408E+06
  0.176324E+00  0.146792E+06  0.140070E+06  0.000000E+00  0.000000E+00  0.616521E+04  0.143685E+06
  0.178151E+00  0.145109E+06  0.138628E+06  0.000000E+00  0.000000E+00  0.599625E+04  0.142061E+06
  0.179978E+00  0.143509E+06  0.137277E+06  0.000000E+00  0.000000E+00  0.583540E+04  0.140521E+06
  0.181805E+00  0.141977E+06  0.135995E+06  0.000000E+00  0.000000E+00  0.568155E+04  0.139048E+06
  0.183632E+00  0.140497E+06  0.134762E+06  0.000000E+00  0.000000E+00  0.553382E+04  0.137625E+06
  0.185459E+00  0.139052E+06  0.133555E+06  0.000000E+00  0.000000E+00  0.539146E+04  0.136236E+06
  0.187286E+00  0.137629E+06  0.132358E+06  0.000000E+00  0.000000E+00  0.525381E+04  0.134867E+06
  0.189113E+00  0.136215E+06  0.131151E+06  0.000000E+00  0.000000E+00  0.511994E+04  0.133504E+06
  0.190940E+00  0.134799E+06  0.129923E+06  0.000000E+00  0.000000E+00  0.498911E+04  0.132136E+06
  0.192767E+00  0.133372E+06  0.128660E+06  0.000000E+00  0.000000E+00  0.486125E+04  0.130753E+06
  0.194594E+00  0.131926E+06  0.127354E+06  0.000000E+00  0.000000E+00  0.473610E+04  0.129348E+06
  0.196421E+00  0.130456E+06  0.125998E+06  0.000000E+00  0.000000E+00  0.461303E+04  0.127915E+06
  0.198248E+00  0.128959E+06  0.124589E+06  0.000000E+00  0.000000E+00  0.449192E+04  0.126452E+06
  0.200075E+00  0.127433E+06  0.123126E+06  0.000000E+00  0.000000E+00  0.437287E+04  0.124956E+06
  0.201903E+00  0.125878E+06  0.121611E+06  0.000000E+00  0.000000E+00  0.425573E+04  0.123429E+06
  0.203730E+00  0.124298E+06  0.120049E+06  0.000000E+00  0.000000E+00  0.414052E+04  0.121873E+06
  0.205557E+00  0.122696E+06  0.118446E+06  0.000000E+00  0.000000E+00  0.402738E+04  0.120293E+06
  0.207384E+00  0.121078E+06  0.116812E+06  0.000000E+00  0.000000E+00  0.391651E+04  0.118695E+06
  0.209211E+00  0.119450E+06  0.115154E+06  0.000000E+00  0.000000E+00  0.380814E+04  0.117085E+06
  0.211038E+00  0.117821E+06  0.113485E+06  0.000000E+00  0.000000E+00  0.370227E+04  0.115472E+06
  0.212865E+00  0.116197E+06  0.111816E+06  0.000000E+00  0.000000E+00  0.359898E+04  0.113864E+06
  0.214692E+00  0.114587E+06  0.110158E+06  0.000000E+00  0.000000E+00  0.349874E+04  0.112268E+06
  0.216519E+00  0.112998E+06  0.108521E+06  0.000000E+00  0.000000E+00  0.340174E+04  0.110694E+06
  0.218346E+00  0.111438E+06  0.106917E+06  0.000000E+00  0.000000E+00  0.330784E+04  0.109149E+06
  0.220173E+00  0.109914E+06  0.105355E+06  0.000000E+00  0.000000E+00  0.321721E+04  0.107640E+06
  0.222000E+00  0.108431E+06  0.103843E+06  0.000000E+00  0.000000E+00  0.313007E+04  0.106173E+06
  0.223827E+00  0.106996E+06  0.102390E+06  0.000000E+00  0.000000E+00  0.304640E+04  0.104756E+06
  0.225654E+00  0.105613E+06  0.101000E+06  0.000000E+00  0.000000E+00  0.296621E+04  0.103391E+06
  0.227481E+00  0.104285E+06  0.996785E+05  0.000000E+00  0.000000E+00  0.288947E+04  0.102082E+06
  0.229308E+00  0.103014E+06  0.984272E+05  0.000000E+00  0.000000E+00  0.281614E+04  0.100832E+06
  0.231135E+00  0.101800E+06  0.972467E+05  0.000000E+00  0.000000E+00  0.274617E+04  0.996397E+05
  0.232963E+00  0.100643E+06  0.961361E+05  0.000000E+00  0.000000E+00  0.267930E+04  0.985057E+05
  0.234790E+00  0.995406E+05  0.950928E+05  0.000000E+00  0.000000E+00  0.261534E+04  0.974278E+05
  0.236617E+00  0.984907E+05  0.941130E+05  0.000000E+00  0.000000E+00  0.255433E+04  0.964032E+05
  0.238444E+00  0.974897E+05  0.931918E+05  0.000000E+00  0.000000E+00  0.249606E+04  0.954285E+05
  0.240271E+00  0.965338E+05  0.923237E+05  0.000000E+00  0.000000E+00  0.244015E+04  0.944993E+05
  0.242098E+00  0.956182E+05  0.915020E+05  0.000000E+00  0.000000E+00  0.238645E+04  0.936108E+05
  0.243925E+00  0.947375E+05  0.907195E+05  0.000000E+00  0.000000E+00  0.233483E+04  0.927575E+05
  0.245752E+00  0.938862E+05  0.899685E+05  0.000000E+00  0.000000E+00  0.228506E+04  0.919334E+05
  0.247579E+00  0.930587E+05  0.892415E+05  0.000000E+00  0.000000E+00  0.223693E+04  0.911329E+05
  0.249406E+00  0.922494E+05  0.885311E+05  0.000000E+00  0.000000E+00  0.219022E+04  0.903500E+05
  0.251233E+00  0.914530E+05  0.878302E+05  0.000000E+00  0.000000E+00  0.214478E+04  0.895794E+05
  0.253060E+00  0.906647E+05  0.871325E+05  0.000000E+00  0.000000E+00  0.210052E+04  0.888161E+05
  0.254887E+00  0.898804E+05  0.864323E+05  0.000000E+00  0.000000E+00  0.205718E+04  0.880556E+05
  0.256714E+00  0.890961E+05  0.857249E+05  0.000000E+00  0.000000E+00  0.201465E+04  0.872941E+05
  0.258541E+00  0.883090E+05  0.850064E+05  0.000000E+00  0.000000E+00  0.197298E+04  0.865285E+05
  0.260368E+00  0.875165E+05  0.842737E+05  0.000000E+00  0.000000E+00  0.193209E+04  0.857563E+05
  0.262195E+00  0.867168E+05  0.835249E+05  0.000000E+00  0.000000E+00  0.189174E+04  0.849756E+05
  0.264023E+00  0.859088E+05  0.827586E+05  0.000000E+00  0.000000E+00  0.185197E+04  0.841854E+05
  0.265850E+00  0.850922E+05  0.819751E+05  0.000000E+00  0.000000E+00  0.181282E+04  0.833853E+05
  0.267677E+00  0.842674E+05  0.811750E+05  0.000000E+00  0.000000E+00  0.177427E+04  0.825759E+05
  0.269504E+00  0.834354E+05  0.803602E+05  0.000000E+00  0.000000E+00  0.173633E+04  0.817582E+05
  0.271331E+00  0.825977E+05  0.795331E+05  0.000000E+00  0.000000E+00  0.169898E+04  0.809339E+05
  0.273158E+00  0.817564E+05  0.786967E+05  0.000000E+00  0.000000E+00  0.166227E+04  0.801053E+05
  0.274985E+00  0.809140E+05  0.778546E+05  0.000000E+00  0.000000E+00  0.162630E+04  0.792748E+05
  0.276812E+00  0.800730E+05  0.770104E+05  0.000000E+00  0.000000E+00  0.159101E+04  0.784451E+05
  0.278639E+00  0.792359E+05  0.761680E+05  0.000000E+00  0.000000E+00  0.155645E+04  0.776191E+05
  0.280466E+00  0.784056E+05  0.753313E+05  0.000000E+00  0.000000E+00  0.152275E+04  0.767995E+05
  0.282293E+00  0.775848E+05  0.745042E+05  0.000000E+00  0.000000E+00  0.148993E+04  0.759894E+05
  0.284120E+00  0.767761E+05  0.736903E+05  0.000000E+00  0.000000E+00  0.145791E+04  0.751913E+05
  0.285947E+00  0.759820E+05  0.728931E+05  0.000000E+00  0.000000E+00  0.142677E+04  0.744080E+05
  0.287774E+00  0.752048E+05  0.721157E+05  0.000000E+00  0.000000E+00  0.139657E+04  0.736417E+05
  0.289601E+00  0.744464E+05  0.713606E+05  0.000000E+00  0.000000E+00  0.136732E+04  0.728946E+05
  0.291428E+00  0.737083E+05  0.706298E+05  0.000000E+00  0.000000E+00  0.133901E+04  0.721681E+05
  0.293255E+00  0.729915E+05  0.699247E+05  0.000000E+00  0.000000E+00  0.131161E+04  0.714633E+05
  0.295083E+00  0.722967E+05  0.692461E+05  0.000000E+00  0.000000E+00  0.128512E+04  0.707808E+05
  0.296910E+00  0.716240E+05  0.685942E+05  0.000000E+00  0.000000E+00  0.125956E+04  0.701208E+05
  0.298737E+00  0.709730E+05  0.679686E+05  0.000000E+00  0.000000E+00  0.123481E+04  0.694830E+05
  0.300564E+00  0.703435E+05  0.673686E+05  0.000000E+00  0.000000E+00  0.121089E+04  0.688669E+05
  0.302391E+00  0.697347E+05  0.667931E+05  0.000000E+00  0.000000E+00  0.118783E+04  0.682719E+05
  0.304218E+00  0.691453E+05  0.662404E+05  0.000000E+00  0.000000E+00  0.116553E+04  0.676965E+05
  0.306045E+00  0.685741E+05  0.657087E+05  0.000000E+00  0.000000E+00  0.114388E+04  0.671395E+05
  0.307872E+00  0.680193E+05  0.651955E+05  0.000000E+00  0.000000E+00  0.112290E+04  0.665989E+05
  0.309699E+00  0.674791E+05  0.646984E+05  0.000000E+00  0.000000E+00  0.110256E+04  0.660731E+05
  0.311526E+00  0.669516E+05  0.642147E+05  0.000000E+00  0.000000E+00  0.108280E+04  0.655597E+05
  0.313353E+00  0.664347E+05  0.637417E+05  0.000000E+00  0.000000E+00  0.106354E+04  0.650569E+05
  0.315180E+00  0.659265E+05  0.632770E+05  0.000000E+00  0.000000E+00  0.104473E+04  0.645626E+05
  0.317007E+00  0.654253E+05  0.628181E+05  0.000000E+00  0.000000E+00  0.102637E+04  0.640750E+05
  0.318834E+00  0.649293E+05  0.623628E+05  0.000000E+00  0.000000E+00  0.100843E+04  0.635924E+05
  0.320661E+00  0.644371E+05  0.619092E+05  0.000000E+00  0.000000E+00  0.990812E+03  0.631131E+05
  0.322488E+00  0.639473E+05  0.614554E+05  0.000000E+00  0.000000E+00  0.973510E+03  0.626358E+05
  0.324315E+00  0.634587E+05  0.609999E+05  0.000000E+00  0.000000E+00  0.956561E+03  0.621592E+05
  0.326142E+00  0.629703E+05  0.605417E+05  0.000000E+00  0.000000E+00  0.939906E+03  0.616824E+05
  0.327970E+00  0.624814E+05  0.600798E+05  0.000000E+00  0.000000E+00  0.923471E+03  0.612047E+05
  0.329797E+00  0.619916E+05  0.596139E+05  0.000000E+00  0.000000E+00  0.907277E+03  0.607255E+05
  0.331624E+00  0.615007E+05  0.591437E+05  0.000000E+00  0.000000E+00  0.891359E+03  0.602448E+05
  0.333451E+00  0.610087E+05  0.586696E+05  0.000000E+00  0.000000E+00  0.875702E+03  0.597626E+05
  0.335278E+00  0.605161E+05  0.581920E+05  0.000000E+00  0.000000E+00  0.860271E+03  0.592793E+05
  0.337105E+00  0.600232E+05  0.577117E+05  0.000000E+00  0.000000E+00  0.845061E+03  0.587954E+05
  0.338932E+00  0.595307E+05  0.572297E+05  0.000000E+00  0.000000E+00  0.830118E+03  0.583116E+05
  0.340759E+00  0.590393E+05  0.567470E+05  0.000000E+00  0.000000E+00  0.815459E+03  0.578286E+05
  0.342586E+00  0.585499E+05  0.562649E+05  0.000000E+00  0.000000E+00  0.801042E+03  0.573472E+05
  0.344413E+00  0.580632E+05  0.557847E+05  0.000000E+00  0.000000E+00  0.786873E+03  0.568685E+05
  0.346240E+00  0.575802E+05  0.553075E+05  0.000000E+00  0.000000E+00  0.773010E+03  0.563933E+05
  0.348067E+00  0.571019E+05  0.548348E+05  0.000000E+00  0.000000E+00  0.759446E+03  0.559227E+05
  0.349894E+00  0.566292E+05  0.543679E+05  0.000000E+00  0.000000E+00  0.746148E+03  0.554577E+05
  0.351721E+00  0.561630E+05  0.539080E+05  0.000000E+00  0.000000E+00  0.733135E+03  0.549991E+05
  0.353548E+00  0.557040E+05  0.534561E+05  0.000000E+00  0.000000E+00  0.720443E+03  0.545478E+05
  0.355375E+00  0.552530E+05  0.530133E+05  0.000000E+00  0.000000E+00  0.708078E+03  0.541046E+05
  0.357203E+00  0.548104E+05  0.525801E+05  0.000000E+00  0.000000E+00  0.696008E+03  0.536698E+05
  0.359030E+00  0.543767E+05  0.521570E+05  0.000000E+00  0.000000E+00  0.684216E+03  0.532438E+05
  0.360857E+00  0.539519E+05  0.517444E+05  0.000000E+00  0.000000E+00  0.672732E+03  0.528270E+05
  0.362684E+00  0.535363E+05  0.513425E+05  0.000000E+00  0.000000E+00  0.661569E+03  0.524195E+05
  0.364511E+00  0.531298E+05  0.509512E+05  0.000000E+00  0.000000E+00  0.650682E+03  0.520212E+05
  0.366338E+00  0.527325E+05  0.505703E+05  0.000000E+00  0.000000E+00  0.640058E+03  0.516321E+05
  0.368165E+00  0.523439E+05  0.501996E+05  0.000000E+00  0.000000E+00  0.629717E+03  0.512518E+05
  0.369992E+00  0.519638E+05  0.498385E+05  0.000000E+00  0.000000E+00  0.619645E+03  0.508801E+05
  0.371819E+00  0.515918E+05  0.494863E+05  0.000000E+00  0.000000E+00  0.609814E+03  0.505165E+05
  0.373646E+00  0.512271E+05  0.491423E+05  0.000000E+00  0.000000E+00  0.600214E+03  0.501602E+05
  0.375473E+00  0.508691E+05  0.488056E+05  0.000000E+00  0.000000E+00  0.590845E+03  0.498107E+05
  0.377300E+00  0.505173E+05  0.484753E+05  0.000000E+00  0.000000E+00  0.581695E+03  0.494672E+05
  0.379127E+00  0.501710E+05  0.481506E+05  0.000000E+00  0.000000E+00  0.572738E+03  0.491292E+05
  0.380954E+00  0.498295E+05  0.478306E+05  0.000000E+00  0.000000E+00  0.563953E+03  0.487959E+05
  0.382781E+00  0.494922E+05  0.475145E+05  0.000000E+00  0.000000E+00  0.555349E+03  0.484667E+05
  0.384608E+00  0.491585E+05  0.472016E+05  0.000000E+00  0.000000E+00  0.546927E+03  0.481410E+05
  0.386435E+00  0.488279E+05  0.468909E+05  0.000000E+00  0.000000E+00  0.538652E+03  0.478182E+05
  0.388262E+00  0.484998E+05  0.465820E+05  0.000000E+00  0.000000E+00  0.530516E+03  0.474978E+05
  0.390090E+00  0.481738E+05  0.462742E+05  0.000000E+00  0.000000E+00  0.522527E+03  0.471792E+05
  0.391917E+00  0.478494E+05  0.459670E+05  0.000000E+00  0.000000E+00  0.514669E+03  0.468622E+05
  0.393744E+00  0.475265E+05  0.456601E+05  0.000000E+00  0.000000E+00  0.506930E+03  0.465464E+05
  0.395571E+00  0.472047E+05  0.453533E+05  0.000000E+00  0.000000E+00  0.499316E+03  0.462315E+05
  0.397398E+00  0.468840E+05  0.450465E+05  0.000000E+00  0.000000E+00  0.491826E+03  0.459176E+05
  0.399225E+00  0.465644E+05  0.447397E+05  0.000000E+00  0.000000E+00  0.484451E+03  0.456045E+05
  0.401052E+00  0.462459E+05  0.444329E+05  0.000000E+00  0.000000E+00  0.477181E+03  0.452925E+05
  0.402879E+00  0.459286E+05  0.441265E+05  0.000000E+00  0.000000E+00  0.470019E+03  0.449814E+05
  0.404706E+00  0.456127E+05  0.438206E+05  0.000000E+00  0.000000E+00  0.462985E+03  0.446716E+05
  0.406533E+00  0.452983E+05  0.435155E+05  0.000000E+00  0.000000E+00  0.456073E+03  0.443631E+05
  0.408360E+00  0.449856E+05  0.432115E+05  0.000000E+00  0.000000E+00  0.449258E+03  0.440563E+05
  0.410187E+00  0.446749E+05  0.429090E+05  0.000000E+00  0.000000E+00  0.442551E+03  0.437513E+05
  0.412014E+00  0.443665E+05  0.426085E+05  0.000000E+00  0.000000E+00  0.435972E+03  0.434486E+05
  0.413841E+00  0.440608E+05  0.423104E+05  0.000000E+00  0.000000E+00  0.429508E+03  0.431484E+05
  0.415668E+00  0.437579E+05  0.420152E+05  0.000000E+00  0.000000E+00  0.423151E+03  0.428512E+05
  0.417495E+00  0.434583E+05  0.417233E+05  0.000000E+00  0.000000E+00  0.416916E+03  0.425570E+05
  0.419322E+00  0.431621E+05  0.414349E+05  0.000000E+00  0.000000E+00  0.410808E+03  0.422663E+05
  0.421150E+00  0.428696E+05  0.411505E+05  0.000000E+00  0.000000E+00  0.404819E+03  0.419793E+05
  0.422977E+00  0.425810E+05  0.408702E+05  0.000000E+00  0.000000E+00  0.398935E+03  0.416961E+05
  0.424804E+00  0.422962E+05  0.405942E+05  0.000000E+00  0.000000E+00  0.393161E+03  0.414168E+05
  0.426631E+00  0.420156E+05  0.403227E+05  0.000000E+00  0.000000E+00  0.387521E+03  0.411416E+05
  0.428458E+00  0.417391E+05  0.400558E+05  0.000000E+00  0.000000E+00  0.382006E+03  0.408707E+05
  0.430285E+00  0.414669E+05  0.397936E+05  0.000000E+00  0.000000E+00  0.376582E+03  0.406039E+05
  0.432112E+00  0.411989E+05  0.395361E+05  0.000000E+00  0.000000E+00  0.371260E+03  0.403413E+05
  0.433939E+00  0.409350E+05  0.392830E+05  0.000000E+00  0.000000E+00  0.366062E+03  0.400829E+05
  0.435766E+00  0.406751E+05  0.390344E+05  0.000000E+00  0.000000E+00  0.360974E+03  0.398286E+05
  0.437593E+00  0.404191E+05  0.387900E+05  0.000000E+00  0.000000E+00  0.355978E+03  0.395780E+05
  0.439420E+00  0.401668E+05  0.385495E+05  0.000000E+00  0.000000E+00  0.351078E+03  0.393312E+05
  0.441247E+00  0.399180E+05  0.383126E+05  0.000000E+00  0.000000E+00  0.346280E+03  0.390878E+05
  0.443074E+00  0.396725E+05  0.380792E+05  0.000000E+00  0.000000E+00  0.341576E+03  0.388477E+05
  0.444901E+00  0.394300E+05  0.378489E+05  0.000000E+00  0.000000E+00  0.336947E+03  0.386106E+05
  0.446728E+00  0.391904E+05  0.376215E+05  0.000000E+00  0.000000E+00  0.332393E+03  0.383764E+05
  0.448555E+00  0.389535E+05  0.373966E+05  0.000000E+00  0.000000E+00  0.327938E+03  0.381447E+05
  0.450382E+00  0.387190E+05  0.371741E+05  0.000000E+00  0.000000E+00  0.323572E+03  0.379155E+05
  0.452210E+00  0.384868E+05  0.369535E+05  0.000000E+00  0.000000E+00  0.319261E+03  0.376883E+05
  0.454037E+00  0.382565E+05  0.367346E+05  0.000000E+00  0.000000E+00  0.315010E+03  0.374631E+05
  0.455864E+00  0.380280E+05  0.365172E+05  0.000000E+00  0.000000E+00  0.310839E+03  0.372397E+05
  0.457691E+00  0.378012E+05  0.363011E+05  0.000000E+00  0.000000E+00  0.306742E+03  0.370178E+05
  0.459518E+00  0.375759E+05  0.360861E+05  0.000000E+00  0.000000E+00  0.302704E+03  0.367973E+05
  0.461345E+00  0.373520E+05  0.358722E+05  0.000000E+00  0.000000E+00  0.298719E+03  0.365782E+05
  0.463172E+00  0.371295E+05  0.356593E+05  0.000000E+00  0.000000E+00  0.294797E+03  0.363605E+05
  0.464999E+00  0.369084E+05  0.354473E+05  0.000000E+00  0.000000E+00  0.290940E+03  0.361440E+05
  0.466826E+00  0.366886E+05  0.352363E+05  0.000000E+00  0.000000E+00  0.287134E+03  0.359287E+05
  0.468653E+00  0.364701E+05  0.350262E+05  0.000000E+00  0.000000E+00  0.283377E+03  0.357146E+05
  0.470480E+00  0.362529E+05  0.348170E+05  0.000000E+00  0.000000E+00  0.279688E+03  0.355018E+05
  0.472307E+00  0.360370E+05  0.346089E+05  0.000000E+00  0.000000E+00  0.276063E+03  0.352902E+05
  0.474134E+00  0.358225E+05  0.344019E+05  0.000000E+00  0.000000E+00  0.272480E+03  0.350800E+05
  0.475961E+00  0.356094E+05  0.341961E+05  0.000000E+00  0.000000E+00  0.268942E+03  0.348712E+05
  0.477788E+00  0.353980E+05  0.339918E+05  0.000000E+00  0.000000E+00  0.265465E+03  0.346638E+05
  0.479615E+00  0.351882E+05  0.337889E+05  0.000000E+00  0.000000E+00  0.262049E+03  0.344582E+05
  0.481442E+00  0.349802E+05  0.335877E+05  0.000000E+00  0.000000E+00  0.258687E+03  0.342542E+05
  0.483270E+00  0.347740E+05  0.333883E+05  0.000000E+00  0.000000E+00  0.255374E+03  0.340520E+05
  0.485097E+00  0.345695E+05  0.331907E+05  0.000000E+00  0.000000E+00  0.252117E+03  0.338516E+05
  0.486924E+00  0.343671E+05  0.329950E+05  0.000000E+00  0.000000E+00  0.248906E+03  0.336531E+05
  0.488751E+00  0.341666E+05  0.328014E+05  0.000000E+00  0.000000E+00  0.245748E+03  0.334567E+05
  0.490578E+00  0.339683E+05  0.326099E+05  0.000000E+00  0.000000E+00  0.242644E+03  0.332623E+05
  0.492405E+00  0.337721E+05  0.324207E+05  0.000000E+00  0.000000E+00  0.239601E+03  0.330700E+05
  0.494232E+00  0.335781E+05  0.322338E+05  0.000000E+00  0.000000E+00  0.236611E+03  0.328799E+05
  0.496059E+00  0.333863E+05  0.320491E+05  0.000000E+00  0.000000E+00  0.233661E+03  0.326919E+05
  0.497886E+00  0.331966E+05  0.318668E+05  0.000000E+00  0.000000E+00  0.230757E+03  0.325062E+05
  0.499713E+00  0.330092E+05  0.316868E+05  0.000000E+00  0.000000E+00  0.227906E+03  0.323226E+05
  0.501540E+00  0.328239E+05  0.315089E+05  0.000000E+00  0.000000E+00  0.225107E+03  0.321411E+05
  0.503367E+00  0.326406E+05  0.313332E+05  0.000000E+00  0.000000E+00  0.222359E+03  0.319617E+05
  0.505194E+00  0.324593E+05  0.311596E+05  0.000000E+00  0.000000E+00  0.219655E+03  0.317842E+05
  0.507021E+00  0.322800E+05  0.309880E+05  0.000000E+00  0.000000E+00  0.216988E+03  0.316087E+05
  0.508848E+00  0.321026E+05  0.308183E+05  0.000000E+00  0.000000E+00  0.214363E+03  0.314351E+05
  0.510675E+00  0.319271E+05  0.306505E+05  0.000000E+00  0.000000E+00  0.211779E+03  0.312633E+05
  0.512502E+00  0.317533E+05  0.304844E+05  0.000000E+00  0.000000E+00  0.209241E+03  0.310932E+05
  0.514329E+00  0.315811E+05  0.303200E+05  0.000000E+00  0.000000E+00  0.206750E+03  0.309247E+05
  0.516157E+00  0.314106E+05  0.301570E+05  0.000000E+00  0.000000E+00  0.204294E+03  0.307578E+05
  0.517984E+00  0.312415E+05  0.299955E+05  0.000000E+00  0.000000E+00  0.201866E+03  0.305923E+05
  0.519811E+00  0.310738E+05  0.298353E+05  0.000000E+00  0.000000E+00  0.199474E+03  0.304282E+05
  0.521638E+00  0.309075E+05  0.296763E+05  0.000000E+00  0.000000E+00  0.197123E+03  0.302655E+05
  0.523465E+00  0.307424E+05  0.295185E+05  0.000000E+00  0.000000E+00  0.194808E+03  0.301039E+05
  0.525292E+00  0.305786E+05  0.293618E+05  0.000000E+00  0.000000E+00  0.192526E+03  0.299436E+05
  0.527119E+00  0.304160E+05  0.292061E+05  0.000000E+00  0.000000E+00  0.190274E+03  0.297844E+05
  0.528946E+00  0.302546E+05  0.290515E+05  0.000000E+00  0.000000E+00  0.188053E+03  0.296264E+05
  0.530773E+00  0.300943E+05  0.288978E+05  0.000000E+00  0.000000E+00  0.185863E+03  0.294694E+05
  0.532600E+00  0.299350E+05  0.287450E+05  0.000000E+00  0.000000E+00  0.183702E+03  0.293135E+05
  0.534427E+00  0.297769E+05  0.285932E+05  0.000000E+00  0.000000E+00  0.181573E+03  0.291586E+05
  0.536254E+00  0.296198E+05  0.284423E+05  0.000000E+00  0.000000E+00  0.179482E+03  0.290047E+05
  0.538081E+00  0.294637E+05  0.282923E+05  0.000000E+00  0.000000E+00  0.177417E+03  0.288519E+05
  0.539908E+00  0.293087E+05  0.281432E+05  0.000000E+00  0.000000E+00  0.175369E+03  0.287001E+05
  0.541735E+00  0.291548E+05  0.279952E+05  0.000000E+00  0.000000E+00  0.173349E+03  0.285493E+05
  0.543562E+00  0.290021E+05  0.278481E+05  0.000000E+00  0.000000E+00  0.171368E+03  0.283996E+05
  0.545389E+00  0.288504E+05  0.277021E+05  0.000000E+00  0.000000E+00  0.169418E+03  0.282511E+05
  0.547217E+00  0.286999E+05  0.275572E+05  0.000000E+00  0.000000E+00  0.167491E+03  0.281036E+05
  0.549044E+00  0.285506E+05  0.274134E+05  0.000000E+00  0.000000E+00  0.165585E+03  0.279573E+05
  0.550871E+00  0.284024E+05  0.272706E+05  0.000000E+00  0.000000E+00  0.163706E+03  0.278121E+05
  0.552698E+00  0.282554E+05  0.271290E+05  0.000000E+00  0.000000E+00  0.161860E+03  0.276680E+05
  0.554525E+00  0.281096E+05  0.269886E+05  0.000000E+00  0.000000E+00  0.160038E+03  0.275252E+05
  0.556352E+00  0.279650E+05  0.268494E+05  0.000000E+00  0.000000E+00  0.158243E+03  0.273835E+05
  0.558179E+00  0.278216E+05  0.267115E+05  0.000000E+00  0.000000E+00  0.156477E+03  0.272431E+05
  0.560006E+00  0.276796E+05  0.265748E+05  0.000000E+00  0.000000E+00  0.154733E+03  0.271040E+05
  0.561833E+00  0.275388E+05  0.264394E+05  0.000000E+00  0.000000E+00  0.153008E+03  0.269660E+05
  0.563660E+00  0.273992E+05  0.263053E+05  0.000000E+00  0.000000E+00  0.151310E+03  0.268293E+05
  0.565487E+00  0.272609E+05  0.261724E+05  0.000000E+00  0.000000E+00  0.149643E+03  0.266939E+05
  0.567314E+00  0.271238E+05  0.260407E+05  0.000000E+00  0.000000E+00  0.148004E+03  0.265596E+05
  0.569141E+00  0.269879E+05  0.259102E+05  0.000000E+00  0.000000E+00  0.146383E+03  0.264266E+05
  0.570968E+00  0.268533E+05  0.257810E+05  0.000000E+00  0.000000E+00  0.144779E+03  0.262947E+05
  0.572795E+00  0.267198E+05  0.256530E+05  0.000000E+00  0.000000E+00  0.143199E+03  0.261640E+05
  0.574622E+00  0.265876E+05  0.255262E+05  0.000000E+00  0.000000E+00  0.141648E+03  0.260345E+05
  0.576449E+00  0.264565E+05  0.254005E+05  0.000000E+00  0.000000E+00  0.140119E+03  0.259061E+05
  0.578277E+00  0.263265E+05  0.252759E+05  0.000000E+00  0.000000E+00  0.138609E+03  0.257789E+05
  0.580104E+00  0.261976E+05  0.251524E+05  0.000000E+00  0.000000E+00  0.137120E+03  0.256527E+05
  0.581931E+00  0.260697E+05  0.250299E+05  0.000000E+00  0.000000E+00  0.135652E+03  0.255276E+05
  0.583758E+00  0.259429E+05  0.249084E+05  0.000000E+00  0.000000E+00  0.134201E+03  0.254034E+05
  0.703301E+00  0.193426E+05  0.185718E+05  0.000000E+00  0.000000E+00  0.704598E+02  0.189400E+05
  0.859015E+00  0.140429E+05  0.134836E+05  0.000000E+00  0.000000E+00  0.349315E+02  0.137504E+05
  0.104920E+01  0.101473E+05  0.974325E+04  0.000000E+00  0.000000E+00  0.171617E+02  0.993583E+04
  0.128150E+01  0.730107E+04  0.701041E+04  0.000000E+00  0.000000E+00  0.836576E+01  0.714887E+04
  0.156523E+01  0.523267E+04  0.502439E+04  0.000000E+00  0.000000E+00  0.553639E+01  0.512359E+04
  0.191177E+01  0.373695E+04  0.358822E+04  0.000000E+00  0.000000E+00  0.267681E+01  0.365903E+04
  0.233504E+01  0.266010E+04  0.255424E+04  0.000000E+00  0.000000E+00  0.128657E+01  0.260463E+04
  0.285203E+01  0.188792E+04  0.181279E+04  0.000000E+00  0.000000E+00  0.615302E+00  0.184855E+04
  0.348347E+01  0.133623E+04  0.128305E+04  0.000000E+00  0.000000E+00  0.293002E+00  0.130836E+04
  0.425472E+01  0.943374E+03  0.905825E+03  0.000000E+00  0.000000E+00  0.139030E+00  0.923696E+03
  0.519673E+01  0.664473E+03  0.638018E+03  0.000000E+00  0.000000E+00  0.657505E-01  0.650611E+03
  0.634731E+01  0.467022E+03  0.448420E+03  0.000000E+00  0.000000E+00  0.310173E-01  0.457278E+03
  0.775262E+01  0.327593E+03  0.314536E+03  0.000000E+00  0.000000E+00  0.145957E-01  0.320756E+03
  0.946906E+01  0.229367E+03  0.220215E+03  0.000000E+00  0.000000E+00  0.685438E-02  0.224578E+03
  0.115655E+02  0.160317E+03  0.153910E+03  0.000000E+00  0.000000E+00  0.321262E-02  0.156969E+03
  0.141262E+02  0.111876E+03  0.107393E+03  0.000000E+00  0.000000E+00  0.150336E-02  0.109537E+03
  0.172538E+02  0.779541E+02  0.748193E+02  0.000000E+00  0.000000E+00  0.702014E-03  0.763230E+02
  0.210738E+02  0.542417E+02  0.520483E+02  0.000000E+00  0.000000E+00  0.327559E-03  0.531048E+02
  0.257396E+02  0.376922E+02  0.361555E+02  0.000000E+00  0.000000E+00  0.152556E-03  0.369003E+02
  0.314384E+02  0.261592E+02  0.250797E+02  0.000000E+00  0.000000E+00  0.709821E-04  0.256075E+02
  0.383990E+02  0.181332E+02  0.173714E+02  0.000000E+00  0.000000E+00  0.329788E-04  0.177487E+02
  0.469006E+02  0.125551E+02  0.120138E+02  0.000000E+00  0.000000E+00  0.153007E-04  0.122868E+02
  0.572845E+02  0.868293E+01  0.829429E+01  0.000000E+00  0.000000E+00  0.709289E-05  0.849517E+01
  0.699675E+02  0.599809E+01  0.571496E+01  0.000000E+00  0.000000E+00  0.328195E-05  0.586613E+01
  0.854584E+02  0.413850E+01  0.392814E+01  0.000000E+00  0.000000E+00  0.151782E-05  0.404514E+01
  0.104379E+03  0.285176E+01  0.269152E+01  0.000000E+00  0.000000E+00  0.700335E-06  0.278507E+01
