  0.353793E-05  0.185252E+08  0.185252E+08  0.246989E+08  0.246989E+08  0.185253E+08  0.185252E+08
  0.365776E-05  0.185252E+08  0.185252E+08  0.246989E+08  0.246988E+08  0.185253E+08  0.185252E+08
  0.378166E-05  0.185252E+08  0.185252E+08  0.246988E+08  0.246987E+08  0.185253E+08  0.185252E+08
  0.390975E-05  0.185252E+08  0.185252E+08  0.246986E+08  0.246986E+08  0.185253E+08  0.185252E+08
  0.404219E-05  0.185252E+08  0.185252E+08  0.246985E+08  0.246985E+08  0.185253E+08  0.185252E+08
  0.417910E-05  0.185252E+08  0.185252E+08  0.246984E+08  0.246984E+08  0.185253E+08  0.185252E+08
  0.432066E-05  0.185252E+08  0.185252E+08  0.246983E+08  0.246982E+08  0.185253E+08  0.185252E+08
  0.446701E-05  0.185252E+08  0.185252E+08  0.246982E+08  0.246981E+08  0.185253E+08  0.185252E+08
  0.461832E-05  0.185252E+08  0.185252E+08  0.246980E+08  0.246979E+08  0.185253E+08  0.185252E+08
  0.477475E-05  0.185252E+08  0.185252E+08  0.246978E+08  0.246978E+08  0.185253E+08  0.185252E+08
  0.493648E-05  0.185252E+08  0.185252E+08  0.246977E+08  0.246976E+08  0.185253E+08  0.185252E+08
  0.510369E-05  0.185252E+08  0.185252E+08  0.246975E+08  0.246974E+08  0.185253E+08  0.185252E+08
  0.527657E-05  0.185252E+08  0.185252E+08  0.246973E+08  0.246972E+08  0.185253E+08  0.185252E+08
  0.545530E-05  0.185252E+08  0.185252E+08  0.246971E+08  0.246970E+08  0.185253E+08  0.185252E+08
  0.564008E-05  0.185252E+08  0.185252E+08  0.246969E+08  0.246968E+08  0.185253E+08  0.185252E+08
  0.583112E-05  0.185252E+08  0.185252E+08  0.246967E+08  0.246965E+08  0.185253E+08  0.185252E+08
  0.602864E-05  0.185252E+08  0.185252E+08  0.246964E+08  0.246963E+08  0.185253E+08  0.185252E+08
  0.623284E-05  0.185252E+08  0.185252E+08  0.246961E+08  0.246960E+08  0.185253E+08  0.185252E+08
  0.644396E-05  0.185252E+08  0.185252E+08  0.246959E+08  0.246957E+08  0.185253E+08  0.185252E+08
  0.666224E-05  0.185252E+08  0.185252E+08  0.246956E+08  0.246954E+08  0.185253E+08  0.185252E+08
  0.688790E-05  0.185252E+08  0.185252E+08  0.246952E+08  0.246951E+08  0.185253E+08  0.185252E+08
  0.712121E-05  0.185252E+08  0.185252E+08  0.246949E+08  0.246947E+08  0.185253E+08  0.185252E+08
  0.736242E-05  0.185252E+08  0.185252E+08  0.246945E+08  0.246943E+08  0.185253E+08  0.185252E+08
  0.761180E-05  0.185252E+08  0.185252E+08  0.246941E+08  0.246939E+08  0.185253E+08  0.185252E+08
  0.786963E-05  0.185252E+08  0.185252E+08  0.246937E+08  0.246935E+08  0.185253E+08  0.185252E+08
  0.813620E-05  0.185252E+08  0.185252E+08  0.246932E+08  0.246930E+08  0.185253E+08  0.185252E+08
  0.841179E-05  0.185252E+08  0.185252E+08  0.246927E+08  0.246925E+08  0.185253E+08  0.185252E+08
  0.869671E-05  0.185252E+08  0.185252E+08  0.246922E+08  0.246920E+08  0.185253E+08  0.185252E+08
  0.899129E-05  0.185252E+08  0.185252E+08  0.246917E+08  0.246914E+08  0.185253E+08  0.185252E+08
  0.929585E-05  0.185252E+08  0.185252E+08  0.246911E+08  0.246908E+08  0.185253E+08  0.185252E+08
  0.961072E-05  0.185252E+08  0.185252E+08  0.246904E+08  0.246902E+08  0.185253E+08  0.185252E+08
  0.993626E-05  0.185252E+08  0.185252E+08  0.246898E+08  0.246895E+08  0.185253E+08  0.185252E+08
  0.102728E-04  0.185252E+08  0.185252E+08  0.246890E+08  0.246887E+08  0.185253E+08  0.185252E+08
  0.106208E-04  0.185252E+08  0.185252E+08  0.246883E+08  0.246879E+08  0.185253E+08  0.185252E+08
  0.109805E-04  0.185252E+08  0.185252E+08  0.246874E+08  0.246871E+08  0.185253E+08  0.185252E+08
  0.113525E-04  0.185252E+08  0.185252E+08  0.246866E+08  0.246862E+08  0.185253E+08  0.185252E+08
  0.117370E-04  0.185252E+08  0.185252E+08  0.246856E+08  0.246852E+08  0.185253E+08  0.185252E+08
  0.121346E-04  0.185252E+08  0.185252E+08  0.246846E+08  0.246841E+08  0.185253E+08  0.185252E+08
  0.125456E-04  0.185252E+08  0.185252E+08  0.246835E+08  0.246830E+08  0.185253E+08  0.185252E+08
  0.129705E-04  0.185252E+08  0.185252E+08  0.246824E+08  0.246818E+08  0.185253E+08  0.185252E+08
  0.134099E-04  0.185252E+08  0.185252E+08  0.246811E+08  0.246806E+08  0.185253E+08  0.185252E+08
  0.138641E-04  0.185252E+08  0.185252E+08  0.246798E+08  0.246792E+08  0.185253E+08  0.185252E+08
  0.143337E-04  0.185252E+08  0.185252E+08  0.246784E+08  0.246778E+08  0.185253E+08  0.185252E+08
  0.148192E-04  0.185252E+08  0.185252E+08  0.246769E+08  0.246762E+08  0.185253E+08  0.185252E+08
  0.153212E-04  0.185252E+08  0.185252E+08  0.246753E+08  0.246746E+08  0.185252E+08  0.185252E+08
  0.158402E-04  0.185252E+08  0.185252E+08  0.246736E+08  0.246728E+08  0.185252E+08  0.185252E+08
  0.163767E-04  0.185252E+08  0.185252E+08  0.246717E+08  0.246709E+08  0.185252E+08  0.185252E+08
  0.169314E-04  0.185252E+08  0.185251E+08  0.246698E+08  0.246689E+08  0.185252E+08  0.185252E+08
  0.175049E-04  0.185251E+08  0.185251E+08  0.246677E+08  0.246667E+08  0.185252E+08  0.185251E+08
  0.180979E-04  0.185251E+08  0.185251E+08  0.246654E+08  0.246644E+08  0.185252E+08  0.185251E+08
  0.187109E-04  0.185251E+08  0.185251E+08  0.246630E+08  0.246619E+08  0.185252E+08  0.185251E+08
  0.193447E-04  0.185251E+08  0.185251E+08  0.246605E+08  0.246593E+08  0.185252E+08  0.185251E+08
  0.199999E-04  0.185251E+08  0.185251E+08  0.246577E+08  0.246565E+08  0.185252E+08  0.185251E+08
  0.206773E-04  0.185251E+08  0.185251E+08  0.246548E+08  0.246534E+08  0.185252E+08  0.185251E+08
  0.213777E-04  0.185251E+08  0.185251E+08  0.246517E+08  0.246502E+08  0.185252E+08  0.185251E+08
  0.221019E-04  0.185251E+08  0.185251E+08  0.246483E+08  0.246468E+08  0.185252E+08  0.185251E+08
  0.228505E-04  0.185251E+08  0.185251E+08  0.246448E+08  0.246431E+08  0.185252E+08  0.185251E+08
  0.236245E-04  0.185251E+08  0.185251E+08  0.246409E+08  0.246392E+08  0.185252E+08  0.185251E+08
  0.244247E-04  0.185251E+08  0.185251E+08  0.246369E+08  0.246350E+08  0.185252E+08  0.185251E+08
  0.252520E-04  0.185251E+08  0.185251E+08  0.246325E+08  0.246305E+08  0.185252E+08  0.185251E+08
  0.261074E-04  0.185251E+08  0.185251E+08  0.246278E+08  0.246257E+08  0.185251E+08  0.185251E+08
  0.269917E-04  0.185251E+08  0.185251E+08  0.246229E+08  0.246205E+08  0.185251E+08  0.185251E+08
  0.279060E-04  0.185251E+08  0.185250E+08  0.246175E+08  0.246150E+08  0.185251E+08  0.185251E+08
  0.288512E-04  0.185250E+08  0.185250E+08  0.246118E+08  0.246092E+08  0.185251E+08  0.185250E+08
  0.298285E-04  0.185250E+08  0.185250E+08  0.246058E+08  0.246029E+08  0.185251E+08  0.185250E+08
  0.308388E-04  0.185250E+08  0.185250E+08  0.245993E+08  0.245962E+08  0.185251E+08  0.185250E+08
  0.318834E-04  0.185250E+08  0.185250E+08  0.245923E+08  0.245891E+08  0.185251E+08  0.185250E+08
  0.329634E-04  0.185250E+08  0.185250E+08  0.245849E+08  0.245814E+08  0.185250E+08  0.185250E+08
  0.340799E-04  0.185250E+08  0.185250E+08  0.245770E+08  0.245733E+08  0.185250E+08  0.185250E+08
  0.352343E-04  0.185250E+08  0.185250E+08  0.245685E+08  0.245645E+08  0.185250E+08  0.185250E+08
  0.364277E-04  0.185249E+08  0.185249E+08  0.245594E+08  0.245552E+08  0.185250E+08  0.185249E+08
  0.376616E-04  0.185249E+08  0.185249E+08  0.245498E+08  0.245452E+08  0.185250E+08  0.185249E+08
  0.389373E-04  0.185249E+08  0.185249E+08  0.245394E+08  0.245346E+08  0.185249E+08  0.185249E+08
  0.402562E-04  0.185249E+08  0.185249E+08  0.245284E+08  0.245232E+08  0.185249E+08  0.185249E+08
  0.416198E-04  0.185249E+08  0.185249E+08  0.245166E+08  0.245110E+08  0.185249E+08  0.185249E+08
  0.430296E-04  0.185248E+08  0.185248E+08  0.245040E+08  0.244981E+08  0.185249E+08  0.185248E+08
  0.444871E-04  0.185248E+08  0.185248E+08  0.244905E+08  0.244842E+08  0.185248E+08  0.185248E+08
  0.459939E-04  0.185248E+08  0.185248E+08  0.244761E+08  0.244694E+08  0.185248E+08  0.185248E+08
  0.475519E-04  0.185248E+08  0.185247E+08  0.244607E+08  0.244535E+08  0.185248E+08  0.185248E+08
  0.491626E-04  0.185247E+08  0.185247E+08  0.244443E+08  0.244366E+08  0.185247E+08  0.185247E+08
  0.508278E-04  0.185247E+08  0.185247E+08  0.244267E+08  0.244185E+08  0.185247E+08  0.185247E+08
  0.525495E-04  0.185247E+08  0.185246E+08  0.244080E+08  0.243992E+08  0.185246E+08  0.185247E+08
  0.543294E-04  0.185246E+08  0.185246E+08  0.243880E+08  0.243786E+08  0.185246E+08  0.185246E+08
  0.561697E-04  0.185246E+08  0.185246E+08  0.243666E+08  0.243566E+08  0.185246E+08  0.185246E+08
  0.580723E-04  0.185245E+08  0.185245E+08  0.243438E+08  0.243331E+08  0.185245E+08  0.185245E+08
  0.600393E-04  0.185245E+08  0.185245E+08  0.243194E+08  0.243080E+08  0.185244E+08  0.185245E+08
  0.620730E-04  0.185244E+08  0.185244E+08  0.242934E+08  0.242812E+08  0.185244E+08  0.185244E+08
  0.641756E-04  0.185244E+08  0.185244E+08  0.242656E+08  0.242526E+08  0.185243E+08  0.185244E+08
  0.663493E-04  0.185243E+08  0.185243E+08  0.242359E+08  0.242220E+08  0.185243E+08  0.185243E+08
  0.685967E-04  0.185243E+08  0.185242E+08  0.242042E+08  0.241894E+08  0.185242E+08  0.185243E+08
  0.709203E-04  0.185242E+08  0.185242E+08  0.241703E+08  0.241545E+08  0.185241E+08  0.185242E+08
  0.733225E-04  0.185241E+08  0.185241E+08  0.241342E+08  0.241173E+08  0.185240E+08  0.185241E+08
  0.758061E-04  0.185241E+08  0.185240E+08  0.240957E+08  0.240776E+08  0.185239E+08  0.185241E+08
  0.783739E-04  0.185240E+08  0.185240E+08  0.240545E+08  0.240353E+08  0.185238E+08  0.185240E+08
  0.810285E-04  0.185239E+08  0.185239E+08  0.240106E+08  0.239901E+08  0.185237E+08  0.185239E+08
  0.837732E-04  0.185238E+08  0.185238E+08  0.239638E+08  0.239419E+08  0.185236E+08  0.185238E+08
  0.866108E-04  0.185237E+08  0.185237E+08  0.239138E+08  0.238904E+08  0.185235E+08  0.185237E+08
  0.895445E-04  0.185236E+08  0.185236E+08  0.238605E+08  0.238355E+08  0.185234E+08  0.185236E+08
  0.925776E-04  0.185235E+08  0.185235E+08  0.238036E+08  0.237770E+08  0.185233E+08  0.185235E+08
  0.957134E-04  0.185234E+08  0.185233E+08  0.237430E+08  0.237146E+08  0.185231E+08  0.185234E+08
  0.989554E-04  0.185233E+08  0.185232E+08  0.236783E+08  0.236480E+08  0.185230E+08  0.185233E+08
  0.102307E-03  0.185231E+08  0.185231E+08  0.236094E+08  0.235771E+08  0.185228E+08  0.185231E+08
  0.105773E-03  0.185230E+08  0.185229E+08  0.235359E+08  0.235014E+08  0.185226E+08  0.185230E+08
  0.109355E-03  0.185228E+08  0.185228E+08  0.234576E+08  0.234209E+08  0.185225E+08  0.185228E+08
  0.113060E-03  0.185227E+08  0.185226E+08  0.233741E+08  0.233350E+08  0.185223E+08  0.185227E+08
  0.116889E-03  0.185225E+08  0.185224E+08  0.232852E+08  0.232436E+08  0.185220E+08  0.185225E+08
  0.120848E-03  0.185223E+08  0.185222E+08  0.231906E+08  0.231462E+08  0.185218E+08  0.185223E+08
  0.124942E-03  0.185221E+08  0.185220E+08  0.230898E+08  0.230425E+08  0.185216E+08  0.185221E+08
  0.129174E-03  0.185219E+08  0.185218E+08  0.229825E+08  0.229322E+08  0.185213E+08  0.185219E+08
  0.133549E-03  0.185217E+08  0.185216E+08  0.228684E+08  0.228148E+08  0.185211E+08  0.185217E+08
  0.138073E-03  0.185214E+08  0.185213E+08  0.227469E+08  0.226899E+08  0.185208E+08  0.185214E+08
  0.142750E-03  0.185212E+08  0.185211E+08  0.226178E+08  0.225571E+08  0.185205E+08  0.185212E+08
  0.147585E-03  0.185209E+08  0.185208E+08  0.224805E+08  0.224160E+08  0.185201E+08  0.185209E+08
  0.152584E-03  0.185206E+08  0.185205E+08  0.223347E+08  0.222660E+08  0.185198E+08  0.185206E+08
  0.157752E-03  0.185203E+08  0.185202E+08  0.221797E+08  0.221067E+08  0.185194E+08  0.185203E+08
  0.163096E-03  0.185200E+08  0.185198E+08  0.220152E+08  0.219377E+08  0.185190E+08  0.185199E+08
  0.168620E-03  0.185196E+08  0.185194E+08  0.218406E+08  0.217583E+08  0.185185E+08  0.185196E+08
  0.174332E-03  0.185192E+08  0.185191E+08  0.216554E+08  0.215680E+08  0.185181E+08  0.185192E+08
  0.180237E-03  0.185188E+08  0.185186E+08  0.214591E+08  0.213664E+08  0.185176E+08  0.185188E+08
  0.186342E-03  0.185184E+08  0.185182E+08  0.212510E+08  0.211527E+08  0.185171E+08  0.185183E+08
  0.192654E-03  0.185179E+08  0.185177E+08  0.210308E+08  0.209266E+08  0.185165E+08  0.185178E+08
  0.199179E-03  0.185174E+08  0.185172E+08  0.207977E+08  0.206874E+08  0.185159E+08  0.185173E+08
  0.205926E-03  0.185169E+08  0.185166E+08  0.205512E+08  0.204344E+08  0.185153E+08  0.185168E+08
  0.212901E-03  0.185163E+08  0.185161E+08  0.202908E+08  0.201673E+08  0.185146E+08  0.185162E+08
  0.220113E-03  0.185157E+08  0.185154E+08  0.200158E+08  0.198853E+08  0.185138E+08  0.185156E+08
  0.227569E-03  0.185150E+08  0.185148E+08  0.197258E+08  0.195879E+08  0.185131E+08  0.185150E+08
  0.235277E-03  0.185144E+08  0.185141E+08  0.194202E+08  0.192747E+08  0.185122E+08  0.185143E+08
  0.243246E-03  0.185136E+08  0.185133E+08  0.190984E+08  0.189450E+08  0.185113E+08  0.185135E+08
  0.251486E-03  0.185128E+08  0.185125E+08  0.187599E+08  0.185984E+08  0.185104E+08  0.185128E+08
  0.260004E-03  0.185120E+08  0.185117E+08  0.184044E+08  0.182345E+08  0.185094E+08  0.185119E+08
  0.268811E-03  0.185111E+08  0.185107E+08  0.180315E+08  0.178529E+08  0.185083E+08  0.185110E+08
  0.277916E-03  0.185102E+08  0.185098E+08  0.176407E+08  0.174532E+08  0.185071E+08  0.185100E+08
  0.287330E-03  0.185091E+08  0.185087E+08  0.172318E+08  0.170353E+08  0.185059E+08  0.185090E+08
  0.297062E-03  0.185081E+08  0.185076E+08  0.168047E+08  0.165990E+08  0.185046E+08  0.185079E+08
  0.307124E-03  0.185069E+08  0.185064E+08  0.163593E+08  0.161443E+08  0.185032E+08  0.185068E+08
  0.317527E-03  0.185057E+08  0.185052E+08  0.158955E+08  0.156712E+08  0.185017E+08  0.185055E+08
  0.328283E-03  0.185044E+08  0.185038E+08  0.154137E+08  0.151800E+08  0.185001E+08  0.185042E+08
  0.339403E-03  0.185030E+08  0.185024E+08  0.149140E+08  0.146710E+08  0.184984E+08  0.185028E+08
  0.350899E-03  0.185015E+08  0.185009E+08  0.143971E+08  0.141450E+08  0.184966E+08  0.185013E+08
  0.362785E-03  0.184999E+08  0.184992E+08  0.138635E+08  0.136025E+08  0.184947E+08  0.184997E+08
  0.375073E-03  0.184982E+08  0.184975E+08  0.133142E+08  0.130446E+08  0.184926E+08  0.184980E+08
  0.387778E-03  0.184964E+08  0.184957E+08  0.127503E+08  0.124725E+08  0.184904E+08  0.184962E+08
  0.400913E-03  0.184945E+08  0.184937E+08  0.121732E+08  0.118878E+08  0.184881E+08  0.184943E+08
  0.414492E-03  0.184925E+08  0.184916E+08  0.115844E+08  0.112920E+08  0.184856E+08  0.184922E+08
  0.428532E-03  0.184903E+08  0.184894E+08  0.109858E+08  0.106873E+08  0.184830E+08  0.184901E+08
  0.443048E-03  0.184880E+08  0.184871E+08  0.103797E+08  0.100759E+08  0.184802E+08  0.184878E+08
  0.458055E-03  0.184856E+08  0.184846E+08  0.976841E+07  0.946047E+07  0.184772E+08  0.184853E+08
  0.473570E-03  0.184830E+08  0.184819E+08  0.915471E+07  0.884386E+07  0.184740E+08  0.184827E+08
  0.489611E-03  0.184802E+08  0.184791E+08  0.854160E+07  0.822923E+07  0.184707E+08  0.184799E+08
  0.506195E-03  0.184773E+08  0.184761E+08  0.793236E+07  0.761999E+07  0.184671E+08  0.184770E+08
  0.523341E-03  0.184742E+08  0.184730E+08  0.733047E+07  0.701980E+07  0.184633E+08  0.184738E+08
  0.541068E-03  0.184709E+08  0.184696E+08  0.673962E+07  0.643246E+07  0.184592E+08  0.184705E+08
  0.559395E-03  0.184674E+08  0.184660E+08  0.616364E+07  0.586194E+07  0.184549E+08  0.184670E+08
  0.578343E-03  0.184637E+08  0.184623E+08  0.560643E+07  0.531221E+07  0.184504E+08  0.184633E+08
  0.597933E-03  0.184598E+08  0.184583E+08  0.507188E+07  0.478726E+07  0.184455E+08  0.184593E+08
  0.618186E-03  0.184556E+08  0.184540E+08  0.456381E+07  0.429092E+07  0.184404E+08  0.184552E+08
  0.639126E-03  0.184512E+08  0.184496E+08  0.408581E+07  0.382678E+07  0.184349E+08  0.184507E+08
  0.660775E-03  0.184466E+08  0.184448E+08  0.364115E+07  0.339804E+07  0.184292E+08  0.184460E+08
  0.683157E-03  0.184416E+08  0.184398E+08  0.323266E+07  0.300741E+07  0.184230E+08  0.184411E+08
  0.706297E-03  0.184364E+08  0.184345E+08  0.286257E+07  0.265695E+07  0.184166E+08  0.184358E+08
  0.730221E-03  0.184309E+08  0.184289E+08  0.253241E+07  0.234793E+07  0.184097E+08  0.184303E+08
  0.754955E-03  0.184251E+08  0.184230E+08  0.224287E+07  0.208073E+07  0.184024E+08  0.184245E+08
  0.780527E-03  0.184190E+08  0.184168E+08  0.199372E+07  0.185470E+07  0.183947E+08  0.184183E+08
  0.806965E-03  0.184125E+08  0.184102E+08  0.178369E+07  0.166815E+07  0.183866E+08  0.184118E+08
  0.834299E-03  0.184057E+08  0.184032E+08  0.161049E+07  0.151826E+07  0.183780E+08  0.184049E+08
  0.862559E-03  0.183984E+08  0.183959E+08  0.147077E+07  0.140116E+07  0.183689E+08  0.183976E+08
  0.891775E-03  0.183908E+08  0.183882E+08  0.136028E+07  0.131200E+07  0.183593E+08  0.183900E+08
  0.921982E-03  0.183828E+08  0.183801E+08  0.127393E+07  0.124514E+07  0.183491E+08  0.183819E+08
  0.953212E-03  0.183744E+08  0.183716E+08  0.120607E+07  0.119441E+07  0.183384E+08  0.183734E+08
  0.985499E-03  0.183655E+08  0.183626E+08  0.115078E+07  0.115342E+07  0.183271E+08  0.183645E+08
  0.101888E-02  0.183562E+08  0.183532E+08  0.110217E+07  0.111594E+07  0.183152E+08  0.183551E+08
  0.105339E-02  0.183463E+08  0.183432E+08  0.105488E+07  0.107638E+07  0.183025E+08  0.183452E+08
  0.108907E-02  0.183360E+08  0.183328E+08  0.100438E+07  0.103016E+07  0.182893E+08  0.183348E+08
  0.112596E-02  0.183251E+08  0.183219E+08  0.947414E+06  0.974158E+06  0.182752E+08  0.183239E+08
  0.116410E-02  0.183137E+08  0.183103E+08  0.882272E+06  0.906980E+06  0.182605E+08  0.183124E+08
  0.120353E-02  0.183017E+08  0.182983E+08  0.808974E+06  0.829153E+06  0.182449E+08  0.183003E+08
  0.124430E-02  0.182891E+08  0.182856E+08  0.729259E+06  0.743071E+06  0.182285E+08  0.182877E+08
  0.128645E-02  0.182758E+08  0.182723E+08  0.646368E+06  0.652739E+06  0.182112E+08  0.182743E+08
  0.133002E-02  0.182619E+08  0.182583E+08  0.564605E+06  0.563266E+06  0.181930E+08  0.182604E+08
  0.137507E-02  0.182474E+08  0.182437E+08  0.488694E+06  0.480147E+06  0.181738E+08  0.182457E+08
  0.142165E-02  0.182321E+08  0.182283E+08  0.423005E+06  0.408412E+06  0.181536E+08  0.182303E+08
  0.146980E-02  0.182160E+08  0.182122E+08  0.370746E+06  0.351747E+06  0.181324E+08  0.182142E+08
  0.151959E-02  0.181992E+08  0.181954E+08  0.333276E+06  0.311763E+06  0.181101E+08  0.181973E+08
  0.157106E-02  0.181815E+08  0.181777E+08  0.309695E+06  0.287566E+06  0.180866E+08  0.181795E+08
  0.162428E-02  0.181630E+08  0.181592E+08  0.296849E+06  0.275783E+06  0.180619E+08  0.181610E+08
  0.167929E-02  0.181437E+08  0.181398E+08  0.289844E+06  0.271133E+06  0.180359E+08  0.181415E+08
  0.173618E-02  0.181234E+08  0.181195E+08  0.283030E+06  0.267492E+06  0.180087E+08  0.181211E+08
  0.179498E-02  0.181021E+08  0.180982E+08  0.271307E+06  0.259293E+06  0.179800E+08  0.180997E+08
  0.185578E-02  0.180799E+08  0.180760E+08  0.251461E+06  0.242937E+06  0.179499E+08  0.180774E+08
  0.191864E-02  0.180566E+08  0.180527E+08  0.223142E+06  0.217802E+06  0.179183E+08  0.180540E+08
  0.198363E-02  0.180323E+08  0.180284E+08  0.189102E+06  0.186478E+06  0.178852E+08  0.180295E+08
  0.205082E-02  0.180068E+08  0.180029E+08  0.154483E+06  0.154007E+06  0.178504E+08  0.180039E+08
  0.212029E-02  0.179802E+08  0.179763E+08  0.125192E+06  0.126198E+06  0.178139E+08  0.179771E+08
  0.219211E-02  0.179524E+08  0.179484E+08  0.105808E+06  0.107502E+06  0.177757E+08  0.179492E+08
  0.226636E-02  0.179233E+08  0.179194E+08  0.977315E+05  0.991904E+05  0.177356E+08  0.179199E+08
  0.234313E-02  0.178929E+08  0.178890E+08  0.984152E+05  0.986867E+05  0.176936E+08  0.178894E+08
  0.242249E-02  0.178612E+08  0.178572E+08  0.102221E+06  0.100534E+06  0.176496E+08  0.178574E+08
  0.250455E-02  0.178280E+08  0.178241E+08  0.102795E+06  0.988368E+05  0.176036E+08  0.178241E+08
  0.258938E-02  0.177935E+08  0.177895E+08  0.960463E+05  0.901655E+05  0.175554E+08  0.177893E+08
  0.267709E-02  0.177574E+08  0.177534E+08  0.822473E+05  0.754224E+05  0.175051E+08  0.177530E+08
  0.276777E-02  0.177198E+08  0.177157E+08  0.659105E+05  0.594004E+05  0.174525E+08  0.177152E+08
  0.286152E-02  0.176805E+08  0.176764E+08  0.531395E+05  0.479231E+05  0.173975E+08  0.176757E+08
  0.295845E-02  0.176396E+08  0.176355E+08  0.477563E+05  0.440482E+05  0.173401E+08  0.176346E+08
  0.305866E-02  0.175970E+08  0.175928E+08  0.486657E+05  0.458471E+05  0.172803E+08  0.175917E+08
  0.316226E-02  0.175527E+08  0.175483E+08  0.505769E+05  0.476718E+05  0.172178E+08  0.175471E+08
  0.326938E-02  0.175065E+08  0.175021E+08  0.480231E+05  0.444615E+05  0.171527E+08  0.175006E+08
  0.338012E-02  0.174584E+08  0.174539E+08  0.398188E+05  0.359342E+05  0.170850E+08  0.174522E+08
  0.349461E-02  0.174084E+08  0.174038E+08  0.300669E+05  0.268885E+05  0.170144E+08  0.174019E+08
  0.361298E-02  0.173564E+08  0.173517E+08  0.242761E+05  0.227374E+05  0.169410E+08  0.173496E+08
  0.373536E-02  0.173023E+08  0.172976E+08  0.238242E+05  0.240732E+05  0.168647E+08  0.172952E+08
  0.386189E-02  0.172462E+08  0.172413E+08  0.245030E+05  0.259457E+05  0.167855E+08  0.172387E+08
  0.399270E-02  0.171879E+08  0.171829E+08  0.214125E+05  0.233450E+05  0.167032E+08  0.171800E+08
  0.412794E-02  0.171273E+08  0.171223E+08  0.151474E+05  0.171498E+05  0.166179E+08  0.171190E+08
  0.426776E-02  0.170645E+08  0.170594E+08  0.113806E+05  0.130201E+05  0.165295E+08  0.170558E+08
  0.441232E-02  0.169994E+08  0.169941E+08  0.132852E+05  0.138056E+05  0.164378E+08  0.169903E+08
  0.456178E-02  0.169318E+08  0.169265E+08  0.166230E+05  0.157039E+05  0.163430E+08  0.169223E+08
  0.471629E-02  0.168619E+08  0.168564E+08  0.155212E+05  0.178226E+05  0.162449E+08  0.168519E+08
  0.487605E-02  0.167894E+08  0.167838E+08  0.114366E+05  0.212839E+05  0.161435E+08  0.167790E+08
  0.504121E-02  0.167144E+08  0.167086E+08  0.106707E+05  0.000000E+00  0.160388E+08  0.167035E+08
  0.521197E-02  0.166367E+08  0.166308E+08  0.131528E+05  0.000000E+00  0.159306E+08  0.166254E+08
  0.538851E-02  0.165565E+08  0.165504E+08  0.122486E+05  0.000000E+00  0.158191E+08  0.165447E+08
  0.557103E-02  0.164735E+08  0.164672E+08  0.756806E+04  0.000000E+00  0.157041E+08  0.164612E+08
  0.575973E-02  0.163878E+08  0.163813E+08  0.620035E+04  0.000000E+00  0.155857E+08  0.163750E+08
  0.595483E-02  0.162993E+08  0.162926E+08  0.828149E+04  0.000000E+00  0.154637E+08  0.162859E+08
  0.615653E-02  0.162079E+08  0.162010E+08  0.724870E+04  0.000000E+00  0.153382E+08  0.161941E+08
  0.636507E-02  0.161137E+08  0.161066E+08  0.499049E+04  0.000000E+00  0.152090E+08  0.160993E+08
  0.658067E-02  0.160175E+08  0.160101E+08  0.606410E+04  0.000000E+00  0.150814E+08  0.160026E+08
  0.680357E-02  0.159174E+08  0.159098E+08  0.531471E+04  0.000000E+00  0.149449E+08  0.159019E+08
  0.703402E-02  0.158144E+08  0.158065E+08  0.225781E+04  0.000000E+00  0.148046E+08  0.157983E+08
  0.727228E-02  0.157082E+08  0.157000E+08  0.334792E+04  0.000000E+00  0.146605E+08  0.156916E+08
  0.751861E-02  0.155990E+08  0.155905E+08  0.404883E+04  0.000000E+00  0.145126E+08  0.155817E+08
  0.777328E-02  0.154867E+08  0.154779E+08  0.211924E+04  0.000000E+00  0.143609E+08  0.154688E+08
  0.803658E-02  0.153712E+08  0.153620E+08  0.251712E+04  0.000000E+00  0.142052E+08  0.153526E+08
  0.830880E-02  0.152522E+08  0.152426E+08  0.198639E+04  0.000000E+00  0.140445E+08  0.152329E+08
  0.859024E-02  0.151302E+08  0.151202E+08  0.226865E+04  0.000000E+00  0.138809E+08  0.151103E+08
  0.888121E-02  0.150049E+08  0.149945E+08  0.181988E+04  0.000000E+00  0.137133E+08  0.149843E+08
  0.918204E-02  0.148763E+08  0.148655E+08  0.108679E+04  0.000000E+00  0.135418E+08  0.148550E+08
  0.949305E-02  0.147444E+08  0.147331E+08  0.233123E+04  0.000000E+00  0.133664E+08  0.147224E+08
  0.981461E-02  0.146091E+08  0.145973E+08  0.490678E+03  0.000000E+00  0.131870E+08  0.145863E+08
  0.101471E-01  0.144704E+08  0.144581E+08  0.127582E+04  0.000000E+00  0.130041E+08  0.144469E+08
  0.104908E-01  0.143282E+08  0.143153E+08  0.697486E+03  0.000000E+00  0.128170E+08  0.143039E+08
  0.108461E-01  0.141824E+08  0.141690E+08  0.996767E+03  0.000000E+00  0.126261E+08  0.141575E+08
  0.112135E-01  0.140332E+08  0.140191E+08  0.568691E+03  0.000000E+00  0.124315E+08  0.140075E+08
  0.115933E-01  0.138804E+08  0.138657E+08  0.999148E+03  0.000000E+00  0.122330E+08  0.138539E+08
  0.119860E-01  0.137240E+08  0.137086E+08  0.224141E+03  0.000000E+00  0.120307E+08  0.136967E+08
  0.123920E-01  0.135640E+08  0.135478E+08  0.725641E+03  0.000000E+00  0.118248E+08  0.135359E+08
  0.128117E-01  0.134003E+08  0.133834E+08  0.336693E+03  0.000000E+00  0.116153E+08  0.133714E+08
  0.132457E-01  0.132330E+08  0.132153E+08  0.159036E+03  0.000000E+00  0.114023E+08  0.132033E+08
  0.136944E-01  0.130619E+08  0.130435E+08  0.417210E+03  0.000000E+00  0.111858E+08  0.130315E+08
  0.141582E-01  0.128872E+08  0.128679E+08  0.274028E+03  0.000000E+00  0.109661E+08  0.128560E+08
  0.146378E-01  0.127088E+08  0.126885E+08  0.168982E+03  0.000000E+00  0.107433E+08  0.126767E+08
  0.151336E-01  0.125266E+08  0.125054E+08  0.257650E+03  0.000000E+00  0.105176E+08  0.124938E+08
  0.156462E-01  0.123407E+08  0.123186E+08  0.246391E+03  0.000000E+00  0.102890E+08  0.123071E+08
  0.161762E-01  0.121511E+08  0.121280E+08  0.130011E+03  0.000000E+00  0.100578E+08  0.121167E+08
  0.167241E-01  0.119579E+08  0.119336E+08  0.437144E+02  0.000000E+00  0.982410E+07  0.119227E+08
  0.172906E-01  0.117609E+08  0.117356E+08  0.229039E+03  0.000000E+00  0.958788E+07  0.117250E+08
  0.178763E-01  0.115604E+08  0.115340E+08  0.836310E+02  0.000000E+00  0.934931E+07  0.115238E+08
  0.184818E-01  0.113563E+08  0.113288E+08  0.161024E+03  0.000000E+00  0.910853E+07  0.113190E+08
  0.191078E-01  0.111488E+08  0.111200E+08  0.103943E+03  0.000000E+00  0.886577E+07  0.111107E+08
  0.197550E-01  0.109378E+08  0.109079E+08 -0.188806E+02  0.000000E+00  0.862132E+07  0.108991E+08
  0.204242E-01  0.107235E+08  0.106924E+08  0.283520E+02  0.000000E+00  0.837555E+07  0.106842E+08
  0.211160E-01  0.105061E+08  0.104738E+08 -0.203283E+01  0.000000E+00  0.812884E+07  0.104661E+08
  0.218313E-01  0.102857E+08  0.102521E+08  0.464045E+02  0.000000E+00  0.788155E+07  0.102451E+08
  0.225707E-01  0.100625E+08  0.100277E+08  0.154517E+03  0.000000E+00  0.763403E+07  0.100214E+08
  0.233353E-01  0.983676E+07  0.980071E+07  0.509197E+02  0.000000E+00  0.738657E+07  0.979513E+07
  0.241257E-01  0.960869E+07  0.957142E+07  0.987657E+02  0.000000E+00  0.713948E+07  0.956659E+07
  0.249429E-01  0.937862E+07  0.934016E+07  0.530949E+02  0.000000E+00  0.689308E+07  0.933609E+07
  0.257877E-01  0.914686E+07  0.910725E+07  0.548672E+02  0.000000E+00  0.664777E+07  0.910396E+07
  0.266612E-01  0.891380E+07  0.887308E+07  0.984317E+01  0.000000E+00  0.640398E+07  0.887057E+07
  0.275643E-01  0.867984E+07  0.863808E+07  0.361675E+02  0.000000E+00  0.616218E+07  0.863633E+07
  0.284980E-01  0.844543E+07  0.840271E+07  0.211332E+02  0.000000E+00  0.592286E+07  0.840171E+07
  0.294633E-01  0.821108E+07  0.816748E+07  0.540522E+02  0.000000E+00  0.568654E+07  0.816719E+07
  0.304613E-01  0.797733E+07  0.793296E+07  0.339847E+02  0.000000E+00  0.545374E+07  0.793334E+07
  0.314930E-01  0.774476E+07  0.769973E+07 -0.249375E+00  0.000000E+00  0.522495E+07  0.770072E+07
  0.325598E-01  0.751398E+07  0.746845E+07 -0.179571E+01  0.000000E+00  0.500064E+07  0.746996E+07
  0.336627E-01  0.728565E+07  0.723976E+07  0.143185E+02  0.000000E+00  0.478128E+07  0.724171E+07
  0.348029E-01  0.706045E+07  0.701438E+07  0.123465E+02  0.000000E+00  0.456737E+07  0.701665E+07
  0.359818E-01  0.683907E+07  0.679301E+07  0.455246E+02  0.000000E+00  0.435941E+07  0.679546E+07
  0.372005E-01  0.662221E+07  0.657635E+07  0.249419E+02  0.000000E+00  0.415786E+07  0.657886E+07
  0.384606E-01  0.641056E+07  0.636512E+07 -0.458889E+01  0.000000E+00  0.396307E+07  0.636752E+07
  0.397634E-01  0.620478E+07  0.615999E+07 -0.110700E+02  0.000000E+00  0.377536E+07  0.616211E+07
  0.411102E-01  0.600550E+07  0.596158E+07  0.141950E+00  0.000000E+00  0.359503E+07  0.596324E+07
  0.425027E-01  0.581326E+07  0.577047E+07 -0.367425E+01  0.000000E+00  0.342236E+07  0.577147E+07
  0.439424E-01  0.562856E+07  0.558711E+07  0.123417E+01  0.000000E+00  0.325750E+07  0.558726E+07
  0.454071E-01  0.545446E+07  0.541456E+07 -0.108807E+02  0.000000E+00  0.310290E+07  0.541369E+07
  0.468719E-01  0.529340E+07  0.525519E+07  0.778553E+00  0.000000E+00  0.296039E+07  0.525316E+07
  0.483366E-01  0.514442E+07  0.510801E+07  0.289664E+01  0.000000E+00  0.282890E+07  0.510472E+07
  0.498014E-01  0.500653E+07  0.497202E+07  0.289955E+01  0.000000E+00  0.270741E+07  0.496736E+07
  0.512661E-01  0.487874E+07  0.484617E+07  0.984989E+00  0.000000E+00  0.259496E+07  0.484009E+07
  0.527309E-01  0.476003E+07  0.472942E+07  0.466869E+01  0.000000E+00  0.249062E+07  0.472190E+07
  0.541956E-01  0.464941E+07  0.462075E+07 -0.164352E+01  0.000000E+00  0.239351E+07  0.461178E+07
  0.556604E-01  0.454590E+07  0.451916E+07  0.501914E+01  0.000000E+00  0.230283E+07  0.450876E+07
  0.571251E-01  0.444857E+07  0.442368E+07 -0.728813E+00  0.000000E+00  0.221785E+07  0.441189E+07
  0.585899E-01  0.435652E+07  0.433340E+07 -0.197244E+01  0.000000E+00  0.213787E+07  0.432029E+07
  0.600546E-01  0.426892E+07  0.424745E+07  0.730264E+01  0.000000E+00  0.206228E+07  0.423312E+07
  0.615194E-01  0.418497E+07  0.416504E+07 -0.542988E+01  0.000000E+00  0.199052E+07  0.414959E+07
  0.629841E-01  0.410400E+07  0.408546E+07  0.350891E+01  0.000000E+00  0.192213E+07  0.406901E+07
  0.644489E-01  0.402535E+07  0.400805E+07  0.548501E+01  0.000000E+00  0.185668E+07  0.399075E+07
  0.659136E-01  0.394849E+07  0.393228E+07  0.106696E+01  0.000000E+00  0.179382E+07  0.391426E+07
  0.673783E-01  0.387295E+07  0.385766E+07  0.207943E+01  0.000000E+00  0.173323E+07  0.383908E+07
  0.688431E-01  0.379833E+07  0.378380E+07 -0.182051E+01  0.000000E+00  0.167466E+07  0.376482E+07
  0.703078E-01  0.372433E+07  0.371041E+07 -0.182884E+01  0.000000E+00  0.161791E+07  0.369117E+07
  0.717726E-01  0.365072E+07  0.363725E+07  0.692300E+00  0.000000E+00  0.156281E+07  0.361790E+07
  0.732373E-01  0.357735E+07  0.356419E+07 -0.223126E+00  0.000000E+00  0.150925E+07  0.354487E+07
  0.747021E-01  0.350418E+07  0.349118E+07  0.324850E+01  0.000000E+00  0.145715E+07  0.347203E+07
  0.761668E-01  0.343104E+07  0.341809E+07 -0.272242E+01  0.000000E+00  0.140641E+07  0.339923E+07
  0.776316E-01  0.335808E+07  0.334506E+07  0.338994E+01  0.000000E+00  0.135704E+07  0.332661E+07
  0.790963E-01  0.328538E+07  0.327220E+07  0.576229E+01  0.000000E+00  0.130902E+07  0.325424E+07
  0.805611E-01  0.321307E+07  0.319965E+07 -0.709272E+01  0.000000E+00  0.126238E+07  0.318228E+07
  0.820258E-01  0.314132E+07  0.312760E+07 -0.506006E+01  0.000000E+00  0.121712E+07  0.311087E+07
  0.834906E-01  0.307032E+07  0.305626E+07  0.228129E+01  0.000000E+00  0.117328E+07  0.304022E+07
  0.849553E-01  0.300030E+07  0.298586E+07 -0.353611E+01  0.000000E+00  0.113090E+07  0.297054E+07
  0.864201E-01  0.293146E+07  0.291664E+07 -0.875089E-01  0.000000E+00  0.109001E+07  0.290206E+07
  0.878848E-01  0.286403E+07  0.284884E+07  0.607285E+01  0.000000E+00  0.105064E+07  0.283499E+07
  0.893495E-01  0.279825E+07  0.278270E+07 -0.205084E+01  0.000000E+00  0.101283E+07  0.276956E+07
  0.908143E-01  0.273432E+07  0.271843E+07 -0.386897E+01  0.000000E+00  0.976593E+06  0.270599E+07
  0.922790E-01  0.267244E+07  0.265626E+07  0.890513E+00  0.000000E+00  0.941957E+06  0.264446E+07
  0.941061E-01  0.259838E+07  0.258192E+07 -0.577684E+01  0.000000E+00  0.901001E+06  0.257085E+07
  0.959332E-01  0.252807E+07  0.251142E+07 -0.512603E+01  0.000000E+00  0.862534E+06  0.250098E+07
  0.977602E-01  0.246172E+07  0.244499E+07  0.225221E+01  0.000000E+00  0.826523E+06  0.243506E+07
  0.995873E-01  0.239946E+07  0.238276E+07 -0.215977E+01  0.000000E+00  0.792911E+06  0.237323E+07
  0.101414E+00  0.234135E+07  0.232479E+07 -0.398187E+01  0.000000E+00  0.761614E+06  0.231554E+07
  0.103241E+00  0.228737E+07  0.227107E+07  0.150430E+01  0.000000E+00  0.732528E+06  0.226196E+07
  0.105068E+00  0.223741E+07  0.222147E+07 -0.210600E+01  0.000000E+00  0.705531E+06  0.221240E+07
  0.106896E+00  0.219130E+07  0.217583E+07  0.830993E+00  0.000000E+00  0.680482E+06  0.216667E+07
  0.108723E+00  0.214880E+07  0.213388E+07  0.150326E+01  0.000000E+00  0.657225E+06  0.212454E+07
  0.110550E+00  0.210963E+07  0.209531E+07  0.144073E+01  0.000000E+00  0.635600E+06  0.208572E+07
  0.112377E+00  0.207343E+07  0.205978E+07 -0.157162E+01  0.000000E+00  0.615439E+06  0.204986E+07
  0.114204E+00  0.203984E+07  0.202690E+07 -0.126144E+01  0.000000E+00  0.596575E+06  0.201659E+07
  0.116031E+00  0.200848E+07  0.199625E+07 -0.766718E+00  0.000000E+00  0.578845E+06  0.198554E+07
  0.117858E+00  0.197895E+07  0.196744E+07 -0.254802E+01  0.000000E+00  0.562093E+06  0.195631E+07
  0.119685E+00  0.195085E+07  0.194005E+07 -0.973977E+00  0.000000E+00  0.546168E+06  0.192850E+07
  0.121512E+00  0.192379E+07  0.191366E+07  0.846042E+00  0.000000E+00  0.530931E+06  0.190172E+07
  0.123339E+00  0.189740E+07  0.188791E+07 -0.337749E+01  0.000000E+00  0.516259E+06  0.187560E+07
  0.125166E+00  0.187138E+07  0.186246E+07 -0.990329E+00  0.000000E+00  0.502045E+06  0.184984E+07
  0.126993E+00  0.184544E+07  0.183702E+07 -0.124888E+00  0.000000E+00  0.488202E+06  0.182416E+07
  0.128820E+00  0.181936E+07  0.181137E+07 -0.216397E+01  0.000000E+00  0.474655E+06  0.179833E+07
  0.130647E+00  0.179295E+07  0.178532E+07  0.135441E+01  0.000000E+00  0.461353E+06  0.177217E+07
  0.132474E+00  0.176609E+07  0.175873E+07  0.140230E+01  0.000000E+00  0.448253E+06  0.174555E+07
  0.134301E+00  0.173868E+07  0.173153E+07 -0.476220E+00  0.000000E+00  0.435330E+06  0.171838E+07
  0.136128E+00  0.171069E+07  0.170366E+07  0.000000E+00  0.000000E+00  0.422571E+06  0.169064E+07
  0.137956E+00  0.168213E+07  0.167517E+07  0.000000E+00  0.000000E+00  0.409975E+06  0.166233E+07
  0.139783E+00  0.165307E+07  0.164610E+07  0.000000E+00  0.000000E+00  0.397555E+06  0.163351E+07
  0.141610E+00  0.162359E+07  0.161656E+07  0.000000E+00  0.000000E+00  0.385327E+06  0.160428E+07
  0.143437E+00  0.159383E+07  0.158669E+07  0.000000E+00  0.000000E+00  0.373318E+06  0.157475E+07
  0.145264E+00  0.156394E+07  0.155666E+07  0.000000E+00  0.000000E+00  0.361561E+06  0.154511E+07
  0.147091E+00  0.153409E+07  0.152666E+07  0.000000E+00  0.000000E+00  0.350088E+06  0.151551E+07
  0.148918E+00  0.150447E+07  0.149686E+07  0.000000E+00  0.000000E+00  0.338930E+06  0.148614E+07
  0.150745E+00  0.147526E+07  0.146747E+07  0.000000E+00  0.000000E+00  0.328119E+06  0.145716E+07
  0.152572E+00  0.144662E+07  0.143867E+07  0.000000E+00  0.000000E+00  0.317683E+06  0.142877E+07
  0.154399E+00  0.141873E+07  0.141062E+07  0.000000E+00  0.000000E+00  0.307647E+06  0.140112E+07
  0.156226E+00  0.139173E+07  0.138349E+07  0.000000E+00  0.000000E+00  0.298030E+06  0.137436E+07
  0.158053E+00  0.136577E+07  0.135743E+07  0.000000E+00  0.000000E+00  0.288849E+06  0.134862E+07
  0.159880E+00  0.134094E+07  0.133254E+07  0.000000E+00  0.000000E+00  0.280112E+06  0.132403E+07
  0.161707E+00  0.131734E+07  0.130891E+07  0.000000E+00  0.000000E+00  0.271822E+06  0.130065E+07
  0.163534E+00  0.129503E+07  0.128661E+07  0.000000E+00  0.000000E+00  0.263977E+06  0.127855E+07
  0.165361E+00  0.127403E+07  0.126567E+07  0.000000E+00  0.000000E+00  0.256569E+06  0.125776E+07
  0.167188E+00  0.125433E+07  0.124607E+07  0.000000E+00  0.000000E+00  0.249581E+06  0.123826E+07
  0.169015E+00  0.123590E+07  0.122777E+07  0.000000E+00  0.000000E+00  0.242993E+06  0.122003E+07
  0.170843E+00  0.121868E+07  0.121073E+07  0.000000E+00  0.000000E+00  0.236781E+06  0.120300E+07
  0.172670E+00  0.120260E+07  0.119485E+07  0.000000E+00  0.000000E+00  0.230919E+06  0.118710E+07
  0.174497E+00  0.118756E+07  0.118003E+07  0.000000E+00  0.000000E+00  0.225377E+06  0.117223E+07
  0.176324E+00  0.117345E+07  0.116617E+07  0.000000E+00  0.000000E+00  0.220123E+06  0.115829E+07
  0.178151E+00  0.116015E+07  0.115313E+07  0.000000E+00  0.000000E+00  0.215128E+06  0.114515E+07
  0.179978E+00  0.114753E+07  0.114078E+07  0.000000E+00  0.000000E+00  0.210358E+06  0.113269E+07
  0.181805E+00  0.113546E+07  0.112898E+07  0.000000E+00  0.000000E+00  0.205784E+06  0.112077E+07
  0.183632E+00  0.112380E+07  0.111758E+07  0.000000E+00  0.000000E+00  0.201373E+06  0.110926E+07
  0.185459E+00  0.111241E+07  0.110646E+07  0.000000E+00  0.000000E+00  0.197099E+06  0.109802E+07
  0.187286E+00  0.110119E+07  0.109548E+07  0.000000E+00  0.000000E+00  0.192936E+06  0.108694E+07
  0.189113E+00  0.109003E+07  0.108453E+07  0.000000E+00  0.000000E+00  0.188864E+06  0.107591E+07
  0.190940E+00  0.107882E+07  0.107353E+07  0.000000E+00  0.000000E+00  0.184863E+06  0.106484E+07
  0.192767E+00  0.106751E+07  0.106239E+07  0.000000E+00  0.000000E+00  0.180919E+06  0.105366E+07
  0.194594E+00  0.105601E+07  0.105105E+07  0.000000E+00  0.000000E+00  0.177021E+06  0.104230E+07
  0.196421E+00  0.104430E+07  0.103945E+07  0.000000E+00  0.000000E+00  0.173159E+06  0.103072E+07
  0.198248E+00  0.103233E+07  0.102758E+07  0.000000E+00  0.000000E+00  0.169330E+06  0.101889E+07
  0.200075E+00  0.102011E+07  0.101543E+07  0.000000E+00  0.000000E+00  0.165532E+06  0.100681E+07
  0.201903E+00  0.100764E+07  0.100300E+07  0.000000E+00  0.000000E+00  0.161764E+06  0.994469E+06
  0.203730E+00  0.994935E+06  0.990315E+06  0.000000E+00  0.000000E+00  0.158029E+06  0.981899E+06
  0.205557E+00  0.982036E+06  0.977415E+06  0.000000E+00  0.000000E+00  0.154334E+06  0.969136E+06
  0.207384E+00  0.968993E+06  0.964353E+06  0.000000E+00  0.000000E+00  0.150685E+06  0.956228E+06
  0.209211E+00  0.955859E+06  0.951187E+06  0.000000E+00  0.000000E+00  0.147091E+06  0.943230E+06
  0.211038E+00  0.942699E+06  0.937985E+06  0.000000E+00  0.000000E+00  0.143558E+06  0.930205E+06
  0.212865E+00  0.929579E+06  0.924817E+06  0.000000E+00  0.000000E+00  0.140097E+06  0.917220E+06
  0.214692E+00  0.916567E+06  0.911753E+06  0.000000E+00  0.000000E+00  0.136716E+06  0.904342E+06
  0.216519E+00  0.903727E+06  0.898862E+06  0.000000E+00  0.000000E+00  0.133423E+06  0.891635E+06
  0.218346E+00  0.891123E+06  0.886212E+06  0.000000E+00  0.000000E+00  0.130224E+06  0.879162E+06
  0.220173E+00  0.878813E+06  0.873862E+06  0.000000E+00  0.000000E+00  0.127127E+06  0.866982E+06
  0.222000E+00  0.866851E+06  0.861869E+06  0.000000E+00  0.000000E+00  0.124135E+06  0.855146E+06
  0.223827E+00  0.855282E+06  0.850282E+06  0.000000E+00  0.000000E+00  0.121253E+06  0.843703E+06
  0.225654E+00  0.844145E+06  0.839139E+06  0.000000E+00  0.000000E+00  0.118483E+06  0.832688E+06
  0.227481E+00  0.833464E+06  0.828466E+06  0.000000E+00  0.000000E+00  0.115826E+06  0.822126E+06
  0.229308E+00  0.823254E+06  0.818279E+06  0.000000E+00  0.000000E+00  0.113282E+06  0.812033E+06
  0.231135E+00  0.813521E+06  0.808583E+06  0.000000E+00  0.000000E+00  0.110847E+06  0.802413E+06
  0.232963E+00  0.804258E+06  0.799371E+06  0.000000E+00  0.000000E+00  0.108518E+06  0.793260E+06
  0.234790E+00  0.795451E+06  0.790628E+06  0.000000E+00  0.000000E+00  0.106290E+06  0.784559E+06
  0.236617E+00  0.787077E+06  0.782331E+06  0.000000E+00  0.000000E+00  0.104159E+06  0.776289E+06
  0.238444E+00  0.779108E+06  0.774448E+06  0.000000E+00  0.000000E+00  0.102117E+06  0.768421E+06
  0.240271E+00  0.771509E+06  0.766945E+06  0.000000E+00  0.000000E+00  0.100157E+06  0.760920E+06
  0.242098E+00  0.764242E+06  0.759780E+06  0.000000E+00  0.000000E+00  0.982734E+05  0.753748E+06
  0.243925E+00  0.757261E+06  0.752905E+06  0.000000E+00  0.000000E+00  0.964574E+05  0.746859E+06
  0.245752E+00  0.750518E+06  0.746271E+06  0.000000E+00  0.000000E+00  0.947016E+05  0.740207E+06
  0.247579E+00  0.743968E+06  0.739829E+06  0.000000E+00  0.000000E+00  0.929986E+05  0.733744E+06
  0.249406E+00  0.737562E+06  0.733529E+06  0.000000E+00  0.000000E+00  0.913413E+05  0.727424E+06
  0.251233E+00  0.731256E+06  0.727327E+06  0.000000E+00  0.000000E+00  0.897231E+05  0.721204E+06
  0.253060E+00  0.725011E+06  0.721179E+06  0.000000E+00  0.000000E+00  0.881383E+05  0.715042E+06
  0.254887E+00  0.718790E+06  0.715049E+06  0.000000E+00  0.000000E+00  0.865818E+05  0.708904E+06
  0.256714E+00  0.712563E+06  0.708904E+06  0.000000E+00  0.000000E+00  0.850491E+05  0.702759E+06
  0.258541E+00  0.706304E+06  0.702718E+06  0.000000E+00  0.000000E+00  0.835370E+05  0.696581E+06
  0.260368E+00  0.699992E+06  0.696471E+06  0.000000E+00  0.000000E+00  0.820426E+05  0.690350E+06
  0.262195E+00  0.693613E+06  0.690146E+06  0.000000E+00  0.000000E+00  0.805638E+05  0.684051E+06
  0.264023E+00  0.687157E+06  0.683735E+06  0.000000E+00  0.000000E+00  0.790993E+05  0.677676E+06
  0.265850E+00  0.680622E+06  0.677237E+06  0.000000E+00  0.000000E+00  0.776487E+05  0.671222E+06
  0.267677E+00  0.674014E+06  0.670654E+06  0.000000E+00  0.000000E+00  0.762123E+05  0.664693E+06
  0.269504E+00  0.667339E+06  0.663998E+06  0.000000E+00  0.000000E+00  0.747908E+05  0.658098E+06
  0.271331E+00  0.660611E+06  0.657282E+06  0.000000E+00  0.000000E+00  0.733855E+05  0.651451E+06
  0.273158E+00  0.653849E+06  0.650525E+06  0.000000E+00  0.000000E+00  0.719982E+05  0.644769E+06
  0.274985E+00  0.647073E+06  0.643749E+06  0.000000E+00  0.000000E+00  0.706306E+05  0.638072E+06
  0.276812E+00  0.640304E+06  0.636977E+06  0.000000E+00  0.000000E+00  0.692850E+05  0.631383E+06
  0.278639E+00  0.633565E+06  0.630233E+06  0.000000E+00  0.000000E+00  0.679632E+05  0.624723E+06
  0.280466E+00  0.626879E+06  0.623540E+06  0.000000E+00  0.000000E+00  0.666674E+05  0.618115E+06
  0.282293E+00  0.620270E+06  0.616924E+06  0.000000E+00  0.000000E+00  0.653993E+05  0.611584E+06
  0.284120E+00  0.613759E+06  0.610409E+06  0.000000E+00  0.000000E+00  0.641610E+05  0.605150E+06
  0.285947E+00  0.607369E+06  0.604015E+06  0.000000E+00  0.000000E+00  0.629538E+05  0.598835E+06
  0.287774E+00  0.601117E+06  0.597764E+06  0.000000E+00  0.000000E+00  0.617792E+05  0.592659E+06
  0.289601E+00  0.595021E+06  0.591672E+06  0.000000E+00  0.000000E+00  0.606380E+05  0.586636E+06
  0.291428E+00  0.589092E+06  0.585751E+06  0.000000E+00  0.000000E+00  0.595309E+05  0.580779E+06
  0.293255E+00  0.583340E+06  0.580012E+06  0.000000E+00  0.000000E+00  0.584580E+05  0.575098E+06
  0.295083E+00  0.577769E+06  0.574459E+06  0.000000E+00  0.000000E+00  0.574191E+05  0.569597E+06
  0.296910E+00  0.572381E+06  0.569094E+06  0.000000E+00  0.000000E+00  0.564135E+05  0.564276E+06
  0.298737E+00  0.567172E+06  0.563913E+06  0.000000E+00  0.000000E+00  0.554402E+05  0.559135E+06
  0.300564E+00  0.562141E+06  0.558914E+06  0.000000E+00  0.000000E+00  0.544983E+05  0.554169E+06
  0.302391E+00  0.557280E+06  0.554090E+06  0.000000E+00  0.000000E+00  0.535864E+05  0.549372E+06
  0.304218E+00  0.552580E+06  0.549429E+06  0.000000E+00  0.000000E+00  0.527031E+05  0.544734E+06
  0.306045E+00  0.548028E+06  0.544921E+06  0.000000E+00  0.000000E+00  0.518464E+05  0.540243E+06
  0.307872E+00  0.543611E+06  0.540549E+06  0.000000E+00  0.000000E+00  0.510146E+05  0.535886E+06
  0.309699E+00  0.539314E+06  0.536297E+06  0.000000E+00  0.000000E+00  0.502056E+05  0.531647E+06
  0.311526E+00  0.535118E+06  0.532149E+06  0.000000E+00  0.000000E+00  0.494174E+05  0.527508E+06
  0.313353E+00  0.531008E+06  0.528087E+06  0.000000E+00  0.000000E+00  0.486481E+05  0.523455E+06
  0.315180E+00  0.526968E+06  0.524094E+06  0.000000E+00  0.000000E+00  0.478958E+05  0.519471E+06
  0.317007E+00  0.522983E+06  0.520155E+06  0.000000E+00  0.000000E+00  0.471589E+05  0.515541E+06
  0.318834E+00  0.519039E+06  0.516254E+06  0.000000E+00  0.000000E+00  0.464357E+05  0.511650E+06
  0.320661E+00  0.515122E+06  0.512379E+06  0.000000E+00  0.000000E+00  0.457249E+05  0.507787E+06
  0.322488E+00  0.511222E+06  0.508517E+06  0.000000E+00  0.000000E+00  0.450252E+05  0.503940E+06
  0.324315E+00  0.507328E+06  0.504660E+06  0.000000E+00  0.000000E+00  0.443356E+05  0.500099E+06
  0.326142E+00  0.503433E+06  0.500797E+06  0.000000E+00  0.000000E+00  0.436552E+05  0.496257E+06
  0.327970E+00  0.499531E+06  0.496924E+06  0.000000E+00  0.000000E+00  0.429833E+05  0.492407E+06
  0.329797E+00  0.495618E+06  0.493037E+06  0.000000E+00  0.000000E+00  0.423196E+05  0.488545E+06
  0.331624E+00  0.491693E+06  0.489134E+06  0.000000E+00  0.000000E+00  0.416636E+05  0.484672E+06
  0.333451E+00  0.487756E+06  0.485216E+06  0.000000E+00  0.000000E+00  0.410155E+05  0.480786E+06
  0.335278E+00  0.483811E+06  0.481287E+06  0.000000E+00  0.000000E+00  0.403753E+05  0.476892E+06
  0.337105E+00  0.479861E+06  0.477352E+06  0.000000E+00  0.000000E+00  0.397432E+05  0.472994E+06
  0.338932E+00  0.475913E+06  0.473414E+06  0.000000E+00  0.000000E+00  0.391195E+05  0.469096E+06
  0.340759E+00  0.471971E+06  0.469482E+06  0.000000E+00  0.000000E+00  0.385047E+05  0.465204E+06
  0.342586E+00  0.468043E+06  0.465562E+06  0.000000E+00  0.000000E+00  0.378991E+05  0.461327E+06
  0.344413E+00  0.464137E+06  0.461663E+06  0.000000E+00  0.000000E+00  0.373032E+05  0.457470E+06
  0.346240E+00  0.460260E+06  0.457792E+06  0.000000E+00  0.000000E+00  0.367174E+05  0.453643E+06
  0.348067E+00  0.456420E+06  0.453959E+06  0.000000E+00  0.000000E+00  0.361422E+05  0.449852E+06
  0.349894E+00  0.452625E+06  0.450171E+06  0.000000E+00  0.000000E+00  0.355781E+05  0.446106E+06
  0.351721E+00  0.448884E+06  0.446436E+06  0.000000E+00  0.000000E+00  0.350254E+05  0.442412E+06
  0.353548E+00  0.445201E+06  0.442761E+06  0.000000E+00  0.000000E+00  0.344846E+05  0.438777E+06
  0.355375E+00  0.441584E+06  0.439153E+06  0.000000E+00  0.000000E+00  0.339556E+05  0.435207E+06
  0.357203E+00  0.438036E+06  0.435615E+06  0.000000E+00  0.000000E+00  0.334388E+05  0.431705E+06
  0.359030E+00  0.434560E+06  0.432151E+06  0.000000E+00  0.000000E+00  0.329340E+05  0.428274E+06
  0.360857E+00  0.431158E+06  0.428762E+06  0.000000E+00  0.000000E+00  0.324413E+05  0.424917E+06
  0.362684E+00  0.427831E+06  0.425450E+06  0.000000E+00  0.000000E+00  0.319604E+05  0.421635E+06
  0.364511E+00  0.424579E+06  0.422216E+06  0.000000E+00  0.000000E+00  0.314912E+05  0.418427E+06
  0.366338E+00  0.421402E+06  0.419056E+06  0.000000E+00  0.000000E+00  0.310334E+05  0.415293E+06
  0.368165E+00  0.418298E+06  0.415971E+06  0.000000E+00  0.000000E+00  0.305867E+05  0.412230E+06
  0.369992E+00  0.415263E+06  0.412957E+06  0.000000E+00  0.000000E+00  0.301505E+05  0.409236E+06
  0.371819E+00  0.412293E+06  0.410008E+06  0.000000E+00  0.000000E+00  0.297245E+05  0.406307E+06
  0.373646E+00  0.409383E+06  0.407121E+06  0.000000E+00  0.000000E+00  0.293080E+05  0.403438E+06
  0.375473E+00  0.406528E+06  0.404289E+06  0.000000E+00  0.000000E+00  0.289006E+05  0.400623E+06
  0.377300E+00  0.403723E+06  0.401508E+06  0.000000E+00  0.000000E+00  0.285016E+05  0.397856E+06
  0.379127E+00  0.400962E+06  0.398770E+06  0.000000E+00  0.000000E+00  0.281106E+05  0.395134E+06
  0.380954E+00  0.398240E+06  0.396071E+06  0.000000E+00  0.000000E+00  0.277270E+05  0.392450E+06
  0.382781E+00  0.395551E+06  0.393405E+06  0.000000E+00  0.000000E+00  0.273504E+05  0.389798E+06
  0.384608E+00  0.392891E+06  0.390767E+06  0.000000E+00  0.000000E+00  0.269802E+05  0.387175E+06
  0.386435E+00  0.390254E+06  0.388153E+06  0.000000E+00  0.000000E+00  0.266162E+05  0.384576E+06
  0.388262E+00  0.387638E+06  0.385556E+06  0.000000E+00  0.000000E+00  0.262577E+05  0.381996E+06
  0.390090E+00  0.385036E+06  0.382975E+06  0.000000E+00  0.000000E+00  0.259046E+05  0.379430E+06
  0.391917E+00  0.382448E+06  0.380404E+06  0.000000E+00  0.000000E+00  0.255565E+05  0.376877E+06
  0.393744E+00  0.379869E+06  0.377843E+06  0.000000E+00  0.000000E+00  0.252132E+05  0.374334E+06
  0.395571E+00  0.377298E+06  0.375288E+06  0.000000E+00  0.000000E+00  0.248744E+05  0.371799E+06
  0.397398E+00  0.374735E+06  0.372741E+06  0.000000E+00  0.000000E+00  0.245401E+05  0.369271E+06
  0.399225E+00  0.372180E+06  0.370199E+06  0.000000E+00  0.000000E+00  0.242102E+05  0.366750E+06
  0.401052E+00  0.369632E+06  0.367664E+06  0.000000E+00  0.000000E+00  0.238847E+05  0.364238E+06
  0.402879E+00  0.367093E+06  0.365137E+06  0.000000E+00  0.000000E+00  0.235635E+05  0.361733E+06
  0.404706E+00  0.364564E+06  0.362619E+06  0.000000E+00  0.000000E+00  0.232467E+05  0.359239E+06
  0.406533E+00  0.362047E+06  0.360112E+06  0.000000E+00  0.000000E+00  0.229343E+05  0.356755E+06
  0.408360E+00  0.359543E+06  0.357617E+06  0.000000E+00  0.000000E+00  0.226263E+05  0.354285E+06
  0.410187E+00  0.357054E+06  0.355137E+06  0.000000E+00  0.000000E+00  0.223228E+05  0.351830E+06
  0.412014E+00  0.354584E+06  0.352676E+06  0.000000E+00  0.000000E+00  0.220239E+05  0.349393E+06
  0.413841E+00  0.352134E+06  0.350234E+06  0.000000E+00  0.000000E+00  0.217297E+05  0.346976E+06
  0.415668E+00  0.349708E+06  0.347817E+06  0.000000E+00  0.000000E+00  0.214404E+05  0.344583E+06
  0.417495E+00  0.347308E+06  0.345425E+06  0.000000E+00  0.000000E+00  0.211559E+05  0.342215E+06
  0.419322E+00  0.344936E+06  0.343061E+06  0.000000E+00  0.000000E+00  0.208763E+05  0.339875E+06
  0.421150E+00  0.342593E+06  0.340727E+06  0.000000E+00  0.000000E+00  0.206016E+05  0.337564E+06
  0.422977E+00  0.340282E+06  0.338425E+06  0.000000E+00  0.000000E+00  0.203320E+05  0.335284E+06
  0.424804E+00  0.338003E+06  0.336156E+06  0.000000E+00  0.000000E+00  0.200672E+05  0.333036E+06
  0.426631E+00  0.335757E+06  0.333920E+06  0.000000E+00  0.000000E+00  0.198074E+05  0.330821E+06
  0.428458E+00  0.333545E+06  0.331718E+06  0.000000E+00  0.000000E+00  0.195525E+05  0.328640E+06
  0.430285E+00  0.331368E+06  0.329552E+06  0.000000E+00  0.000000E+00  0.193024E+05  0.326492E+06
  0.432112E+00  0.329224E+06  0.327420E+06  0.000000E+00  0.000000E+00  0.190571E+05  0.324379E+06
  0.433939E+00  0.327115E+06  0.325322E+06  0.000000E+00  0.000000E+00  0.188165E+05  0.322299E+06
  0.435766E+00  0.325038E+06  0.323258E+06  0.000000E+00  0.000000E+00  0.185803E+05  0.320251E+06
  0.437593E+00  0.322993E+06  0.321225E+06  0.000000E+00  0.000000E+00  0.183485E+05  0.318235E+06
  0.439420E+00  0.320978E+06  0.319223E+06  0.000000E+00  0.000000E+00  0.181210E+05  0.316248E+06
  0.441247E+00  0.318991E+06  0.317249E+06  0.000000E+00  0.000000E+00  0.178975E+05  0.314289E+06
  0.443074E+00  0.317030E+06  0.315302E+06  0.000000E+00  0.000000E+00  0.176779E+05  0.312356E+06
  0.444901E+00  0.315095E+06  0.313379E+06  0.000000E+00  0.000000E+00  0.174620E+05  0.310448E+06
  0.446728E+00  0.313182E+06  0.311480E+06  0.000000E+00  0.000000E+00  0.172498E+05  0.308562E+06
  0.448555E+00  0.311291E+06  0.309602E+06  0.000000E+00  0.000000E+00  0.170409E+05  0.306698E+06
  0.450382E+00  0.309419E+06  0.307743E+06  0.000000E+00  0.000000E+00  0.168354E+05  0.304853E+06
  0.452210E+00  0.307565E+06  0.305901E+06  0.000000E+00  0.000000E+00  0.166330E+05  0.303025E+06
  0.454037E+00  0.305726E+06  0.304075E+06  0.000000E+00  0.000000E+00  0.164336E+05  0.301212E+06
  0.455864E+00  0.303902E+06  0.302262E+06  0.000000E+00  0.000000E+00  0.162370E+05  0.299413E+06
  0.457691E+00  0.302090E+06  0.300462E+06  0.000000E+00  0.000000E+00  0.160432E+05  0.297627E+06
  0.459518E+00  0.300291E+06  0.298674E+06  0.000000E+00  0.000000E+00  0.158521E+05  0.295853E+06
  0.461345E+00  0.298502E+06  0.296896E+06  0.000000E+00  0.000000E+00  0.156636E+05  0.294090E+06
  0.463172E+00  0.296725E+06  0.295129E+06  0.000000E+00  0.000000E+00  0.154775E+05  0.292337E+06
  0.464999E+00  0.294957E+06  0.293372E+06  0.000000E+00  0.000000E+00  0.152940E+05  0.290595E+06
  0.466826E+00  0.293200E+06  0.291624E+06  0.000000E+00  0.000000E+00  0.151129E+05  0.288862E+06
  0.468653E+00  0.291453E+06  0.289886E+06  0.000000E+00  0.000000E+00  0.149341E+05  0.287140E+06
  0.470480E+00  0.289716E+06  0.288157E+06  0.000000E+00  0.000000E+00  0.147578E+05  0.285427E+06
  0.472307E+00  0.287989E+06  0.286439E+06  0.000000E+00  0.000000E+00  0.145837E+05  0.283724E+06
  0.474134E+00  0.286273E+06  0.284731E+06  0.000000E+00  0.000000E+00  0.144120E+05  0.282032E+06
  0.475961E+00  0.284569E+06  0.283035E+06  0.000000E+00  0.000000E+00  0.142427E+05  0.280352E+06
  0.477788E+00  0.282877E+06  0.281351E+06  0.000000E+00  0.000000E+00  0.140757E+05  0.278684E+06
  0.479615E+00  0.281198E+06  0.279680E+06  0.000000E+00  0.000000E+00  0.139110E+05  0.277029E+06
  0.481442E+00  0.279534E+06  0.278023E+06  0.000000E+00  0.000000E+00  0.137487E+05  0.275387E+06
  0.483270E+00  0.277884E+06  0.276380E+06  0.000000E+00  0.000000E+00  0.135888E+05  0.273760E+06
  0.485097E+00  0.276248E+06  0.274752E+06  0.000000E+00  0.000000E+00  0.134312E+05  0.272148E+06
  0.486924E+00  0.274629E+06  0.273139E+06  0.000000E+00  0.000000E+00  0.132759E+05  0.270551E+06
  0.488751E+00  0.273025E+06  0.271543E+06  0.000000E+00  0.000000E+00  0.131230E+05  0.268970E+06
  0.490578E+00  0.271439E+06  0.269964E+06  0.000000E+00  0.000000E+00  0.129724E+05  0.267405E+06
  0.492405E+00  0.269869E+06  0.268403E+06  0.000000E+00  0.000000E+00  0.128241E+05  0.265858E+06
  0.494232E+00  0.268318E+06  0.266859E+06  0.000000E+00  0.000000E+00  0.126782E+05  0.264328E+06
  0.496059E+00  0.266784E+06  0.265333E+06  0.000000E+00  0.000000E+00  0.125345E+05  0.262816E+06
  0.497886E+00  0.265268E+06  0.263825E+06  0.000000E+00  0.000000E+00  0.123931E+05  0.261322E+06
  0.499713E+00  0.263769E+06  0.262334E+06  0.000000E+00  0.000000E+00  0.122539E+05  0.259845E+06
  0.501540E+00  0.262288E+06  0.260861E+06  0.000000E+00  0.000000E+00  0.121169E+05  0.258384E+06
  0.503367E+00  0.260823E+06  0.259404E+06  0.000000E+00  0.000000E+00  0.119820E+05  0.256940E+06
  0.505194E+00  0.259375E+06  0.257964E+06  0.000000E+00  0.000000E+00  0.118491E+05  0.255513E+06
  0.507021E+00  0.257942E+06  0.256540E+06  0.000000E+00  0.000000E+00  0.117182E+05  0.254100E+06
  0.508848E+00  0.256525E+06  0.255131E+06  0.000000E+00  0.000000E+00  0.115894E+05  0.252703E+06
  0.510675E+00  0.255122E+06  0.253737E+06  0.000000E+00  0.000000E+00  0.114624E+05  0.251321E+06
  0.512502E+00  0.253734E+06  0.252357E+06  0.000000E+00  0.000000E+00  0.113372E+05  0.249952E+06
  0.514329E+00  0.252359E+06  0.250990E+06  0.000000E+00  0.000000E+00  0.112139E+05  0.248597E+06
  0.516157E+00  0.250996E+06  0.249636E+06  0.000000E+00  0.000000E+00  0.110923E+05  0.247254E+06
  0.517984E+00  0.249646E+06  0.248294E+06  0.000000E+00  0.000000E+00  0.109724E+05  0.245923E+06
  0.519811E+00  0.248306E+06  0.246962E+06  0.000000E+00  0.000000E+00  0.108542E+05  0.244603E+06
  0.521638E+00  0.246978E+06  0.245641E+06  0.000000E+00  0.000000E+00  0.107375E+05  0.243293E+06
  0.523465E+00  0.245659E+06  0.244331E+06  0.000000E+00  0.000000E+00  0.106224E+05  0.241993E+06
  0.525292E+00  0.244350E+06  0.243030E+06  0.000000E+00  0.000000E+00  0.105087E+05  0.240703E+06
  0.527119E+00  0.243051E+06  0.241738E+06  0.000000E+00  0.000000E+00  0.103966E+05  0.239423E+06
  0.528946E+00  0.241761E+06  0.240455E+06  0.000000E+00  0.000000E+00  0.102859E+05  0.238151E+06
  0.530773E+00  0.240480E+06  0.239181E+06  0.000000E+00  0.000000E+00  0.101766E+05  0.236889E+06
  0.532600E+00  0.239207E+06  0.237916E+06  0.000000E+00  0.000000E+00  0.100687E+05  0.235634E+06
  0.534427E+00  0.237943E+06  0.236658E+06  0.000000E+00  0.000000E+00  0.996218E+04  0.234388E+06
  0.536254E+00  0.236687E+06  0.235409E+06  0.000000E+00  0.000000E+00  0.985697E+04  0.233150E+06
  0.538081E+00  0.235440E+06  0.234168E+06  0.000000E+00  0.000000E+00  0.975309E+04  0.231921E+06
  0.539908E+00  0.234201E+06  0.232936E+06  0.000000E+00  0.000000E+00  0.965052E+04  0.230699E+06
  0.541735E+00  0.232971E+06  0.231712E+06  0.000000E+00  0.000000E+00  0.954925E+04  0.229487E+06
  0.543562E+00  0.231749E+06  0.230497E+06  0.000000E+00  0.000000E+00  0.944928E+04  0.228283E+06
  0.545389E+00  0.230537E+06  0.229290E+06  0.000000E+00  0.000000E+00  0.935059E+04  0.227087E+06
  0.547217E+00  0.229333E+06  0.228093E+06  0.000000E+00  0.000000E+00  0.925317E+04  0.225901E+06
  0.549044E+00  0.228139E+06  0.226905E+06  0.000000E+00  0.000000E+00  0.915700E+04  0.224724E+06
  0.550871E+00  0.226954E+06  0.225726E+06  0.000000E+00  0.000000E+00  0.906209E+04  0.223556E+06
  0.552698E+00  0.225778E+06  0.224556E+06  0.000000E+00  0.000000E+00  0.896841E+04  0.222397E+06
  0.554525E+00  0.224613E+06  0.223396E+06  0.000000E+00  0.000000E+00  0.887596E+04  0.221248E+06
  0.556352E+00  0.223457E+06  0.222246E+06  0.000000E+00  0.000000E+00  0.878474E+04  0.220109E+06
  0.558179E+00  0.222311E+06  0.221106E+06  0.000000E+00  0.000000E+00  0.869473E+04  0.218979E+06
  0.560006E+00  0.221175E+06  0.219976E+06  0.000000E+00  0.000000E+00  0.860593E+04  0.217860E+06
  0.561833E+00  0.220049E+06  0.218856E+06  0.000000E+00  0.000000E+00  0.851832E+04  0.216750E+06
  0.563660E+00  0.218934E+06  0.217746E+06  0.000000E+00  0.000000E+00  0.843188E+04  0.215651E+06
  0.565487E+00  0.217828E+06  0.216646E+06  0.000000E+00  0.000000E+00  0.834660E+04  0.214561E+06
  0.567314E+00  0.216732E+06  0.215557E+06  0.000000E+00  0.000000E+00  0.826245E+04  0.213481E+06
  0.569141E+00  0.215646E+06  0.214477E+06  0.000000E+00  0.000000E+00  0.817942E+04  0.212411E+06
  0.570968E+00  0.214570E+06  0.213406E+06  0.000000E+00  0.000000E+00  0.809749E+04  0.211350E+06
  0.572795E+00  0.213504E+06  0.212346E+06  0.000000E+00  0.000000E+00  0.801665E+04  0.210299E+06
  0.574622E+00  0.212447E+06  0.211295E+06  0.000000E+00  0.000000E+00  0.793688E+04  0.209258E+06
  0.576449E+00  0.211399E+06  0.210253E+06  0.000000E+00  0.000000E+00  0.785815E+04  0.208225E+06
  0.578277E+00  0.210360E+06  0.209220E+06  0.000000E+00  0.000000E+00  0.778045E+04  0.207201E+06
  0.580104E+00  0.209330E+06  0.208196E+06  0.000000E+00  0.000000E+00  0.770375E+04  0.206187E+06
  0.581931E+00  0.208309E+06  0.207180E+06  0.000000E+00  0.000000E+00  0.762803E+04  0.205180E+06
  0.583758E+00  0.207296E+06  0.206173E+06  0.000000E+00  0.000000E+00  0.755326E+04  0.204181E+06
  0.703301E+00  0.154547E+06  0.153711E+06  0.000000E+00  0.000000E+00  0.416819E+04  0.152204E+06
  0.859015E+00  0.112198E+06  0.111591E+06  0.000000E+00  0.000000E+00  0.216745E+04  0.110484E+06
  0.104920E+01  0.810705E+05  0.806317E+05  0.000000E+00  0.000000E+00  0.111066E+04  0.798254E+05
  0.128150E+01  0.583296E+05  0.580139E+05  0.000000E+00  0.000000E+00  0.561690E+03  0.574303E+05
  0.156523E+01  0.418046E+05  0.415782E+05  0.000000E+00  0.000000E+00  0.366303E+03  0.411595E+05
  0.191177E+01  0.298546E+05  0.296928E+05  0.000000E+00  0.000000E+00  0.183296E+03  0.293928E+05
  0.233504E+01  0.212514E+05  0.211361E+05  0.000000E+00  0.000000E+00  0.907541E+02  0.209221E+05
  0.285203E+01  0.150824E+05  0.150004E+05  0.000000E+00  0.000000E+00  0.445118E+02  0.148483E+05
  0.348347E+01  0.106749E+05  0.106167E+05  0.000000E+00  0.000000E+00  0.216488E+02  0.105091E+05
  0.425472E+01  0.753643E+04  0.749516E+04  0.000000E+00  0.000000E+00  0.104513E+02  0.741925E+04
  0.519673E+01  0.530831E+04  0.527905E+04  0.000000E+00  0.000000E+00  0.501285E+01  0.522571E+04
  0.634731E+01  0.373090E+04  0.371013E+04  0.000000E+00  0.000000E+00  0.239083E+01  0.367279E+04
  0.775262E+01  0.261701E+04  0.260223E+04  0.000000E+00  0.000000E+00  0.113475E+01  0.257622E+04
  0.946906E+01  0.183229E+04  0.182173E+04  0.000000E+00  0.000000E+00  0.536338E+00  0.180369E+04
  0.115655E+02  0.128067E+04  0.127305E+04  0.000000E+00  0.000000E+00  0.252597E+00  0.126064E+04
  0.141262E+02  0.893670E+03  0.888114E+03  0.000000E+00  0.000000E+00  0.118603E+00  0.879656E+03
  0.172538E+02  0.622673E+03  0.618552E+03  0.000000E+00  0.000000E+00  0.555424E-01  0.612870E+03
  0.210738E+02  0.433235E+03  0.430108E+03  0.000000E+00  0.000000E+00  0.259521E-01  0.426374E+03
  0.257396E+02  0.301020E+03  0.298579E+03  0.000000E+00  0.000000E+00  0.121020E-01  0.296212E+03
  0.314384E+02  0.208882E+03  0.206909E+03  0.000000E+00  0.000000E+00  0.563329E-02  0.205502E+03
  0.383990E+02  0.144760E+03  0.143106E+03  0.000000E+00  0.000000E+00  0.261781E-02  0.142373E+03
  0.469006E+02  0.100194E+03  0.987543E+02  0.000000E+00  0.000000E+00  0.121452E-02  0.984969E+02
  0.572845E+02  0.692570E+02  0.679586E+02  0.000000E+00  0.000000E+00  0.562521E-03  0.680372E+02
  0.699675E+02  0.478052E+02  0.465987E+02  0.000000E+00  0.000000E+00  0.260062E-03  0.469155E+02
  0.854584E+02  0.329465E+02  0.317989E+02  0.000000E+00  0.000000E+00  0.119978E-03  0.322846E+02
  0.104379E+03  0.226644E+02  0.215552E+02  0.000000E+00  0.000000E+00  0.552069E-04  0.221599E+02
