  0.353793E-05  0.120615E+08  0.120615E+08  0.160815E+08  0.160815E+08  0.120617E+08  0.120615E+08
  0.365776E-05  0.120615E+08  0.120615E+08  0.160815E+08  0.160814E+08  0.120617E+08  0.120615E+08
  0.378166E-05  0.120615E+08  0.120615E+08  0.160814E+08  0.160814E+08  0.120617E+08  0.120615E+08
  0.390975E-05  0.120615E+08  0.120615E+08  0.160814E+08  0.160813E+08  0.120617E+08  0.120615E+08
  0.404219E-05  0.120615E+08  0.120615E+08  0.160813E+08  0.160813E+08  0.120617E+08  0.120615E+08
  0.417910E-05  0.120615E+08  0.120615E+08  0.160813E+08  0.160813E+08  0.120617E+08  0.120615E+08
  0.432066E-05  0.120615E+08  0.120615E+08  0.160812E+08  0.160812E+08  0.120617E+08  0.120615E+08
  0.446701E-05  0.120615E+08  0.120615E+08  0.160812E+08  0.160811E+08  0.120617E+08  0.120615E+08
  0.461832E-05  0.120615E+08  0.120615E+08  0.160811E+08  0.160811E+08  0.120617E+08  0.120615E+08
  0.477475E-05  0.120615E+08  0.120615E+08  0.160811E+08  0.160810E+08  0.120617E+08  0.120615E+08
  0.493648E-05  0.120615E+08  0.120615E+08  0.160810E+08  0.160809E+08  0.120617E+08  0.120615E+08
  0.510369E-05  0.120615E+08  0.120615E+08  0.160809E+08  0.160809E+08  0.120617E+08  0.120615E+08
  0.527657E-05  0.120615E+08  0.120615E+08  0.160808E+08  0.160808E+08  0.120617E+08  0.120615E+08
  0.545530E-05  0.120615E+08  0.120615E+08  0.160808E+08  0.160807E+08  0.120617E+08  0.120615E+08
  0.564008E-05  0.120615E+08  0.120615E+08  0.160807E+08  0.160806E+08  0.120617E+08  0.120615E+08
  0.583112E-05  0.120615E+08  0.120615E+08  0.160806E+08  0.160805E+08  0.120617E+08  0.120615E+08
  0.602864E-05  0.120615E+08  0.120615E+08  0.160805E+08  0.160804E+08  0.120617E+08  0.120615E+08
  0.623284E-05  0.120615E+08  0.120615E+08  0.160804E+08  0.160803E+08  0.120617E+08  0.120615E+08
  0.644396E-05  0.120615E+08  0.120615E+08  0.160803E+08  0.160802E+08  0.120617E+08  0.120615E+08
  0.666224E-05  0.120615E+08  0.120615E+08  0.160801E+08  0.160801E+08  0.120617E+08  0.120615E+08
  0.688790E-05  0.120615E+08  0.120615E+08  0.160800E+08  0.160799E+08  0.120617E+08  0.120615E+08
  0.712121E-05  0.120615E+08  0.120615E+08  0.160799E+08  0.160798E+08  0.120617E+08  0.120615E+08
  0.736242E-05  0.120615E+08  0.120615E+08  0.160797E+08  0.160796E+08  0.120617E+08  0.120615E+08
  0.761180E-05  0.120615E+08  0.120615E+08  0.160796E+08  0.160795E+08  0.120617E+08  0.120615E+08
  0.786963E-05  0.120615E+08  0.120615E+08  0.160794E+08  0.160793E+08  0.120617E+08  0.120615E+08
  0.813620E-05  0.120615E+08  0.120615E+08  0.160792E+08  0.160791E+08  0.120617E+08  0.120615E+08
  0.841179E-05  0.120615E+08  0.120615E+08  0.160790E+08  0.160789E+08  0.120617E+08  0.120615E+08
  0.869671E-05  0.120615E+08  0.120615E+08  0.160788E+08  0.160787E+08  0.120617E+08  0.120615E+08
  0.899129E-05  0.120615E+08  0.120615E+08  0.160786E+08  0.160785E+08  0.120617E+08  0.120615E+08
  0.929585E-05  0.120615E+08  0.120615E+08  0.160784E+08  0.160782E+08  0.120617E+08  0.120615E+08
  0.961072E-05  0.120615E+08  0.120615E+08  0.160781E+08  0.160780E+08  0.120617E+08  0.120615E+08
  0.993626E-05  0.120615E+08  0.120615E+08  0.160778E+08  0.160777E+08  0.120617E+08  0.120615E+08
  0.102728E-04  0.120615E+08  0.120615E+08  0.160776E+08  0.160774E+08  0.120617E+08  0.120615E+08
  0.106208E-04  0.120615E+08  0.120615E+08  0.160772E+08  0.160771E+08  0.120617E+08  0.120615E+08
  0.109805E-04  0.120615E+08  0.120615E+08  0.160769E+08  0.160767E+08  0.120617E+08  0.120615E+08
  0.113525E-04  0.120615E+08  0.120615E+08  0.160766E+08  0.160764E+08  0.120617E+08  0.120615E+08
  0.117370E-04  0.120615E+08  0.120615E+08  0.160762E+08  0.160760E+08  0.120617E+08  0.120615E+08
  0.121346E-04  0.120615E+08  0.120615E+08  0.160758E+08  0.160756E+08  0.120617E+08  0.120615E+08
  0.125456E-04  0.120615E+08  0.120615E+08  0.160754E+08  0.160751E+08  0.120617E+08  0.120615E+08
  0.129705E-04  0.120615E+08  0.120615E+08  0.160749E+08  0.160746E+08  0.120617E+08  0.120615E+08
  0.134099E-04  0.120615E+08  0.120615E+08  0.160744E+08  0.160741E+08  0.120617E+08  0.120615E+08
  0.138641E-04  0.120615E+08  0.120615E+08  0.160739E+08  0.160736E+08  0.120617E+08  0.120615E+08
  0.143337E-04  0.120615E+08  0.120615E+08  0.160733E+08  0.160730E+08  0.120617E+08  0.120615E+08
  0.148192E-04  0.120615E+08  0.120615E+08  0.160727E+08  0.160724E+08  0.120616E+08  0.120615E+08
  0.153212E-04  0.120615E+08  0.120615E+08  0.160721E+08  0.160717E+08  0.120616E+08  0.120615E+08
  0.158402E-04  0.120615E+08  0.120615E+08  0.160714E+08  0.160710E+08  0.120616E+08  0.120615E+08
  0.163767E-04  0.120615E+08  0.120615E+08  0.160707E+08  0.160703E+08  0.120616E+08  0.120615E+08
  0.169314E-04  0.120615E+08  0.120615E+08  0.160699E+08  0.160694E+08  0.120616E+08  0.120615E+08
  0.175049E-04  0.120615E+08  0.120615E+08  0.160691E+08  0.160686E+08  0.120616E+08  0.120615E+08
  0.180979E-04  0.120615E+08  0.120615E+08  0.160682E+08  0.160677E+08  0.120616E+08  0.120615E+08
  0.187109E-04  0.120615E+08  0.120615E+08  0.160672E+08  0.160667E+08  0.120616E+08  0.120615E+08
  0.193447E-04  0.120615E+08  0.120615E+08  0.160662E+08  0.160656E+08  0.120616E+08  0.120615E+08
  0.199999E-04  0.120615E+08  0.120615E+08  0.160651E+08  0.160645E+08  0.120616E+08  0.120615E+08
  0.206773E-04  0.120615E+08  0.120615E+08  0.160639E+08  0.160633E+08  0.120616E+08  0.120615E+08
  0.213777E-04  0.120615E+08  0.120615E+08  0.160627E+08  0.160620E+08  0.120616E+08  0.120615E+08
  0.221019E-04  0.120615E+08  0.120615E+08  0.160614E+08  0.160606E+08  0.120616E+08  0.120615E+08
  0.228505E-04  0.120615E+08  0.120614E+08  0.160599E+08  0.160591E+08  0.120616E+08  0.120615E+08
  0.236245E-04  0.120614E+08  0.120614E+08  0.160584E+08  0.160576E+08  0.120616E+08  0.120614E+08
  0.244247E-04  0.120614E+08  0.120614E+08  0.160568E+08  0.160559E+08  0.120616E+08  0.120614E+08
  0.252520E-04  0.120614E+08  0.120614E+08  0.160551E+08  0.160541E+08  0.120616E+08  0.120614E+08
  0.261074E-04  0.120614E+08  0.120614E+08  0.160532E+08  0.160521E+08  0.120616E+08  0.120614E+08
  0.269917E-04  0.120614E+08  0.120614E+08  0.160512E+08  0.160501E+08  0.120616E+08  0.120614E+08
  0.279060E-04  0.120614E+08  0.120614E+08  0.160491E+08  0.160479E+08  0.120616E+08  0.120614E+08
  0.288512E-04  0.120614E+08  0.120614E+08  0.160468E+08  0.160455E+08  0.120616E+08  0.120614E+08
  0.298285E-04  0.120614E+08  0.120614E+08  0.160444E+08  0.160430E+08  0.120615E+08  0.120614E+08
  0.308388E-04  0.120614E+08  0.120614E+08  0.160418E+08  0.160403E+08  0.120615E+08  0.120614E+08
  0.318834E-04  0.120614E+08  0.120614E+08  0.160391E+08  0.160375E+08  0.120615E+08  0.120614E+08
  0.329634E-04  0.120614E+08  0.120614E+08  0.160361E+08  0.160344E+08  0.120615E+08  0.120614E+08
  0.340799E-04  0.120614E+08  0.120614E+08  0.160329E+08  0.160311E+08  0.120615E+08  0.120614E+08
  0.352343E-04  0.120614E+08  0.120614E+08  0.160296E+08  0.160276E+08  0.120615E+08  0.120614E+08
  0.364277E-04  0.120614E+08  0.120614E+08  0.160260E+08  0.160239E+08  0.120615E+08  0.120614E+08
  0.376616E-04  0.120613E+08  0.120613E+08  0.160221E+08  0.160199E+08  0.120615E+08  0.120613E+08
  0.389373E-04  0.120613E+08  0.120613E+08  0.160180E+08  0.160156E+08  0.120614E+08  0.120613E+08
  0.402562E-04  0.120613E+08  0.120613E+08  0.160136E+08  0.160111E+08  0.120614E+08  0.120613E+08
  0.416198E-04  0.120613E+08  0.120613E+08  0.160089E+08  0.160062E+08  0.120614E+08  0.120613E+08
  0.430296E-04  0.120613E+08  0.120613E+08  0.160038E+08  0.160010E+08  0.120614E+08  0.120613E+08
  0.444871E-04  0.120613E+08  0.120613E+08  0.159985E+08  0.159954E+08  0.120614E+08  0.120613E+08
  0.459939E-04  0.120613E+08  0.120613E+08  0.159927E+08  0.159895E+08  0.120614E+08  0.120613E+08
  0.475519E-04  0.120612E+08  0.120612E+08  0.159866E+08  0.159831E+08  0.120613E+08  0.120612E+08
  0.491626E-04  0.120612E+08  0.120612E+08  0.159800E+08  0.159763E+08  0.120613E+08  0.120612E+08
  0.508278E-04  0.120612E+08  0.120612E+08  0.159730E+08  0.159691E+08  0.120613E+08  0.120612E+08
  0.525495E-04  0.120612E+08  0.120612E+08  0.159656E+08  0.159613E+08  0.120613E+08  0.120612E+08
  0.543294E-04  0.120612E+08  0.120612E+08  0.159576E+08  0.159530E+08  0.120612E+08  0.120612E+08
  0.561697E-04  0.120611E+08  0.120611E+08  0.159490E+08  0.159442E+08  0.120612E+08  0.120611E+08
  0.580723E-04  0.120611E+08  0.120611E+08  0.159399E+08  0.159347E+08  0.120612E+08  0.120611E+08
  0.600393E-04  0.120611E+08  0.120611E+08  0.159302E+08  0.159246E+08  0.120611E+08  0.120611E+08
  0.620730E-04  0.120611E+08  0.120610E+08  0.159198E+08  0.159138E+08  0.120611E+08  0.120611E+08
  0.641756E-04  0.120610E+08  0.120610E+08  0.159086E+08  0.159023E+08  0.120610E+08  0.120610E+08
  0.663493E-04  0.120610E+08  0.120610E+08  0.158968E+08  0.158900E+08  0.120610E+08  0.120610E+08
  0.685967E-04  0.120610E+08  0.120609E+08  0.158841E+08  0.158768E+08  0.120610E+08  0.120610E+08
  0.709203E-04  0.120609E+08  0.120609E+08  0.158705E+08  0.158628E+08  0.120609E+08  0.120609E+08
  0.733225E-04  0.120609E+08  0.120609E+08  0.158560E+08  0.158478E+08  0.120609E+08  0.120609E+08
  0.758061E-04  0.120608E+08  0.120608E+08  0.158406E+08  0.158318E+08  0.120608E+08  0.120608E+08
  0.783739E-04  0.120608E+08  0.120608E+08  0.158241E+08  0.158147E+08  0.120607E+08  0.120608E+08
  0.810285E-04  0.120607E+08  0.120607E+08  0.158065E+08  0.157964E+08  0.120607E+08  0.120607E+08
  0.837732E-04  0.120607E+08  0.120607E+08  0.157876E+08  0.157769E+08  0.120606E+08  0.120607E+08
  0.866108E-04  0.120606E+08  0.120606E+08  0.157676E+08  0.157561E+08  0.120605E+08  0.120606E+08
  0.895445E-04  0.120606E+08  0.120605E+08  0.157461E+08  0.157338E+08  0.120604E+08  0.120606E+08
  0.925776E-04  0.120605E+08  0.120605E+08  0.157232E+08  0.157101E+08  0.120604E+08  0.120605E+08
  0.957134E-04  0.120604E+08  0.120604E+08  0.156988E+08  0.156848E+08  0.120603E+08  0.120604E+08
  0.989554E-04  0.120604E+08  0.120603E+08  0.156727E+08  0.156578E+08  0.120602E+08  0.120603E+08
  0.102307E-03  0.120603E+08  0.120602E+08  0.156449E+08  0.156289E+08  0.120601E+08  0.120603E+08
  0.105773E-03  0.120602E+08  0.120601E+08  0.156152E+08  0.155982E+08  0.120600E+08  0.120602E+08
  0.109355E-03  0.120601E+08  0.120601E+08  0.155835E+08  0.155654E+08  0.120598E+08  0.120601E+08
  0.113060E-03  0.120600E+08  0.120600E+08  0.155497E+08  0.155303E+08  0.120597E+08  0.120600E+08
  0.116889E-03  0.120599E+08  0.120598E+08  0.155136E+08  0.154930E+08  0.120596E+08  0.120599E+08
  0.120848E-03  0.120598E+08  0.120597E+08  0.154752E+08  0.154532E+08  0.120594E+08  0.120598E+08
  0.124942E-03  0.120597E+08  0.120596E+08  0.154342E+08  0.154107E+08  0.120593E+08  0.120597E+08
  0.129174E-03  0.120595E+08  0.120595E+08  0.153905E+08  0.153655E+08  0.120591E+08  0.120595E+08
  0.133549E-03  0.120594E+08  0.120593E+08  0.153439E+08  0.153172E+08  0.120589E+08  0.120594E+08
  0.138073E-03  0.120593E+08  0.120592E+08  0.152943E+08  0.152658E+08  0.120588E+08  0.120592E+08
  0.142750E-03  0.120591E+08  0.120590E+08  0.152414E+08  0.152110E+08  0.120586E+08  0.120591E+08
  0.147585E-03  0.120589E+08  0.120589E+08  0.151851E+08  0.151527E+08  0.120583E+08  0.120589E+08
  0.152584E-03  0.120588E+08  0.120587E+08  0.151251E+08  0.150906E+08  0.120581E+08  0.120587E+08
  0.157752E-03  0.120586E+08  0.120585E+08  0.150612E+08  0.150244E+08  0.120579E+08  0.120586E+08
  0.163096E-03  0.120584E+08  0.120583E+08  0.149932E+08  0.149540E+08  0.120576E+08  0.120584E+08
  0.168620E-03  0.120582E+08  0.120581E+08  0.149208E+08  0.148791E+08  0.120573E+08  0.120581E+08
  0.174332E-03  0.120579E+08  0.120578E+08  0.148438E+08  0.147995E+08  0.120570E+08  0.120579E+08
  0.180237E-03  0.120577E+08  0.120576E+08  0.147620E+08  0.147148E+08  0.120567E+08  0.120577E+08
  0.186342E-03  0.120574E+08  0.120573E+08  0.146750E+08  0.146247E+08  0.120564E+08  0.120574E+08
  0.192654E-03  0.120571E+08  0.120570E+08  0.145825E+08  0.145291E+08  0.120560E+08  0.120571E+08
  0.199179E-03  0.120568E+08  0.120567E+08  0.144843E+08  0.144275E+08  0.120556E+08  0.120568E+08
  0.205926E-03  0.120565E+08  0.120564E+08  0.143800E+08  0.143196E+08  0.120552E+08  0.120565E+08
  0.212901E-03  0.120562E+08  0.120560E+08  0.142693E+08  0.142052E+08  0.120547E+08  0.120561E+08
  0.220113E-03  0.120558E+08  0.120556E+08  0.141519E+08  0.140838E+08  0.120543E+08  0.120558E+08
  0.227569E-03  0.120554E+08  0.120552E+08  0.140274E+08  0.139551E+08  0.120538E+08  0.120554E+08
  0.235277E-03  0.120550E+08  0.120548E+08  0.138956E+08  0.138189E+08  0.120532E+08  0.120550E+08
  0.243246E-03  0.120546E+08  0.120544E+08  0.137559E+08  0.136746E+08  0.120526E+08  0.120545E+08
  0.251486E-03  0.120541E+08  0.120539E+08  0.136082E+08  0.135220E+08  0.120520E+08  0.120540E+08
  0.260004E-03  0.120536E+08  0.120533E+08  0.134519E+08  0.133606E+08  0.120514E+08  0.120535E+08
  0.268811E-03  0.120531E+08  0.120528E+08  0.132868E+08  0.131902E+08  0.120507E+08  0.120530E+08
  0.277916E-03  0.120525E+08  0.120522E+08  0.131125E+08  0.130103E+08  0.120499E+08  0.120524E+08
  0.287330E-03  0.120519E+08  0.120516E+08  0.129286E+08  0.128206E+08  0.120491E+08  0.120518E+08
  0.297062E-03  0.120512E+08  0.120509E+08  0.127349E+08  0.126207E+08  0.120482E+08  0.120511E+08
  0.307124E-03  0.120505E+08  0.120502E+08  0.125309E+08  0.124104E+08  0.120473E+08  0.120504E+08
  0.317527E-03  0.120498E+08  0.120494E+08  0.123163E+08  0.121893E+08  0.120464E+08  0.120497E+08
  0.328283E-03  0.120490E+08  0.120486E+08  0.120909E+08  0.119571E+08  0.120453E+08  0.120489E+08
  0.339403E-03  0.120481E+08  0.120477E+08  0.118544E+08  0.117136E+08  0.120442E+08  0.120480E+08
  0.350899E-03  0.120472E+08  0.120468E+08  0.116067E+08  0.114586E+08  0.120430E+08  0.120471E+08
  0.362785E-03  0.120463E+08  0.120458E+08  0.113474E+08  0.111920E+08  0.120418E+08  0.120461E+08
  0.375073E-03  0.120453E+08  0.120447E+08  0.110766E+08  0.109136E+08  0.120404E+08  0.120451E+08
  0.387778E-03  0.120442E+08  0.120436E+08  0.107942E+08  0.106235E+08  0.120390E+08  0.120440E+08
  0.400913E-03  0.120430E+08  0.120424E+08  0.105001E+08  0.103217E+08  0.120374E+08  0.120428E+08
  0.414492E-03  0.120418E+08  0.120411E+08  0.101945E+08  0.100083E+08  0.120358E+08  0.120416E+08
  0.428532E-03  0.120404E+08  0.120398E+08  0.987769E+07  0.968352E+07  0.120341E+08  0.120403E+08
  0.443048E-03  0.120390E+08  0.120383E+08  0.954984E+07  0.934784E+07  0.120322E+08  0.120388E+08
  0.458055E-03  0.120375E+08  0.120368E+08  0.921143E+07  0.900168E+07  0.120302E+08  0.120373E+08
  0.473570E-03  0.120360E+08  0.120352E+08  0.886302E+07  0.864568E+07  0.120281E+08  0.120357E+08
  0.489611E-03  0.120343E+08  0.120334E+08  0.850530E+07  0.828062E+07  0.120259E+08  0.120340E+08
  0.506195E-03  0.120325E+08  0.120316E+08  0.813914E+07  0.790741E+07  0.120235E+08  0.120322E+08
  0.523341E-03  0.120306E+08  0.120296E+08  0.776555E+07  0.752718E+07  0.120210E+08  0.120303E+08
  0.541068E-03  0.120285E+08  0.120275E+08  0.738572E+07  0.714120E+07  0.120183E+08  0.120282E+08
  0.559395E-03  0.120264E+08  0.120253E+08  0.700100E+07  0.675093E+07  0.120154E+08  0.120260E+08
  0.578343E-03  0.120241E+08  0.120230E+08  0.661294E+07  0.635803E+07  0.120123E+08  0.120237E+08
  0.597933E-03  0.120216E+08  0.120205E+08  0.622325E+07  0.596432E+07  0.120091E+08  0.120213E+08
  0.618186E-03  0.120190E+08  0.120178E+08  0.583383E+07  0.557182E+07  0.120056E+08  0.120186E+08
  0.639126E-03  0.120163E+08  0.120150E+08  0.544672E+07  0.518268E+07  0.120020E+08  0.120159E+08
  0.660775E-03  0.120134E+08  0.120120E+08  0.506413E+07  0.479923E+07  0.119981E+08  0.120129E+08
  0.683157E-03  0.120103E+08  0.120089E+08  0.468837E+07  0.442388E+07  0.119939E+08  0.120098E+08
  0.706297E-03  0.120070E+08  0.120055E+08  0.432183E+07  0.405914E+07  0.119895E+08  0.120065E+08
  0.730221E-03  0.120036E+08  0.120020E+08  0.396697E+07  0.370754E+07  0.119849E+08  0.120030E+08
  0.754955E-03  0.119999E+08  0.119982E+08  0.362622E+07  0.337160E+07  0.119799E+08  0.119993E+08
  0.780527E-03  0.119960E+08  0.119943E+08  0.330194E+07  0.305373E+07  0.119747E+08  0.119954E+08
  0.806965E-03  0.119919E+08  0.119901E+08  0.299640E+07  0.275621E+07  0.119691E+08  0.119913E+08
  0.834299E-03  0.119876E+08  0.119857E+08  0.271160E+07  0.248105E+07  0.119632E+08  0.119869E+08
  0.862559E-03  0.119830E+08  0.119810E+08  0.244930E+07  0.222996E+07  0.119569E+08  0.119823E+08
  0.891775E-03  0.119781E+08  0.119761E+08  0.221087E+07  0.200422E+07  0.119503E+08  0.119774E+08
  0.921982E-03  0.119730E+08  0.119709E+08  0.199721E+07  0.180461E+07  0.119433E+08  0.119723E+08
  0.953212E-03  0.119676E+08  0.119654E+08  0.180871E+07  0.163135E+07  0.119359E+08  0.119668E+08
  0.985499E-03  0.119620E+08  0.119596E+08  0.164516E+07  0.148399E+07  0.119281E+08  0.119611E+08
  0.101888E-02  0.119560E+08  0.119536E+08  0.150571E+07  0.136143E+07  0.119198E+08  0.119551E+08
  0.105339E-02  0.119496E+08  0.119472E+08  0.138885E+07  0.126185E+07  0.119110E+08  0.119487E+08
  0.108907E-02  0.119430E+08  0.119404E+08  0.129242E+07  0.118275E+07  0.119018E+08  0.119420E+08
  0.112596E-02  0.119360E+08  0.119334E+08  0.121368E+07  0.112104E+07  0.118920E+08  0.119349E+08
  0.116410E-02  0.119286E+08  0.119259E+08  0.114938E+07  0.107310E+07  0.118816E+08  0.119275E+08
  0.120353E-02  0.119209E+08  0.119181E+08  0.109596E+07  0.103502E+07  0.118707E+08  0.119197E+08
  0.124430E-02  0.119127E+08  0.119099E+08  0.104966E+07  0.100271E+07  0.118592E+08  0.119115E+08
  0.128645E-02  0.119042E+08  0.119013E+08  0.100684E+07  0.972251E+06  0.118471E+08  0.119029E+08
  0.133002E-02  0.118952E+08  0.118922E+08  0.964144E+06  0.940095E+06  0.118343E+08  0.118938E+08
  0.137507E-02  0.118857E+08  0.118827E+08  0.918850E+06  0.903382E+06  0.118208E+08  0.118843E+08
  0.142165E-02  0.118758E+08  0.118728E+08  0.869049E+06  0.860179E+06  0.118066E+08  0.118743E+08
  0.146980E-02  0.118654E+08  0.118623E+08  0.813863E+06  0.809675E+06  0.117917E+08  0.118639E+08
  0.151959E-02  0.118545E+08  0.118514E+08  0.753541E+06  0.752282E+06  0.117759E+08  0.118529E+08
  0.157106E-02  0.118431E+08  0.118399E+08  0.689452E+06  0.689608E+06  0.117593E+08  0.118414E+08
  0.162428E-02  0.118311E+08  0.118279E+08  0.623930E+06  0.624282E+06  0.117419E+08  0.118293E+08
  0.167929E-02  0.118186E+08  0.118154E+08  0.559983E+06  0.559630E+06  0.117235E+08  0.118167E+08
  0.173618E-02  0.118054E+08  0.118022E+08  0.500855E+06  0.499207E+06  0.117042E+08  0.118034E+08
  0.179498E-02  0.117916E+08  0.117884E+08  0.449518E+06  0.446250E+06  0.116839E+08  0.117895E+08
  0.185578E-02  0.117772E+08  0.117740E+08  0.408125E+06  0.403114E+06  0.116625E+08  0.117750E+08
  0.191864E-02  0.117621E+08  0.117588E+08  0.377557E+06  0.370809E+06  0.116401E+08  0.117598E+08
  0.198363E-02  0.117463E+08  0.117430E+08  0.357141E+06  0.348724E+06  0.116165E+08  0.117439E+08
  0.205082E-02  0.117298E+08  0.117265E+08  0.344652E+06  0.334661E+06  0.115918E+08  0.117272E+08
  0.212029E-02  0.117125E+08  0.117092E+08  0.336645E+06  0.325198E+06  0.115658E+08  0.117098E+08
  0.219211E-02  0.116944E+08  0.116912E+08  0.329117E+06  0.316394E+06  0.115386E+08  0.116916E+08
  0.226636E-02  0.116755E+08  0.116723E+08  0.318382E+06  0.304686E+06  0.115100E+08  0.116726E+08
  0.234313E-02  0.116558E+08  0.116525E+08  0.301983E+06  0.287799E+06  0.114801E+08  0.116527E+08
  0.242249E-02  0.116352E+08  0.116319E+08  0.279379E+06  0.265391E+06  0.114487E+08  0.116319E+08
  0.250455E-02  0.116137E+08  0.116104E+08  0.252158E+06  0.239193E+06  0.114159E+08  0.116103E+08
  0.258938E-02  0.115912E+08  0.115879E+08  0.223617E+06  0.212505E+06  0.113815E+08  0.115876E+08
  0.267709E-02  0.115678E+08  0.115644E+08  0.197723E+06  0.189099E+06  0.113455E+08  0.115640E+08
  0.276777E-02  0.115434E+08  0.115399E+08  0.177739E+06  0.171838E+06  0.113079E+08  0.115394E+08
  0.286152E-02  0.115179E+08  0.115144E+08  0.164971E+06  0.161508E+06  0.112687E+08  0.115137E+08
  0.295845E-02  0.114913E+08  0.114878E+08  0.158186E+06  0.156394E+06  0.112277E+08  0.114869E+08
  0.305866E-02  0.114637E+08  0.114601E+08  0.154079E+06  0.152922E+06  0.111849E+08  0.114590E+08
  0.316226E-02  0.114348E+08  0.114312E+08  0.148756E+06  0.147258E+06  0.111403E+08  0.114299E+08
  0.326938E-02  0.114048E+08  0.114011E+08  0.139640E+06  0.137197E+06  0.110938E+08  0.113997E+08
  0.338012E-02  0.113736E+08  0.113698E+08  0.126857E+06  0.123363E+06  0.110453E+08  0.113682E+08
  0.349461E-02  0.113411E+08  0.113372E+08  0.113198E+06  0.108908E+06  0.109949E+08  0.113354E+08
  0.361298E-02  0.113074E+08  0.113033E+08  0.102422E+06  0.976339E+05  0.109425E+08  0.113014E+08
  0.373536E-02  0.112722E+08  0.112681E+08  0.967380E+05  0.915179E+05  0.108881E+08  0.112660E+08
  0.386189E-02  0.112358E+08  0.112316E+08  0.950804E+05  0.892668E+05  0.108316E+08  0.112292E+08
  0.399270E-02  0.111979E+08  0.111936E+08  0.936182E+05  0.871611E+05  0.107729E+08  0.111910E+08
  0.412794E-02  0.111586E+08  0.111542E+08  0.885119E+05  0.818812E+05  0.107122E+08  0.111513E+08
  0.426776E-02  0.111177E+08  0.111133E+08  0.790196E+05  0.732527E+05  0.106492E+08  0.111102E+08
  0.441232E-02  0.110754E+08  0.110708E+08  0.682709E+05  0.644378E+05  0.105841E+08  0.110675E+08
  0.456178E-02  0.110315E+08  0.110268E+08  0.605887E+05  0.589978E+05  0.105167E+08  0.110232E+08
  0.471629E-02  0.109861E+08  0.109812E+08  0.574450E+05  0.573166E+05  0.104471E+08  0.109774E+08
  0.487605E-02  0.109390E+08  0.109340E+08  0.560640E+05  0.561211E+05  0.103753E+08  0.109299E+08
  0.504121E-02  0.108902E+08  0.108851E+08  0.525727E+05  0.520898E+05  0.103012E+08  0.108808E+08
  0.521197E-02  0.108398E+08  0.108345E+08  0.465536E+05  0.457866E+05  0.102248E+08  0.108299E+08
  0.538851E-02  0.107877E+08  0.107822E+08  0.414180E+05  0.409537E+05  0.101461E+08  0.107774E+08
  0.557103E-02  0.107337E+08  0.107281E+08  0.395683E+05  0.394980E+05  0.100652E+08  0.107230E+08
  0.575973E-02  0.106780E+08  0.106722E+08  0.386764E+05  0.387995E+05  0.998188E+07  0.106669E+08
  0.595483E-02  0.106205E+08  0.106145E+08  0.350726E+05  0.362174E+05  0.989627E+07  0.106089E+08
  0.615653E-02  0.105612E+08  0.105549E+08  0.299138E+05  0.329001E+05  0.980832E+07  0.105491E+08
  0.636507E-02  0.104999E+08  0.104934E+08  0.278703E+05  0.000000E+00  0.971802E+07  0.104874E+08
  0.658067E-02  0.104374E+08  0.104306E+08  0.291480E+05  0.000000E+00  0.962972E+07  0.104244E+08
  0.680357E-02  0.103723E+08  0.103653E+08  0.286104E+05  0.000000E+00  0.953456E+07  0.103589E+08
  0.703402E-02  0.103054E+08  0.102981E+08  0.250364E+05  0.000000E+00  0.943695E+07  0.102914E+08
  0.727228E-02  0.102364E+08  0.102288E+08  0.233194E+05  0.000000E+00  0.933685E+07  0.102220E+08
  0.751861E-02  0.101654E+08  0.101575E+08  0.241039E+05  0.000000E+00  0.923425E+07  0.101505E+08
  0.777328E-02  0.100924E+08  0.100841E+08  0.222739E+05  0.000000E+00  0.912912E+07  0.100769E+08
  0.803658E-02  0.100173E+08  0.100087E+08  0.184744E+05  0.000000E+00  0.902146E+07  0.100013E+08
  0.830880E-02  0.993994E+07  0.993098E+07  0.171964E+05  0.000000E+00  0.891029E+07  0.992340E+07
  0.859024E-02  0.986064E+07  0.985129E+07  0.159908E+05  0.000000E+00  0.879746E+07  0.984355E+07
  0.888121E-02  0.977920E+07  0.976943E+07  0.140985E+05  0.000000E+00  0.868210E+07  0.976154E+07
  0.918204E-02  0.969561E+07  0.968539E+07  0.143547E+05  0.000000E+00  0.856421E+07  0.967737E+07
  0.949305E-02  0.960983E+07  0.959914E+07  0.136990E+05  0.000000E+00  0.844381E+07  0.959101E+07
  0.981461E-02  0.952184E+07  0.951065E+07  0.118335E+05  0.000000E+00  0.832093E+07  0.950243E+07
  0.101471E-01  0.943168E+07  0.941997E+07  0.118646E+05  0.000000E+00  0.819588E+07  0.941168E+07
  0.104908E-01  0.933922E+07  0.932695E+07  0.100512E+05  0.000000E+00  0.806816E+07  0.931861E+07
  0.108461E-01  0.924448E+07  0.923163E+07  0.873024E+04  0.000000E+00  0.793806E+07  0.922326E+07
  0.112135E-01  0.914744E+07  0.913397E+07  0.916012E+04  0.000000E+00  0.780561E+07  0.912561E+07
  0.115933E-01  0.904809E+07  0.903397E+07  0.795117E+04  0.000000E+00  0.767085E+07  0.902564E+07
  0.119860E-01  0.894638E+07  0.893158E+07  0.784536E+04  0.000000E+00  0.753375E+07  0.892330E+07
  0.123920E-01  0.884233E+07  0.882681E+07  0.687250E+04  0.000000E+00  0.739448E+07  0.881862E+07
  0.128117E-01  0.873590E+07  0.871964E+07  0.654681E+04  0.000000E+00  0.725304E+07  0.871156E+07
  0.132457E-01  0.862708E+07  0.861003E+07  0.541170E+04  0.000000E+00  0.710951E+07  0.860211E+07
  0.136944E-01  0.851586E+07  0.849798E+07  0.566556E+04  0.000000E+00  0.696392E+07  0.849025E+07
  0.141582E-01  0.840223E+07  0.838349E+07  0.484637E+04  0.000000E+00  0.681654E+07  0.837599E+07
  0.146378E-01  0.828617E+07  0.826653E+07  0.491403E+04  0.000000E+00  0.666740E+07  0.825931E+07
  0.151336E-01  0.816768E+07  0.814711E+07  0.410132E+04  0.000000E+00  0.651666E+07  0.814020E+07
  0.156462E-01  0.804677E+07  0.802523E+07  0.384688E+04  0.000000E+00  0.636445E+07  0.801868E+07
  0.161762E-01  0.792345E+07  0.790089E+07  0.356550E+04  0.000000E+00  0.621088E+07  0.789476E+07
  0.167241E-01  0.779772E+07  0.777412E+07  0.328946E+04  0.000000E+00  0.605604E+07  0.776844E+07
  0.172906E-01  0.766962E+07  0.764494E+07  0.331662E+04  0.000000E+00  0.589998E+07  0.763976E+07
  0.178763E-01  0.753916E+07  0.751337E+07  0.251349E+04  0.000000E+00  0.574276E+07  0.750873E+07
  0.184818E-01  0.740638E+07  0.737944E+07  0.235587E+04  0.000000E+00  0.558447E+07  0.737540E+07
  0.191078E-01  0.727132E+07  0.724322E+07  0.251520E+04  0.000000E+00  0.542524E+07  0.723981E+07
  0.197550E-01  0.713404E+07  0.710475E+07  0.221474E+04  0.000000E+00  0.526528E+07  0.710201E+07
  0.204242E-01  0.699462E+07  0.696412E+07  0.171980E+04  0.000000E+00  0.510487E+07  0.696209E+07
  0.211160E-01  0.685313E+07  0.682141E+07  0.172185E+04  0.000000E+00  0.494429E+07  0.682014E+07
  0.218313E-01  0.670969E+07  0.667673E+07  0.169184E+04  0.000000E+00  0.478383E+07  0.667626E+07
  0.225707E-01  0.656442E+07  0.653023E+07  0.148870E+04  0.000000E+00  0.462373E+07  0.653058E+07
  0.233353E-01  0.641747E+07  0.638205E+07  0.136881E+04  0.000000E+00  0.446419E+07  0.638325E+07
  0.241257E-01  0.626901E+07  0.623237E+07  0.116842E+04  0.000000E+00  0.430538E+07  0.623445E+07
  0.249429E-01  0.611923E+07  0.608140E+07  0.103846E+04  0.000000E+00  0.414749E+07  0.608437E+07
  0.257877E-01  0.596834E+07  0.592936E+07  0.100061E+04  0.000000E+00  0.399075E+07  0.593321E+07
  0.266612E-01  0.581659E+07  0.577650E+07  0.883497E+03  0.000000E+00  0.383542E+07  0.578124E+07
  0.275643E-01  0.566424E+07  0.562311E+07  0.827559E+03  0.000000E+00  0.368180E+07  0.562871E+07
  0.284980E-01  0.551159E+07  0.546949E+07  0.811285E+03  0.000000E+00  0.353020E+07  0.547593E+07
  0.294633E-01  0.535896E+07  0.531598E+07  0.676817E+03  0.000000E+00  0.338096E+07  0.532321E+07
  0.304613E-01  0.520670E+07  0.516295E+07  0.637474E+03  0.000000E+00  0.323438E+07  0.517092E+07
  0.314930E-01  0.505520E+07  0.501079E+07  0.590430E+03  0.000000E+00  0.309077E+07  0.501943E+07
  0.325598E-01  0.490485E+07  0.485992E+07  0.542532E+03  0.000000E+00  0.295041E+07  0.486915E+07
  0.336627E-01  0.475608E+07  0.471079E+07  0.451150E+03  0.000000E+00  0.281354E+07  0.472050E+07
  0.348029E-01  0.460933E+07  0.456385E+07  0.436193E+03  0.000000E+00  0.268043E+07  0.457392E+07
  0.359818E-01  0.446506E+07  0.441957E+07  0.402330E+03  0.000000E+00  0.255140E+07  0.442987E+07
  0.372005E-01  0.432371E+07  0.427842E+07  0.359946E+03  0.000000E+00  0.242669E+07  0.428880E+07
  0.384606E-01  0.418574E+07  0.414085E+07  0.338046E+03  0.000000E+00  0.230651E+07  0.415115E+07
  0.397634E-01  0.405158E+07  0.400733E+07  0.284096E+03  0.000000E+00  0.219100E+07  0.401737E+07
  0.411102E-01  0.392164E+07  0.387824E+07  0.259814E+03  0.000000E+00  0.208029E+07  0.388784E+07
  0.425027E-01  0.379627E+07  0.375398E+07  0.219682E+03  0.000000E+00  0.197454E+07  0.376293E+07
  0.439424E-01  0.367580E+07  0.363483E+07  0.216651E+03  0.000000E+00  0.187382E+07  0.364296E+07
  0.454071E-01  0.356223E+07  0.352278E+07  0.205174E+03  0.000000E+00  0.177959E+07  0.352991E+07
  0.468719E-01  0.345714E+07  0.341937E+07  0.165825E+03  0.000000E+00  0.169293E+07  0.342535E+07
  0.483366E-01  0.335993E+07  0.332394E+07  0.170518E+03  0.000000E+00  0.161312E+07  0.332866E+07
  0.498014E-01  0.326994E+07  0.323582E+07  0.149435E+03  0.000000E+00  0.153950E+07  0.323920E+07
  0.512661E-01  0.318652E+07  0.315433E+07  0.131981E+03  0.000000E+00  0.147149E+07  0.315631E+07
  0.527309E-01  0.310903E+07  0.307878E+07  0.124618E+03  0.000000E+00  0.140851E+07  0.307933E+07
  0.541956E-01  0.303681E+07  0.300849E+07  0.111089E+03  0.000000E+00  0.135000E+07  0.300761E+07
  0.556604E-01  0.296923E+07  0.294280E+07  0.957046E+02  0.000000E+00  0.129546E+07  0.294051E+07
  0.571251E-01  0.290568E+07  0.288108E+07  0.947006E+02  0.000000E+00  0.124445E+07  0.287743E+07
  0.585899E-01  0.284557E+07  0.282272E+07  0.890782E+02  0.000000E+00  0.119655E+07  0.281777E+07
  0.600546E-01  0.278836E+07  0.276716E+07  0.805195E+02  0.000000E+00  0.115138E+07  0.276099E+07
  0.615194E-01  0.273355E+07  0.271387E+07  0.763896E+02  0.000000E+00  0.110860E+07  0.270659E+07
  0.629841E-01  0.268067E+07  0.266237E+07  0.737897E+02  0.000000E+00  0.106794E+07  0.265411E+07
  0.644489E-01  0.262933E+07  0.261225E+07  0.715870E+02  0.000000E+00  0.102913E+07  0.260313E+07
  0.659136E-01  0.257915E+07  0.256315E+07  0.691464E+02  0.000000E+00  0.991974E+06  0.255331E+07
  0.673783E-01  0.252983E+07  0.251475E+07  0.659295E+02  0.000000E+00  0.956275E+06  0.250434E+07
  0.688431E-01  0.248112E+07  0.246680E+07  0.561521E+02  0.000000E+00  0.921875E+06  0.245596E+07
  0.703078E-01  0.243283E+07  0.241910E+07  0.553935E+02  0.000000E+00  0.888651E+06  0.240797E+07
  0.717726E-01  0.238479E+07  0.237151E+07  0.585230E+02  0.000000E+00  0.856508E+06  0.236024E+07
  0.732373E-01  0.233691E+07  0.232393E+07  0.468454E+02  0.000000E+00  0.825368E+06  0.231265E+07
  0.747021E-01  0.228916E+07  0.227635E+07  0.448555E+02  0.000000E+00  0.795181E+06  0.226519E+07
  0.761668E-01  0.224145E+07  0.222867E+07  0.395835E+02  0.000000E+00  0.765882E+06  0.221775E+07
  0.776316E-01  0.219384E+07  0.218101E+07  0.414564E+02  0.000000E+00  0.737468E+06  0.217042E+07
  0.790963E-01  0.214641E+07  0.213342E+07  0.400785E+02  0.000000E+00  0.709927E+06  0.212326E+07
  0.805611E-01  0.209924E+07  0.208601E+07  0.433293E+02  0.000000E+00  0.683252E+06  0.207635E+07
  0.820258E-01  0.205243E+07  0.203890E+07  0.296075E+02  0.000000E+00  0.657448E+06  0.202981E+07
  0.834906E-01  0.200612E+07  0.199225E+07  0.321324E+02  0.000000E+00  0.632526E+06  0.198376E+07
  0.849553E-01  0.196043E+07  0.194619E+07  0.406137E+02  0.000000E+00  0.608500E+06  0.193833E+07
  0.864201E-01  0.191552E+07  0.190090E+07  0.275193E+02  0.000000E+00  0.585381E+06  0.189369E+07
  0.878848E-01  0.187154E+07  0.185654E+07  0.230073E+02  0.000000E+00  0.563179E+06  0.184996E+07
  0.893495E-01  0.182862E+07  0.181326E+07  0.261602E+02  0.000000E+00  0.541901E+06  0.180731E+07
  0.908143E-01  0.178691E+07  0.177122E+07  0.220460E+02  0.000000E+00  0.521556E+06  0.176586E+07
  0.922790E-01  0.174653E+07  0.173055E+07  0.212079E+02  0.000000E+00  0.502147E+06  0.172574E+07
  0.941061E-01  0.169820E+07  0.168194E+07  0.178622E+02  0.000000E+00  0.479244E+06  0.167775E+07
  0.959332E-01  0.165231E+07  0.163587E+07  0.234526E+02  0.000000E+00  0.457777E+06  0.163219E+07
  0.977602E-01  0.160900E+07  0.159247E+07  0.190334E+02  0.000000E+00  0.437717E+06  0.158921E+07
  0.995873E-01  0.156836E+07  0.155185E+07  0.115087E+02  0.000000E+00  0.419023E+06  0.154889E+07
  0.101414E+00  0.153042E+07  0.151406E+07  0.132998E+02  0.000000E+00  0.401640E+06  0.151127E+07
  0.103241E+00  0.149516E+07  0.147905E+07  0.143685E+02  0.000000E+00  0.385502E+06  0.147634E+07
  0.105068E+00  0.146253E+07  0.144678E+07  0.128751E+02  0.000000E+00  0.370538E+06  0.144402E+07
  0.106896E+00  0.143241E+07  0.141711E+07  0.149157E+02  0.000000E+00  0.356665E+06  0.141421E+07
  0.108723E+00  0.140464E+07  0.138988E+07  0.146337E+02  0.000000E+00  0.343793E+06  0.138674E+07
  0.110550E+00  0.137903E+07  0.136488E+07  0.110191E+02  0.000000E+00  0.331831E+06  0.136143E+07
  0.112377E+00  0.135537E+07  0.134188E+07  0.107993E+02  0.000000E+00  0.320686E+06  0.133805E+07
  0.114204E+00  0.133340E+07  0.132061E+07  0.116745E+02  0.000000E+00  0.310266E+06  0.131637E+07
  0.116031E+00  0.131289E+07  0.130081E+07  0.104459E+02  0.000000E+00  0.300480E+06  0.129612E+07
  0.117858E+00  0.129358E+07  0.128221E+07  0.104881E+02  0.000000E+00  0.291244E+06  0.127707E+07
  0.119685E+00  0.127520E+07  0.126453E+07  0.118977E+02  0.000000E+00  0.282476E+06  0.125894E+07
  0.121512E+00  0.125750E+07  0.124750E+07  0.111068E+02  0.000000E+00  0.274101E+06  0.124148E+07
  0.123339E+00  0.124024E+07  0.123086E+07  0.789454E+01  0.000000E+00  0.266051E+06  0.122445E+07
  0.125166E+00  0.122323E+07  0.121441E+07  0.630202E+01  0.000000E+00  0.258271E+06  0.120766E+07
  0.126993E+00  0.120626E+07  0.119795E+07  0.834890E+01  0.000000E+00  0.250714E+06  0.119091E+07
  0.128820E+00  0.118921E+07  0.118133E+07  0.928183E+01  0.000000E+00  0.243340E+06  0.117407E+07
  0.130647E+00  0.117195E+07  0.116442E+07  0.740208E+01  0.000000E+00  0.236119E+06  0.115701E+07
  0.132474E+00  0.115439E+07  0.114714E+07  0.774929E+01  0.000000E+00  0.229031E+06  0.113965E+07
  0.134301E+00  0.113649E+07  0.112943E+07  0.830771E+01  0.000000E+00  0.222060E+06  0.112194E+07
  0.136128E+00  0.111820E+07  0.111127E+07  0.000000E+00  0.000000E+00  0.215200E+06  0.110384E+07
  0.137956E+00  0.109955E+07  0.109268E+07  0.000000E+00  0.000000E+00  0.208448E+06  0.108537E+07
  0.139783E+00  0.108057E+07  0.107369E+07  0.000000E+00  0.000000E+00  0.201811E+06  0.106657E+07
  0.141610E+00  0.106132E+07  0.105439E+07  0.000000E+00  0.000000E+00  0.195296E+06  0.104750E+07
  0.143437E+00  0.104189E+07  0.103485E+07  0.000000E+00  0.000000E+00  0.188914E+06  0.102824E+07
  0.145264E+00  0.102237E+07  0.101520E+07  0.000000E+00  0.000000E+00  0.182683E+06  0.100890E+07
  0.147091E+00  0.100289E+07  0.995552E+06  0.000000E+00  0.000000E+00  0.176617E+06  0.989592E+06
  0.148918E+00  0.983550E+06  0.976039E+06  0.000000E+00  0.000000E+00  0.170730E+06  0.970424E+06
  0.150745E+00  0.964476E+06  0.956789E+06  0.000000E+00  0.000000E+00  0.165038E+06  0.951520E+06
  0.152572E+00  0.945780E+06  0.937925E+06  0.000000E+00  0.000000E+00  0.159554E+06  0.932993E+06
  0.154399E+00  0.927568E+06  0.919560E+06  0.000000E+00  0.000000E+00  0.154288E+06  0.914948E+06
  0.156226E+00  0.909940E+06  0.901802E+06  0.000000E+00  0.000000E+00  0.149250E+06  0.897485E+06
  0.158053E+00  0.892984E+06  0.884747E+06  0.000000E+00  0.000000E+00  0.144446E+06  0.880693E+06
  0.159880E+00  0.876771E+06  0.868469E+06  0.000000E+00  0.000000E+00  0.139879E+06  0.864641E+06
  0.161707E+00  0.861357E+06  0.853029E+06  0.000000E+00  0.000000E+00  0.135550E+06  0.849386E+06
  0.163534E+00  0.846780E+06  0.838466E+06  0.000000E+00  0.000000E+00  0.131456E+06  0.834966E+06
  0.165361E+00  0.833059E+06  0.824800E+06  0.000000E+00  0.000000E+00  0.127592E+06  0.821399E+06
  0.167188E+00  0.820187E+06  0.812023E+06  0.000000E+00  0.000000E+00  0.123950E+06  0.808677E+06
  0.169015E+00  0.808141E+06  0.800110E+06  0.000000E+00  0.000000E+00  0.120516E+06  0.796778E+06
  0.170843E+00  0.796885E+06  0.789022E+06  0.000000E+00  0.000000E+00  0.117280E+06  0.785666E+06
  0.172670E+00  0.786370E+06  0.778706E+06  0.000000E+00  0.000000E+00  0.114226E+06  0.775292E+06
  0.174497E+00  0.776533E+06  0.769094E+06  0.000000E+00  0.000000E+00  0.111340E+06  0.765592E+06
  0.176324E+00  0.767304E+06  0.760108E+06  0.000000E+00  0.000000E+00  0.108605E+06  0.756496E+06
  0.178151E+00  0.758602E+06  0.751665E+06  0.000000E+00  0.000000E+00  0.106005E+06  0.747924E+06
  0.179978E+00  0.750346E+06  0.743674E+06  0.000000E+00  0.000000E+00  0.103524E+06  0.739793E+06
  0.181805E+00  0.742446E+06  0.736042E+06  0.000000E+00  0.000000E+00  0.101147E+06  0.732016E+06
  0.183632E+00  0.734814E+06  0.728674E+06  0.000000E+00  0.000000E+00  0.988564E+05  0.724503E+06
  0.185459E+00  0.727366E+06  0.721480E+06  0.000000E+00  0.000000E+00  0.966398E+05  0.717171E+06
  0.187286E+00  0.720024E+06  0.714378E+06  0.000000E+00  0.000000E+00  0.944843E+05  0.709943E+06
  0.189113E+00  0.712718E+06  0.707294E+06  0.000000E+00  0.000000E+00  0.923788E+05  0.702748E+06
  0.190940E+00  0.705389E+06  0.700163E+06  0.000000E+00  0.000000E+00  0.903143E+05  0.695527E+06
  0.192767E+00  0.697986E+06  0.692935E+06  0.000000E+00  0.000000E+00  0.882834E+05  0.688230E+06
  0.194594E+00  0.690469E+06  0.685566E+06  0.000000E+00  0.000000E+00  0.862803E+05  0.680817E+06
  0.196421E+00  0.682809E+06  0.678027E+06  0.000000E+00  0.000000E+00  0.843007E+05  0.673259E+06
  0.198248E+00  0.674988E+06  0.670300E+06  0.000000E+00  0.000000E+00  0.823421E+05  0.665539E+06
  0.200075E+00  0.667002E+06  0.662380E+06  0.000000E+00  0.000000E+00  0.804036E+05  0.657652E+06
  0.201903E+00  0.658850E+06  0.654271E+06  0.000000E+00  0.000000E+00  0.784850E+05  0.649598E+06
  0.203730E+00  0.650548E+06  0.645988E+06  0.000000E+00  0.000000E+00  0.765876E+05  0.641394E+06
  0.205557E+00  0.642120E+06  0.637559E+06  0.000000E+00  0.000000E+00  0.747141E+05  0.633062E+06
  0.207384E+00  0.633599E+06  0.629019E+06  0.000000E+00  0.000000E+00  0.728679E+05  0.624636E+06
  0.209211E+00  0.625019E+06  0.620407E+06  0.000000E+00  0.000000E+00  0.710524E+05  0.616151E+06
  0.211038E+00  0.616422E+06  0.611768E+06  0.000000E+00  0.000000E+00  0.692715E+05  0.607648E+06
  0.212865E+00  0.607852E+06  0.603150E+06  0.000000E+00  0.000000E+00  0.675294E+05  0.599172E+06
  0.214692E+00  0.599352E+06  0.594599E+06  0.000000E+00  0.000000E+00  0.658301E+05  0.590764E+06
  0.216519E+00  0.590965E+06  0.586161E+06  0.000000E+00  0.000000E+00  0.641770E+05  0.582468E+06
  0.218346E+00  0.582732E+06  0.577881E+06  0.000000E+00  0.000000E+00  0.625733E+05  0.574325E+06
  0.220173E+00  0.574690E+06  0.569800E+06  0.000000E+00  0.000000E+00  0.610219E+05  0.566373E+06
  0.222000E+00  0.566875E+06  0.561954E+06  0.000000E+00  0.000000E+00  0.595249E+05  0.558646E+06
  0.223827E+00  0.559316E+06  0.554377E+06  0.000000E+00  0.000000E+00  0.580841E+05  0.551175E+06
  0.225654E+00  0.552039E+06  0.547093E+06  0.000000E+00  0.000000E+00  0.567003E+05  0.543983E+06
  0.227481E+00  0.545059E+06  0.540121E+06  0.000000E+00  0.000000E+00  0.553738E+05  0.537088E+06
  0.229308E+00  0.538387E+06  0.533471E+06  0.000000E+00  0.000000E+00  0.541038E+05  0.530498E+06
  0.231135E+00  0.532024E+06  0.527145E+06  0.000000E+00  0.000000E+00  0.528890E+05  0.524217E+06
  0.232963E+00  0.525969E+06  0.521140E+06  0.000000E+00  0.000000E+00  0.517275E+05  0.518241E+06
  0.234790E+00  0.520210E+06  0.515446E+06  0.000000E+00  0.000000E+00  0.506170E+05  0.512561E+06
  0.236617E+00  0.514735E+06  0.510046E+06  0.000000E+00  0.000000E+00  0.495545E+05  0.507162E+06
  0.238444E+00  0.509523E+06  0.504919E+06  0.000000E+00  0.000000E+00  0.485368E+05  0.502025E+06
  0.240271E+00  0.504553E+06  0.500044E+06  0.000000E+00  0.000000E+00  0.475608E+05  0.497129E+06
  0.242098E+00  0.499799E+06  0.495390E+06  0.000000E+00  0.000000E+00  0.466227E+05  0.492446E+06
  0.243925E+00  0.495231E+06  0.490928E+06  0.000000E+00  0.000000E+00  0.457188E+05  0.487949E+06
  0.245752E+00  0.490820E+06  0.486624E+06  0.000000E+00  0.000000E+00  0.448454E+05  0.483606E+06
  0.247579E+00  0.486534E+06  0.482445E+06  0.000000E+00  0.000000E+00  0.439989E+05  0.479387E+06
  0.249406E+00  0.482342E+06  0.478359E+06  0.000000E+00  0.000000E+00  0.431758E+05  0.475262E+06
  0.251233E+00  0.478216E+06  0.474335E+06  0.000000E+00  0.000000E+00  0.423729E+05  0.471201E+06
  0.253060E+00  0.474130E+06  0.470346E+06  0.000000E+00  0.000000E+00  0.415874E+05  0.467178E+06
  0.254887E+00  0.470061E+06  0.466366E+06  0.000000E+00  0.000000E+00  0.408169E+05  0.463171E+06
  0.256714E+00  0.465987E+06  0.462374E+06  0.000000E+00  0.000000E+00  0.400593E+05  0.459159E+06
  0.258541E+00  0.461893E+06  0.458353E+06  0.000000E+00  0.000000E+00  0.393129E+05  0.455125E+06
  0.260368E+00  0.457765E+06  0.454288E+06  0.000000E+00  0.000000E+00  0.385763E+05  0.451057E+06
  0.262195E+00  0.453593E+06  0.450171E+06  0.000000E+00  0.000000E+00  0.378485E+05  0.446944E+06
  0.264023E+00  0.449372E+06  0.445994E+06  0.000000E+00  0.000000E+00  0.371290E+05  0.442781E+06
  0.265850E+00  0.445100E+06  0.441757E+06  0.000000E+00  0.000000E+00  0.364174E+05  0.438567E+06
  0.267677E+00  0.440780E+06  0.437463E+06  0.000000E+00  0.000000E+00  0.357138E+05  0.434304E+06
  0.269504E+00  0.436417E+06  0.433118E+06  0.000000E+00  0.000000E+00  0.350186E+05  0.429998E+06
  0.271331E+00  0.432019E+06  0.428732E+06  0.000000E+00  0.000000E+00  0.343323E+05  0.425657E+06
  0.273158E+00  0.427600E+06  0.424318E+06  0.000000E+00  0.000000E+00  0.336556E+05  0.421293E+06
  0.274985E+00  0.423171E+06  0.419889E+06  0.000000E+00  0.000000E+00  0.329896E+05  0.416920E+06
  0.276812E+00  0.418748E+06  0.415462E+06  0.000000E+00  0.000000E+00  0.323350E+05  0.412551E+06
  0.278639E+00  0.414344E+06  0.411053E+06  0.000000E+00  0.000000E+00  0.316928E+05  0.408202E+06
  0.280466E+00  0.409974E+06  0.406677E+06  0.000000E+00  0.000000E+00  0.310638E+05  0.403887E+06
  0.282293E+00  0.405655E+06  0.402351E+06  0.000000E+00  0.000000E+00  0.304489E+05  0.399621E+06
  0.284120E+00  0.401400E+06  0.398091E+06  0.000000E+00  0.000000E+00  0.298489E+05  0.395419E+06
  0.285947E+00  0.397224E+06  0.393912E+06  0.000000E+00  0.000000E+00  0.292645E+05  0.391295E+06
  0.287774E+00  0.393138E+06  0.389826E+06  0.000000E+00  0.000000E+00  0.286963E+05  0.387261E+06
  0.289601E+00  0.389154E+06  0.385845E+06  0.000000E+00  0.000000E+00  0.281447E+05  0.383328E+06
  0.291428E+00  0.385278E+06  0.381978E+06  0.000000E+00  0.000000E+00  0.276098E+05  0.379503E+06
  0.293255E+00  0.381518E+06  0.378231E+06  0.000000E+00  0.000000E+00  0.270917E+05  0.375793E+06
  0.295083E+00  0.377876E+06  0.374607E+06  0.000000E+00  0.000000E+00  0.265903E+05  0.372200E+06
  0.296910E+00  0.374353E+06  0.371106E+06  0.000000E+00  0.000000E+00  0.261051E+05  0.368725E+06
  0.298737E+00  0.370948E+06  0.367728E+06  0.000000E+00  0.000000E+00  0.256358E+05  0.365367E+06
  0.300564E+00  0.367658E+06  0.364470E+06  0.000000E+00  0.000000E+00  0.251817E+05  0.362124E+06
  0.302391E+00  0.364479E+06  0.361327E+06  0.000000E+00  0.000000E+00  0.247423E+05  0.358991E+06
  0.304218E+00  0.361405E+06  0.358293E+06  0.000000E+00  0.000000E+00  0.243168E+05  0.355962E+06
  0.306045E+00  0.358428E+06  0.355358E+06  0.000000E+00  0.000000E+00  0.239043E+05  0.353029E+06
  0.307872E+00  0.355539E+06  0.352513E+06  0.000000E+00  0.000000E+00  0.235039E+05  0.350184E+06
  0.309699E+00  0.352728E+06  0.349748E+06  0.000000E+00  0.000000E+00  0.231148E+05  0.347415E+06
  0.311526E+00  0.349983E+06  0.347051E+06  0.000000E+00  0.000000E+00  0.227359E+05  0.344712E+06
  0.313353E+00  0.347295E+06  0.344409E+06  0.000000E+00  0.000000E+00  0.223663E+05  0.342065E+06
  0.315180E+00  0.344652E+06  0.341813E+06  0.000000E+00  0.000000E+00  0.220051E+05  0.339463E+06
  0.317007E+00  0.342045E+06  0.339251E+06  0.000000E+00  0.000000E+00  0.216515E+05  0.336896E+06
  0.318834E+00  0.339464E+06  0.336714E+06  0.000000E+00  0.000000E+00  0.213049E+05  0.334355E+06
  0.320661E+00  0.336902E+06  0.334193E+06  0.000000E+00  0.000000E+00  0.209644E+05  0.331832E+06
  0.322488E+00  0.334351E+06  0.331680E+06  0.000000E+00  0.000000E+00  0.206296E+05  0.329320E+06
  0.324315E+00  0.331804E+06  0.329169E+06  0.000000E+00  0.000000E+00  0.203000E+05  0.326811E+06
  0.326142E+00  0.329257E+06  0.326654E+06  0.000000E+00  0.000000E+00  0.199751E+05  0.324301E+06
  0.327970E+00  0.326705E+06  0.324130E+06  0.000000E+00  0.000000E+00  0.196546E+05  0.321787E+06
  0.329797E+00  0.324146E+06  0.321597E+06  0.000000E+00  0.000000E+00  0.193383E+05  0.319265E+06
  0.331624E+00  0.321579E+06  0.319052E+06  0.000000E+00  0.000000E+00  0.190261E+05  0.316735E+06
  0.333451E+00  0.319005E+06  0.316497E+06  0.000000E+00  0.000000E+00  0.187179E+05  0.314197E+06
  0.335278E+00  0.316426E+06  0.313934E+06  0.000000E+00  0.000000E+00  0.184138E+05  0.311653E+06
  0.337105E+00  0.313843E+06  0.311365E+06  0.000000E+00  0.000000E+00  0.181139E+05  0.309107E+06
  0.338932E+00  0.311262E+06  0.308795E+06  0.000000E+00  0.000000E+00  0.178182E+05  0.306561E+06
  0.340759E+00  0.308685E+06  0.306227E+06  0.000000E+00  0.000000E+00  0.175270E+05  0.304019E+06
  0.342586E+00  0.306117E+06  0.303667E+06  0.000000E+00  0.000000E+00  0.172405E+05  0.301486E+06
  0.344413E+00  0.303564E+06  0.301120E+06  0.000000E+00  0.000000E+00  0.169588E+05  0.298967E+06
  0.346240E+00  0.301029E+06  0.298592E+06  0.000000E+00  0.000000E+00  0.166821E+05  0.296466E+06
  0.348067E+00  0.298519E+06  0.296088E+06  0.000000E+00  0.000000E+00  0.164106E+05  0.293990E+06
  0.349894E+00  0.296038E+06  0.293614E+06  0.000000E+00  0.000000E+00  0.161445E+05  0.291543E+06
  0.351721E+00  0.293592E+06  0.291174E+06  0.000000E+00  0.000000E+00  0.158840E+05  0.289130E+06
  0.353548E+00  0.291185E+06  0.288775E+06  0.000000E+00  0.000000E+00  0.156292E+05  0.286756E+06
  0.355375E+00  0.288820E+06  0.286419E+06  0.000000E+00  0.000000E+00  0.153802E+05  0.284423E+06
  0.357203E+00  0.286500E+06  0.284109E+06  0.000000E+00  0.000000E+00  0.151370E+05  0.282136E+06
  0.359030E+00  0.284227E+06  0.281848E+06  0.000000E+00  0.000000E+00  0.148996E+05  0.279895E+06
  0.360857E+00  0.282003E+06  0.279637E+06  0.000000E+00  0.000000E+00  0.146680E+05  0.277702E+06
  0.362684E+00  0.279827E+06  0.277476E+06  0.000000E+00  0.000000E+00  0.144420E+05  0.275557E+06
  0.364511E+00  0.277701E+06  0.275366E+06  0.000000E+00  0.000000E+00  0.142217E+05  0.273462E+06
  0.366338E+00  0.275624E+06  0.273306E+06  0.000000E+00  0.000000E+00  0.140068E+05  0.271414E+06
  0.368165E+00  0.273593E+06  0.271295E+06  0.000000E+00  0.000000E+00  0.137971E+05  0.269414E+06
  0.369992E+00  0.271608E+06  0.269331E+06  0.000000E+00  0.000000E+00  0.135926E+05  0.267458E+06
  0.371819E+00  0.269666E+06  0.267409E+06  0.000000E+00  0.000000E+00  0.133928E+05  0.265544E+06
  0.373646E+00  0.267763E+06  0.265529E+06  0.000000E+00  0.000000E+00  0.131977E+05  0.263670E+06
  0.375473E+00  0.265896E+06  0.263684E+06  0.000000E+00  0.000000E+00  0.130068E+05  0.261831E+06
  0.377300E+00  0.264061E+06  0.261872E+06  0.000000E+00  0.000000E+00  0.128201E+05  0.260024E+06
  0.379127E+00  0.262255E+06  0.260090E+06  0.000000E+00  0.000000E+00  0.126372E+05  0.258245E+06
  0.380954E+00  0.260474E+06  0.258332E+06  0.000000E+00  0.000000E+00  0.124578E+05  0.256492E+06
  0.382781E+00  0.258715E+06  0.256596E+06  0.000000E+00  0.000000E+00  0.122818E+05  0.254760E+06
  0.384608E+00  0.256975E+06  0.254878E+06  0.000000E+00  0.000000E+00  0.121089E+05  0.253046E+06
  0.386435E+00  0.255251E+06  0.253175E+06  0.000000E+00  0.000000E+00  0.119390E+05  0.251348E+06
  0.388262E+00  0.253539E+06  0.251484E+06  0.000000E+00  0.000000E+00  0.117718E+05  0.249662E+06
  0.390090E+00  0.251838E+06  0.249802E+06  0.000000E+00  0.000000E+00  0.116073E+05  0.247987E+06
  0.391917E+00  0.250145E+06  0.248127E+06  0.000000E+00  0.000000E+00  0.114452E+05  0.246319E+06
  0.393744E+00  0.248458E+06  0.246457E+06  0.000000E+00  0.000000E+00  0.112854E+05  0.244657E+06
  0.395571E+00  0.246777E+06  0.244792E+06  0.000000E+00  0.000000E+00  0.111278E+05  0.243001E+06
  0.397398E+00  0.245101E+06  0.243131E+06  0.000000E+00  0.000000E+00  0.109725E+05  0.241350E+06
  0.399225E+00  0.243430E+06  0.241473E+06  0.000000E+00  0.000000E+00  0.108193E+05  0.239703E+06
  0.401052E+00  0.241764E+06  0.239820E+06  0.000000E+00  0.000000E+00  0.106683E+05  0.238061E+06
  0.402879E+00  0.240103E+06  0.238171E+06  0.000000E+00  0.000000E+00  0.105194E+05  0.236425E+06
  0.404706E+00  0.238450E+06  0.236529E+06  0.000000E+00  0.000000E+00  0.103726E+05  0.234795E+06
  0.406533E+00  0.236804E+06  0.234892E+06  0.000000E+00  0.000000E+00  0.102279E+05  0.233173E+06
  0.408360E+00  0.235166E+06  0.233264E+06  0.000000E+00  0.000000E+00  0.100854E+05  0.231559E+06
  0.410187E+00  0.233539E+06  0.231646E+06  0.000000E+00  0.000000E+00  0.994513E+04  0.229955E+06
  0.412014E+00  0.231924E+06  0.230039E+06  0.000000E+00  0.000000E+00  0.980704E+04  0.228362E+06
  0.413841E+00  0.230322E+06  0.228446E+06  0.000000E+00  0.000000E+00  0.967119E+04  0.226784E+06
  0.415668E+00  0.228736E+06  0.226867E+06  0.000000E+00  0.000000E+00  0.953765E+04  0.225220E+06
  0.417495E+00  0.227166E+06  0.225306E+06  0.000000E+00  0.000000E+00  0.940643E+04  0.223673E+06
  0.419322E+00  0.225615E+06  0.223763E+06  0.000000E+00  0.000000E+00  0.927755E+04  0.222144E+06
  0.421150E+00  0.224083E+06  0.222240E+06  0.000000E+00  0.000000E+00  0.915101E+04  0.220634E+06
  0.422977E+00  0.222572E+06  0.220738E+06  0.000000E+00  0.000000E+00  0.902682E+04  0.219145E+06
  0.424804E+00  0.221081E+06  0.219257E+06  0.000000E+00  0.000000E+00  0.890497E+04  0.217676E+06
  0.426631E+00  0.219613E+06  0.217798E+06  0.000000E+00  0.000000E+00  0.878544E+04  0.216229E+06
  0.428458E+00  0.218166E+06  0.216362E+06  0.000000E+00  0.000000E+00  0.866822E+04  0.214803E+06
  0.430285E+00  0.216742E+06  0.214949E+06  0.000000E+00  0.000000E+00  0.855327E+04  0.213400E+06
  0.432112E+00  0.215341E+06  0.213558E+06  0.000000E+00  0.000000E+00  0.844056E+04  0.212019E+06
  0.433939E+00  0.213961E+06  0.212191E+06  0.000000E+00  0.000000E+00  0.833004E+04  0.210660E+06
  0.435766E+00  0.212603E+06  0.210845E+06  0.000000E+00  0.000000E+00  0.822163E+04  0.209323E+06
  0.437593E+00  0.211266E+06  0.209519E+06  0.000000E+00  0.000000E+00  0.811529E+04  0.208005E+06
  0.439420E+00  0.209947E+06  0.208214E+06  0.000000E+00  0.000000E+00  0.801092E+04  0.206707E+06
  0.441247E+00  0.208648E+06  0.206927E+06  0.000000E+00  0.000000E+00  0.790846E+04  0.205427E+06
  0.443074E+00  0.207366E+06  0.205658E+06  0.000000E+00  0.000000E+00  0.780783E+04  0.204164E+06
  0.444901E+00  0.206100E+06  0.204405E+06  0.000000E+00  0.000000E+00  0.770897E+04  0.202917E+06
  0.446728E+00  0.204849E+06  0.203167E+06  0.000000E+00  0.000000E+00  0.761181E+04  0.201685E+06
  0.448555E+00  0.203612E+06  0.201943E+06  0.000000E+00  0.000000E+00  0.751626E+04  0.200467E+06
  0.450382E+00  0.202387E+06  0.200731E+06  0.000000E+00  0.000000E+00  0.742226E+04  0.199261E+06
  0.452210E+00  0.201174E+06  0.199531E+06  0.000000E+00  0.000000E+00  0.732975E+04  0.198067E+06
  0.454037E+00  0.199972E+06  0.198341E+06  0.000000E+00  0.000000E+00  0.723865E+04  0.196883E+06
  0.455864E+00  0.198779E+06  0.197159E+06  0.000000E+00  0.000000E+00  0.714890E+04  0.195707E+06
  0.457691E+00  0.197594E+06  0.195986E+06  0.000000E+00  0.000000E+00  0.706047E+04  0.194540E+06
  0.459518E+00  0.196417E+06  0.194820E+06  0.000000E+00  0.000000E+00  0.697330E+04  0.193381E+06
  0.461345E+00  0.195247E+06  0.193661E+06  0.000000E+00  0.000000E+00  0.688735E+04  0.192229E+06
  0.463172E+00  0.194084E+06  0.192508E+06  0.000000E+00  0.000000E+00  0.680260E+04  0.191084E+06
  0.464999E+00  0.192929E+06  0.191362E+06  0.000000E+00  0.000000E+00  0.671903E+04  0.189945E+06
  0.466826E+00  0.191779E+06  0.190222E+06  0.000000E+00  0.000000E+00  0.663661E+04  0.188813E+06
  0.468653E+00  0.190637E+06  0.189089E+06  0.000000E+00  0.000000E+00  0.655532E+04  0.187687E+06
  0.470480E+00  0.189501E+06  0.187961E+06  0.000000E+00  0.000000E+00  0.647514E+04  0.186568E+06
  0.472307E+00  0.188371E+06  0.186840E+06  0.000000E+00  0.000000E+00  0.639608E+04  0.185456E+06
  0.474134E+00  0.187249E+06  0.185726E+06  0.000000E+00  0.000000E+00  0.631812E+04  0.184350E+06
  0.475961E+00  0.186135E+06  0.184620E+06  0.000000E+00  0.000000E+00  0.624125E+04  0.183252E+06
  0.477788E+00  0.185028E+06  0.183521E+06  0.000000E+00  0.000000E+00  0.616550E+04  0.182162E+06
  0.479615E+00  0.183930E+06  0.182430E+06  0.000000E+00  0.000000E+00  0.609085E+04  0.181081E+06
  0.481442E+00  0.182842E+06  0.181349E+06  0.000000E+00  0.000000E+00  0.601731E+04  0.180008E+06
  0.483270E+00  0.181763E+06  0.180278E+06  0.000000E+00  0.000000E+00  0.594487E+04  0.178945E+06
  0.485097E+00  0.180693E+06  0.179215E+06  0.000000E+00  0.000000E+00  0.587351E+04  0.177891E+06
  0.486924E+00  0.179634E+06  0.178163E+06  0.000000E+00  0.000000E+00  0.580326E+04  0.176848E+06
  0.488751E+00  0.178585E+06  0.177122E+06  0.000000E+00  0.000000E+00  0.573409E+04  0.175815E+06
  0.490578E+00  0.177548E+06  0.176092E+06  0.000000E+00  0.000000E+00  0.566601E+04  0.174792E+06
  0.492405E+00  0.176521E+06  0.175073E+06  0.000000E+00  0.000000E+00  0.559901E+04  0.173781E+06
  0.494232E+00  0.175507E+06  0.174066E+06  0.000000E+00  0.000000E+00  0.553308E+04  0.172782E+06
  0.496059E+00  0.174504E+06  0.173070E+06  0.000000E+00  0.000000E+00  0.546822E+04  0.171794E+06
  0.497886E+00  0.173512E+06  0.172087E+06  0.000000E+00  0.000000E+00  0.540440E+04  0.170817E+06
  0.499713E+00  0.172532E+06  0.171114E+06  0.000000E+00  0.000000E+00  0.534160E+04  0.169852E+06
  0.501540E+00  0.171563E+06  0.170154E+06  0.000000E+00  0.000000E+00  0.527980E+04  0.168897E+06
  0.503367E+00  0.170605E+06  0.169204E+06  0.000000E+00  0.000000E+00  0.521897E+04  0.167954E+06
  0.505194E+00  0.169658E+06  0.168265E+06  0.000000E+00  0.000000E+00  0.515910E+04  0.167021E+06
  0.507021E+00  0.168721E+06  0.167336E+06  0.000000E+00  0.000000E+00  0.510016E+04  0.166098E+06
  0.508848E+00  0.167794E+06  0.166417E+06  0.000000E+00  0.000000E+00  0.504213E+04  0.165185E+06
  0.510675E+00  0.166876E+06  0.165508E+06  0.000000E+00  0.000000E+00  0.498499E+04  0.164282E+06
  0.512502E+00  0.165968E+06  0.164608E+06  0.000000E+00  0.000000E+00  0.492870E+04  0.163387E+06
  0.514329E+00  0.165069E+06  0.163717E+06  0.000000E+00  0.000000E+00  0.487324E+04  0.162502E+06
  0.516157E+00  0.164178E+06  0.162834E+06  0.000000E+00  0.000000E+00  0.481859E+04  0.161624E+06
  0.517984E+00  0.163294E+06  0.161959E+06  0.000000E+00  0.000000E+00  0.476472E+04  0.160754E+06
  0.519811E+00  0.162418E+06  0.161091E+06  0.000000E+00  0.000000E+00  0.471161E+04  0.159892E+06
  0.521638E+00  0.161549E+06  0.160230E+06  0.000000E+00  0.000000E+00  0.465923E+04  0.159036E+06
  0.523465E+00  0.160687E+06  0.159375E+06  0.000000E+00  0.000000E+00  0.460757E+04  0.158186E+06
  0.525292E+00  0.159831E+06  0.158527E+06  0.000000E+00  0.000000E+00  0.455661E+04  0.157343E+06
  0.527119E+00  0.158981E+06  0.157684E+06  0.000000E+00  0.000000E+00  0.450634E+04  0.156507E+06
  0.528946E+00  0.158137E+06  0.156848E+06  0.000000E+00  0.000000E+00  0.445673E+04  0.155676E+06
  0.530773E+00  0.157299E+06  0.156017E+06  0.000000E+00  0.000000E+00  0.440778E+04  0.154850E+06
  0.532600E+00  0.156467E+06  0.155192E+06  0.000000E+00  0.000000E+00  0.435948E+04  0.154031E+06
  0.534427E+00  0.155640E+06  0.154371E+06  0.000000E+00  0.000000E+00  0.431180E+04  0.153216E+06
  0.536254E+00  0.154819E+06  0.153557E+06  0.000000E+00  0.000000E+00  0.426474E+04  0.152408E+06
  0.538081E+00  0.154003E+06  0.152747E+06  0.000000E+00  0.000000E+00  0.421829E+04  0.151604E+06
  0.539908E+00  0.153193E+06  0.151943E+06  0.000000E+00  0.000000E+00  0.417245E+04  0.150806E+06
  0.541735E+00  0.152388E+06  0.151145E+06  0.000000E+00  0.000000E+00  0.412721E+04  0.150013E+06
  0.543562E+00  0.151589E+06  0.150352E+06  0.000000E+00  0.000000E+00  0.408257E+04  0.149226E+06
  0.545389E+00  0.150796E+06  0.149565E+06  0.000000E+00  0.000000E+00  0.403852E+04  0.148445E+06
  0.547217E+00  0.150009E+06  0.148784E+06  0.000000E+00  0.000000E+00  0.399505E+04  0.147670E+06
  0.549044E+00  0.149228E+06  0.148009E+06  0.000000E+00  0.000000E+00  0.395217E+04  0.146901E+06
  0.550871E+00  0.148453E+06  0.147240E+06  0.000000E+00  0.000000E+00  0.390985E+04  0.146138E+06
  0.552698E+00  0.147684E+06  0.146477E+06  0.000000E+00  0.000000E+00  0.386811E+04  0.145380E+06
  0.554525E+00  0.146922E+06  0.145720E+06  0.000000E+00  0.000000E+00  0.382693E+04  0.144629E+06
  0.556352E+00  0.146166E+06  0.144970E+06  0.000000E+00  0.000000E+00  0.378631E+04  0.143885E+06
  0.558179E+00  0.145416E+06  0.144226E+06  0.000000E+00  0.000000E+00  0.374625E+04  0.143147E+06
  0.560006E+00  0.144673E+06  0.143489E+06  0.000000E+00  0.000000E+00  0.370674E+04  0.142415E+06
  0.561833E+00  0.143937E+06  0.142759E+06  0.000000E+00  0.000000E+00  0.366777E+04  0.141690E+06
  0.563660E+00  0.143207E+06  0.142035E+06  0.000000E+00  0.000000E+00  0.362934E+04  0.140971E+06
  0.565487E+00  0.142484E+06  0.141317E+06  0.000000E+00  0.000000E+00  0.359143E+04  0.140259E+06
  0.567314E+00  0.141768E+06  0.140607E+06  0.000000E+00  0.000000E+00  0.355405E+04  0.139554E+06
  0.569141E+00  0.141057E+06  0.139902E+06  0.000000E+00  0.000000E+00  0.351718E+04  0.138854E+06
  0.570968E+00  0.140353E+06  0.139204E+06  0.000000E+00  0.000000E+00  0.348080E+04  0.138161E+06
  0.572795E+00  0.139656E+06  0.138512E+06  0.000000E+00  0.000000E+00  0.344493E+04  0.137474E+06
  0.574622E+00  0.138965E+06  0.137827E+06  0.000000E+00  0.000000E+00  0.340954E+04  0.136793E+06
  0.576449E+00  0.138279E+06  0.137147E+06  0.000000E+00  0.000000E+00  0.337462E+04  0.136118E+06
  0.578277E+00  0.137600E+06  0.136474E+06  0.000000E+00  0.000000E+00  0.334018E+04  0.135449E+06
  0.580104E+00  0.136926E+06  0.135806E+06  0.000000E+00  0.000000E+00  0.330619E+04  0.134786E+06
  0.581931E+00  0.136258E+06  0.135144E+06  0.000000E+00  0.000000E+00  0.327265E+04  0.134128E+06
  0.583758E+00  0.135595E+06  0.134487E+06  0.000000E+00  0.000000E+00  0.323953E+04  0.133476E+06
  0.703301E+00  0.101094E+06  0.100268E+06  0.000000E+00  0.000000E+00  0.175540E+04  0.995041E+05
  0.859015E+00  0.733934E+05  0.727937E+05  0.000000E+00  0.000000E+00  0.896512E+03  0.722334E+05
  0.104920E+01  0.530324E+05  0.525991E+05  0.000000E+00  0.000000E+00  0.451940E+03  0.521913E+05
  0.128150E+01  0.381567E+05  0.378450E+05  0.000000E+00  0.000000E+00  0.225215E+03  0.375501E+05
  0.156523E+01  0.273468E+05  0.271234E+05  0.000000E+00  0.000000E+00  0.147545E+03  0.269119E+05
  0.191177E+01  0.195298E+05  0.193701E+05  0.000000E+00  0.000000E+00  0.728073E+02  0.192187E+05
  0.233504E+01  0.139019E+05  0.137882E+05  0.000000E+00  0.000000E+00  0.356023E+02  0.136802E+05
  0.285203E+01  0.986642E+04  0.978561E+04  0.000000E+00  0.000000E+00  0.172702E+02  0.970894E+04
  0.348347E+01  0.698321E+04  0.692591E+04  0.000000E+00  0.000000E+00  0.831885E+01  0.687167E+04
  0.425472E+01  0.493011E+04  0.488954E+04  0.000000E+00  0.000000E+00  0.398268E+01  0.485132E+04
  0.519673E+01  0.347255E+04  0.344385E+04  0.000000E+00  0.000000E+00  0.189675E+01  0.341702E+04
  0.634731E+01  0.244065E+04  0.242036E+04  0.000000E+00  0.000000E+00  0.899300E+00  0.240160E+04
  0.775262E+01  0.171199E+04  0.169762E+04  0.000000E+00  0.000000E+00  0.424778E+00  0.168457E+04
  0.946906E+01  0.119865E+04  0.118845E+04  0.000000E+00  0.000000E+00  0.200003E+00  0.117943E+04
  0.115655E+02  0.837790E+03  0.830515E+03  0.000000E+00  0.000000E+00  0.939151E-01  0.824334E+03
  0.141262E+02  0.584629E+03  0.579400E+03  0.000000E+00  0.000000E+00  0.439974E-01  0.575215E+03
  0.172538E+02  0.407352E+03  0.403550E+03  0.000000E+00  0.000000E+00  0.205702E-01  0.400768E+03
  0.210738E+02  0.283428E+03  0.280619E+03  0.000000E+00  0.000000E+00  0.960001E-02  0.278822E+03
  0.257396E+02  0.196938E+03  0.194816E+03  0.000000E+00  0.000000E+00  0.447298E-02  0.193711E+03
  0.314384E+02  0.136664E+03  0.135015E+03  0.000000E+00  0.000000E+00  0.208095E-02  0.134397E+03
  0.383990E+02  0.947179E+02  0.933938E+02  0.000000E+00  0.000000E+00  0.966703E-03  0.931192E+02
  0.469006E+02  0.655650E+02  0.644614E+02  0.000000E+00  0.000000E+00  0.448419E-03  0.644296E+02
  0.572845E+02  0.453275E+02  0.443724E+02  0.000000E+00  0.000000E+00  0.207690E-03  0.445130E+02
  0.699675E+02  0.312950E+02  0.304387E+02  0.000000E+00  0.000000E+00  0.960311E-04  0.307023E+02
  0.854584E+02  0.215753E+02  0.207843E+02  0.000000E+00  0.000000E+00  0.443160E-04  0.211358E+02
  0.104379E+03  0.148496E+02  0.141016E+02  0.000000E+00  0.000000E+00  0.204021E-04  0.145158E+02
