  0.353793E-05  0.232281E+06  0.232281E+06  0.309708E+06  0.309708E+06  0.238623E+06  0.232379E+06
  0.365776E-05  0.232281E+06  0.232281E+06  0.309708E+06  0.309708E+06  0.238623E+06  0.232379E+06
  0.378166E-05  0.232281E+06  0.232281E+06  0.309708E+06  0.309708E+06  0.238623E+06  0.232379E+06
  0.390975E-05  0.232281E+06  0.232281E+06  0.309708E+06  0.309708E+06  0.238623E+06  0.232379E+06
  0.404219E-05  0.232281E+06  0.232281E+06  0.309708E+06  0.309708E+06  0.238623E+06  0.232379E+06
  0.417910E-05  0.232281E+06  0.232281E+06  0.309708E+06  0.309708E+06  0.238623E+06  0.232379E+06
  0.432066E-05  0.232281E+06  0.232281E+06  0.309708E+06  0.309708E+06  0.238623E+06  0.232379E+06
  0.446701E-05  0.232281E+06  0.232281E+06  0.309708E+06  0.309708E+06  0.238623E+06  0.232379E+06
  0.461832E-05  0.232281E+06  0.232281E+06  0.309708E+06  0.309708E+06  0.238623E+06  0.232379E+06
  0.477475E-05  0.232281E+06  0.232281E+06  0.309708E+06  0.309708E+06  0.238623E+06  0.232379E+06
  0.493648E-05  0.232281E+06  0.232281E+06  0.309708E+06  0.309708E+06  0.238623E+06  0.232379E+06
  0.510369E-05  0.232281E+06  0.232281E+06  0.309708E+06  0.309708E+06  0.238623E+06  0.232379E+06
  0.527657E-05  0.232281E+06  0.232281E+06  0.309708E+06  0.309708E+06  0.238623E+06  0.232379E+06
  0.545530E-05  0.232281E+06  0.232281E+06  0.309708E+06  0.309708E+06  0.238623E+06  0.232379E+06
  0.564008E-05  0.232281E+06  0.232281E+06  0.309708E+06  0.309708E+06  0.238623E+06  0.232379E+06
  0.583112E-05  0.232281E+06  0.232281E+06  0.309708E+06  0.309708E+06  0.238623E+06  0.232379E+06
  0.602864E-05  0.232281E+06  0.232281E+06  0.309708E+06  0.309708E+06  0.238623E+06  0.232379E+06
  0.623284E-05  0.232281E+06  0.232281E+06  0.309708E+06  0.309708E+06  0.238623E+06  0.232379E+06
  0.644396E-05  0.232281E+06  0.232281E+06  0.309708E+06  0.309708E+06  0.238623E+06  0.232379E+06
  0.666224E-05  0.232281E+06  0.232281E+06  0.309708E+06  0.309708E+06  0.238623E+06  0.232379E+06
  0.688790E-05  0.232281E+06  0.232281E+06  0.309708E+06  0.309708E+06  0.238623E+06  0.232379E+06
  0.712121E-05  0.232281E+06  0.232281E+06  0.309708E+06  0.309708E+06  0.238623E+06  0.232379E+06
  0.736242E-05  0.232281E+06  0.232281E+06  0.309708E+06  0.309708E+06  0.238623E+06  0.232379E+06
  0.761180E-05  0.232281E+06  0.232281E+06  0.309708E+06  0.309708E+06  0.238623E+06  0.232379E+06
  0.786963E-05  0.232281E+06  0.232281E+06  0.309708E+06  0.309708E+06  0.238622E+06  0.232379E+06
  0.813620E-05  0.232281E+06  0.232281E+06  0.309708E+06  0.309708E+06  0.238622E+06  0.232379E+06
  0.841179E-05  0.232281E+06  0.232281E+06  0.309708E+06  0.309708E+06  0.238622E+06  0.232379E+06
  0.869671E-05  0.232281E+06  0.232281E+06  0.309708E+06  0.309708E+06  0.238622E+06  0.232379E+06
  0.899129E-05  0.232281E+06  0.232281E+06  0.309708E+06  0.309707E+06  0.238622E+06  0.232379E+06
  0.929585E-05  0.232281E+06  0.232281E+06  0.309708E+06  0.309707E+06  0.238622E+06  0.232379E+06
  0.961072E-05  0.232281E+06  0.232281E+06  0.309707E+06  0.309707E+06  0.238622E+06  0.232379E+06
  0.993626E-05  0.232281E+06  0.232281E+06  0.309707E+06  0.309707E+06  0.238622E+06  0.232379E+06
  0.102728E-04  0.232281E+06  0.232281E+06  0.309707E+06  0.309707E+06  0.238622E+06  0.232379E+06
  0.106208E-04  0.232281E+06  0.232281E+06  0.309707E+06  0.309707E+06  0.238622E+06  0.232379E+06
  0.109805E-04  0.232281E+06  0.232281E+06  0.309707E+06  0.309707E+06  0.238622E+06  0.232379E+06
  0.113525E-04  0.232281E+06  0.232281E+06  0.309707E+06  0.309707E+06  0.238622E+06  0.232379E+06
  0.117370E-04  0.232281E+06  0.232281E+06  0.309707E+06  0.309707E+06  0.238622E+06  0.232379E+06
  0.121346E-04  0.232281E+06  0.232281E+06  0.309707E+06  0.309707E+06  0.238622E+06  0.232379E+06
  0.125456E-04  0.232281E+06  0.232281E+06  0.309707E+06  0.309706E+06  0.238622E+06  0.232379E+06
  0.129705E-04  0.232281E+06  0.232281E+06  0.309707E+06  0.309706E+06  0.238622E+06  0.232379E+06
  0.134099E-04  0.232281E+06  0.232281E+06  0.309706E+06  0.309706E+06  0.238622E+06  0.232379E+06
  0.138641E-04  0.232281E+06  0.232281E+06  0.309706E+06  0.309706E+06  0.238622E+06  0.232379E+06
  0.143337E-04  0.232281E+06  0.232281E+06  0.309706E+06  0.309706E+06  0.238622E+06  0.232379E+06
  0.148192E-04  0.232281E+06  0.232281E+06  0.309706E+06  0.309706E+06  0.238622E+06  0.232379E+06
  0.153212E-04  0.232281E+06  0.232281E+06  0.309706E+06  0.309705E+06  0.238622E+06  0.232379E+06
  0.158402E-04  0.232281E+06  0.232281E+06  0.309706E+06  0.309705E+06  0.238622E+06  0.232379E+06
  0.163767E-04  0.232281E+06  0.232281E+06  0.309705E+06  0.309705E+06  0.238622E+06  0.232379E+06
  0.169314E-04  0.232281E+06  0.232281E+06  0.309705E+06  0.309705E+06  0.238622E+06  0.232379E+06
  0.175049E-04  0.232281E+06  0.232281E+06  0.309705E+06  0.309704E+06  0.238622E+06  0.232379E+06
  0.180979E-04  0.232281E+06  0.232281E+06  0.309705E+06  0.309704E+06  0.238622E+06  0.232379E+06
  0.187109E-04  0.232281E+06  0.232281E+06  0.309704E+06  0.309704E+06  0.238621E+06  0.232379E+06
  0.193447E-04  0.232281E+06  0.232281E+06  0.309704E+06  0.309704E+06  0.238621E+06  0.232379E+06
  0.199999E-04  0.232281E+06  0.232281E+06  0.309704E+06  0.309703E+06  0.238621E+06  0.232379E+06
  0.206773E-04  0.232281E+06  0.232281E+06  0.309703E+06  0.309703E+06  0.238621E+06  0.232379E+06
  0.213777E-04  0.232281E+06  0.232281E+06  0.309703E+06  0.309702E+06  0.238621E+06  0.232379E+06
  0.221019E-04  0.232281E+06  0.232281E+06  0.309703E+06  0.309702E+06  0.238621E+06  0.232379E+06
  0.228505E-04  0.232281E+06  0.232281E+06  0.309702E+06  0.309702E+06  0.238621E+06  0.232379E+06
  0.236245E-04  0.232281E+06  0.232281E+06  0.309702E+06  0.309701E+06  0.238621E+06  0.232379E+06
  0.244247E-04  0.232281E+06  0.232281E+06  0.309701E+06  0.309700E+06  0.238620E+06  0.232379E+06
  0.252520E-04  0.232281E+06  0.232281E+06  0.309701E+06  0.309700E+06  0.238620E+06  0.232379E+06
  0.261074E-04  0.232281E+06  0.232281E+06  0.309700E+06  0.309699E+06  0.238620E+06  0.232379E+06
  0.269917E-04  0.232281E+06  0.232281E+06  0.309700E+06  0.309699E+06  0.238620E+06  0.232378E+06
  0.279060E-04  0.232281E+06  0.232281E+06  0.309699E+06  0.309698E+06  0.238620E+06  0.232378E+06
  0.288512E-04  0.232281E+06  0.232281E+06  0.309698E+06  0.309697E+06  0.238620E+06  0.232378E+06
  0.298285E-04  0.232281E+06  0.232281E+06  0.309698E+06  0.309697E+06  0.238619E+06  0.232378E+06
  0.308388E-04  0.232281E+06  0.232281E+06  0.309697E+06  0.309696E+06  0.238619E+06  0.232378E+06
  0.318834E-04  0.232281E+06  0.232281E+06  0.309696E+06  0.309695E+06  0.238619E+06  0.232378E+06
  0.329634E-04  0.232281E+06  0.232281E+06  0.309695E+06  0.309694E+06  0.238619E+06  0.232378E+06
  0.340799E-04  0.232281E+06  0.232281E+06  0.309694E+06  0.309693E+06  0.238618E+06  0.232378E+06
  0.352343E-04  0.232281E+06  0.232281E+06  0.309694E+06  0.309692E+06  0.238618E+06  0.232378E+06
  0.364277E-04  0.232281E+06  0.232281E+06  0.309692E+06  0.309691E+06  0.238618E+06  0.232378E+06
  0.376616E-04  0.232281E+06  0.232281E+06  0.309691E+06  0.309689E+06  0.238617E+06  0.232378E+06
  0.389373E-04  0.232281E+06  0.232281E+06  0.309690E+06  0.309688E+06  0.238617E+06  0.232378E+06
  0.402562E-04  0.232281E+06  0.232280E+06  0.309689E+06  0.309687E+06  0.238617E+06  0.232378E+06
  0.416198E-04  0.232281E+06  0.232280E+06  0.309688E+06  0.309685E+06  0.238616E+06  0.232378E+06
  0.430296E-04  0.232280E+06  0.232280E+06  0.309686E+06  0.309684E+06  0.238616E+06  0.232378E+06
  0.444871E-04  0.232280E+06  0.232280E+06  0.309685E+06  0.309682E+06  0.238615E+06  0.232378E+06
  0.459939E-04  0.232280E+06  0.232280E+06  0.309683E+06  0.309680E+06  0.238615E+06  0.232378E+06
  0.475519E-04  0.232280E+06  0.232280E+06  0.309681E+06  0.309678E+06  0.238614E+06  0.232378E+06
  0.491626E-04  0.232280E+06  0.232280E+06  0.309679E+06  0.309676E+06  0.238614E+06  0.232378E+06
  0.508278E-04  0.232280E+06  0.232280E+06  0.309677E+06  0.309674E+06  0.238613E+06  0.232377E+06
  0.525495E-04  0.232280E+06  0.232280E+06  0.309675E+06  0.309671E+06  0.238612E+06  0.232377E+06
  0.543294E-04  0.232280E+06  0.232280E+06  0.309673E+06  0.309669E+06  0.238612E+06  0.232377E+06
  0.561697E-04  0.232280E+06  0.232280E+06  0.309670E+06  0.309666E+06  0.238611E+06  0.232377E+06
  0.580723E-04  0.232280E+06  0.232279E+06  0.309668E+06  0.309663E+06  0.238610E+06  0.232377E+06
  0.600393E-04  0.232280E+06  0.232279E+06  0.309665E+06  0.309660E+06  0.238609E+06  0.232377E+06
  0.620730E-04  0.232279E+06  0.232279E+06  0.309662E+06  0.309656E+06  0.238608E+06  0.232377E+06
  0.641756E-04  0.232279E+06  0.232279E+06  0.309659E+06  0.309653E+06  0.238607E+06  0.232377E+06
  0.663493E-04  0.232279E+06  0.232279E+06  0.309655E+06  0.309649E+06  0.238606E+06  0.232376E+06
  0.685967E-04  0.232279E+06  0.232279E+06  0.309651E+06  0.309645E+06  0.238605E+06  0.232376E+06
  0.709203E-04  0.232279E+06  0.232278E+06  0.309647E+06  0.309641E+06  0.238604E+06  0.232376E+06
  0.733225E-04  0.232279E+06  0.232278E+06  0.309643E+06  0.309636E+06  0.238602E+06  0.232376E+06
  0.758061E-04  0.232278E+06  0.232278E+06  0.309639E+06  0.309631E+06  0.238601E+06  0.232376E+06
  0.783739E-04  0.232278E+06  0.232278E+06  0.309634E+06  0.309626E+06  0.238600E+06  0.232375E+06
  0.810285E-04  0.232278E+06  0.232278E+06  0.309629E+06  0.309620E+06  0.238598E+06  0.232375E+06
  0.837732E-04  0.232278E+06  0.232277E+06  0.309623E+06  0.309614E+06  0.238596E+06  0.232375E+06
  0.866108E-04  0.232278E+06  0.232277E+06  0.309617E+06  0.309607E+06  0.238594E+06  0.232375E+06
  0.895445E-04  0.232277E+06  0.232277E+06  0.309611E+06  0.309600E+06  0.238593E+06  0.232374E+06
  0.925776E-04  0.232277E+06  0.232276E+06  0.309604E+06  0.309593E+06  0.238590E+06  0.232374E+06
  0.957134E-04  0.232277E+06  0.232276E+06  0.309597E+06  0.309585E+06  0.238588E+06  0.232374E+06
  0.989554E-04  0.232276E+06  0.232276E+06  0.309590E+06  0.309576E+06  0.238586E+06  0.232373E+06
  0.102307E-03  0.232276E+06  0.232275E+06  0.309581E+06  0.309567E+06  0.238583E+06  0.232373E+06
  0.105773E-03  0.232276E+06  0.232275E+06  0.309573E+06  0.309557E+06  0.238581E+06  0.232372E+06
  0.109355E-03  0.232275E+06  0.232274E+06  0.309563E+06  0.309547E+06  0.238578E+06  0.232372E+06
  0.113060E-03  0.232275E+06  0.232274E+06  0.309553E+06  0.309536E+06  0.238575E+06  0.232372E+06
  0.116889E-03  0.232274E+06  0.232273E+06  0.309543E+06  0.309524E+06  0.238571E+06  0.232371E+06
  0.120848E-03  0.232274E+06  0.232273E+06  0.309531E+06  0.309511E+06  0.238568E+06  0.232371E+06
  0.124942E-03  0.232273E+06  0.232272E+06  0.309519E+06  0.309497E+06  0.238564E+06  0.232370E+06
  0.129174E-03  0.232273E+06  0.232272E+06  0.309506E+06  0.309483E+06  0.238560E+06  0.232369E+06
  0.133549E-03  0.232272E+06  0.232271E+06  0.309492E+06  0.309467E+06  0.238556E+06  0.232369E+06
  0.138073E-03  0.232272E+06  0.232270E+06  0.309477E+06  0.309451E+06  0.238551E+06  0.232368E+06
  0.142750E-03  0.232271E+06  0.232269E+06  0.309461E+06  0.309433E+06  0.238546E+06  0.232367E+06
  0.147585E-03  0.232270E+06  0.232269E+06  0.309444E+06  0.309414E+06  0.238541E+06  0.232366E+06
  0.152584E-03  0.232269E+06  0.232268E+06  0.309426E+06  0.309394E+06  0.238535E+06  0.232366E+06
  0.157752E-03  0.232269E+06  0.232267E+06  0.309406E+06  0.309372E+06  0.238529E+06  0.232365E+06
  0.163096E-03  0.232268E+06  0.232266E+06  0.309385E+06  0.309349E+06  0.238523E+06  0.232364E+06
  0.168620E-03  0.232267E+06  0.232265E+06  0.309363E+06  0.309324E+06  0.238516E+06  0.232363E+06
  0.174332E-03  0.232266E+06  0.232264E+06  0.309339E+06  0.309298E+06  0.238508E+06  0.232361E+06
  0.180237E-03  0.232265E+06  0.232262E+06  0.309314E+06  0.309269E+06  0.238500E+06  0.232360E+06
  0.186342E-03  0.232264E+06  0.232261E+06  0.309287E+06  0.309239E+06  0.238492E+06  0.232359E+06
  0.192654E-03  0.232262E+06  0.232260E+06  0.309258E+06  0.309207E+06  0.238483E+06  0.232358E+06
  0.199179E-03  0.232261E+06  0.232258E+06  0.309227E+06  0.309172E+06  0.238473E+06  0.232356E+06
  0.205926E-03  0.232260E+06  0.232257E+06  0.309194E+06  0.309135E+06  0.238463E+06  0.232355E+06
  0.212901E-03  0.232258E+06  0.232255E+06  0.309158E+06  0.309096E+06  0.238452E+06  0.232353E+06
  0.220113E-03  0.232257E+06  0.232253E+06  0.309120E+06  0.309054E+06  0.238440E+06  0.232351E+06
  0.227569E-03  0.232255E+06  0.232251E+06  0.309080E+06  0.309009E+06  0.238428E+06  0.232349E+06
  0.235277E-03  0.232253E+06  0.232249E+06  0.309037E+06  0.308961E+06  0.238414E+06  0.232347E+06
  0.243246E-03  0.232251E+06  0.232247E+06  0.308990E+06  0.308909E+06  0.238400E+06  0.232345E+06
  0.251486E-03  0.232249E+06  0.232244E+06  0.308941E+06  0.308854E+06  0.238385E+06  0.232343E+06
  0.260004E-03  0.232247E+06  0.232242E+06  0.308888E+06  0.308795E+06  0.238368E+06  0.232340E+06
  0.268811E-03  0.232244E+06  0.232239E+06  0.308832E+06  0.308732E+06  0.238351E+06  0.232337E+06
  0.277916E-03  0.232242E+06  0.232236E+06  0.308771E+06  0.308665E+06  0.238332E+06  0.232335E+06
  0.287330E-03  0.232239E+06  0.232233E+06  0.308707E+06  0.308594E+06  0.238312E+06  0.232332E+06
  0.297062E-03  0.232236E+06  0.232230E+06  0.308638E+06  0.308517E+06  0.238291E+06  0.232328E+06
  0.307124E-03  0.232233E+06  0.232226E+06  0.308564E+06  0.308435E+06  0.238268E+06  0.232325E+06
  0.317527E-03  0.232230E+06  0.232222E+06  0.308486E+06  0.308347E+06  0.238243E+06  0.232321E+06
  0.328283E-03  0.232226E+06  0.232218E+06  0.308401E+06  0.308254E+06  0.238217E+06  0.232317E+06
  0.339403E-03  0.232222E+06  0.232214E+06  0.308312E+06  0.308154E+06  0.238189E+06  0.232313E+06
  0.350899E-03  0.232218E+06  0.232209E+06  0.308215E+06  0.308047E+06  0.238160E+06  0.232308E+06
  0.362785E-03  0.232214E+06  0.232204E+06  0.308113E+06  0.307933E+06  0.238128E+06  0.232303E+06
  0.375073E-03  0.232209E+06  0.232199E+06  0.308003E+06  0.307811E+06  0.238094E+06  0.232298E+06
  0.387778E-03  0.232204E+06  0.232193E+06  0.307886E+06  0.307680E+06  0.238057E+06  0.232293E+06
  0.400913E-03  0.232199E+06  0.232187E+06  0.307761E+06  0.307541E+06  0.238018E+06  0.232287E+06
  0.414492E-03  0.232193E+06  0.232181E+06  0.307627E+06  0.307392E+06  0.237977E+06  0.232280E+06
  0.428532E-03  0.232187E+06  0.232174E+06  0.307484E+06  0.307233E+06  0.237932E+06  0.232273E+06
  0.443048E-03  0.232181E+06  0.232166E+06  0.307331E+06  0.307064E+06  0.237885E+06  0.232266E+06
  0.458055E-03  0.232174E+06  0.232158E+06  0.307168E+06  0.306882E+06  0.237834E+06  0.232258E+06
  0.473570E-03  0.232166E+06  0.232150E+06  0.306994E+06  0.306688E+06  0.237780E+06  0.232250E+06
  0.489611E-03  0.232159E+06  0.232141E+06  0.306807E+06  0.306481E+06  0.237722E+06  0.232241E+06
  0.506195E-03  0.232150E+06  0.232131E+06  0.306608E+06  0.306260E+06  0.237660E+06  0.232232E+06
  0.523341E-03  0.232141E+06  0.232121E+06  0.306396E+06  0.306024E+06  0.237594E+06  0.232222E+06
  0.541068E-03  0.232131E+06  0.232110E+06  0.306169E+06  0.305771E+06  0.237523E+06  0.232211E+06
  0.559395E-03  0.232121E+06  0.232098E+06  0.305926E+06  0.305502E+06  0.237448E+06  0.232199E+06
  0.578343E-03  0.232110E+06  0.232085E+06  0.305667E+06  0.305214E+06  0.237367E+06  0.232187E+06
  0.597933E-03  0.232098E+06  0.232072E+06  0.305390E+06  0.304906E+06  0.237281E+06  0.232174E+06
  0.618186E-03  0.232086E+06  0.232057E+06  0.305095E+06  0.304578E+06  0.237189E+06  0.232160E+06
  0.639126E-03  0.232072E+06  0.232042E+06  0.304779E+06  0.304227E+06  0.237090E+06  0.232145E+06
  0.660775E-03  0.232058E+06  0.232025E+06  0.304442E+06  0.303853E+06  0.236985E+06  0.232129E+06
  0.683157E-03  0.232042E+06  0.232008E+06  0.304082E+06  0.303453E+06  0.236873E+06  0.232111E+06
  0.706297E-03  0.232026E+06  0.231989E+06  0.303698E+06  0.303026E+06  0.236753E+06  0.232093E+06
  0.730221E-03  0.232008E+06  0.231969E+06  0.303288E+06  0.302571E+06  0.236625E+06  0.232073E+06
  0.754955E-03  0.231990E+06  0.231947E+06  0.302849E+06  0.302085E+06  0.236488E+06  0.232052E+06
  0.780527E-03  0.231970E+06  0.231924E+06  0.302382E+06  0.301566E+06  0.236342E+06  0.232030E+06
  0.806965E-03  0.231948E+06  0.231900E+06  0.301883E+06  0.301012E+06  0.236186E+06  0.232006E+06
  0.834299E-03  0.231925E+06  0.231874E+06  0.301350E+06  0.300421E+06  0.236019E+06  0.231980E+06
  0.862559E-03  0.231901E+06  0.231846E+06  0.300781E+06  0.299790E+06  0.235841E+06  0.231953E+06
  0.891775E-03  0.231875E+06  0.231816E+06  0.300175E+06  0.299118E+06  0.235651E+06  0.231924E+06
  0.921982E-03  0.231847E+06  0.231784E+06  0.299527E+06  0.298400E+06  0.235448E+06  0.231893E+06
  0.953212E-03  0.231817E+06  0.231750E+06  0.298837E+06  0.297635E+06  0.235231E+06  0.231859E+06
  0.985499E-03  0.231785E+06  0.231713E+06  0.298100E+06  0.296819E+06  0.235000E+06  0.231824E+06
  0.101888E-02  0.231751E+06  0.231674E+06  0.297314E+06  0.295950E+06  0.234753E+06  0.231786E+06
  0.105339E-02  0.231715E+06  0.231633E+06  0.296476E+06  0.295022E+06  0.234490E+06  0.231745E+06
  0.108907E-02  0.231676E+06  0.231588E+06  0.295583E+06  0.294034E+06  0.234208E+06  0.231701E+06
  0.112596E-02  0.231635E+06  0.231541E+06  0.294631E+06  0.292981E+06  0.233908E+06  0.231655E+06
  0.116410E-02  0.231590E+06  0.231490E+06  0.293616E+06  0.291860E+06  0.233587E+06  0.231606E+06
  0.120353E-02  0.231543E+06  0.231436E+06  0.292535E+06  0.290665E+06  0.233246E+06  0.231553E+06
  0.124430E-02  0.231492E+06  0.231378E+06  0.291382E+06  0.289393E+06  0.232881E+06  0.231496E+06
  0.128645E-02  0.231439E+06  0.231316E+06  0.290155E+06  0.288038E+06  0.232492E+06  0.231436E+06
  0.133002E-02  0.231381E+06  0.231250E+06  0.288849E+06  0.286597E+06  0.232077E+06  0.231371E+06
  0.137507E-02  0.231319E+06  0.231180E+06  0.287457E+06  0.285064E+06  0.231635E+06  0.231303E+06
  0.142165E-02  0.231254E+06  0.231104E+06  0.285977E+06  0.283434E+06  0.231163E+06  0.231229E+06
  0.146980E-02  0.231184E+06  0.231024E+06  0.284402E+06  0.281700E+06  0.230660E+06  0.231151E+06
  0.151959E-02  0.231109E+06  0.230938E+06  0.282726E+06  0.279858E+06  0.230124E+06  0.231067E+06
  0.157106E-02  0.231029E+06  0.230846E+06  0.280945E+06  0.277900E+06  0.229553E+06  0.230978E+06
  0.162428E-02  0.230944E+06  0.230749E+06  0.279051E+06  0.275822E+06  0.228945E+06  0.230883E+06
  0.167929E-02  0.230853E+06  0.230644E+06  0.277040E+06  0.273616E+06  0.228297E+06  0.230781E+06
  0.173618E-02  0.230756E+06  0.230533E+06  0.274904E+06  0.271276E+06  0.227607E+06  0.230673E+06
  0.179498E-02  0.230652E+06  0.230414E+06  0.272636E+06  0.268794E+06  0.226872E+06  0.230557E+06
  0.185578E-02  0.230542E+06  0.230287E+06  0.270230E+06  0.266165E+06  0.226090E+06  0.230434E+06
  0.191864E-02  0.230424E+06  0.230152E+06  0.267679E+06  0.263380E+06  0.225259E+06  0.230303E+06
  0.198363E-02  0.230298E+06  0.230008E+06  0.264975E+06  0.260433E+06  0.224374E+06  0.230162E+06
  0.205082E-02  0.230164E+06  0.229854E+06  0.262111E+06  0.257315E+06  0.223433E+06  0.230013E+06
  0.212029E-02  0.230021E+06  0.229690E+06  0.259080E+06  0.254021E+06  0.222433E+06  0.229854E+06
  0.219211E-02  0.229869E+06  0.229514E+06  0.255873E+06  0.250542E+06  0.221371E+06  0.229684E+06
  0.226636E-02  0.229707E+06  0.229328E+06  0.252483E+06  0.246871E+06  0.220243E+06  0.229503E+06
  0.234313E-02  0.229534E+06  0.229129E+06  0.248904E+06  0.243001E+06  0.219046E+06  0.229310E+06
  0.242249E-02  0.229349E+06  0.228917E+06  0.245126E+06  0.238926E+06  0.217775E+06  0.229105E+06
  0.250455E-02  0.229153E+06  0.228691E+06  0.241143E+06  0.234640E+06  0.216428E+06  0.228886E+06
  0.258938E-02  0.228944E+06  0.228451E+06  0.236948E+06  0.230135E+06  0.214999E+06  0.228654E+06
  0.267709E-02  0.228722E+06  0.228194E+06  0.232534E+06  0.225408E+06  0.213487E+06  0.228406E+06
  0.276777E-02  0.228485E+06  0.227921E+06  0.227895E+06  0.220454E+06  0.211885E+06  0.228143E+06
  0.286152E-02  0.228233E+06  0.227631E+06  0.223026E+06  0.215268E+06  0.210191E+06  0.227863E+06
  0.295845E-02  0.227965E+06  0.227322E+06  0.217921E+06  0.209849E+06  0.208400E+06  0.227565E+06
  0.305866E-02  0.227680E+06  0.226993E+06  0.212578E+06  0.204195E+06  0.206508E+06  0.227249E+06
  0.316226E-02  0.227377E+06  0.226643E+06  0.206992E+06  0.198307E+06  0.204511E+06  0.226912E+06
  0.326938E-02  0.227055E+06  0.226272E+06  0.201163E+06  0.192185E+06  0.202404E+06  0.226555E+06
  0.338012E-02  0.226713E+06  0.225876E+06  0.195091E+06  0.185836E+06  0.200185E+06  0.226176E+06
  0.349461E-02  0.226350E+06  0.225456E+06  0.188778E+06  0.179263E+06  0.197850E+06  0.225774E+06
  0.361298E-02  0.225965E+06  0.225010E+06  0.182227E+06  0.172476E+06  0.195394E+06  0.225348E+06
  0.373536E-02  0.225556E+06  0.224537E+06  0.175445E+06  0.165486E+06  0.192815E+06  0.224896E+06
  0.386189E-02  0.225122E+06  0.224034E+06  0.168440E+06  0.158306E+06  0.190110E+06  0.224417E+06
  0.399270E-02  0.224663E+06  0.223501E+06  0.161225E+06  0.150954E+06  0.187275E+06  0.223910E+06
  0.412794E-02  0.224177E+06  0.222936E+06  0.153812E+06  0.143450E+06  0.184311E+06  0.223373E+06
  0.426776E-02  0.223662E+06  0.222338E+06  0.146220E+06  0.135818E+06  0.181213E+06  0.222806E+06
  0.441232E-02  0.223117E+06  0.221704E+06  0.138471E+06  0.128085E+06  0.177983E+06  0.222206E+06
  0.456178E-02  0.222541E+06  0.221033E+06  0.130589E+06  0.120284E+06  0.174620E+06  0.221572E+06
  0.471629E-02  0.221933E+06  0.220323E+06  0.122604E+06  0.112450E+06  0.171125E+06  0.220904E+06
  0.487605E-02  0.221290E+06  0.219572E+06  0.114549E+06  0.104621E+06  0.167500E+06  0.220199E+06
  0.504121E-02  0.220612E+06  0.218779E+06  0.106461E+06  0.968396E+05  0.163748E+06  0.219456E+06
  0.521197E-02  0.219898E+06  0.217942E+06  0.983826E+05  0.891523E+05  0.159872E+06  0.218674E+06
  0.538851E-02  0.219146E+06  0.217059E+06  0.903582E+05  0.816072E+05  0.155879E+06  0.217852E+06
  0.557103E-02  0.218354E+06  0.216128E+06  0.824373E+05  0.742553E+05  0.151774E+06  0.216988E+06
  0.575973E-02  0.217521E+06  0.215147E+06  0.746724E+05  0.671486E+05  0.147567E+06  0.216080E+06
  0.595483E-02  0.216646E+06  0.214115E+06  0.671185E+05  0.603396E+05  0.143266E+06  0.215129E+06
  0.615653E-02  0.215728E+06  0.213029E+06  0.598327E+05  0.538802E+05  0.138884E+06  0.214132E+06
  0.636507E-02  0.214766E+06  0.211888E+06  0.528728E+05  0.478196E+05  0.134433E+06  0.213088E+06
  0.658067E-02  0.213760E+06  0.210692E+06  0.462959E+05  0.422037E+05  0.130248E+06  0.212004E+06
  0.680357E-02  0.212705E+06  0.209437E+06  0.401576E+05  0.370727E+05  0.125738E+06  0.210865E+06
  0.703402E-02  0.211604E+06  0.208121E+06  0.345097E+05  0.324595E+05  0.121209E+06  0.209678E+06
  0.727228E-02  0.210454E+06  0.206744E+06  0.293985E+05  0.283877E+05  0.116681E+06  0.208441E+06
  0.751861E-02  0.209254E+06  0.205303E+06  0.248627E+05  0.248700E+05  0.112171E+06  0.207154E+06
  0.777328E-02  0.208006E+06  0.203799E+06  0.209314E+05  0.219066E+05  0.107701E+06  0.205816E+06
  0.803658E-02  0.206707E+06  0.202228E+06  0.176217E+05  0.194837E+05  0.103292E+06  0.204428E+06
  0.830880E-02  0.205357E+06  0.200591E+06  0.149369E+05  0.175726E+05  0.988656E+05  0.202987E+06
  0.859024E-02  0.203957E+06  0.198885E+06  0.128649E+05  0.161301E+05  0.946201E+05  0.201496E+06
  0.888121E-02  0.202505E+06  0.197111E+06  0.113766E+05  0.150983E+05  0.904910E+05  0.199953E+06
  0.918204E-02  0.201002E+06  0.195266E+06  0.104250E+05  0.144067E+05  0.864951E+05  0.198359E+06
  0.949305E-02  0.199448E+06  0.193351E+06  0.994614E+04  0.139744E+05  0.826466E+05  0.196715E+06
  0.981461E-02  0.197843E+06  0.191363E+06  0.985948E+04  0.137143E+05  0.789572E+05  0.195018E+06
  0.101471E-01  0.196187E+06  0.189303E+06  0.100707E+05  0.135372E+05  0.754680E+05  0.193272E+06
  0.104908E-01  0.194479E+06  0.187169E+06  0.104750E+05  0.133576E+05  0.721252E+05  0.191474E+06
  0.108461E-01  0.192721E+06  0.184962E+06  0.109626E+05  0.130999E+05  0.689560E+05  0.189625E+06
  0.112135E-01  0.190912E+06  0.182679E+06  0.114242E+05  0.127040E+05  0.659568E+05  0.187725E+06
  0.115933E-01  0.189053E+06  0.180321E+06  0.117588E+05  0.121313E+05  0.631201E+05  0.185773E+06
  0.119860E-01  0.187143E+06  0.177886E+06  0.118806E+05  0.113683E+05  0.604221E+05  0.183770E+06
  0.123920E-01  0.185182E+06  0.175374E+06  0.117270E+05  0.104291E+05  0.578691E+05  0.181716E+06
  0.128117E-01  0.183171E+06  0.172784E+06  0.112648E+05  0.935386E+04  0.554347E+05  0.179609E+06
  0.132457E-01  0.181109E+06  0.170115E+06  0.104949E+05  0.820554E+04  0.531004E+05  0.177450E+06
  0.136944E-01  0.178997E+06  0.167368E+06  0.945388E+04  0.706172E+04  0.508479E+05  0.175238E+06
  0.141582E-01  0.176834E+06  0.164540E+06  0.821212E+04  0.600436E+04  0.486658E+05  0.172972E+06
  0.146378E-01  0.174620E+06  0.161633E+06  0.686736E+04  0.510732E+04  0.465297E+05  0.170653E+06
  0.151336E-01  0.172356E+06  0.158646E+06  0.553398E+04  0.442377E+04  0.444330E+05  0.168280E+06
  0.156462E-01  0.170040E+06  0.155578E+06  0.432858E+04  0.397569E+04  0.423673E+05  0.165852E+06
  0.161762E-01  0.167674E+06  0.152430E+06  0.335324E+04  0.374797E+04  0.403341E+05  0.163371E+06
  0.167241E-01  0.165258E+06  0.149204E+06  0.267894E+04  0.368906E+04  0.383348E+05  0.160836E+06
  0.172906E-01  0.162791E+06  0.145900E+06  0.233190E+04  0.371964E+04  0.363760E+05  0.158249E+06
  0.178763E-01  0.160274E+06  0.142520E+06  0.228637E+04  0.374852E+04  0.344681E+05  0.155609E+06
  0.184818E-01  0.157709E+06  0.139066E+06  0.246635E+04  0.369332E+04  0.326193E+05  0.152917E+06
  0.191078E-01  0.155095E+06  0.135541E+06  0.275786E+04  0.350142E+04  0.308395E+05  0.150176E+06
  0.197550E-01  0.152434E+06  0.131949E+06  0.303109E+04  0.316497E+04  0.291348E+05  0.147387E+06
  0.204242E-01  0.149727E+06  0.128293E+06  0.316881E+04  0.272450E+04  0.275089E+05  0.144550E+06
  0.211160E-01  0.146975E+06  0.124579E+06  0.309506E+04  0.225777E+04  0.259603E+05  0.141669E+06
  0.218313E-01  0.144180E+06  0.120813E+06  0.279606E+04  0.185474E+04  0.244847E+05  0.138745E+06
  0.225707E-01  0.141344E+06  0.117001E+06  0.232580E+04  0.158566E+04  0.230745E+05  0.135780E+06
  0.233353E-01  0.138469E+06  0.113150E+06  0.179162E+04  0.147318E+04  0.217220E+05  0.132779E+06
  0.241257E-01  0.135557E+06  0.109271E+06  0.132097E+04  0.148116E+04  0.204200E+05  0.129743E+06
  0.249429E-01  0.132612E+06  0.105373E+06  0.101793E+04  0.152801E+04  0.191637E+05  0.126677E+06
  0.257877E-01  0.129636E+06  0.101467E+06  0.924149E+03  0.152261E+04  0.179508E+05  0.123586E+06
  0.266612E-01  0.126635E+06  0.975658E+05  0.100108E+04  0.140857E+04  0.167816E+05  0.120474E+06
  0.275643E-01  0.123610E+06  0.936832E+05  0.114458E+04  0.119452E+04  0.156583E+05  0.117347E+06
  0.284980E-01  0.120569E+06  0.898344E+05  0.123066E+04  0.950547E+03  0.145844E+05  0.114211E+06
  0.294633E-01  0.117515E+06  0.860356E+05  0.117483E+04  0.767328E+03  0.135640E+05  0.111074E+06
  0.304613E-01  0.114455E+06  0.823041E+05  0.975810E+03  0.698342E+03  0.126020E+05  0.107943E+06
  0.314930E-01  0.111394E+06  0.786584E+05  0.716623E+03  0.722300E+03  0.117029E+05  0.104825E+06
  0.325598E-01  0.108340E+06  0.751177E+05  0.515820E+03  0.756672E+03  0.108697E+05  0.101730E+06
  0.336627E-01  0.105299E+06  0.717016E+05  0.452370E+03  0.719767E+03  0.101019E+05  0.986666E+05
  0.348029E-01  0.102279E+06  0.684303E+05  0.511535E+03  0.597278E+03  0.939214E+04  0.956434E+05
  0.359818E-01  0.992874E+05  0.653237E+05  0.594201E+03  0.455222E+03  0.872692E+04  0.926699E+05
  0.372005E-01  0.963325E+05  0.624010E+05  0.591784E+03  0.379252E+03  0.808975E+04  0.897556E+05
  0.384606E-01  0.934223E+05  0.596805E+05  0.474624E+03  0.390146E+03  0.746920E+04  0.869098E+05
  0.397634E-01  0.905646E+05  0.571784E+05  0.318458E+03  0.421360E+03  0.686691E+04  0.841415E+05
  0.411102E-01  0.877674E+05  0.549087E+05  0.235588E+03  0.392187E+03  0.629959E+04  0.814597E+05
  0.425027E-01  0.850378E+05  0.528822E+05  0.265295E+03  0.302267E+03  0.579025E+04  0.788724E+05
  0.439424E-01  0.823826E+05  0.511055E+05  0.332388E+03  0.231330E+03  0.535133E+04  0.763864E+05
  0.454071E-01  0.798473E+05  0.496026E+05  0.329474E+03  0.232534E+03  0.497714E+04  0.740432E+05
  0.468719E-01  0.774709E+05  0.483767E+05  0.243935E+03  0.259052E+03  0.464142E+04  0.718751E+05
  0.483366E-01  0.752440E+05  0.473959E+05  0.158982E+03  0.241444E+03  0.431665E+04  0.698692E+05
  0.498014E-01  0.731568E+05  0.466272E+05  0.144688E+03  0.184182E+03  0.399826E+04  0.680121E+05
  0.512661E-01  0.711995E+05  0.460377E+05  0.184095E+03  0.000000E+00  0.370170E+04  0.662907E+05
  0.527309E-01  0.693618E+05  0.455943E+05  0.207291E+03  0.000000E+00  0.344475E+04  0.646918E+05
  0.541956E-01  0.676336E+05  0.452649E+05  0.177192E+03  0.000000E+00  0.323109E+04  0.632021E+05
  0.556604E-01  0.660048E+05  0.450186E+05  0.124092E+03  0.000000E+00  0.304767E+04  0.618082E+05
  0.571251E-01  0.644656E+05  0.448262E+05  0.998173E+02  0.000000E+00  0.287606E+04  0.604973E+05
  0.585899E-01  0.630066E+05  0.446605E+05  0.115721E+03  0.000000E+00  0.270619E+04  0.592571E+05
  0.600546E-01  0.616187E+05  0.444969E+05  0.136325E+03  0.000000E+00  0.254096E+04  0.580763E+05
  0.615194E-01  0.602932E+05  0.443133E+05  0.127028E+03  0.000000E+00  0.237998E+04  0.569444E+05
  0.629841E-01  0.590224E+05  0.440907E+05  0.938210E+02  0.000000E+00  0.223639E+04  0.558522E+05
  0.644489E-01  0.577989E+05  0.438131E+05  0.709279E+02  0.000000E+00  0.210968E+04  0.547911E+05
  0.659136E-01  0.566162E+05  0.434676E+05  0.774054E+02  0.000000E+00  0.199232E+04  0.537535E+05
  0.673783E-01  0.554683E+05  0.430444E+05  0.963788E+02  0.000000E+00  0.187901E+04  0.527331E+05
  0.688431E-01  0.543503E+05  0.425369E+05  0.981709E+02  0.000000E+00  0.177002E+04  0.517245E+05
  0.703078E-01  0.532577E+05  0.419417E+05  0.759289E+02  0.000000E+00  0.166902E+04  0.507237E+05
  0.717726E-01  0.521871E+05  0.412580E+05  0.515379E+02  0.000000E+00  0.157848E+04  0.497276E+05
  0.732373E-01  0.511355E+05  0.404877E+05  0.480116E+02  0.000000E+00  0.149710E+04  0.487342E+05
  0.747021E-01  0.501014E+05  0.396359E+05  0.954527E+02  0.000000E+00  0.142102E+04  0.477429E+05
  0.761668E-01  0.490815E+05  0.387074E+05  0.118388E+03  0.000000E+00  0.134667E+04  0.467516E+05
  0.776316E-01  0.480761E+05  0.377118E+05  0.112701E+03  0.000000E+00  0.127299E+04  0.457620E+05
  0.790963E-01  0.470848E+05  0.366591E+05  0.676566E+02  0.000000E+00  0.120116E+04  0.447755E+05
  0.805611E-01  0.461079E+05  0.355607E+05  0.891588E+01  0.000000E+00  0.113317E+04  0.437938E+05
  0.820258E-01  0.451458E+05  0.344286E+05 -0.238681E+02  0.000000E+00  0.107068E+04  0.428194E+05
  0.834906E-01  0.441994E+05  0.332756E+05 -0.113129E+02  0.000000E+00  0.101453E+04  0.418549E+05
  0.849553E-01  0.432698E+05  0.321146E+05  0.317835E+02  0.000000E+00  0.964507E+03  0.409032E+05
  0.864201E-01  0.423584E+05  0.309584E+05  0.717236E+02  0.000000E+00  0.919180E+03  0.399675E+05
  0.878848E-01  0.414667E+05  0.298196E+05  0.827235E+02  0.000000E+00  0.876260E+03  0.390508E+05
  0.893495E-01  0.405961E+05  0.287101E+05  0.623152E+02  0.000000E+00  0.833680E+03  0.381561E+05
  0.908143E-01  0.397481E+05  0.276407E+05  0.272606E+02  0.000000E+00  0.790914E+03  0.372865E+05
  0.922790E-01  0.389242E+05  0.266214E+05 -0.154137E+01  0.000000E+00  0.749340E+03  0.364446E+05
  0.941061E-01  0.379322E+05  0.254334E+05 -0.119653E+02  0.000000E+00  0.702303E+03  0.354369E+05
  0.959332E-01  0.369819E+05  0.243505E+05 -0.392966E+00  0.000000E+00  0.661870E+03  0.344802E+05
  0.977602E-01  0.360749E+05  0.233829E+05  0.101192E+02  0.000000E+00  0.625301E+03  0.335773E+05
  0.995873E-01  0.352124E+05  0.225371E+05  0.348039E+01  0.000000E+00  0.589280E+03  0.327301E+05
  0.101414E+00  0.343949E+05  0.218158E+05 -0.134147E+02  0.000000E+00  0.554133E+03  0.319394E+05
  0.103241E+00  0.336222E+05  0.212179E+05 -0.184286E+02  0.000000E+00  0.522910E+03  0.312049E+05
  0.105068E+00  0.328934E+05  0.207391E+05  0.556086E+00  0.000000E+00  0.496865E+03  0.305254E+05
  0.106896E+00  0.322071E+05  0.203718E+05  0.304565E+02  0.000000E+00  0.473671E+03  0.298984E+05
  0.108723E+00  0.315613E+05  0.201060E+05  0.462505E+02  0.000000E+00  0.450544E+03  0.293207E+05
  0.110550E+00  0.309535E+05  0.199292E+05  0.370824E+02  0.000000E+00  0.427696E+03  0.287882E+05
  0.112377E+00  0.303808E+05  0.198275E+05  0.149799E+02  0.000000E+00  0.407498E+03  0.282964E+05
  0.114204E+00  0.298397E+05  0.197855E+05 -0.665731E+00  0.000000E+00  0.390876E+03  0.278401E+05
  0.116031E+00  0.293270E+05  0.197875E+05 -0.171201E+01  0.000000E+00  0.375929E+03  0.274143E+05
  0.117858E+00  0.288390E+05  0.198178E+05  0.619569E+01  0.000000E+00  0.360322E+03  0.270133E+05
  0.119685E+00  0.283721E+05  0.198609E+05  0.140143E+02  0.000000E+00  0.343976E+03  0.266318E+05
  0.121512E+00  0.279226E+05  0.199019E+05  0.177366E+02  0.000000E+00  0.328709E+03  0.262644E+05
  0.123339E+00  0.274869E+05  0.199277E+05  0.177082E+02  0.000000E+00  0.315751E+03  0.259062E+05
  0.125166E+00  0.270620E+05  0.199266E+05  0.139156E+02  0.000000E+00  0.304440E+03  0.255528E+05
  0.126993E+00  0.266450E+05  0.198890E+05  0.533216E+01  0.000000E+00  0.293288E+03  0.252005E+05
  0.128820E+00  0.262337E+05  0.198072E+05 -0.567462E+01  0.000000E+00  0.281596E+03  0.248460E+05
  0.130647E+00  0.258260E+05  0.196759E+05 -0.114651E+02  0.000000E+00  0.269748E+03  0.244869E+05
  0.132474E+00  0.254204E+05  0.194918E+05 -0.603266E+01  0.000000E+00  0.258430E+03  0.241214E+05
  0.134301E+00  0.250156E+05  0.192540E+05  0.592582E+01  0.000000E+00  0.248014E+03  0.237484E+05
  0.136128E+00  0.246110E+05  0.189633E+05  0.119011E+02  0.000000E+00  0.238480E+03  0.233674E+05
  0.137956E+00  0.242060E+05  0.186226E+05  0.685650E+01  0.000000E+00  0.229495E+03  0.229784E+05
  0.139783E+00  0.238009E+05  0.182365E+05  0.125417E+01  0.000000E+00  0.220552E+03  0.225823E+05
  0.141610E+00  0.233961E+05  0.178112E+05  0.771078E+01  0.000000E+00  0.211387E+03  0.221804E+05
  0.143437E+00  0.229924E+05  0.173538E+05  0.220466E+02  0.000000E+00  0.202328E+03  0.217745E+05
  0.145264E+00  0.225908E+05  0.168726E+05  0.262266E+02  0.000000E+00  0.193950E+03  0.213668E+05
  0.147091E+00  0.221928E+05  0.163762E+05  0.119831E+02  0.000000E+00  0.186305E+03  0.209596E+05
  0.148918E+00  0.217995E+05  0.158733E+05 -0.677634E+01  0.000000E+00  0.178817E+03  0.205554E+05
  0.150745E+00  0.214124E+05  0.153726E+05 -0.108120E+02  0.000000E+00  0.171124E+03  0.201566E+05
  0.152572E+00  0.210328E+05  0.148824E+05  0.983484E+00  0.000000E+00  0.163697E+03  0.197657E+05
  0.154399E+00  0.206620E+05  0.144103E+05  0.126909E+02  0.000000E+00  0.157234E+03  0.193849E+05
  0.156226E+00  0.203012E+05  0.139633E+05  0.128843E+02  0.000000E+00  0.151609E+03  0.190164E+05
  0.158053E+00  0.199517E+05  0.135471E+05  0.588185E+01  0.000000E+00  0.145927E+03  0.186619E+05
  0.159880E+00  0.196143E+05  0.131667E+05  0.894770E+00  0.000000E+00  0.139725E+03  0.183229E+05
  0.161707E+00  0.192898E+05  0.128254E+05 -0.870632E+00  0.000000E+00  0.133654E+03  0.180008E+05
  0.163534E+00  0.189788E+05  0.125256E+05 -0.330456E+01  0.000000E+00  0.128651E+03  0.176962E+05
  0.165361E+00  0.186816E+05  0.122682E+05 -0.587865E+01  0.000000E+00  0.124720E+03  0.174096E+05
  0.167188E+00  0.183979E+05  0.120527E+05 -0.434160E+01  0.000000E+00  0.120944E+03  0.171408E+05
  0.169015E+00  0.181278E+05  0.118777E+05  0.118671E+01  0.000000E+00  0.116655E+03  0.168893E+05
  0.170843E+00  0.178705E+05  0.117406E+05  0.537145E+01  0.000000E+00  0.112156E+03  0.166544E+05
  0.172670E+00  0.176256E+05  0.116380E+05  0.530145E+01  0.000000E+00  0.108174E+03  0.164351E+05
  0.174497E+00  0.173923E+05  0.115657E+05  0.398574E+01  0.000000E+00  0.104932E+03  0.162301E+05
  0.176324E+00  0.171695E+05  0.115189E+05  0.487373E+01  0.000000E+00  0.102028E+03  0.160378E+05
  0.178151E+00  0.169563E+05  0.114924E+05  0.684270E+01  0.000000E+00  0.990508E+02  0.158565E+05
  0.179978E+00  0.167516E+05  0.114809E+05  0.671791E+01  0.000000E+00  0.960019E+02  0.156846E+05
  0.181805E+00  0.165540E+05  0.114787E+05  0.394278E+01  0.000000E+00  0.931012E+02  0.155202E+05
  0.183632E+00  0.163625E+05  0.114806E+05  0.519021E+00  0.000000E+00  0.904370E+02  0.153613E+05
  0.185459E+00  0.161759E+05  0.114814E+05 -0.164973E+01  0.000000E+00  0.879291E+02  0.152063E+05
  0.187286E+00  0.159929E+05  0.114765E+05 -0.134023E+01  0.000000E+00  0.854910E+02  0.150535E+05
  0.189113E+00  0.158125E+05  0.114617E+05  0.203412E+01  0.000000E+00  0.830925E+02  0.149014E+05
  0.190940E+00  0.156340E+05  0.114336E+05  0.654948E+01  0.000000E+00  0.807260E+02  0.147487E+05
  0.192767E+00  0.154565E+05  0.113895E+05  0.753431E+01  0.000000E+00  0.784271E+02  0.145944E+05
  0.194594E+00  0.152795E+05  0.113273E+05  0.244932E+01  0.000000E+00  0.762509E+02  0.144377E+05
  0.196421E+00  0.151023E+05  0.112458E+05 -0.459901E+01  0.000000E+00  0.742207E+02  0.142780E+05
  0.198248E+00  0.149247E+05  0.111445E+05 -0.653663E+01  0.000000E+00  0.721971E+02  0.141148E+05
  0.200075E+00  0.147464E+05  0.110235E+05 -0.185052E+01  0.000000E+00  0.700127E+02  0.139480E+05
  0.201903E+00  0.145674E+05  0.108837E+05  0.364919E+01  0.000000E+00  0.677376E+02  0.137778E+05
  0.203730E+00  0.143878E+05  0.107266E+05  0.459014E+01  0.000000E+00  0.656727E+02  0.136043E+05
  0.205557E+00  0.142077E+05  0.105542E+05  0.245473E+01  0.000000E+00  0.639785E+02  0.134282E+05
  0.207384E+00  0.140275E+05  0.103691E+05  0.207883E+01  0.000000E+00  0.624133E+02  0.132500E+05
  0.209211E+00  0.138477E+05  0.101739E+05  0.428355E+01  0.000000E+00  0.605928E+02  0.130706E+05
  0.211038E+00  0.136688E+05  0.997179E+04  0.545803E+01  0.000000E+00  0.584805E+02  0.128908E+05
  0.212865E+00  0.134911E+05  0.976580E+04  0.358995E+01  0.000000E+00  0.564562E+02  0.127115E+05
  0.214692E+00  0.133154E+05  0.955905E+04  0.103017E+01  0.000000E+00  0.548443E+02  0.125336E+05
  0.216519E+00  0.131421E+05  0.935454E+04  0.472236E+00  0.000000E+00  0.535198E+02  0.123581E+05
  0.218346E+00  0.129716E+05  0.915512E+04  0.114907E+01  0.000000E+00  0.521024E+02  0.121858E+05
  0.220173E+00  0.128046E+05  0.896339E+04  0.881592E+00  0.000000E+00  0.504516E+02  0.120176E+05
  0.222000E+00  0.126415E+05  0.878163E+04 -0.450801E-01  0.000000E+00  0.488019E+02  0.118540E+05
  0.223827E+00  0.124826E+05  0.861175E+04  0.474004E+00  0.000000E+00  0.474061E+02  0.116959E+05
  0.225654E+00  0.123284E+05  0.845525E+04  0.252802E+01  0.000000E+00  0.462138E+02  0.115437E+05
  0.227481E+00  0.121790E+05  0.831318E+04  0.343016E+01  0.000000E+00  0.449973E+02  0.113977E+05
  0.229308E+00  0.120346E+05  0.818612E+04  0.132097E+01  0.000000E+00  0.436845E+02  0.112582E+05
  0.231135E+00  0.118952E+05  0.807423E+04 -0.211187E+01  0.000000E+00  0.424266E+02  0.111252E+05
  0.232963E+00  0.117609E+05  0.797720E+04 -0.352314E+01  0.000000E+00  0.413581E+02  0.109986E+05
  0.234790E+00  0.116314E+05  0.789440E+04 -0.168812E+01  0.000000E+00  0.404218E+02  0.108783E+05
  0.236617E+00  0.115067E+05  0.782481E+04  0.152033E+01  0.000000E+00  0.394696E+02  0.107639E+05
  0.238444E+00  0.113864E+05  0.776715E+04  0.347963E+01  0.000000E+00  0.384486E+02  0.106551E+05
  0.240271E+00  0.112703E+05  0.771989E+04  0.327302E+01  0.000000E+00  0.374255E+02  0.105514E+05
  0.242098E+00  0.111580E+05  0.768131E+04  0.192092E+01  0.000000E+00  0.364829E+02  0.104521E+05
  0.243925E+00  0.110492E+05  0.764956E+04  0.953858E+00  0.000000E+00  0.356543E+02  0.103568E+05
  0.245752E+00  0.109434E+05  0.762273E+04  0.103406E+01  0.000000E+00  0.349268E+02  0.102648E+05
  0.247579E+00  0.108402E+05  0.759889E+04  0.161027E+01  0.000000E+00  0.342407E+02  0.101754E+05
  0.249406E+00  0.107392E+05  0.757619E+04  0.165030E+01  0.000000E+00  0.335003E+02  0.100880E+05
  0.251233E+00  0.106399E+05  0.755289E+04  0.793841E+00  0.000000E+00  0.326588E+02  0.100019E+05
  0.253060E+00  0.105421E+05  0.752740E+04 -0.187640E+00  0.000000E+00  0.318019E+02  0.991668E+04
  0.254887E+00  0.104452E+05  0.749835E+04 -0.226955E+00  0.000000E+00  0.310765E+02  0.983177E+04
  0.256714E+00  0.103492E+05  0.746460E+04  0.766074E+00  0.000000E+00  0.305075E+02  0.974676E+04
  0.258541E+00  0.102536E+05  0.742522E+04  0.173702E+01  0.000000E+00  0.299443E+02  0.966131E+04
  0.260368E+00  0.101584E+05  0.737955E+04  0.167788E+01  0.000000E+00  0.292439E+02  0.957512E+04
  0.262195E+00  0.100632E+05  0.732718E+04  0.700333E+00  0.000000E+00  0.284601E+02  0.948799E+04
  0.264023E+00  0.996803E+04  0.726796E+04 -0.282106E+00  0.000000E+00  0.277735E+02  0.939982E+04
  0.265850E+00  0.987281E+04  0.720200E+04 -0.662210E+00  0.000000E+00  0.272482E+02  0.931055E+04
  0.267677E+00  0.977752E+04  0.712963E+04 -0.525999E+00  0.000000E+00  0.267478E+02  0.922024E+04
  0.269504E+00  0.968221E+04  0.705139E+04 -0.585638E-01  0.000000E+00  0.261250E+02  0.912902E+04
  0.271331E+00  0.958698E+04  0.696802E+04  0.837686E+00  0.000000E+00  0.254184E+02  0.903706E+04
  0.273158E+00  0.949196E+04  0.688038E+04  0.203737E+01  0.000000E+00  0.247879E+02  0.894463E+04
  0.274985E+00  0.939730E+04  0.678945E+04  0.274881E+01  0.000000E+00  0.242916E+02  0.885199E+04
  0.276812E+00  0.930316E+04  0.669627E+04  0.219875E+01  0.000000E+00  0.238158E+02  0.875944E+04
  0.278639E+00  0.920973E+04  0.660191E+04  0.754564E+00  0.000000E+00  0.232423E+02  0.866729E+04
  0.280466E+00  0.911718E+04  0.650743E+04 -0.207446E+00  0.000000E+00  0.226087E+02  0.857586E+04
  0.282293E+00  0.902572E+04  0.641389E+04  0.150703E+00  0.000000E+00  0.220503E+02  0.848547E+04
  0.284120E+00  0.893552E+04  0.632227E+04  0.109356E+01  0.000000E+00  0.216200E+02  0.839644E+04
  0.285947E+00  0.884677E+04  0.623348E+04  0.125798E+01  0.000000E+00  0.212331E+02  0.830904E+04
  0.287774E+00  0.875965E+04  0.614832E+04  0.414613E+00  0.000000E+00  0.207840E+02  0.822355E+04
  0.289601E+00  0.867428E+04  0.606744E+04 -0.294266E+00  0.000000E+00  0.202651E+02  0.814018E+04
  0.291428E+00  0.859078E+04  0.599136E+04  0.637886E-01  0.000000E+00  0.197505E+02  0.805910E+04
  0.293255E+00  0.850924E+04  0.592046E+04  0.978466E+00  0.000000E+00  0.193020E+02  0.798044E+04
  0.295083E+00  0.842968E+04  0.585492E+04  0.122660E+01  0.000000E+00  0.189238E+02  0.790426E+04
  0.296910E+00  0.835214E+04  0.579482E+04  0.463140E+00  0.000000E+00  0.185828E+02  0.783058E+04
  0.298737E+00  0.827658E+04  0.574006E+04 -0.458160E+00  0.000000E+00  0.182320E+02  0.775938E+04
  0.300564E+00  0.820299E+04  0.569044E+04 -0.650625E+00  0.000000E+00  0.178504E+02  0.769060E+04
  0.302391E+00  0.813131E+04  0.564564E+04 -0.131697E+00  0.000000E+00  0.174334E+02  0.762416E+04
  0.304218E+00  0.806147E+04  0.560523E+04  0.526092E+00  0.000000E+00  0.170338E+02  0.755991E+04
  0.306045E+00  0.799337E+04  0.556869E+04  0.989943E+00  0.000000E+00  0.166961E+02  0.749770E+04
  0.307872E+00  0.792687E+04  0.553544E+04  0.126508E+01  0.000000E+00  0.164115E+02  0.743734E+04
  0.309699E+00  0.786185E+04  0.550484E+04  0.129861E+01  0.000000E+00  0.161313E+02  0.737861E+04
  0.311526E+00  0.779814E+04  0.547623E+04  0.955253E+00  0.000000E+00  0.158275E+02  0.732128E+04
  0.313353E+00  0.773561E+04  0.544896E+04  0.374322E+00  0.000000E+00  0.155225E+02  0.726512E+04
  0.315180E+00  0.767409E+04  0.542238E+04 -0.110092E-01  0.000000E+00  0.152459E+02  0.720993E+04
  0.317007E+00  0.761346E+04  0.539589E+04  0.630167E-01  0.000000E+00  0.149795E+02  0.715547E+04
  0.318834E+00  0.755357E+04  0.536895E+04  0.403314E+00  0.000000E+00  0.146785E+02  0.710157E+04
  0.320661E+00  0.749432E+04  0.534107E+04  0.630042E+00  0.000000E+00  0.143464E+02  0.704805E+04
  0.322488E+00  0.743558E+04  0.531183E+04  0.583262E+00  0.000000E+00  0.140526E+02  0.699475E+04
  0.324315E+00  0.737727E+04  0.528090E+04  0.381048E+00  0.000000E+00  0.138491E+02  0.694154E+04
  0.326142E+00  0.731929E+04  0.524802E+04  0.220209E+00  0.000000E+00  0.136921E+02  0.688831E+04
  0.327970E+00  0.726157E+04  0.521303E+04  0.223142E+00  0.000000E+00  0.134797E+02  0.683498E+04
  0.329797E+00  0.720408E+04  0.517585E+04  0.363853E+00  0.000000E+00  0.131708E+02  0.678149E+04
  0.331624E+00  0.714678E+04  0.513650E+04  0.443085E+00  0.000000E+00  0.128355E+02  0.672783E+04
  0.333451E+00  0.708967E+04  0.509507E+04  0.257558E+00  0.000000E+00  0.125729E+02  0.667400E+04
  0.335278E+00  0.703277E+04  0.505173E+04 -0.826806E-01  0.000000E+00  0.123997E+02  0.662006E+04
  0.337105E+00  0.697610E+04  0.500671E+04 -0.139868E+00  0.000000E+00  0.122401E+02  0.656605E+04
  0.338932E+00  0.691970E+04  0.496029E+04  0.349257E+00  0.000000E+00  0.120191E+02  0.651205E+04
  0.340759E+00  0.686362E+04  0.491278E+04  0.103387E+01  0.000000E+00  0.117399E+02  0.645815E+04
  0.342586E+00  0.680790E+04  0.486452E+04  0.125897E+01  0.000000E+00  0.114665E+02  0.640443E+04
  0.344413E+00  0.675260E+04  0.481586E+04  0.830948E+00  0.000000E+00  0.112493E+02  0.635099E+04
  0.346240E+00  0.669778E+04  0.476719E+04  0.237407E+00  0.000000E+00  0.110805E+02  0.629796E+04
  0.348067E+00  0.664351E+04  0.471884E+04  0.234920E-01  0.000000E+00  0.109144E+02  0.624544E+04
  0.349894E+00  0.658987E+04  0.467117E+04  0.182103E+00  0.000000E+00  0.107160E+02  0.619353E+04
  0.351721E+00  0.653690E+04  0.462450E+04  0.333090E+00  0.000000E+00  0.104899E+02  0.614235E+04
  0.353548E+00  0.648468E+04  0.457911E+04  0.310027E+00  0.000000E+00  0.102703E+02  0.609198E+04
  0.355375E+00  0.643325E+04  0.453524E+04  0.284044E+00  0.000000E+00  0.100861E+02  0.604250E+04
  0.357203E+00  0.638264E+04  0.449307E+04  0.366537E+00  0.000000E+00  0.993330E+01  0.599396E+04
  0.359030E+00  0.633288E+04  0.445274E+04  0.402064E+00  0.000000E+00  0.977955E+01  0.594641E+04
  0.360857E+00  0.628398E+04  0.441434E+04  0.254306E+00  0.000000E+00  0.960003E+01  0.589988E+04
  0.362684E+00  0.623596E+04  0.437791E+04  0.674546E-01  0.000000E+00  0.940729E+01  0.585438E+04
  0.364511E+00  0.618881E+04  0.434345E+04  0.628246E-01  0.000000E+00  0.923724E+01  0.580991E+04
  0.366338E+00  0.614254E+04  0.431091E+04  0.201690E+00  0.000000E+00  0.910371E+01  0.576646E+04
  0.368165E+00  0.609713E+04  0.428020E+04  0.250653E+00  0.000000E+00  0.897819E+01  0.572400E+04
  0.369992E+00  0.605254E+04  0.425118E+04  0.144448E+00  0.000000E+00  0.882495E+01  0.568249E+04
  0.371819E+00  0.600875E+04  0.422368E+04  0.914587E-01  0.000000E+00  0.864905E+01  0.564188E+04
  0.373646E+00  0.596570E+04  0.419753E+04  0.271030E+00  0.000000E+00  0.849209E+01  0.560209E+04
  0.375473E+00  0.592336E+04  0.417250E+04  0.564986E+00  0.000000E+00  0.837718E+01  0.556306E+04
  0.377300E+00  0.588166E+04  0.414838E+04  0.685215E+00  0.000000E+00  0.827538E+01  0.552470E+04
  0.379127E+00  0.584056E+04  0.412495E+04  0.504309E+00  0.000000E+00  0.814118E+01  0.548695E+04
  0.380954E+00  0.580000E+04  0.410200E+04  0.177386E+00  0.000000E+00  0.797195E+01  0.544972E+04
  0.382781E+00  0.575995E+04  0.407931E+04 -0.362452E-01  0.000000E+00  0.781238E+01  0.541296E+04
  0.384608E+00  0.572036E+04  0.405670E+04 -0.772009E-02  0.000000E+00  0.769775E+01  0.537659E+04
  0.386435E+00  0.568118E+04  0.403399E+04  0.187887E+00  0.000000E+00  0.761112E+01  0.534054E+04
  0.388262E+00  0.564237E+04  0.401103E+04  0.366267E+00  0.000000E+00  0.750835E+01  0.530476E+04
  0.390090E+00  0.560388E+04  0.398767E+04  0.389490E+00  0.000000E+00  0.737397E+01  0.526919E+04
  0.391917E+00  0.556568E+04  0.396383E+04  0.269476E+00  0.000000E+00  0.723462E+01  0.523379E+04
  0.393744E+00  0.552775E+04  0.393942E+04  0.138971E+00  0.000000E+00  0.711925E+01  0.519852E+04
  0.395571E+00  0.549007E+04  0.391441E+04  0.108978E+00  0.000000E+00  0.702298E+01  0.516336E+04
  0.397398E+00  0.545263E+04  0.388879E+04  0.159141E+00  0.000000E+00  0.691855E+01  0.512831E+04
  0.399225E+00  0.541541E+04  0.386258E+04  0.188453E+00  0.000000E+00  0.679341E+01  0.509336E+04
  0.401052E+00  0.537843E+04  0.383580E+04  0.157852E+00  0.000000E+00  0.666443E+01  0.505852E+04
  0.402879E+00  0.534169E+04  0.380854E+04  0.134342E+00  0.000000E+00  0.655757E+01  0.502379E+04
  0.404706E+00  0.530518E+04  0.378085E+04  0.185579E+00  0.000000E+00  0.647994E+01  0.498920E+04
  0.406533E+00  0.526891E+04  0.375284E+04  0.283371E+00  0.000000E+00  0.641219E+01  0.495477E+04
  0.408360E+00  0.523291E+04  0.372461E+04  0.348581E+00  0.000000E+00  0.632496E+01  0.492051E+04
  0.410187E+00  0.519718E+04  0.369628E+04  0.354652E+00  0.000000E+00  0.620508E+01  0.488646E+04
  0.412014E+00  0.516174E+04  0.366796E+04  0.332515E+00  0.000000E+00  0.607108E+01  0.485267E+04
  0.413841E+00  0.512663E+04  0.363977E+04  0.290207E+00  0.000000E+00  0.596054E+01  0.481916E+04
  0.415668E+00  0.509185E+04  0.361184E+04  0.197922E+00  0.000000E+00  0.589405E+01  0.478596E+04
  0.417495E+00  0.505743E+04  0.358427E+04  0.731506E-01  0.000000E+00  0.584980E+01  0.475313E+04
  0.419322E+00  0.502339E+04  0.355716E+04  0.171210E-01  0.000000E+00  0.578180E+01  0.472067E+04
  0.421150E+00  0.498973E+04  0.353060E+04  0.105773E+00  0.000000E+00  0.566864E+01  0.468862E+04
  0.422977E+00  0.495648E+04  0.350465E+04  0.267144E+00  0.000000E+00  0.553830E+01  0.465700E+04
  0.424804E+00  0.492363E+04  0.347937E+04  0.333802E+00  0.000000E+00  0.543720E+01  0.462582E+04
  0.426631E+00  0.489119E+04  0.345480E+04  0.232070E+00  0.000000E+00  0.537859E+01  0.459510E+04
  0.428458E+00  0.485919E+04  0.343097E+04  0.703849E-01  0.000000E+00  0.533134E+01  0.456484E+04
  0.430285E+00  0.482761E+04  0.340789E+04  0.895422E-02  0.000000E+00  0.526032E+01  0.453505E+04
  0.432112E+00  0.479645E+04  0.338555E+04  0.768244E-01  0.000000E+00  0.516576E+01  0.450573E+04
  0.433939E+00  0.476572E+04  0.336394E+04  0.163187E+00  0.000000E+00  0.507494E+01  0.447687E+04
  0.435766E+00  0.473541E+04  0.334301E+04  0.172902E+00  0.000000E+00  0.500331E+01  0.444847E+04
  0.437593E+00  0.470549E+04  0.332273E+04  0.132952E+00  0.000000E+00  0.493817E+01  0.442049E+04
  0.439420E+00  0.467596E+04  0.330302E+04  0.129072E+00  0.000000E+00  0.486204E+01  0.439292E+04
  0.441247E+00  0.464680E+04  0.328382E+04  0.184017E+00  0.000000E+00  0.477917E+01  0.436574E+04
  0.443074E+00  0.461799E+04  0.326508E+04  0.239784E+00  0.000000E+00  0.470868E+01  0.433892E+04
  0.444901E+00  0.458952E+04  0.324671E+04  0.241153E+00  0.000000E+00  0.465668E+01  0.431245E+04
  0.446728E+00  0.456138E+04  0.322865E+04  0.193323E+00  0.000000E+00  0.460689E+01  0.428629E+04
  0.448555E+00  0.453354E+04  0.321083E+04  0.134954E+00  0.000000E+00  0.454149E+01  0.426042E+04
  0.450382E+00  0.450599E+04  0.319317E+04  0.914175E-01  0.000000E+00  0.446337E+01  0.423481E+04
  0.452210E+00  0.447871E+04  0.317562E+04  0.717356E-01  0.000000E+00  0.439164E+01  0.420945E+04
  0.454037E+00  0.445169E+04  0.315811E+04  0.851616E-01  0.000000E+00  0.433850E+01  0.418430E+04
  0.455864E+00  0.442489E+04  0.314060E+04  0.131966E+00  0.000000E+00  0.429618E+01  0.415934E+04
  0.457691E+00  0.439832E+04  0.312303E+04  0.184175E+00  0.000000E+00  0.424664E+01  0.413456E+04
  0.459518E+00  0.437195E+04  0.310538E+04  0.199445E+00  0.000000E+00  0.418034E+01  0.410995E+04
  0.461345E+00  0.434579E+04  0.308764E+04  0.161198E+00  0.000000E+00  0.410501E+01  0.408548E+04
  0.463172E+00  0.431983E+04  0.306978E+04  0.966142E-01  0.000000E+00  0.403856E+01  0.406116E+04
  0.464999E+00  0.429406E+04  0.305180E+04  0.528239E-01  0.000000E+00  0.399299E+01  0.403698E+04
  0.466826E+00  0.426847E+04  0.303371E+04  0.593112E-01  0.000000E+00  0.396184E+01  0.401294E+04
  0.468653E+00  0.424307E+04  0.301552E+04  0.108355E+00  0.000000E+00  0.392354E+01  0.398904E+04
  0.470480E+00  0.421785E+04  0.299724E+04  0.161894E+00  0.000000E+00  0.386182E+01  0.396527E+04
  0.472307E+00  0.419281E+04  0.297890E+04  0.180541E+00  0.000000E+00  0.378475E+01  0.394165E+04
  0.474134E+00  0.416795E+04  0.296053E+04  0.158878E+00  0.000000E+00  0.371860E+01  0.391817E+04
  0.475961E+00  0.414328E+04  0.294217E+04  0.132787E+00  0.000000E+00  0.367891E+01  0.389485E+04
  0.477788E+00  0.411881E+04  0.292385E+04  0.139158E+00  0.000000E+00  0.365155E+01  0.387171E+04
  0.479615E+00  0.409455E+04  0.290562E+04  0.167368E+00  0.000000E+00  0.360919E+01  0.384874E+04
  0.481442E+00  0.407049E+04  0.288750E+04  0.168224E+00  0.000000E+00  0.354471E+01  0.382597E+04
  0.483270E+00  0.404664E+04  0.286954E+04  0.118910E+00  0.000000E+00  0.347943E+01  0.380339E+04
  0.485097E+00  0.402300E+04  0.285176E+04  0.603344E-01  0.000000E+00  0.344350E+01  0.378101E+04
  0.486924E+00  0.399957E+04  0.283420E+04  0.512518E-01  0.000000E+00  0.339530E+01  0.375885E+04
  0.488751E+00  0.397637E+04  0.281687E+04  0.961519E-01  0.000000E+00  0.334748E+01  0.373691E+04
  0.490578E+00  0.395340E+04  0.279982E+04  0.142187E+00  0.000000E+00  0.329676E+01  0.371520E+04
  0.492405E+00  0.393066E+04  0.278305E+04  0.145405E+00  0.000000E+00  0.325180E+01  0.369373E+04
  0.494232E+00  0.390816E+04  0.276659E+04  0.115066E+00  0.000000E+00  0.322026E+01  0.367250E+04
  0.496059E+00  0.388589E+04  0.275043E+04  0.856879E-01  0.000000E+00  0.319538E+01  0.365151E+04
  0.497886E+00  0.386386E+04  0.273458E+04  0.703426E-01  0.000000E+00  0.316154E+01  0.363077E+04
  0.499713E+00  0.384206E+04  0.271904E+04  0.611677E-01  0.000000E+00  0.311134E+01  0.361026E+04
  0.501540E+00  0.382048E+04  0.270379E+04  0.598062E-01  0.000000E+00  0.305309E+01  0.358999E+04
  0.503367E+00  0.379913E+04  0.268883E+04  0.788920E-01  0.000000E+00  0.300174E+01  0.356995E+04
  0.505194E+00  0.377800E+04  0.267413E+04  0.113226E+00  0.000000E+00  0.296611E+01  0.355014E+04
  0.507021E+00  0.375708E+04  0.265968E+04  0.133948E+00  0.000000E+00  0.294442E+01  0.353054E+04
  0.508848E+00  0.373637E+04  0.264547E+04  0.122521E+00  0.000000E+00  0.292761E+01  0.351114E+04
  0.510675E+00  0.371587E+04  0.263146E+04  0.958802E-01  0.000000E+00  0.290447E+01  0.349195E+04
  0.512502E+00  0.369556E+04  0.261764E+04  0.844874E-01  0.000000E+00  0.286732E+01  0.347296E+04
  0.514329E+00  0.367545E+04  0.260399E+04  0.936602E-01  0.000000E+00  0.281742E+01  0.345414E+04
  0.516157E+00  0.365551E+04  0.259047E+04  0.100757E+00  0.000000E+00  0.276524E+01  0.343550E+04
  0.517984E+00  0.363575E+04  0.257706E+04  0.882761E-01  0.000000E+00  0.272270E+01  0.341702E+04
  0.519811E+00  0.361616E+04  0.256374E+04  0.663934E-01  0.000000E+00  0.269384E+01  0.339870E+04
  0.521638E+00  0.359673E+04  0.255050E+04  0.589183E-01  0.000000E+00  0.267352E+01  0.338052E+04
  0.523465E+00  0.357746E+04  0.253732E+04  0.751386E-01  0.000000E+00  0.265408E+01  0.336248E+04
  0.525292E+00  0.355834E+04  0.252418E+04  0.100743E+00  0.000000E+00  0.263044E+01  0.334457E+04
  0.527119E+00  0.353937E+04  0.251108E+04  0.112707E+00  0.000000E+00  0.259910E+01  0.332679E+04
  0.528946E+00  0.352054E+04  0.249800E+04  0.997642E-01  0.000000E+00  0.255774E+01  0.330914E+04
  0.530773E+00  0.350186E+04  0.248495E+04  0.713961E-01  0.000000E+00  0.251018E+01  0.329161E+04
  0.532600E+00  0.348332E+04  0.247191E+04  0.499814E-01  0.000000E+00  0.246920E+01  0.327420E+04
  0.534427E+00  0.346491E+04  0.245890E+04  0.519463E-01  0.000000E+00  0.244697E+01  0.325690E+04
  0.536254E+00  0.344663E+04  0.244590E+04  0.734870E-01  0.000000E+00  0.244000E+01  0.323972E+04
  0.538081E+00  0.342848E+04  0.243293E+04  0.954005E-01  0.000000E+00  0.242829E+01  0.322265E+04
  0.539908E+00  0.341047E+04  0.241999E+04  0.102764E+00  0.000000E+00  0.239450E+01  0.320570E+04
  0.541735E+00  0.339260E+04  0.240709E+04  0.973989E-01  0.000000E+00  0.234295E+01  0.318886E+04
  0.543562E+00  0.337486E+04  0.239425E+04  0.900036E-01  0.000000E+00  0.229551E+01  0.317215E+04
  0.545389E+00  0.335725E+04  0.238148E+04  0.851880E-01  0.000000E+00  0.226872E+01  0.315555E+04
  0.547217E+00  0.333978E+04  0.236878E+04  0.797073E-01  0.000000E+00  0.225855E+01  0.313909E+04
  0.549044E+00  0.332245E+04  0.235616E+04  0.724701E-01  0.000000E+00  0.224830E+01  0.312274E+04
  0.550871E+00  0.330525E+04  0.234364E+04  0.681009E-01  0.000000E+00  0.222683E+01  0.310653E+04
  0.552698E+00  0.328819E+04  0.233122E+04  0.688148E-01  0.000000E+00  0.219570E+01  0.309044E+04
  0.554525E+00  0.327126E+04  0.231892E+04  0.696416E-01  0.000000E+00  0.216196E+01  0.307449E+04
  0.556352E+00  0.325448E+04  0.230674E+04  0.663965E-01  0.000000E+00  0.212998E+01  0.305867E+04
  0.558179E+00  0.323783E+04  0.229470E+04  0.636398E-01  0.000000E+00  0.210092E+01  0.304299E+04
  0.560006E+00  0.322133E+04  0.228279E+04  0.680119E-01  0.000000E+00  0.207535E+01  0.302745E+04
  0.561833E+00  0.320497E+04  0.227102E+04  0.755363E-01  0.000000E+00  0.205327E+01  0.301204E+04
  0.563660E+00  0.318875E+04  0.225939E+04  0.734895E-01  0.000000E+00  0.203310E+01  0.299678E+04
  0.565487E+00  0.317266E+04  0.224791E+04  0.574565E-01  0.000000E+00  0.201294E+01  0.298165E+04
  0.567314E+00  0.315672E+04  0.223656E+04  0.405123E-01  0.000000E+00  0.199186E+01  0.296665E+04
  0.569141E+00  0.314090E+04  0.222536E+04  0.399281E-01  0.000000E+00  0.196891E+01  0.295179E+04
  0.570968E+00  0.312523E+04  0.221429E+04  0.569888E-01  0.000000E+00  0.194252E+01  0.293707E+04
  0.572795E+00  0.310969E+04  0.220335E+04  0.753478E-01  0.000000E+00  0.191346E+01  0.292247E+04
  0.574622E+00  0.309428E+04  0.219253E+04  0.794370E-01  0.000000E+00  0.188697E+01  0.290801E+04
  0.576449E+00  0.307900E+04  0.218184E+04  0.697977E-01  0.000000E+00  0.186847E+01  0.289367E+04
  0.578277E+00  0.306386E+04  0.217126E+04  0.586082E-01  0.000000E+00  0.185644E+01  0.287946E+04
  0.580104E+00  0.304883E+04  0.216079E+04  0.544329E-01  0.000000E+00  0.184248E+01  0.286537E+04
  0.581931E+00  0.303393E+04  0.215041E+04  0.555199E-01  0.000000E+00  0.182045E+01  0.285139E+04
  0.583758E+00  0.301915E+04  0.214012E+04  0.562282E-01  0.000000E+00  0.179335E+01  0.283752E+04
  0.703301E+00  0.225101E+04  0.159597E+04  0.341656E-01  0.000000E+00  0.920763E+00  0.211564E+04
  0.859015E+00  0.163424E+04  0.115890E+04  0.179116E-01  0.000000E+00  0.449878E+00  0.153599E+04
  0.104920E+01  0.118088E+04  0.837473E+03  0.868155E-02  0.000000E+00  0.220251E+00  0.110990E+04
  0.128150E+01  0.849655E+03  0.602607E+03  0.419262E-02  0.000000E+00  0.108154E+00  0.798587E+03
  0.156523E+01  0.608945E+03  0.431909E+03  0.201466E-02  0.000000E+00  0.682947E-01  0.572348E+03
  0.191177E+01  0.434882E+03  0.308464E+03  0.964419E-03  0.000000E+00  0.332669E-01  0.408748E+03
  0.233504E+01  0.309565E+03  0.219584E+03  0.460256E-03  0.000000E+00  0.158001E-01  0.290963E+03
  0.285203E+01  0.219704E+03  0.155848E+03  0.218967E-03  0.000000E+00  0.752610E-02  0.206502E+03
  0.348347E+01  0.155502E+03  0.110308E+03  0.103896E-03  0.000000E+00  0.354061E-02  0.146158E+03
  0.425472E+01  0.109784E+03  0.778785E+02  0.491767E-04  0.000000E+00  0.172958E-02  0.103188E+03
  0.519673E+01  0.773272E+02  0.548549E+02  0.232198E-04  0.000000E+00  0.800486E-03  0.726811E+02
  0.634731E+01  0.543493E+02  0.385546E+02  0.109401E-04  0.000000E+00  0.370567E-03  0.510837E+02
  0.775262E+01  0.381235E+02  0.270438E+02  0.514450E-05  0.000000E+00  0.179473E-03  0.358329E+02
  0.946906E+01  0.266927E+02  0.189344E+02  0.241457E-05  0.000000E+00  0.845954E-04  0.250888E+02
  0.115655E+02  0.186573E+02  0.132337E+02  0.113135E-05  0.000000E+00  0.377016E-04  0.175361E+02
  0.141262E+02  0.130201E+02  0.923423E+01  0.529256E-06  0.000000E+00  0.190253E-04  0.122375E+02
  0.172538E+02  0.907257E+01  0.643351E+01  0.247215E-06  0.000000E+00  0.860281E-05  0.852708E+01
  0.210738E+02  0.631314E+01  0.447563E+01  0.115318E-06  0.000000E+00  0.413786E-05  0.593338E+01
  0.257396E+02  0.438727E+01  0.310913E+01  0.537182E-07  0.000000E+00  0.182617E-05  0.412319E+01
  0.314384E+02  0.304519E+01  0.215680E+01  0.249916E-07  0.000000E+00  0.817764E-06  0.286170E+01
  0.383990E+02  0.211122E+01  0.149402E+01  0.116146E-07  0.000000E+00  0.449358E-06  0.198381E+01
  0.469006E+02  0.146212E+01  0.103334E+01  0.539136E-08  0.000000E+00  0.192760E-06  0.137368E+01
  0.572845E+02  0.101155E+01  0.713526E+00  0.249992E-08  0.000000E+00  0.877406E-07  0.950147E+00
  0.699675E+02  0.699142E+00  0.491740E+00  0.115794E-08  0.000000E+00  0.448505E-07  0.656485E+00
  0.854584E+02  0.482769E+00  0.338096E+00  0.535801E-09  0.000000E+00  0.158162E-07  0.453089E+00
  0.104379E+03  0.333057E+00  0.231754E+00  0.247646E-09  0.000000E+00  0.914349E-08  0.312351E+00
