  0.353793E-05  0.220863E+07  0.220863E+07  0.294482E+07  0.294482E+07  0.220948E+07  0.220864E+07
  0.365776E-05  0.220863E+07  0.220863E+07  0.294482E+07  0.294482E+07  0.220948E+07  0.220864E+07
  0.378166E-05  0.220863E+07  0.220863E+07  0.294482E+07  0.294482E+07  0.220948E+07  0.220864E+07
  0.390975E-05  0.220863E+07  0.220863E+07  0.294482E+07  0.294482E+07  0.220948E+07  0.220864E+07
  0.404219E-05  0.220863E+07  0.220863E+07  0.294482E+07  0.294482E+07  0.220948E+07  0.220864E+07
  0.417910E-05  0.220863E+07  0.220863E+07  0.294482E+07  0.294482E+07  0.220948E+07  0.220864E+07
  0.432066E-05  0.220863E+07  0.220863E+07  0.294482E+07  0.294482E+07  0.220948E+07  0.220864E+07
  0.446701E-05  0.220863E+07  0.220863E+07  0.294481E+07  0.294481E+07  0.220948E+07  0.220864E+07
  0.461832E-05  0.220863E+07  0.220863E+07  0.294481E+07  0.294481E+07  0.220948E+07  0.220864E+07
  0.477475E-05  0.220863E+07  0.220863E+07  0.294481E+07  0.294481E+07  0.220948E+07  0.220864E+07
  0.493648E-05  0.220863E+07  0.220863E+07  0.294481E+07  0.294481E+07  0.220948E+07  0.220864E+07
  0.510369E-05  0.220863E+07  0.220863E+07  0.294481E+07  0.294480E+07  0.220948E+07  0.220864E+07
  0.527657E-05  0.220863E+07  0.220863E+07  0.294480E+07  0.294480E+07  0.220948E+07  0.220864E+07
  0.545530E-05  0.220863E+07  0.220863E+07  0.294480E+07  0.294480E+07  0.220948E+07  0.220864E+07
  0.564008E-05  0.220863E+07  0.220863E+07  0.294480E+07  0.294480E+07  0.220948E+07  0.220864E+07
  0.583112E-05  0.220863E+07  0.220863E+07  0.294479E+07  0.294479E+07  0.220948E+07  0.220864E+07
  0.602864E-05  0.220863E+07  0.220863E+07  0.294479E+07  0.294479E+07  0.220948E+07  0.220864E+07
  0.623284E-05  0.220863E+07  0.220863E+07  0.294479E+07  0.294479E+07  0.220948E+07  0.220864E+07
  0.644396E-05  0.220863E+07  0.220863E+07  0.294478E+07  0.294478E+07  0.220948E+07  0.220864E+07
  0.666224E-05  0.220863E+07  0.220863E+07  0.294478E+07  0.294478E+07  0.220948E+07  0.220864E+07
  0.688790E-05  0.220863E+07  0.220863E+07  0.294478E+07  0.294478E+07  0.220948E+07  0.220864E+07
  0.712121E-05  0.220863E+07  0.220863E+07  0.294477E+07  0.294477E+07  0.220948E+07  0.220864E+07
  0.736242E-05  0.220863E+07  0.220863E+07  0.294477E+07  0.294477E+07  0.220948E+07  0.220864E+07
  0.761180E-05  0.220863E+07  0.220863E+07  0.294476E+07  0.294476E+07  0.220948E+07  0.220864E+07
  0.786963E-05  0.220863E+07  0.220863E+07  0.294476E+07  0.294475E+07  0.220948E+07  0.220864E+07
  0.813620E-05  0.220863E+07  0.220863E+07  0.294475E+07  0.294475E+07  0.220948E+07  0.220864E+07
  0.841179E-05  0.220863E+07  0.220863E+07  0.294474E+07  0.294474E+07  0.220948E+07  0.220864E+07
  0.869671E-05  0.220863E+07  0.220863E+07  0.294474E+07  0.294474E+07  0.220948E+07  0.220864E+07
  0.899129E-05  0.220863E+07  0.220863E+07  0.294473E+07  0.294473E+07  0.220948E+07  0.220864E+07
  0.929585E-05  0.220863E+07  0.220863E+07  0.294472E+07  0.294472E+07  0.220948E+07  0.220864E+07
  0.961072E-05  0.220863E+07  0.220863E+07  0.294471E+07  0.294471E+07  0.220948E+07  0.220864E+07
  0.993626E-05  0.220863E+07  0.220863E+07  0.294471E+07  0.294470E+07  0.220948E+07  0.220864E+07
  0.102728E-04  0.220863E+07  0.220863E+07  0.294470E+07  0.294469E+07  0.220948E+07  0.220864E+07
  0.106208E-04  0.220863E+07  0.220863E+07  0.294469E+07  0.294468E+07  0.220948E+07  0.220864E+07
  0.109805E-04  0.220863E+07  0.220863E+07  0.294468E+07  0.294467E+07  0.220948E+07  0.220864E+07
  0.113525E-04  0.220863E+07  0.220863E+07  0.294466E+07  0.294466E+07  0.220948E+07  0.220864E+07
  0.117370E-04  0.220863E+07  0.220863E+07  0.294465E+07  0.294465E+07  0.220948E+07  0.220864E+07
  0.121346E-04  0.220863E+07  0.220863E+07  0.294464E+07  0.294464E+07  0.220948E+07  0.220864E+07
  0.125456E-04  0.220863E+07  0.220863E+07  0.294462E+07  0.294462E+07  0.220948E+07  0.220864E+07
  0.129705E-04  0.220863E+07  0.220863E+07  0.294461E+07  0.294461E+07  0.220948E+07  0.220864E+07
  0.134099E-04  0.220863E+07  0.220863E+07  0.294459E+07  0.294459E+07  0.220948E+07  0.220864E+07
  0.138641E-04  0.220863E+07  0.220863E+07  0.294458E+07  0.294457E+07  0.220948E+07  0.220864E+07
  0.143337E-04  0.220863E+07  0.220863E+07  0.294456E+07  0.294455E+07  0.220948E+07  0.220864E+07
  0.148192E-04  0.220863E+07  0.220863E+07  0.294454E+07  0.294453E+07  0.220948E+07  0.220864E+07
  0.153212E-04  0.220863E+07  0.220863E+07  0.294452E+07  0.294451E+07  0.220948E+07  0.220864E+07
  0.158402E-04  0.220863E+07  0.220863E+07  0.294449E+07  0.294449E+07  0.220948E+07  0.220864E+07
  0.163767E-04  0.220863E+07  0.220863E+07  0.294447E+07  0.294447E+07  0.220948E+07  0.220864E+07
  0.169314E-04  0.220863E+07  0.220863E+07  0.294445E+07  0.294444E+07  0.220948E+07  0.220864E+07
  0.175049E-04  0.220863E+07  0.220863E+07  0.294442E+07  0.294441E+07  0.220948E+07  0.220864E+07
  0.180979E-04  0.220863E+07  0.220863E+07  0.294439E+07  0.294438E+07  0.220947E+07  0.220864E+07
  0.187109E-04  0.220863E+07  0.220863E+07  0.294436E+07  0.294435E+07  0.220947E+07  0.220864E+07
  0.193447E-04  0.220863E+07  0.220863E+07  0.294432E+07  0.294432E+07  0.220947E+07  0.220864E+07
  0.199999E-04  0.220863E+07  0.220863E+07  0.294429E+07  0.294428E+07  0.220947E+07  0.220864E+07
  0.206773E-04  0.220863E+07  0.220863E+07  0.294425E+07  0.294424E+07  0.220947E+07  0.220864E+07
  0.213777E-04  0.220862E+07  0.220862E+07  0.294421E+07  0.294420E+07  0.220947E+07  0.220864E+07
  0.221019E-04  0.220862E+07  0.220862E+07  0.294417E+07  0.294416E+07  0.220947E+07  0.220864E+07
  0.228505E-04  0.220862E+07  0.220862E+07  0.294412E+07  0.294411E+07  0.220947E+07  0.220864E+07
  0.236245E-04  0.220862E+07  0.220862E+07  0.294407E+07  0.294406E+07  0.220947E+07  0.220864E+07
  0.244247E-04  0.220862E+07  0.220862E+07  0.294402E+07  0.294400E+07  0.220947E+07  0.220864E+07
  0.252520E-04  0.220862E+07  0.220862E+07  0.294396E+07  0.294395E+07  0.220946E+07  0.220863E+07
  0.261074E-04  0.220862E+07  0.220862E+07  0.294390E+07  0.294389E+07  0.220946E+07  0.220863E+07
  0.269917E-04  0.220862E+07  0.220862E+07  0.294383E+07  0.294382E+07  0.220946E+07  0.220863E+07
  0.279060E-04  0.220862E+07  0.220862E+07  0.294377E+07  0.294375E+07  0.220946E+07  0.220863E+07
  0.288512E-04  0.220862E+07  0.220862E+07  0.294369E+07  0.294367E+07  0.220946E+07  0.220863E+07
  0.298285E-04  0.220862E+07  0.220862E+07  0.294361E+07  0.294359E+07  0.220946E+07  0.220863E+07
  0.308388E-04  0.220862E+07  0.220862E+07  0.294353E+07  0.294351E+07  0.220945E+07  0.220863E+07
  0.318834E-04  0.220862E+07  0.220862E+07  0.294344E+07  0.294342E+07  0.220945E+07  0.220863E+07
  0.329634E-04  0.220862E+07  0.220862E+07  0.294334E+07  0.294332E+07  0.220945E+07  0.220863E+07
  0.340799E-04  0.220862E+07  0.220862E+07  0.294324E+07  0.294321E+07  0.220945E+07  0.220863E+07
  0.352343E-04  0.220861E+07  0.220861E+07  0.294313E+07  0.294310E+07  0.220944E+07  0.220863E+07
  0.364277E-04  0.220861E+07  0.220861E+07  0.294301E+07  0.294298E+07  0.220944E+07  0.220863E+07
  0.376616E-04  0.220861E+07  0.220861E+07  0.294288E+07  0.294285E+07  0.220944E+07  0.220862E+07
  0.389373E-04  0.220861E+07  0.220861E+07  0.294275E+07  0.294271E+07  0.220944E+07  0.220862E+07
  0.402562E-04  0.220861E+07  0.220861E+07  0.294260E+07  0.294257E+07  0.220943E+07  0.220862E+07
  0.416198E-04  0.220861E+07  0.220861E+07  0.294245E+07  0.294241E+07  0.220943E+07  0.220862E+07
  0.430296E-04  0.220861E+07  0.220861E+07  0.294228E+07  0.294224E+07  0.220943E+07  0.220862E+07
  0.444871E-04  0.220860E+07  0.220860E+07  0.294211E+07  0.294207E+07  0.220942E+07  0.220862E+07
  0.459939E-04  0.220860E+07  0.220860E+07  0.294192E+07  0.294187E+07  0.220942E+07  0.220861E+07
  0.475519E-04  0.220860E+07  0.220860E+07  0.294172E+07  0.294167E+07  0.220941E+07  0.220861E+07
  0.491626E-04  0.220860E+07  0.220860E+07  0.294150E+07  0.294145E+07  0.220941E+07  0.220861E+07
  0.508278E-04  0.220860E+07  0.220860E+07  0.294127E+07  0.294122E+07  0.220940E+07  0.220861E+07
  0.525495E-04  0.220859E+07  0.220859E+07  0.294103E+07  0.294097E+07  0.220940E+07  0.220860E+07
  0.543294E-04  0.220859E+07  0.220859E+07  0.294076E+07  0.294070E+07  0.220939E+07  0.220860E+07
  0.561697E-04  0.220859E+07  0.220859E+07  0.294048E+07  0.294042E+07  0.220938E+07  0.220860E+07
  0.580723E-04  0.220858E+07  0.220858E+07  0.294018E+07  0.294011E+07  0.220938E+07  0.220860E+07
  0.600393E-04  0.220858E+07  0.220858E+07  0.293986E+07  0.293979E+07  0.220937E+07  0.220859E+07
  0.620730E-04  0.220858E+07  0.220858E+07  0.293952E+07  0.293944E+07  0.220936E+07  0.220859E+07
  0.641756E-04  0.220857E+07  0.220857E+07  0.293915E+07  0.293907E+07  0.220935E+07  0.220859E+07
  0.663493E-04  0.220857E+07  0.220857E+07  0.293876E+07  0.293867E+07  0.220934E+07  0.220858E+07
  0.685967E-04  0.220857E+07  0.220857E+07  0.293834E+07  0.293825E+07  0.220933E+07  0.220858E+07
  0.709203E-04  0.220856E+07  0.220856E+07  0.293790E+07  0.293779E+07  0.220932E+07  0.220857E+07
  0.733225E-04  0.220856E+07  0.220856E+07  0.293742E+07  0.293731E+07  0.220931E+07  0.220857E+07
  0.758061E-04  0.220855E+07  0.220855E+07  0.293691E+07  0.293679E+07  0.220930E+07  0.220856E+07
  0.783739E-04  0.220855E+07  0.220855E+07  0.293636E+07  0.293623E+07  0.220929E+07  0.220856E+07
  0.810285E-04  0.220854E+07  0.220854E+07  0.293578E+07  0.293564E+07  0.220927E+07  0.220855E+07
  0.837732E-04  0.220853E+07  0.220853E+07  0.293515E+07  0.293501E+07  0.220926E+07  0.220855E+07
  0.866108E-04  0.220853E+07  0.220853E+07  0.293449E+07  0.293433E+07  0.220924E+07  0.220854E+07
  0.895445E-04  0.220852E+07  0.220852E+07  0.293378E+07  0.293361E+07  0.220923E+07  0.220853E+07
  0.925776E-04  0.220851E+07  0.220851E+07  0.293301E+07  0.293284E+07  0.220921E+07  0.220852E+07
  0.957134E-04  0.220851E+07  0.220850E+07  0.293220E+07  0.293201E+07  0.220919E+07  0.220852E+07
  0.989554E-04  0.220850E+07  0.220850E+07  0.293133E+07  0.293113E+07  0.220917E+07  0.220851E+07
  0.102307E-03  0.220849E+07  0.220849E+07  0.293040E+07  0.293019E+07  0.220915E+07  0.220850E+07
  0.105773E-03  0.220848E+07  0.220848E+07  0.292941E+07  0.292918E+07  0.220913E+07  0.220849E+07
  0.109355E-03  0.220847E+07  0.220847E+07  0.292835E+07  0.292810E+07  0.220910E+07  0.220848E+07
  0.113060E-03  0.220846E+07  0.220845E+07  0.292722E+07  0.292695E+07  0.220907E+07  0.220846E+07
  0.116889E-03  0.220844E+07  0.220844E+07  0.292601E+07  0.292573E+07  0.220905E+07  0.220845E+07
  0.120848E-03  0.220843E+07  0.220843E+07  0.292471E+07  0.292441E+07  0.220902E+07  0.220844E+07
  0.124942E-03  0.220842E+07  0.220841E+07  0.292333E+07  0.292301E+07  0.220898E+07  0.220842E+07
  0.129174E-03  0.220840E+07  0.220840E+07  0.292186E+07  0.292151E+07  0.220895E+07  0.220841E+07
  0.133549E-03  0.220839E+07  0.220838E+07  0.292028E+07  0.291991E+07  0.220891E+07  0.220839E+07
  0.138073E-03  0.220837E+07  0.220837E+07  0.291859E+07  0.291820E+07  0.220887E+07  0.220838E+07
  0.142750E-03  0.220835E+07  0.220835E+07  0.291679E+07  0.291637E+07  0.220883E+07  0.220836E+07
  0.147585E-03  0.220833E+07  0.220833E+07  0.291487E+07  0.291442E+07  0.220878E+07  0.220834E+07
  0.152584E-03  0.220831E+07  0.220831E+07  0.291282E+07  0.291234E+07  0.220874E+07  0.220832E+07
  0.157752E-03  0.220829E+07  0.220829E+07  0.291062E+07  0.291011E+07  0.220868E+07  0.220829E+07
  0.163096E-03  0.220827E+07  0.220826E+07  0.290828E+07  0.290773E+07  0.220863E+07  0.220827E+07
  0.168620E-03  0.220824E+07  0.220824E+07  0.290577E+07  0.290519E+07  0.220857E+07  0.220824E+07
  0.174332E-03  0.220821E+07  0.220821E+07  0.290310E+07  0.290248E+07  0.220851E+07  0.220822E+07
  0.180237E-03  0.220818E+07  0.220818E+07  0.290024E+07  0.289958E+07  0.220844E+07  0.220819E+07
  0.186342E-03  0.220815E+07  0.220815E+07  0.289719E+07  0.289649E+07  0.220837E+07  0.220816E+07
  0.192654E-03  0.220812E+07  0.220812E+07  0.289394E+07  0.289318E+07  0.220829E+07  0.220812E+07
  0.199179E-03  0.220809E+07  0.220808E+07  0.289046E+07  0.288966E+07  0.220821E+07  0.220809E+07
  0.205926E-03  0.220805E+07  0.220804E+07  0.288675E+07  0.288589E+07  0.220812E+07  0.220805E+07
  0.212901E-03  0.220801E+07  0.220800E+07  0.288279E+07  0.288187E+07  0.220803E+07  0.220801E+07
  0.220113E-03  0.220797E+07  0.220796E+07  0.287856E+07  0.287758E+07  0.220793E+07  0.220796E+07
  0.227569E-03  0.220792E+07  0.220791E+07  0.287404E+07  0.287300E+07  0.220782E+07  0.220792E+07
  0.235277E-03  0.220787E+07  0.220786E+07  0.286922E+07  0.286811E+07  0.220771E+07  0.220787E+07
  0.243246E-03  0.220782E+07  0.220781E+07  0.286408E+07  0.286289E+07  0.220758E+07  0.220781E+07
  0.251486E-03  0.220776E+07  0.220776E+07  0.285859E+07  0.285733E+07  0.220745E+07  0.220776E+07
  0.260004E-03  0.220770E+07  0.220769E+07  0.285274E+07  0.285139E+07  0.220731E+07  0.220770E+07
  0.268811E-03  0.220764E+07  0.220763E+07  0.284649E+07  0.284505E+07  0.220717E+07  0.220763E+07
  0.277916E-03  0.220757E+07  0.220756E+07  0.283983E+07  0.283830E+07  0.220701E+07  0.220756E+07
  0.287330E-03  0.220750E+07  0.220749E+07  0.283273E+07  0.283109E+07  0.220684E+07  0.220749E+07
  0.297062E-03  0.220742E+07  0.220741E+07  0.282515E+07  0.282341E+07  0.220665E+07  0.220741E+07
  0.307124E-03  0.220734E+07  0.220733E+07  0.281707E+07  0.281522E+07  0.220646E+07  0.220732E+07
  0.317527E-03  0.220725E+07  0.220724E+07  0.280846E+07  0.280649E+07  0.220625E+07  0.220723E+07
  0.328283E-03  0.220716E+07  0.220714E+07  0.279929E+07  0.279718E+07  0.220603E+07  0.220714E+07
  0.339403E-03  0.220705E+07  0.220704E+07  0.278951E+07  0.278727E+07  0.220579E+07  0.220703E+07
  0.350899E-03  0.220695E+07  0.220693E+07  0.277910E+07  0.277671E+07  0.220554E+07  0.220692E+07
  0.362785E-03  0.220683E+07  0.220681E+07  0.276800E+07  0.276547E+07  0.220527E+07  0.220680E+07
  0.375073E-03  0.220671E+07  0.220669E+07  0.275619E+07  0.275349E+07  0.220498E+07  0.220668E+07
  0.387778E-03  0.220658E+07  0.220656E+07  0.274362E+07  0.274075E+07  0.220467E+07  0.220654E+07
  0.400913E-03  0.220643E+07  0.220641E+07  0.273024E+07  0.272719E+07  0.220434E+07  0.220640E+07
  0.414492E-03  0.220628E+07  0.220626E+07  0.271600E+07  0.271276E+07  0.220399E+07  0.220625E+07
  0.428532E-03  0.220612E+07  0.220610E+07  0.270086E+07  0.269742E+07  0.220361E+07  0.220608E+07
  0.443048E-03  0.220595E+07  0.220593E+07  0.268476E+07  0.268112E+07  0.220321E+07  0.220591E+07
  0.458055E-03  0.220577E+07  0.220574E+07  0.266766E+07  0.266379E+07  0.220278E+07  0.220572E+07
  0.473570E-03  0.220557E+07  0.220554E+07  0.264949E+07  0.264538E+07  0.220232E+07  0.220552E+07
  0.489611E-03  0.220537E+07  0.220533E+07  0.263019E+07  0.262584E+07  0.220183E+07  0.220531E+07
  0.506195E-03  0.220514E+07  0.220511E+07  0.260971E+07  0.260511E+07  0.220130E+07  0.220508E+07
  0.523341E-03  0.220490E+07  0.220487E+07  0.258798E+07  0.258311E+07  0.220074E+07  0.220484E+07
  0.541068E-03  0.220465E+07  0.220461E+07  0.256495E+07  0.255980E+07  0.220015E+07  0.220458E+07
  0.559395E-03  0.220438E+07  0.220434E+07  0.254053E+07  0.253509E+07  0.219951E+07  0.220430E+07
  0.578343E-03  0.220409E+07  0.220405E+07  0.251468E+07  0.250894E+07  0.219883E+07  0.220401E+07
  0.597933E-03  0.220378E+07  0.220374E+07  0.248732E+07  0.248126E+07  0.219810E+07  0.220369E+07
  0.618186E-03  0.220345E+07  0.220340E+07  0.245838E+07  0.245200E+07  0.219733E+07  0.220336E+07
  0.639126E-03  0.220310E+07  0.220305E+07  0.242780E+07  0.242108E+07  0.219650E+07  0.220300E+07
  0.660775E-03  0.220273E+07  0.220267E+07  0.239550E+07  0.238843E+07  0.219562E+07  0.220262E+07
  0.683157E-03  0.220233E+07  0.220227E+07  0.236143E+07  0.235401E+07  0.219467E+07  0.220221E+07
  0.706297E-03  0.220190E+07  0.220184E+07  0.232552E+07  0.231773E+07  0.219367E+07  0.220177E+07
  0.730221E-03  0.220145E+07  0.220138E+07  0.228769E+07  0.227953E+07  0.219259E+07  0.220131E+07
  0.754955E-03  0.220097E+07  0.220089E+07  0.224791E+07  0.223937E+07  0.219145E+07  0.220082E+07
  0.780527E-03  0.220045E+07  0.220037E+07  0.220610E+07  0.219719E+07  0.219023E+07  0.220029E+07
  0.806965E-03  0.219990E+07  0.219982E+07  0.216223E+07  0.215294E+07  0.218893E+07  0.219973E+07
  0.834299E-03  0.219932E+07  0.219923E+07  0.211625E+07  0.210658E+07  0.218754E+07  0.219913E+07
  0.862559E-03  0.219869E+07  0.219860E+07  0.206813E+07  0.205809E+07  0.218606E+07  0.219849E+07
  0.891775E-03  0.219803E+07  0.219793E+07  0.201784E+07  0.200744E+07  0.218448E+07  0.219782E+07
  0.921982E-03  0.219732E+07  0.219722E+07  0.196538E+07  0.195462E+07  0.218280E+07  0.219709E+07
  0.953212E-03  0.219657E+07  0.219646E+07  0.191075E+07  0.189965E+07  0.218101E+07  0.219633E+07
  0.985499E-03  0.219577E+07  0.219565E+07  0.185396E+07  0.184255E+07  0.217910E+07  0.219551E+07
  0.101888E-02  0.219492E+07  0.219479E+07  0.179505E+07  0.178335E+07  0.217707E+07  0.219464E+07
  0.105339E-02  0.219402E+07  0.219388E+07  0.173407E+07  0.172212E+07  0.217490E+07  0.219371E+07
  0.108907E-02  0.219306E+07  0.219291E+07  0.167111E+07  0.165894E+07  0.217260E+07  0.219273E+07
  0.112596E-02  0.219203E+07  0.219188E+07  0.160627E+07  0.159393E+07  0.217014E+07  0.219169E+07
  0.116410E-02  0.219095E+07  0.219078E+07  0.153967E+07  0.152721E+07  0.216754E+07  0.219058E+07
  0.120353E-02  0.218979E+07  0.218962E+07  0.147148E+07  0.145896E+07  0.216476E+07  0.218940E+07
  0.124430E-02  0.218857E+07  0.218838E+07  0.140189E+07  0.138937E+07  0.216181E+07  0.218815E+07
  0.128645E-02  0.218727E+07  0.218707E+07  0.133111E+07  0.131866E+07  0.215867E+07  0.218682E+07
  0.133002E-02  0.218590E+07  0.218568E+07  0.125941E+07  0.124711E+07  0.215534E+07  0.218541E+07
  0.137507E-02  0.218444E+07  0.218421E+07  0.118706E+07  0.117501E+07  0.215180E+07  0.218392E+07
  0.142165E-02  0.218289E+07  0.218265E+07  0.111441E+07  0.110268E+07  0.214804E+07  0.218234E+07
  0.146980E-02  0.218125E+07  0.218100E+07  0.104181E+07  0.103051E+07  0.214405E+07  0.218066E+07
  0.151959E-02  0.217952E+07  0.217925E+07  0.969656E+06  0.958867E+06  0.213981E+07  0.217889E+07
  0.157106E-02  0.217768E+07  0.217740E+07  0.898362E+06  0.888189E+06  0.213533E+07  0.217702E+07
  0.162428E-02  0.217575E+07  0.217544E+07  0.828380E+06  0.818918E+06  0.213057E+07  0.217503E+07
  0.167929E-02  0.217370E+07  0.217337E+07  0.760177E+06  0.751516E+06  0.212553E+07  0.217294E+07
  0.173618E-02  0.217154E+07  0.217119E+07  0.694229E+06  0.686454E+06  0.212019E+07  0.217073E+07
  0.179498E-02  0.216925E+07  0.216889E+07  0.631018E+06  0.624199E+06  0.211455E+07  0.216839E+07
  0.185578E-02  0.216685E+07  0.216646E+07  0.571015E+06  0.565210E+06  0.210858E+07  0.216593E+07
  0.191864E-02  0.216431E+07  0.216390E+07  0.514671E+06  0.509916E+06  0.210227E+07  0.216333E+07
  0.198363E-02  0.216164E+07  0.216120E+07  0.462398E+06  0.458706E+06  0.209560E+07  0.216060E+07
  0.205082E-02  0.215883E+07  0.215836E+07  0.414556E+06  0.411915E+06  0.208857E+07  0.215772E+07
  0.212029E-02  0.215587E+07  0.215538E+07  0.371437E+06  0.369802E+06  0.208115E+07  0.215469E+07
  0.219211E-02  0.215276E+07  0.215224E+07  0.333245E+06  0.332537E+06  0.207333E+07  0.215151E+07
  0.226636E-02  0.214950E+07  0.214894E+07  0.300082E+06  0.300187E+06  0.206509E+07  0.214817E+07
  0.234313E-02  0.214608E+07  0.214549E+07  0.271931E+06  0.272702E+06  0.205642E+07  0.214467E+07
  0.242249E-02  0.214249E+07  0.214186E+07  0.248646E+06  0.249901E+06  0.204730E+07  0.214099E+07
  0.250455E-02  0.213872E+07  0.213806E+07  0.229945E+06  0.231475E+06  0.203773E+07  0.213713E+07
  0.258938E-02  0.213478E+07  0.213408E+07  0.215409E+06  0.216983E+06  0.202768E+07  0.213310E+07
  0.267709E-02  0.213066E+07  0.212991E+07  0.204487E+06  0.205866E+06  0.201714E+07  0.212887E+07
  0.276777E-02  0.212635E+07  0.212555E+07  0.196514E+06  0.197460E+06  0.200609E+07  0.212445E+07
  0.286152E-02  0.212184E+07  0.212099E+07  0.190736E+06  0.191029E+06  0.199453E+07  0.211984E+07
  0.295845E-02  0.211714E+07  0.211623E+07  0.186342E+06  0.185800E+06  0.198245E+07  0.211502E+07
  0.305866E-02  0.211223E+07  0.211126E+07  0.182517E+06  0.181008E+06  0.196982E+07  0.210998E+07
  0.316226E-02  0.210710E+07  0.210608E+07  0.178485E+06  0.175949E+06  0.195666E+07  0.210473E+07
  0.326938E-02  0.210176E+07  0.210067E+07  0.173572E+06  0.170032E+06  0.194293E+07  0.209926E+07
  0.338012E-02  0.209620E+07  0.209504E+07  0.167264E+06  0.162833E+06  0.192865E+07  0.209355E+07
  0.349461E-02  0.209040E+07  0.208916E+07  0.159252E+06  0.154132E+06  0.191380E+07  0.208761E+07
  0.361298E-02  0.208437E+07  0.208305E+07  0.149470E+06  0.143943E+06  0.189839E+07  0.208143E+07
  0.373536E-02  0.207809E+07  0.207669E+07  0.138117E+06  0.132518E+06  0.188241E+07  0.207499E+07
  0.386189E-02  0.207157E+07  0.207007E+07  0.125634E+06  0.120322E+06  0.186586E+07  0.206830E+07
  0.399270E-02  0.206478E+07  0.206319E+07  0.112671E+06  0.107980E+06  0.184875E+07  0.206135E+07
  0.412794E-02  0.205773E+07  0.205603E+07  0.100000E+06  0.961965E+05  0.183109E+07  0.205413E+07
  0.426776E-02  0.205041E+07  0.204860E+07  0.884200E+05  0.856529E+05  0.181288E+07  0.204663E+07
  0.441232E-02  0.204281E+07  0.204088E+07  0.786260E+05  0.768932E+05  0.179414E+07  0.203885E+07
  0.456178E-02  0.203493E+07  0.203288E+07  0.710918E+05  0.702248E+05  0.177487E+07  0.203078E+07
  0.471629E-02  0.202675E+07  0.202457E+07  0.659695E+05  0.656469E+05  0.175511E+07  0.202241E+07
  0.487605E-02  0.201828E+07  0.201595E+07  0.630371E+05  0.628314E+05  0.173486E+07  0.201374E+07
  0.504121E-02  0.200950E+07  0.200703E+07  0.617150E+05  0.611701E+05  0.171415E+07  0.200477E+07
  0.521197E-02  0.200041E+07  0.199778E+07  0.611605E+05  0.598894E+05  0.169300E+07  0.199548E+07
  0.538851E-02  0.199101E+07  0.198820E+07  0.604364E+05  0.582191E+05  0.167143E+07  0.198587E+07
  0.557103E-02  0.198128E+07  0.197830E+07  0.587246E+05  0.555793E+05  0.164948E+07  0.197593E+07
  0.575973E-02  0.197123E+07  0.196805E+07  0.555377E+05  0.517396E+05  0.162716E+07  0.196567E+07
  0.595483E-02  0.196084E+07  0.195746E+07  0.508677E+05  0.468941E+05  0.160451E+07  0.195507E+07
  0.615653E-02  0.195011E+07  0.194651E+07  0.452117E+05  0.416154E+05  0.158153E+07  0.194412E+07
  0.636507E-02  0.193903E+07  0.193520E+07  0.394416E+05  0.366780E+05  0.155827E+07  0.193283E+07
  0.658067E-02  0.192769E+07  0.192362E+07  0.345334E+05  0.327930E+05  0.153711E+07  0.192131E+07
  0.680357E-02  0.191592E+07  0.191158E+07  0.312116E+05  0.303263E+05  0.151332E+07  0.190932E+07
  0.703402E-02  0.190379E+07  0.189917E+07  0.296691E+05  0.291463E+05  0.148924E+07  0.189697E+07
  0.727228E-02  0.189129E+07  0.188638E+07  0.294446E+05  0.286464E+05  0.146491E+07  0.188425E+07
  0.751861E-02  0.187842E+07  0.187320E+07  0.295851E+05  0.279990E+05  0.144032E+07  0.187116E+07
  0.777328E-02  0.186518E+07  0.185963E+07  0.290555E+05  0.265431E+05  0.141546E+07  0.185770E+07
  0.803658E-02  0.185155E+07  0.184566E+07  0.272430E+05  0.241260E+05  0.139035E+07  0.184385E+07
  0.830880E-02  0.183752E+07  0.183126E+07  0.243022E+05  0.212005E+05  0.136428E+07  0.182958E+07
  0.859024E-02  0.182312E+07  0.181647E+07  0.211139E+05  0.185767E+05  0.133858E+07  0.181496E+07
  0.888121E-02  0.180833E+07  0.180127E+07  0.180148E+05  0.169205E+05  0.131263E+07  0.179994E+07
  0.918204E-02  0.179315E+07  0.178565E+07  0.168558E+05  0.163027E+05  0.128642E+07  0.178453E+07
  0.949305E-02  0.177756E+07  0.176960E+07  0.168960E+05  0.161254E+05  0.125996E+07  0.176871E+07
  0.981461E-02  0.176156E+07  0.175311E+07  0.170976E+05  0.155484E+05  0.123326E+07  0.175248E+07
  0.101471E-01  0.174517E+07  0.173620E+07  0.163895E+05  0.141507E+05  0.120655E+07  0.173585E+07
  0.104908E-01  0.172835E+07  0.171884E+07  0.145315E+05  0.122945E+05  0.117944E+07  0.171880E+07
  0.108461E-01  0.171112E+07  0.170104E+07  0.123616E+05  0.108108E+05  0.115213E+07  0.170133E+07
  0.112135E-01  0.169346E+07  0.168278E+07  0.108082E+05  0.102048E+05  0.112464E+07  0.168343E+07
  0.115933E-01  0.167537E+07  0.166406E+07  0.106450E+05  0.101301E+05  0.109701E+07  0.166511E+07
  0.119860E-01  0.165686E+07  0.164488E+07  0.109152E+05  0.974634E+04  0.106918E+07  0.164635E+07
  0.123920E-01  0.163791E+07  0.162523E+07  0.104234E+05  0.867279E+04  0.104130E+07  0.162716E+07
  0.128117E-01  0.161852E+07  0.160511E+07  0.895982E+04  0.745108E+04  0.101334E+07  0.160754E+07
  0.132457E-01  0.159869E+07  0.158451E+07  0.758494E+04  0.684794E+04  0.985295E+06  0.158747E+07
  0.136944E-01  0.157842E+07  0.156344E+07  0.715265E+04  0.680599E+04  0.957206E+06  0.156696E+07
  0.141582E-01  0.155770E+07  0.154188E+07  0.740508E+04  0.652402E+04  0.929110E+06  0.154600E+07
  0.146378E-01  0.153654E+07  0.151985E+07  0.703543E+04  0.567817E+04  0.901008E+06  0.152460E+07
  0.151336E-01  0.151492E+07  0.149732E+07  0.587841E+04  0.000000E+00  0.872958E+06  0.150276E+07
  0.156462E-01  0.149286E+07  0.147431E+07  0.511197E+04  0.000000E+00  0.845004E+06  0.148046E+07
  0.161762E-01  0.147035E+07  0.145082E+07  0.518288E+04  0.000000E+00  0.817207E+06  0.145772E+07
  0.167241E-01  0.144739E+07  0.142685E+07  0.512872E+04  0.000000E+00  0.789609E+06  0.143454E+07
  0.172906E-01  0.142399E+07  0.140240E+07  0.429676E+04  0.000000E+00  0.762246E+06  0.141092E+07
  0.178763E-01  0.140016E+07  0.137749E+07  0.370991E+04  0.000000E+00  0.735130E+06  0.138687E+07
  0.184818E-01  0.137589E+07  0.135211E+07  0.386554E+04  0.000000E+00  0.708250E+06  0.136239E+07
  0.191078E-01  0.135119E+07  0.132628E+07  0.361023E+04  0.000000E+00  0.681582E+06  0.133749E+07
  0.197550E-01  0.132609E+07  0.130001E+07  0.292144E+04  0.000000E+00  0.655104E+06  0.131219E+07
  0.204242E-01  0.130058E+07  0.127333E+07  0.282272E+04  0.000000E+00  0.628818E+06  0.128648E+07
  0.211160E-01  0.127468E+07  0.124624E+07  0.285608E+04  0.000000E+00  0.602765E+06  0.126040E+07
  0.218313E-01  0.124842E+07  0.121878E+07  0.237095E+04  0.000000E+00  0.577026E+06  0.123396E+07
  0.225707E-01  0.122181E+07  0.119096E+07  0.230429E+04  0.000000E+00  0.551709E+06  0.120719E+07
  0.233353E-01  0.119488E+07  0.116283E+07  0.242878E+04  0.000000E+00  0.526917E+06  0.118010E+07
  0.241257E-01  0.116765E+07  0.113442E+07  0.211146E+04  0.000000E+00  0.502716E+06  0.115274E+07
  0.249429E-01  0.114017E+07  0.110578E+07  0.207370E+04  0.000000E+00  0.479119E+06  0.112514E+07
  0.257877E-01  0.111248E+07  0.107695E+07  0.175528E+04  0.000000E+00  0.456098E+06  0.109734E+07
  0.266612E-01  0.108460E+07  0.104799E+07  0.123380E+04  0.000000E+00  0.433614E+06  0.106938E+07
  0.275643E-01  0.105661E+07  0.101897E+07  0.122823E+04  0.000000E+00  0.411651E+06  0.104131E+07
  0.284980E-01  0.102854E+07  0.989933E+06  0.115320E+04  0.000000E+00  0.390234E+06  0.101319E+07
  0.294633E-01  0.100045E+07  0.960969E+06  0.121499E+04  0.000000E+00  0.369419E+06  0.985074E+06
  0.304613E-01  0.972412E+06  0.932151E+06  0.887062E+03  0.000000E+00  0.349269E+06  0.957032E+06
  0.314930E-01  0.944490E+06  0.903563E+06  0.872560E+03  0.000000E+00  0.329834E+06  0.929133E+06
  0.325598E-01  0.916758E+06  0.875294E+06  0.844072E+03  0.000000E+00  0.311143E+06  0.901451E+06
  0.336627E-01  0.889292E+06  0.847435E+06  0.704517E+03  0.000000E+00  0.293207E+06  0.874065E+06
  0.348029E-01  0.862172E+06  0.820084E+06  0.648036E+03  0.000000E+00  0.276027E+06  0.847056E+06
  0.359818E-01  0.835481E+06  0.793338E+06  0.632391E+03  0.000000E+00  0.259593E+06  0.820508E+06
  0.372005E-01  0.809302E+06  0.767293E+06  0.492431E+03  0.000000E+00  0.243896E+06  0.794504E+06
  0.384606E-01  0.783717E+06  0.742043E+06  0.538117E+03  0.000000E+00  0.228955E+06  0.769127E+06
  0.397634E-01  0.758806E+06  0.717679E+06  0.407149E+03  0.000000E+00  0.214797E+06  0.744459E+06
  0.411102E-01  0.734644E+06  0.694282E+06  0.415008E+03  0.000000E+00  0.201418E+06  0.720574E+06
  0.425027E-01  0.711299E+06  0.671923E+06  0.374987E+03  0.000000E+00  0.188778E+06  0.697538E+06
  0.439424E-01  0.688829E+06  0.650659E+06  0.312455E+03  0.000000E+00  0.176846E+06  0.675409E+06
  0.454071E-01  0.667611E+06  0.630836E+06  0.316314E+03  0.000000E+00  0.165808E+06  0.654556E+06
  0.468719E-01  0.647944E+06  0.612707E+06  0.273087E+03  0.000000E+00  0.155803E+06  0.635268E+06
  0.483366E-01  0.629720E+06  0.596132E+06  0.231148E+03  0.000000E+00  0.146712E+06  0.617432E+06
  0.498014E-01  0.612823E+06  0.580967E+06  0.206795E+03  0.000000E+00  0.138409E+06  0.600929E+06
  0.512661E-01  0.597137E+06  0.567065E+06  0.245656E+03  0.000000E+00  0.130800E+06  0.585637E+06
  0.527309E-01  0.582545E+06  0.554280E+06  0.195097E+03  0.000000E+00  0.123814E+06  0.571435E+06
  0.541956E-01  0.568930E+06  0.542467E+06  0.152324E+03  0.000000E+00  0.117390E+06  0.558203E+06
  0.556604E-01  0.556177E+06  0.531485E+06  0.197979E+03  0.000000E+00  0.111469E+06  0.545823E+06
  0.571251E-01  0.544177E+06  0.521200E+06  0.141202E+03  0.000000E+00  0.105992E+06  0.534184E+06
  0.585899E-01  0.532825E+06  0.511484E+06  0.136372E+03  0.000000E+00  0.100899E+06  0.523175E+06
  0.600546E-01  0.522021E+06  0.502219E+06  0.154495E+03  0.000000E+00  0.961421E+05  0.512698E+06
  0.615194E-01  0.511674E+06  0.493297E+06  0.107655E+03  0.000000E+00  0.916901E+05  0.502657E+06
  0.629841E-01  0.501701E+06  0.484621E+06  0.126272E+03  0.000000E+00  0.875093E+05  0.492968E+06
  0.644489E-01  0.492026E+06  0.476105E+06  0.107213E+03  0.000000E+00  0.835618E+05  0.483557E+06
  0.659136E-01  0.482584E+06  0.467678E+06  0.106331E+03  0.000000E+00  0.798176E+05  0.474355E+06
  0.673783E-01  0.473320E+06  0.459278E+06  0.845868E+02  0.000000E+00  0.762624E+05  0.465308E+06
  0.688431E-01  0.464185E+06  0.450859E+06  0.966746E+02  0.000000E+00  0.728848E+05  0.456368E+06
  0.703078E-01  0.455142E+06  0.442383E+06  0.679347E+02  0.000000E+00  0.696670E+05  0.447498E+06
  0.717726E-01  0.446164E+06  0.433829E+06  0.866232E+02  0.000000E+00  0.665913E+05  0.438672E+06
  0.732373E-01  0.437230E+06  0.425182E+06  0.798172E+02  0.000000E+00  0.636472E+05  0.429871E+06
  0.747021E-01  0.428334E+06  0.416447E+06  0.934758E+02  0.000000E+00  0.608295E+05  0.421089E+06
  0.761668E-01  0.419456E+06  0.407615E+06  0.484871E+02  0.000000E+00  0.581305E+05  0.412309E+06
  0.776316E-01  0.410611E+06  0.398713E+06  0.520401E+02  0.000000E+00  0.555472E+05  0.403547E+06
  0.790963E-01  0.401807E+06  0.389763E+06  0.758090E+02  0.000000E+00  0.530739E+05  0.394814E+06
  0.805611E-01  0.393058E+06  0.380796E+06  0.518106E+02  0.000000E+00  0.507047E+05  0.386126E+06
  0.820258E-01  0.384384E+06  0.371844E+06  0.612893E+02  0.000000E+00  0.484365E+05  0.377503E+06
  0.834906E-01  0.375805E+06  0.362945E+06  0.551271E+02  0.000000E+00  0.462698E+05  0.368970E+06
  0.849553E-01  0.367346E+06  0.354139E+06  0.675410E+02  0.000000E+00  0.442036E+05  0.360551E+06
  0.864201E-01  0.359031E+06  0.345465E+06  0.386911E+02  0.000000E+00  0.422334E+05  0.352275E+06
  0.878848E-01  0.350887E+06  0.336965E+06  0.368734E+02  0.000000E+00  0.403566E+05  0.344168E+06
  0.893495E-01  0.342939E+06  0.328676E+06  0.315674E+02  0.000000E+00  0.385741E+05  0.336258E+06
  0.908143E-01  0.335211E+06  0.320635E+06  0.340635E+02  0.000000E+00  0.368861E+05  0.328571E+06
  0.922790E-01  0.327726E+06  0.312876E+06  0.273082E+02  0.000000E+00  0.352888E+05  0.321131E+06
  0.941061E-01  0.318761E+06  0.303637E+06  0.195980E+02  0.000000E+00  0.334171E+05  0.312228E+06
  0.959332E-01  0.310238E+06  0.294928E+06  0.484733E+02  0.000000E+00  0.316749E+05  0.303776E+06
  0.977602E-01  0.302181E+06  0.286786E+06  0.248134E+02  0.000000E+00  0.300588E+05  0.295802E+06
  0.995873E-01  0.294609E+06  0.279232E+06  0.361056E+02  0.000000E+00  0.285643E+05  0.288321E+06
  0.101414E+00  0.287526E+06  0.272274E+06  0.345854E+02  0.000000E+00  0.271838E+05  0.281342E+06
  0.103241E+00  0.280930E+06  0.265908E+06  0.197603E+02  0.000000E+00  0.259079E+05  0.274860E+06
  0.105068E+00  0.274810E+06  0.260118E+06  0.185280E+02  0.000000E+00  0.247297E+05  0.268864E+06
  0.106896E+00  0.269147E+06  0.254874E+06  0.194585E+02  0.000000E+00  0.236432E+05  0.263332E+06
  0.108723E+00  0.263912E+06  0.250137E+06  0.245510E+02  0.000000E+00  0.226387E+05  0.258236E+06
  0.110550E+00  0.259072E+06  0.245860E+06  0.181719E+02  0.000000E+00  0.217077E+05  0.253541E+06
  0.112377E+00  0.254588E+06  0.241990E+06  0.197954E+02  0.000000E+00  0.208447E+05  0.249204E+06
  0.114204E+00  0.250416E+06  0.238466E+06  0.138499E+02  0.000000E+00  0.200416E+05  0.245182E+06
  0.116031E+00  0.246513E+06  0.235228E+06  0.212327E+02  0.000000E+00  0.192899E+05  0.241427E+06
  0.117858E+00  0.242832E+06  0.232214E+06  0.841458E+01  0.000000E+00  0.185832E+05  0.237893E+06
  0.119685E+00  0.239326E+06  0.229362E+06  0.189865E+02  0.000000E+00  0.179161E+05  0.234530E+06
  0.121512E+00  0.235951E+06  0.226611E+06  0.180441E+02  0.000000E+00  0.172838E+05  0.231291E+06
  0.123339E+00  0.232664E+06  0.223908E+06  0.116172E+02  0.000000E+00  0.166808E+05  0.228134E+06
  0.125166E+00  0.229427E+06  0.221202E+06  0.193792E+02  0.000000E+00  0.161017E+05  0.225018E+06
  0.126993E+00  0.226208E+06  0.218454E+06  0.174653E+02  0.000000E+00  0.155435E+05  0.221910E+06
  0.128820E+00  0.222979E+06  0.215630E+06  0.769292E+01  0.000000E+00  0.150045E+05  0.218784E+06
  0.130647E+00  0.219720E+06  0.212705E+06  0.666543E+01  0.000000E+00  0.144815E+05  0.215616E+06
  0.132474E+00  0.216415E+06  0.209660E+06  0.142010E+02  0.000000E+00  0.139725E+05  0.212392E+06
  0.134301E+00  0.213053E+06  0.206487E+06  0.501655E+01  0.000000E+00  0.134773E+05  0.209102E+06
  0.136128E+00  0.209629E+06  0.203182E+06  0.000000E+00  0.000000E+00  0.129948E+05  0.205739E+06
  0.137956E+00  0.206144E+06  0.199752E+06  0.000000E+00  0.000000E+00  0.125241E+05  0.202308E+06
  0.139783E+00  0.202605E+06  0.196210E+06  0.000000E+00  0.000000E+00  0.120652E+05  0.198813E+06
  0.141610E+00  0.199022E+06  0.192573E+06  0.000000E+00  0.000000E+00  0.116190E+05  0.195268E+06
  0.143437E+00  0.195408E+06  0.188864E+06  0.000000E+00  0.000000E+00  0.111860E+05  0.191686E+06
  0.145264E+00  0.191784E+06  0.185111E+06  0.000000E+00  0.000000E+00  0.107667E+05  0.188089E+06
  0.147091E+00  0.188168E+06  0.181345E+06  0.000000E+00  0.000000E+00  0.103610E+05  0.184497E+06
  0.148918E+00  0.184580E+06  0.177595E+06  0.000000E+00  0.000000E+00  0.996983E+04  0.180932E+06
  0.150745E+00  0.181042E+06  0.173891E+06  0.000000E+00  0.000000E+00  0.959453E+04  0.177415E+06
  0.152572E+00  0.177573E+06  0.170264E+06  0.000000E+00  0.000000E+00  0.923489E+04  0.173967E+06
  0.154399E+00  0.174193E+06  0.166739E+06  0.000000E+00  0.000000E+00  0.889118E+04  0.170610E+06
  0.156226E+00  0.170919E+06  0.163342E+06  0.000000E+00  0.000000E+00  0.856418E+04  0.167360E+06
  0.158053E+00  0.167767E+06  0.160094E+06  0.000000E+00  0.000000E+00  0.825378E+04  0.164235E+06
  0.159880E+00  0.164749E+06  0.157014E+06  0.000000E+00  0.000000E+00  0.795959E+04  0.161248E+06
  0.161707E+00  0.161876E+06  0.154114E+06  0.000000E+00  0.000000E+00  0.768154E+04  0.158409E+06
  0.163534E+00  0.159154E+06  0.151403E+06  0.000000E+00  0.000000E+00  0.741948E+04  0.155725E+06
  0.165361E+00  0.156588E+06  0.148886E+06  0.000000E+00  0.000000E+00  0.717303E+04  0.153200E+06
  0.167188E+00  0.154175E+06  0.146560E+06  0.000000E+00  0.000000E+00  0.694119E+04  0.150833E+06
  0.169015E+00  0.151912E+06  0.144419E+06  0.000000E+00  0.000000E+00  0.672270E+04  0.148619E+06
  0.170843E+00  0.149792E+06  0.142455E+06  0.000000E+00  0.000000E+00  0.651711E+04  0.146551E+06
  0.172670E+00  0.147807E+06  0.140654E+06  0.000000E+00  0.000000E+00  0.632379E+04  0.144621E+06
  0.174497E+00  0.145945E+06  0.139001E+06  0.000000E+00  0.000000E+00  0.614128E+04  0.142816E+06
  0.176324E+00  0.144194E+06  0.137478E+06  0.000000E+00  0.000000E+00  0.596849E+04  0.141124E+06
  0.178151E+00  0.142541E+06  0.136065E+06  0.000000E+00  0.000000E+00  0.580473E+04  0.139529E+06
  0.179978E+00  0.140969E+06  0.134741E+06  0.000000E+00  0.000000E+00  0.564886E+04  0.138016E+06
  0.181805E+00  0.139464E+06  0.133486E+06  0.000000E+00  0.000000E+00  0.549976E+04  0.136570E+06
  0.183632E+00  0.138009E+06  0.132278E+06  0.000000E+00  0.000000E+00  0.535661E+04  0.135172E+06
  0.185459E+00  0.136589E+06  0.131097E+06  0.000000E+00  0.000000E+00  0.521864E+04  0.133808E+06
  0.187286E+00  0.135191E+06  0.129924E+06  0.000000E+00  0.000000E+00  0.508524E+04  0.132463E+06
  0.189113E+00  0.133802E+06  0.128742E+06  0.000000E+00  0.000000E+00  0.495556E+04  0.131124E+06
  0.190940E+00  0.132410E+06  0.127538E+06  0.000000E+00  0.000000E+00  0.482881E+04  0.129780E+06
  0.192767E+00  0.131008E+06  0.126300E+06  0.000000E+00  0.000000E+00  0.470489E+04  0.128422E+06
  0.194594E+00  0.129588E+06  0.125019E+06  0.000000E+00  0.000000E+00  0.458363E+04  0.127043E+06
  0.196421E+00  0.128144E+06  0.123688E+06  0.000000E+00  0.000000E+00  0.446444E+04  0.125635E+06
  0.198248E+00  0.126673E+06  0.122306E+06  0.000000E+00  0.000000E+00  0.434711E+04  0.124198E+06
  0.200075E+00  0.125174E+06  0.120870E+06  0.000000E+00  0.000000E+00  0.423177E+04  0.122729E+06
  0.201903E+00  0.123647E+06  0.119383E+06  0.000000E+00  0.000000E+00  0.411833E+04  0.121229E+06
  0.203730E+00  0.122095E+06  0.117849E+06  0.000000E+00  0.000000E+00  0.400674E+04  0.119701E+06
  0.205557E+00  0.120521E+06  0.116275E+06  0.000000E+00  0.000000E+00  0.389716E+04  0.118149E+06
  0.207384E+00  0.118932E+06  0.114669E+06  0.000000E+00  0.000000E+00  0.378977E+04  0.116579E+06
  0.209211E+00  0.117334E+06  0.113041E+06  0.000000E+00  0.000000E+00  0.368480E+04  0.114998E+06
  0.211038E+00  0.115733E+06  0.111401E+06  0.000000E+00  0.000000E+00  0.358230E+04  0.113414E+06
  0.212865E+00  0.114139E+06  0.109761E+06  0.000000E+00  0.000000E+00  0.348229E+04  0.111834E+06
  0.214692E+00  0.112557E+06  0.108131E+06  0.000000E+00  0.000000E+00  0.338519E+04  0.110267E+06
  0.216519E+00  0.110997E+06  0.106523E+06  0.000000E+00  0.000000E+00  0.329126E+04  0.108721E+06
  0.218346E+00  0.109465E+06  0.104947E+06  0.000000E+00  0.000000E+00  0.320037E+04  0.107204E+06
  0.220173E+00  0.107968E+06  0.103412E+06  0.000000E+00  0.000000E+00  0.311261E+04  0.105721E+06
  0.222000E+00  0.106512E+06  0.101927E+06  0.000000E+00  0.000000E+00  0.302822E+04  0.104281E+06
  0.223827E+00  0.105102E+06  0.100499E+06  0.000000E+00  0.000000E+00  0.294722E+04  0.102889E+06
  0.225654E+00  0.103744E+06  0.991345E+05  0.000000E+00  0.000000E+00  0.286958E+04  0.101548E+06
  0.227481E+00  0.102440E+06  0.978366E+05  0.000000E+00  0.000000E+00  0.279528E+04  0.100263E+06
  0.229308E+00  0.101191E+06  0.966079E+05  0.000000E+00  0.000000E+00  0.272428E+04  0.990347E+05
  0.231135E+00  0.999987E+05  0.954489E+05  0.000000E+00  0.000000E+00  0.265653E+04  0.978640E+05
  0.232963E+00  0.988619E+05  0.943587E+05  0.000000E+00  0.000000E+00  0.259182E+04  0.967502E+05
  0.234790E+00  0.977791E+05  0.933349E+05  0.000000E+00  0.000000E+00  0.252990E+04  0.956915E+05
  0.236617E+00  0.967478E+05  0.923735E+05  0.000000E+00  0.000000E+00  0.247080E+04  0.946853E+05
  0.238444E+00  0.957644E+05  0.914699E+05  0.000000E+00  0.000000E+00  0.241440E+04  0.937278E+05
  0.240271E+00  0.948253E+05  0.906184E+05  0.000000E+00  0.000000E+00  0.236029E+04  0.928152E+05
  0.242098E+00  0.939257E+05  0.898128E+05  0.000000E+00  0.000000E+00  0.230830E+04  0.919426E+05
  0.243925E+00  0.930605E+05  0.890456E+05  0.000000E+00  0.000000E+00  0.225832E+04  0.911045E+05
  0.245752E+00  0.922241E+05  0.883094E+05  0.000000E+00  0.000000E+00  0.221015E+04  0.902951E+05
  0.247579E+00  0.914111E+05  0.875968E+05  0.000000E+00  0.000000E+00  0.216355E+04  0.895089E+05
  0.249406E+00  0.906159E+05  0.869005E+05  0.000000E+00  0.000000E+00  0.211834E+04  0.887400E+05
  0.251233E+00  0.898334E+05  0.862134E+05  0.000000E+00  0.000000E+00  0.207436E+04  0.879831E+05
  0.253060E+00  0.890590E+05  0.855294E+05  0.000000E+00  0.000000E+00  0.203150E+04  0.872333E+05
  0.254887E+00  0.882884E+05  0.848429E+05  0.000000E+00  0.000000E+00  0.198957E+04  0.864864E+05
  0.256714E+00  0.875179E+05  0.841492E+05  0.000000E+00  0.000000E+00  0.194840E+04  0.857385E+05
  0.258541E+00  0.867446E+05  0.834445E+05  0.000000E+00  0.000000E+00  0.190805E+04  0.849866E+05
  0.260368E+00  0.859661E+05  0.827257E+05  0.000000E+00  0.000000E+00  0.186848E+04  0.842282E+05
  0.262195E+00  0.851806E+05  0.819909E+05  0.000000E+00  0.000000E+00  0.182945E+04  0.834614E+05
  0.264023E+00  0.843868E+05  0.812390E+05  0.000000E+00  0.000000E+00  0.179095E+04  0.826852E+05
  0.265850E+00  0.835847E+05  0.804698E+05  0.000000E+00  0.000000E+00  0.175306E+04  0.818994E+05
  0.267677E+00  0.827745E+05  0.796844E+05  0.000000E+00  0.000000E+00  0.171575E+04  0.811044E+05
  0.269504E+00  0.819572E+05  0.788844E+05  0.000000E+00  0.000000E+00  0.167903E+04  0.803013E+05
  0.271331E+00  0.811344E+05  0.780721E+05  0.000000E+00  0.000000E+00  0.164290E+04  0.794918E+05
  0.273158E+00  0.803082E+05  0.772507E+05  0.000000E+00  0.000000E+00  0.160738E+04  0.786779E+05
  0.274985E+00  0.794808E+05  0.764236E+05  0.000000E+00  0.000000E+00  0.157256E+04  0.778622E+05
  0.276812E+00  0.786547E+05  0.755945E+05  0.000000E+00  0.000000E+00  0.153843E+04  0.770473E+05
  0.278639E+00  0.778326E+05  0.747670E+05  0.000000E+00  0.000000E+00  0.150498E+04  0.762360E+05
  0.280466E+00  0.770171E+05  0.739452E+05  0.000000E+00  0.000000E+00  0.147237E+04  0.754311E+05
  0.282293E+00  0.762109E+05  0.731327E+05  0.000000E+00  0.000000E+00  0.144062E+04  0.746353E+05
  0.284120E+00  0.754166E+05  0.723332E+05  0.000000E+00  0.000000E+00  0.140965E+04  0.738515E+05
  0.285947E+00  0.746367E+05  0.715502E+05  0.000000E+00  0.000000E+00  0.137951E+04  0.730821E+05
  0.287774E+00  0.738733E+05  0.707866E+05  0.000000E+00  0.000000E+00  0.135029E+04  0.723296E+05
  0.289601E+00  0.731284E+05  0.700450E+05  0.000000E+00  0.000000E+00  0.132199E+04  0.715957E+05
  0.291428E+00  0.724035E+05  0.693273E+05  0.000000E+00  0.000000E+00  0.129460E+04  0.708822E+05
  0.293255E+00  0.716994E+05  0.686350E+05  0.000000E+00  0.000000E+00  0.126809E+04  0.701899E+05
  0.295083E+00  0.710170E+05  0.679688E+05  0.000000E+00  0.000000E+00  0.124246E+04  0.695196E+05
  0.296910E+00  0.703562E+05  0.673288E+05  0.000000E+00  0.000000E+00  0.121773E+04  0.688714E+05
  0.298737E+00  0.697167E+05  0.667146E+05  0.000000E+00  0.000000E+00  0.119380E+04  0.682449E+05
  0.300564E+00  0.690983E+05  0.661258E+05  0.000000E+00  0.000000E+00  0.117066E+04  0.676399E+05
  0.302391E+00  0.685002E+05  0.655610E+05  0.000000E+00  0.000000E+00  0.114834E+04  0.670554E+05
  0.304218E+00  0.679213E+05  0.650187E+05  0.000000E+00  0.000000E+00  0.112677E+04  0.664903E+05
  0.306045E+00  0.673602E+05  0.644969E+05  0.000000E+00  0.000000E+00  0.110584E+04  0.659432E+05
  0.307872E+00  0.668152E+05  0.639935E+05  0.000000E+00  0.000000E+00  0.108553E+04  0.654123E+05
  0.309699E+00  0.662845E+05  0.635059E+05  0.000000E+00  0.000000E+00  0.106585E+04  0.648958E+05
  0.311526E+00  0.657662E+05  0.630314E+05  0.000000E+00  0.000000E+00  0.104674E+04  0.643916E+05
  0.313353E+00  0.652584E+05  0.625675E+05  0.000000E+00  0.000000E+00  0.102811E+04  0.638978E+05
  0.315180E+00  0.647592E+05  0.621117E+05  0.000000E+00  0.000000E+00  0.100992E+04  0.634123E+05
  0.317007E+00  0.642667E+05  0.616616E+05  0.000000E+00  0.000000E+00  0.992157E+03  0.629334E+05
  0.318834E+00  0.637795E+05  0.612150E+05  0.000000E+00  0.000000E+00  0.974799E+03  0.624593E+05
  0.320661E+00  0.632960E+05  0.607700E+05  0.000000E+00  0.000000E+00  0.957768E+03  0.619886E+05
  0.322488E+00  0.628148E+05  0.603248E+05  0.000000E+00  0.000000E+00  0.941029E+03  0.615198E+05
  0.324315E+00  0.623348E+05  0.598779E+05  0.000000E+00  0.000000E+00  0.924622E+03  0.610517E+05
  0.326142E+00  0.618550E+05  0.594283E+05  0.000000E+00  0.000000E+00  0.908519E+03  0.605834E+05
  0.327970E+00  0.613748E+05  0.589750E+05  0.000000E+00  0.000000E+00  0.892633E+03  0.601142E+05
  0.329797E+00  0.608937E+05  0.585177E+05  0.000000E+00  0.000000E+00  0.876966E+03  0.596436E+05
  0.331624E+00  0.604114E+05  0.580562E+05  0.000000E+00  0.000000E+00  0.861564E+03  0.591714E+05
  0.333451E+00  0.599282E+05  0.575908E+05  0.000000E+00  0.000000E+00  0.846422E+03  0.586978E+05
  0.335278E+00  0.594443E+05  0.571219E+05  0.000000E+00  0.000000E+00  0.831504E+03  0.582231E+05
  0.337105E+00  0.589601E+05  0.566504E+05  0.000000E+00  0.000000E+00  0.816796E+03  0.577479E+05
  0.338932E+00  0.584764E+05  0.561771E+05  0.000000E+00  0.000000E+00  0.802336E+03  0.572726E+05
  0.340759E+00  0.579937E+05  0.557032E+05  0.000000E+00  0.000000E+00  0.788157E+03  0.567982E+05
  0.342586E+00  0.575130E+05  0.552298E+05  0.000000E+00  0.000000E+00  0.774224E+03  0.563255E+05
  0.344413E+00  0.570350E+05  0.547582E+05  0.000000E+00  0.000000E+00  0.760522E+03  0.558553E+05
  0.346240E+00  0.565606E+05  0.542896E+05  0.000000E+00  0.000000E+00  0.747106E+03  0.553886E+05
  0.348067E+00  0.560908E+05  0.538254E+05  0.000000E+00  0.000000E+00  0.733991E+03  0.549264E+05
  0.349894E+00  0.556264E+05  0.533669E+05  0.000000E+00  0.000000E+00  0.721138E+03  0.544696E+05
  0.351721E+00  0.551685E+05  0.529153E+05  0.000000E+00  0.000000E+00  0.708554E+03  0.540192E+05
  0.353548E+00  0.547177E+05  0.524716E+05  0.000000E+00  0.000000E+00  0.696276E+03  0.535760E+05
  0.355375E+00  0.542747E+05  0.520367E+05  0.000000E+00  0.000000E+00  0.684316E+03  0.531406E+05
  0.357203E+00  0.538400E+05  0.516114E+05  0.000000E+00  0.000000E+00  0.672650E+03  0.527136E+05
  0.359030E+00  0.534139E+05  0.511960E+05  0.000000E+00  0.000000E+00  0.661252E+03  0.522952E+05
  0.360857E+00  0.529967E+05  0.507909E+05  0.000000E+00  0.000000E+00  0.650141E+03  0.518859E+05
  0.362684E+00  0.525885E+05  0.503964E+05  0.000000E+00  0.000000E+00  0.639342E+03  0.514856E+05
  0.364511E+00  0.521892E+05  0.500122E+05  0.000000E+00  0.000000E+00  0.628823E+03  0.510944E+05
  0.366338E+00  0.517989E+05  0.496384E+05  0.000000E+00  0.000000E+00  0.618551E+03  0.507122E+05
  0.368165E+00  0.514172E+05  0.492745E+05  0.000000E+00  0.000000E+00  0.608547E+03  0.503387E+05
  0.369992E+00  0.510439E+05  0.489201E+05  0.000000E+00  0.000000E+00  0.598809E+03  0.499736E+05
  0.371819E+00  0.506783E+05  0.485745E+05  0.000000E+00  0.000000E+00  0.589304E+03  0.496164E+05
  0.373646E+00  0.503201E+05  0.482369E+05  0.000000E+00  0.000000E+00  0.580023E+03  0.492665E+05
  0.375473E+00  0.499685E+05  0.479065E+05  0.000000E+00  0.000000E+00  0.570963E+03  0.489232E+05
  0.377300E+00  0.496229E+05  0.475825E+05  0.000000E+00  0.000000E+00  0.562114E+03  0.485859E+05
  0.379127E+00  0.492827E+05  0.472639E+05  0.000000E+00  0.000000E+00  0.553456E+03  0.482539E+05
  0.380954E+00  0.489472E+05  0.469499E+05  0.000000E+00  0.000000E+00  0.544965E+03  0.479265E+05
  0.382781E+00  0.486158E+05  0.466397E+05  0.000000E+00  0.000000E+00  0.536642E+03  0.476032E+05
  0.384608E+00  0.482880E+05  0.463326E+05  0.000000E+00  0.000000E+00  0.528497E+03  0.472833E+05
  0.386435E+00  0.479633E+05  0.460278E+05  0.000000E+00  0.000000E+00  0.520501E+03  0.469663E+05
  0.388262E+00  0.476410E+05  0.457246E+05  0.000000E+00  0.000000E+00  0.512634E+03  0.466516E+05
  0.390090E+00  0.473207E+05  0.454226E+05  0.000000E+00  0.000000E+00  0.504908E+03  0.463387E+05
  0.391917E+00  0.470021E+05  0.451211E+05  0.000000E+00  0.000000E+00  0.497313E+03  0.460273E+05
  0.393744E+00  0.466848E+05  0.448199E+05  0.000000E+00  0.000000E+00  0.489831E+03  0.457171E+05
  0.395571E+00  0.463688E+05  0.445188E+05  0.000000E+00  0.000000E+00  0.482468E+03  0.454079E+05
  0.397398E+00  0.460538E+05  0.442176E+05  0.000000E+00  0.000000E+00  0.475227E+03  0.450995E+05
  0.399225E+00  0.457398E+05  0.439165E+05  0.000000E+00  0.000000E+00  0.468098E+03  0.447921E+05
  0.401052E+00  0.454270E+05  0.436154E+05  0.000000E+00  0.000000E+00  0.461072E+03  0.444855E+05
  0.402879E+00  0.451153E+05  0.433146E+05  0.000000E+00  0.000000E+00  0.454148E+03  0.441800E+05
  0.404706E+00  0.448050E+05  0.430142E+05  0.000000E+00  0.000000E+00  0.447343E+03  0.438757E+05
  0.406533E+00  0.444962E+05  0.427147E+05  0.000000E+00  0.000000E+00  0.440662E+03  0.435728E+05
  0.408360E+00  0.441890E+05  0.424162E+05  0.000000E+00  0.000000E+00  0.434079E+03  0.432714E+05
  0.410187E+00  0.438838E+05  0.421193E+05  0.000000E+00  0.000000E+00  0.427593E+03  0.429719E+05
  0.412014E+00  0.435809E+05  0.418242E+05  0.000000E+00  0.000000E+00  0.421229E+03  0.426746E+05
  0.413841E+00  0.432806E+05  0.415316E+05  0.000000E+00  0.000000E+00  0.414984E+03  0.423797E+05
  0.415668E+00  0.429831E+05  0.412418E+05  0.000000E+00  0.000000E+00  0.408841E+03  0.420877E+05
  0.417495E+00  0.426888E+05  0.409551E+05  0.000000E+00  0.000000E+00  0.402811E+03  0.417989E+05
  0.419322E+00  0.423979E+05  0.406720E+05  0.000000E+00  0.000000E+00  0.396906E+03  0.415134E+05
  0.421150E+00  0.421106E+05  0.403928E+05  0.000000E+00  0.000000E+00  0.391118E+03  0.412314E+05
  0.422977E+00  0.418270E+05  0.401176E+05  0.000000E+00  0.000000E+00  0.385434E+03  0.409532E+05
  0.424804E+00  0.415474E+05  0.398466E+05  0.000000E+00  0.000000E+00  0.379851E+03  0.406790E+05
  0.426631E+00  0.412717E+05  0.395801E+05  0.000000E+00  0.000000E+00  0.374394E+03  0.404087E+05
  0.428458E+00  0.410001E+05  0.393181E+05  0.000000E+00  0.000000E+00  0.369064E+03  0.401425E+05
  0.430285E+00  0.407327E+05  0.390607E+05  0.000000E+00  0.000000E+00  0.363829E+03  0.398805E+05
  0.432112E+00  0.404694E+05  0.388079E+05  0.000000E+00  0.000000E+00  0.358683E+03  0.396226E+05
  0.433939E+00  0.402102E+05  0.385595E+05  0.000000E+00  0.000000E+00  0.353652E+03  0.393688E+05
  0.435766E+00  0.399550E+05  0.383155E+05  0.000000E+00  0.000000E+00  0.348736E+03  0.391190E+05
  0.437593E+00  0.397035E+05  0.380756E+05  0.000000E+00  0.000000E+00  0.343910E+03  0.388729E+05
  0.439420E+00  0.394556E+05  0.378395E+05  0.000000E+00  0.000000E+00  0.339173E+03  0.386305E+05
  0.441247E+00  0.392112E+05  0.376071E+05  0.000000E+00  0.000000E+00  0.334533E+03  0.383914E+05
  0.443074E+00  0.389700E+05  0.373780E+05  0.000000E+00  0.000000E+00  0.329986E+03  0.381556E+05
  0.444901E+00  0.387319E+05  0.371520E+05  0.000000E+00  0.000000E+00  0.325517E+03  0.379228E+05
  0.446728E+00  0.384965E+05  0.369288E+05  0.000000E+00  0.000000E+00  0.321116E+03  0.376927E+05
  0.448555E+00  0.382638E+05  0.367081E+05  0.000000E+00  0.000000E+00  0.316802E+03  0.374652E+05
  0.450382E+00  0.380334E+05  0.364897E+05  0.000000E+00  0.000000E+00  0.312582E+03  0.372400E+05
  0.452210E+00  0.378053E+05  0.362732E+05  0.000000E+00  0.000000E+00  0.308424E+03  0.370169E+05
  0.454037E+00  0.375791E+05  0.360583E+05  0.000000E+00  0.000000E+00  0.304315E+03  0.367957E+05
  0.455864E+00  0.373546E+05  0.358450E+05  0.000000E+00  0.000000E+00  0.300278E+03  0.365763E+05
  0.457691E+00  0.371318E+05  0.356329E+05  0.000000E+00  0.000000E+00  0.296318E+03  0.363583E+05
  0.459518E+00  0.369105E+05  0.354219E+05  0.000000E+00  0.000000E+00  0.292418E+03  0.361418E+05
  0.461345E+00  0.366906E+05  0.352119E+05  0.000000E+00  0.000000E+00  0.288568E+03  0.359266E+05
  0.463172E+00  0.364721E+05  0.350030E+05  0.000000E+00  0.000000E+00  0.284776E+03  0.357127E+05
  0.464999E+00  0.362549E+05  0.347949E+05  0.000000E+00  0.000000E+00  0.281046E+03  0.355001E+05
  0.466826E+00  0.360389E+05  0.345877E+05  0.000000E+00  0.000000E+00  0.277371E+03  0.352886E+05
  0.468653E+00  0.358243E+05  0.343815E+05  0.000000E+00  0.000000E+00  0.273742E+03  0.350784E+05
  0.470480E+00  0.356109E+05  0.341762E+05  0.000000E+00  0.000000E+00  0.270171E+03  0.348693E+05
  0.472307E+00  0.353989E+05  0.339719E+05  0.000000E+00  0.000000E+00  0.266667E+03  0.346615E+05
  0.474134E+00  0.351882E+05  0.337687E+05  0.000000E+00  0.000000E+00  0.263210E+03  0.344550E+05
  0.475961E+00  0.349789E+05  0.335667E+05  0.000000E+00  0.000000E+00  0.259791E+03  0.342499E+05
  0.477788E+00  0.347712E+05  0.333661E+05  0.000000E+00  0.000000E+00  0.256428E+03  0.340463E+05
  0.479615E+00  0.345651E+05  0.331669E+05  0.000000E+00  0.000000E+00  0.253126E+03  0.338443E+05
  0.481442E+00  0.343608E+05  0.329694E+05  0.000000E+00  0.000000E+00  0.249877E+03  0.336440E+05
  0.483270E+00  0.341582E+05  0.327737E+05  0.000000E+00  0.000000E+00  0.246677E+03  0.334454E+05
  0.485097E+00  0.339574E+05  0.325796E+05  0.000000E+00  0.000000E+00  0.243531E+03  0.332486E+05
  0.486924E+00  0.337586E+05  0.323875E+05  0.000000E+00  0.000000E+00  0.240427E+03  0.330536E+05
  0.488751E+00  0.335617E+05  0.321975E+05  0.000000E+00  0.000000E+00  0.237376E+03  0.328607E+05
  0.490578E+00  0.333668E+05  0.320095E+05  0.000000E+00  0.000000E+00  0.234375E+03  0.326697E+05
  0.492405E+00  0.331741E+05  0.318238E+05  0.000000E+00  0.000000E+00  0.231432E+03  0.324809E+05
  0.494232E+00  0.329835E+05  0.316403E+05  0.000000E+00  0.000000E+00  0.228544E+03  0.322941E+05
  0.496059E+00  0.327951E+05  0.314590E+05  0.000000E+00  0.000000E+00  0.225697E+03  0.321096E+05
  0.497886E+00  0.326089E+05  0.312801E+05  0.000000E+00  0.000000E+00  0.222890E+03  0.319271E+05
  0.499713E+00  0.324247E+05  0.311033E+05  0.000000E+00  0.000000E+00  0.220133E+03  0.317468E+05
  0.501540E+00  0.322427E+05  0.309287E+05  0.000000E+00  0.000000E+00  0.217427E+03  0.315685E+05
  0.503367E+00  0.320627E+05  0.307563E+05  0.000000E+00  0.000000E+00  0.214771E+03  0.313923E+05
  0.505194E+00  0.318846E+05  0.305859E+05  0.000000E+00  0.000000E+00  0.212159E+03  0.312180E+05
  0.507021E+00  0.317085E+05  0.304174E+05  0.000000E+00  0.000000E+00  0.209585E+03  0.310456E+05
  0.508848E+00  0.315342E+05  0.302509E+05  0.000000E+00  0.000000E+00  0.207047E+03  0.308751E+05
  0.510675E+00  0.313618E+05  0.300862E+05  0.000000E+00  0.000000E+00  0.204551E+03  0.307063E+05
  0.512502E+00  0.311910E+05  0.299232E+05  0.000000E+00  0.000000E+00  0.202096E+03  0.305392E+05
  0.514329E+00  0.310219E+05  0.297618E+05  0.000000E+00  0.000000E+00  0.199687E+03  0.303738E+05
  0.516157E+00  0.308544E+05  0.296018E+05  0.000000E+00  0.000000E+00  0.197317E+03  0.302099E+05
  0.517984E+00  0.306883E+05  0.294433E+05  0.000000E+00  0.000000E+00  0.194974E+03  0.300474E+05
  0.519811E+00  0.305236E+05  0.292861E+05  0.000000E+00  0.000000E+00  0.192660E+03  0.298862E+05
  0.521638E+00  0.303602E+05  0.291300E+05  0.000000E+00  0.000000E+00  0.190387E+03  0.297263E+05
  0.523465E+00  0.301981E+05  0.289751E+05  0.000000E+00  0.000000E+00  0.188151E+03  0.295676E+05
  0.525292E+00  0.300372E+05  0.288213E+05  0.000000E+00  0.000000E+00  0.185946E+03  0.294102E+05
  0.527119E+00  0.298775E+05  0.286685E+05  0.000000E+00  0.000000E+00  0.183770E+03  0.292538E+05
  0.528946E+00  0.297189E+05  0.285167E+05  0.000000E+00  0.000000E+00  0.181625E+03  0.290986E+05
  0.530773E+00  0.295614E+05  0.283658E+05  0.000000E+00  0.000000E+00  0.179509E+03  0.289444E+05
  0.532600E+00  0.294050E+05  0.282159E+05  0.000000E+00  0.000000E+00  0.177422E+03  0.287913E+05
  0.534427E+00  0.292496E+05  0.280669E+05  0.000000E+00  0.000000E+00  0.175363E+03  0.286392E+05
  0.536254E+00  0.290953E+05  0.279187E+05  0.000000E+00  0.000000E+00  0.173340E+03  0.284880E+05
  0.538081E+00  0.289420E+05  0.277715E+05  0.000000E+00  0.000000E+00  0.171347E+03  0.283379E+05
  0.539908E+00  0.287898E+05  0.276252E+05  0.000000E+00  0.000000E+00  0.169373E+03  0.281888E+05
  0.541735E+00  0.286386E+05  0.274798E+05  0.000000E+00  0.000000E+00  0.167419E+03  0.280407E+05
  0.543562E+00  0.284886E+05  0.273355E+05  0.000000E+00  0.000000E+00  0.165501E+03  0.278937E+05
  0.545389E+00  0.283396E+05  0.271922E+05  0.000000E+00  0.000000E+00  0.163617E+03  0.277478E+05
  0.547217E+00  0.281918E+05  0.270499E+05  0.000000E+00  0.000000E+00  0.161758E+03  0.276030E+05
  0.549044E+00  0.280451E+05  0.269087E+05  0.000000E+00  0.000000E+00  0.159918E+03  0.274593E+05
  0.550871E+00  0.278995E+05  0.267686E+05  0.000000E+00  0.000000E+00  0.158101E+03  0.273166E+05
  0.552698E+00  0.277551E+05  0.266296E+05  0.000000E+00  0.000000E+00  0.156315E+03  0.271752E+05
  0.554525E+00  0.276118E+05  0.264918E+05  0.000000E+00  0.000000E+00  0.154557E+03  0.270349E+05
  0.556352E+00  0.274698E+05  0.263551E+05  0.000000E+00  0.000000E+00  0.152822E+03  0.268957E+05
  0.558179E+00  0.273290E+05  0.262197E+05  0.000000E+00  0.000000E+00  0.151114E+03  0.267578E+05
  0.560006E+00  0.271895E+05  0.260856E+05  0.000000E+00  0.000000E+00  0.149432E+03  0.266211E+05
  0.561833E+00  0.270512E+05  0.259526E+05  0.000000E+00  0.000000E+00  0.147768E+03  0.264857E+05
  0.563660E+00  0.269141E+05  0.258210E+05  0.000000E+00  0.000000E+00  0.146124E+03  0.263514E+05
  0.565487E+00  0.267782E+05  0.256905E+05  0.000000E+00  0.000000E+00  0.144512E+03  0.262183E+05
  0.567314E+00  0.266436E+05  0.255613E+05  0.000000E+00  0.000000E+00  0.142928E+03  0.260865E+05
  0.569141E+00  0.265101E+05  0.254332E+05  0.000000E+00  0.000000E+00  0.141365E+03  0.259558E+05
  0.570968E+00  0.263778E+05  0.253064E+05  0.000000E+00  0.000000E+00  0.139817E+03  0.258263E+05
  0.572795E+00  0.262467E+05  0.251807E+05  0.000000E+00  0.000000E+00  0.138288E+03  0.256979E+05
  0.574622E+00  0.261168E+05  0.250562E+05  0.000000E+00  0.000000E+00  0.136787E+03  0.255707E+05
  0.576449E+00  0.259880E+05  0.249329E+05  0.000000E+00  0.000000E+00  0.135312E+03  0.254447E+05
  0.578277E+00  0.258603E+05  0.248106E+05  0.000000E+00  0.000000E+00  0.133854E+03  0.253197E+05
  0.580104E+00  0.257337E+05  0.246893E+05  0.000000E+00  0.000000E+00  0.132415E+03  0.251957E+05
  0.581931E+00  0.256082E+05  0.245691E+05  0.000000E+00  0.000000E+00  0.130997E+03  0.250728E+05
  0.583758E+00  0.254836E+05  0.244499E+05  0.000000E+00  0.000000E+00  0.129596E+03  0.249509E+05
  0.703301E+00  0.190002E+05  0.182299E+05  0.000000E+00  0.000000E+00  0.680260E+02  0.186026E+05
  0.859015E+00  0.137943E+05  0.132354E+05  0.000000E+00  0.000000E+00  0.337177E+02  0.135055E+05
  0.104920E+01  0.996763E+04  0.956389E+04  0.000000E+00  0.000000E+00  0.165628E+02  0.975885E+04
  0.128150E+01  0.717179E+04  0.688136E+04  0.000000E+00  0.000000E+00  0.807240E+01  0.702153E+04
  0.156523E+01  0.514002E+04  0.493190E+04  0.000000E+00  0.000000E+00  0.534230E+01  0.503232E+04
  0.191177E+01  0.367078E+04  0.352217E+04  0.000000E+00  0.000000E+00  0.258279E+01  0.359385E+04
  0.233504E+01  0.261300E+04  0.250722E+04  0.000000E+00  0.000000E+00  0.124123E+01  0.255823E+04
  0.285203E+01  0.185450E+04  0.177942E+04  0.000000E+00  0.000000E+00  0.593575E+00  0.181562E+04
  0.348347E+01  0.131257E+04  0.125943E+04  0.000000E+00  0.000000E+00  0.282639E+00  0.128505E+04
  0.425472E+01  0.926671E+03  0.889151E+03  0.000000E+00  0.000000E+00  0.134092E+00  0.907243E+03
  0.519673E+01  0.652708E+03  0.626274E+03  0.000000E+00  0.000000E+00  0.634234E-01  0.639022E+03
  0.634731E+01  0.458753E+03  0.440166E+03  0.000000E+00  0.000000E+00  0.299210E-01  0.449133E+03
  0.775262E+01  0.321793E+03  0.308746E+03  0.000000E+00  0.000000E+00  0.140776E-01  0.315043E+03
  0.946906E+01  0.225306E+03  0.216161E+03  0.000000E+00  0.000000E+00  0.661131E-02  0.220578E+03
  0.115655E+02  0.157479E+03  0.151077E+03  0.000000E+00  0.000000E+00  0.309875E-02  0.154173E+03
  0.141262E+02  0.109895E+03  0.105416E+03  0.000000E+00  0.000000E+00  0.144983E-02  0.107586E+03
  0.172538E+02  0.765739E+02  0.734418E+02  0.000000E+00  0.000000E+00  0.677235E-03  0.749635E+02
  0.210738E+02  0.532813E+02  0.510900E+02  0.000000E+00  0.000000E+00  0.315917E-03  0.521589E+02
  0.257396E+02  0.370249E+02  0.354897E+02  0.000000E+00  0.000000E+00  0.147143E-03  0.362430E+02
  0.314384E+02  0.256961E+02  0.246177E+02  0.000000E+00  0.000000E+00  0.684504E-04  0.251514E+02
  0.383990E+02  0.178122E+02  0.170513E+02  0.000000E+00  0.000000E+00  0.318013E-04  0.174326E+02
  0.469006E+02  0.123329E+02  0.117923E+02  0.000000E+00  0.000000E+00  0.147607E-04  0.120679E+02
  0.572845E+02  0.852927E+01  0.814126E+01  0.000000E+00  0.000000E+00  0.683921E-05  0.834387E+01
  0.699675E+02  0.589198E+01  0.560940E+01  0.000000E+00  0.000000E+00  0.316574E-05  0.576166E+01
  0.854584E+02  0.406531E+01  0.385546E+01  0.000000E+00  0.000000E+00  0.146361E-05  0.397311E+01
  0.104379E+03  0.280136E+01  0.264159E+01  0.000000E+00  0.000000E+00  0.676092E-06  0.273549E+01
