  0.345664E-05  0.206366E+08  0.206366E+08  0.275136E+08  0.275136E+08  0.000000E+00  0.206366E+08
  0.363387E-05  0.206366E+08  0.206366E+08  0.275134E+08  0.275134E+08  0.000000E+00  0.206366E+08
  0.382018E-05  0.206366E+08  0.206366E+08  0.275132E+08  0.275132E+08  0.000000E+00  0.206366E+08
  0.401605E-05  0.206366E+08  0.206366E+08  0.275130E+08  0.275130E+08  0.000000E+00  0.206366E+08
  0.422195E-05  0.206366E+08  0.206366E+08  0.275127E+08  0.275127E+08  0.000000E+00  0.206366E+08
  0.443842E-05  0.206366E+08  0.206366E+08  0.275124E+08  0.275124E+08  0.000000E+00  0.206366E+08
  0.466598E-05  0.206366E+08  0.206366E+08  0.275121E+08  0.275121E+08  0.000000E+00  0.206366E+08
  0.490521E-05  0.206366E+08  0.206366E+08  0.275118E+08  0.275118E+08  0.000000E+00  0.206366E+08
  0.515671E-05  0.206366E+08  0.206366E+08  0.275114E+08  0.275114E+08  0.000000E+00  0.206366E+08
  0.542110E-05  0.206366E+08  0.206366E+08  0.275110E+08  0.275110E+08  0.000000E+00  0.206366E+08
  0.569904E-05  0.206366E+08  0.206366E+08  0.275105E+08  0.275105E+08  0.000000E+00  0.206366E+08
  0.599124E-05  0.206366E+08  0.206366E+08  0.275100E+08  0.275100E+08  0.000000E+00  0.206366E+08
  0.629841E-05  0.206366E+08  0.206366E+08  0.275094E+08  0.275094E+08  0.000000E+00  0.206366E+08
  0.662134E-05  0.206366E+08  0.206366E+08  0.275088E+08  0.275088E+08  0.000000E+00  0.206366E+08
  0.696082E-05  0.206366E+08  0.206366E+08  0.275081E+08  0.275081E+08  0.000000E+00  0.206366E+08
  0.731771E-05  0.206366E+08  0.206366E+08  0.275073E+08  0.275073E+08  0.000000E+00  0.206366E+08
  0.769290E-05  0.206366E+08  0.206366E+08  0.275064E+08  0.275064E+08  0.000000E+00  0.206366E+08
  0.808732E-05  0.206366E+08  0.206366E+08  0.275055E+08  0.275055E+08  0.000000E+00  0.206366E+08
  0.850197E-05  0.206366E+08  0.206366E+08  0.275044E+08  0.275044E+08  0.000000E+00  0.206366E+08
  0.893787E-05  0.206366E+08  0.206366E+08  0.275033E+08  0.275032E+08  0.000000E+00  0.206366E+08
  0.939613E-05  0.206366E+08  0.206366E+08  0.275020E+08  0.275020E+08  0.000000E+00  0.206366E+08
  0.987788E-05  0.206366E+08  0.206366E+08  0.275006E+08  0.275005E+08  0.000000E+00  0.206366E+08
  0.103843E-04  0.206366E+08  0.206366E+08  0.274990E+08  0.274990E+08  0.000000E+00  0.206366E+08
  0.109167E-04  0.206366E+08  0.206366E+08  0.274973E+08  0.274972E+08  0.000000E+00  0.206366E+08
  0.114765E-04  0.206366E+08  0.206366E+08  0.274954E+08  0.274953E+08  0.000000E+00  0.206366E+08
  0.120649E-04  0.206365E+08  0.206365E+08  0.274932E+08  0.274932E+08  0.000000E+00  0.206365E+08
  0.126834E-04  0.206365E+08  0.206365E+08  0.274909E+08  0.274909E+08  0.000000E+00  0.206365E+08
  0.133337E-04  0.206365E+08  0.206365E+08  0.274883E+08  0.274883E+08  0.000000E+00  0.206365E+08
  0.140174E-04  0.206365E+08  0.206365E+08  0.274855E+08  0.274854E+08  0.000000E+00  0.206365E+08
  0.147361E-04  0.206365E+08  0.206365E+08  0.274823E+08  0.274823E+08  0.000000E+00  0.206365E+08
  0.154916E-04  0.206365E+08  0.206365E+08  0.274788E+08  0.274788E+08  0.000000E+00  0.206365E+08
  0.162859E-04  0.206365E+08  0.206365E+08  0.274750E+08  0.274749E+08  0.000000E+00  0.206365E+08
  0.171209E-04  0.206365E+08  0.206365E+08  0.274707E+08  0.274707E+08  0.000000E+00  0.206365E+08
  0.179987E-04  0.206365E+08  0.206365E+08  0.274660E+08  0.274660E+08  0.000000E+00  0.206365E+08
  0.189215E-04  0.206365E+08  0.206365E+08  0.274609E+08  0.274608E+08  0.000000E+00  0.206365E+08
  0.198916E-04  0.206365E+08  0.206365E+08  0.274551E+08  0.274550E+08  0.000000E+00  0.206365E+08
  0.209115E-04  0.206365E+08  0.206365E+08  0.274488E+08  0.274487E+08  0.000000E+00  0.206365E+08
  0.219836E-04  0.206364E+08  0.206364E+08  0.274418E+08  0.274417E+08  0.000000E+00  0.206364E+08
  0.231108E-04  0.206364E+08  0.206364E+08  0.274340E+08  0.274339E+08  0.000000E+00  0.206364E+08
  0.242957E-04  0.206364E+08  0.206364E+08  0.274255E+08  0.274254E+08  0.000000E+00  0.206364E+08
  0.255413E-04  0.206364E+08  0.206364E+08  0.274160E+08  0.274159E+08  0.000000E+00  0.206364E+08
  0.268509E-04  0.206364E+08  0.206364E+08  0.274056E+08  0.274054E+08  0.000000E+00  0.206364E+08
  0.282275E-04  0.206363E+08  0.206363E+08  0.273941E+08  0.273939E+08  0.000000E+00  0.206363E+08
  0.296748E-04  0.206363E+08  0.206363E+08  0.273813E+08  0.273811E+08  0.000000E+00  0.206363E+08
  0.311963E-04  0.206363E+08  0.206363E+08  0.273673E+08  0.273670E+08  0.000000E+00  0.206363E+08
  0.327957E-04  0.206363E+08  0.206363E+08  0.273517E+08  0.273515E+08  0.000000E+00  0.206363E+08
  0.344772E-04  0.206362E+08  0.206362E+08  0.273346E+08  0.273343E+08  0.000000E+00  0.206362E+08
  0.362449E-04  0.206362E+08  0.206362E+08  0.273156E+08  0.273153E+08  0.000000E+00  0.206362E+08
  0.381032E-04  0.206361E+08  0.206361E+08  0.272947E+08  0.272943E+08  0.000000E+00  0.206361E+08
  0.400568E-04  0.206361E+08  0.206361E+08  0.272715E+08  0.272712E+08  0.000000E+00  0.206361E+08
  0.421105E-04  0.206360E+08  0.206360E+08  0.272460E+08  0.272456E+08  0.000000E+00  0.206360E+08
  0.442696E-04  0.206360E+08  0.206360E+08  0.272178E+08  0.272173E+08  0.000000E+00  0.206360E+08
  0.465393E-04  0.206359E+08  0.206359E+08  0.271866E+08  0.271862E+08  0.000000E+00  0.206359E+08
  0.489255E-04  0.206358E+08  0.206358E+08  0.271523E+08  0.271517E+08  0.000000E+00  0.206358E+08
  0.514339E-04  0.206358E+08  0.206358E+08  0.271143E+08  0.271137E+08  0.000000E+00  0.206358E+08
  0.540710E-04  0.206357E+08  0.206357E+08  0.270725E+08  0.270718E+08  0.000000E+00  0.206357E+08
  0.568433E-04  0.206356E+08  0.206356E+08  0.270262E+08  0.270255E+08  0.000000E+00  0.206356E+08
  0.597577E-04  0.206355E+08  0.206355E+08  0.269753E+08  0.269745E+08  0.000000E+00  0.206355E+08
  0.628215E-04  0.206354E+08  0.206354E+08  0.269190E+08  0.269181E+08  0.000000E+00  0.206354E+08
  0.660425E-04  0.206352E+08  0.206352E+08  0.268570E+08  0.268560E+08  0.000000E+00  0.206352E+08
  0.694285E-04  0.206351E+08  0.206351E+08  0.267885E+08  0.267875E+08  0.000000E+00  0.206351E+08
  0.729882E-04  0.206349E+08  0.206349E+08  0.267131E+08  0.267119E+08  0.000000E+00  0.206349E+08
  0.767304E-04  0.206348E+08  0.206348E+08  0.266300E+08  0.266287E+08  0.000000E+00  0.206348E+08
  0.806644E-04  0.206346E+08  0.206346E+08  0.265384E+08  0.265369E+08  0.000000E+00  0.206346E+08
  0.848002E-04  0.206343E+08  0.206343E+08  0.264375E+08  0.264359E+08  0.000000E+00  0.206343E+08
  0.891480E-04  0.206341E+08  0.206341E+08  0.263263E+08  0.263246E+08  0.000000E+00  0.206341E+08
  0.937187E-04  0.206338E+08  0.206338E+08  0.262040E+08  0.262021E+08  0.000000E+00  0.206338E+08
  0.985238E-04  0.206336E+08  0.206336E+08  0.260694E+08  0.260674E+08  0.000000E+00  0.206336E+08
  0.103575E-03  0.206332E+08  0.206332E+08  0.259214E+08  0.259192E+08  0.000000E+00  0.206332E+08
  0.108886E-03  0.206329E+08  0.206329E+08  0.257588E+08  0.257563E+08  0.000000E+00  0.206329E+08
  0.114468E-03  0.206325E+08  0.206325E+08  0.255801E+08  0.255773E+08  0.000000E+00  0.206325E+08
  0.120337E-03  0.206321E+08  0.206321E+08  0.253839E+08  0.253808E+08  0.000000E+00  0.206321E+08
  0.126507E-03  0.206316E+08  0.206316E+08  0.251686E+08  0.251653E+08  0.000000E+00  0.206316E+08
  0.132993E-03  0.206311E+08  0.206311E+08  0.249327E+08  0.249291E+08  0.000000E+00  0.206311E+08
  0.139812E-03  0.206305E+08  0.206305E+08  0.246743E+08  0.246703E+08  0.000000E+00  0.206305E+08
  0.146980E-03  0.206299E+08  0.206299E+08  0.243915E+08  0.243872E+08  0.000000E+00  0.206299E+08
  0.154516E-03  0.206292E+08  0.206292E+08  0.240824E+08  0.240777E+08  0.000000E+00  0.206292E+08
  0.162438E-03  0.206284E+08  0.206284E+08  0.237450E+08  0.237399E+08  0.000000E+00  0.206284E+08
  0.170767E-03  0.206275E+08  0.206275E+08  0.233771E+08  0.233715E+08  0.000000E+00  0.206275E+08
  0.179522E-03  0.206266E+08  0.206266E+08  0.229765E+08  0.229705E+08  0.000000E+00  0.206266E+08
  0.188726E-03  0.206256E+08  0.206256E+08  0.225411E+08  0.225346E+08  0.000000E+00  0.206256E+08
  0.198403E-03  0.206244E+08  0.206244E+08  0.220687E+08  0.220616E+08  0.000000E+00  0.206244E+08
  0.208575E-03  0.206232E+08  0.206231E+08  0.215571E+08  0.215495E+08  0.000000E+00  0.206232E+08
  0.219269E-03  0.206218E+08  0.206218E+08  0.210043E+08  0.209961E+08  0.000000E+00  0.206218E+08
  0.230511E-03  0.206202E+08  0.206202E+08  0.204084E+08  0.203997E+08  0.000000E+00  0.206202E+08
  0.242329E-03  0.206185E+08  0.206185E+08  0.197679E+08  0.197587E+08  0.000000E+00  0.206185E+08
  0.254754E-03  0.206167E+08  0.206167E+08  0.190815E+08  0.190717E+08  0.000000E+00  0.206167E+08
  0.267815E-03  0.206146E+08  0.206146E+08  0.183484E+08  0.183380E+08  0.000000E+00  0.206146E+08
  0.281547E-03  0.206124E+08  0.206124E+08  0.175683E+08  0.175574E+08  0.000000E+00  0.206124E+08
  0.295982E-03  0.206099E+08  0.206099E+08  0.167419E+08  0.167305E+08  0.000000E+00  0.206099E+08
  0.311157E-03  0.206072E+08  0.206072E+08  0.158703E+08  0.158585E+08  0.000000E+00  0.206072E+08
  0.327110E-03  0.206042E+08  0.206042E+08  0.149560E+08  0.149439E+08  0.000000E+00  0.206042E+08
  0.343882E-03  0.206009E+08  0.206009E+08  0.140027E+08  0.139902E+08  0.000000E+00  0.206009E+08
  0.361513E-03  0.205973E+08  0.205973E+08  0.130151E+08  0.130026E+08  0.000000E+00  0.205973E+08
  0.380048E-03  0.205934E+08  0.205934E+08  0.119999E+08  0.119873E+08  0.000000E+00  0.205934E+08
  0.399534E-03  0.205891E+08  0.205890E+08  0.109649E+08  0.109525E+08  0.000000E+00  0.205891E+08
  0.420018E-03  0.205843E+08  0.205843E+08  0.991986E+07  0.990788E+07  0.000000E+00  0.205843E+08
  0.441553E-03  0.205791E+08  0.205791E+08  0.887620E+07  0.886480E+07  0.000000E+00  0.205791E+08
  0.464192E-03  0.205735E+08  0.205734E+08  0.784676E+07  0.783617E+07  0.000000E+00  0.205735E+08
  0.487991E-03  0.205673E+08  0.205673E+08  0.684570E+07  0.683613E+07  0.000000E+00  0.205673E+08
  0.513011E-03  0.205605E+08  0.205605E+08  0.588806E+07  0.587975E+07  0.000000E+00  0.205605E+08
  0.539314E-03  0.205532E+08  0.205531E+08  0.498919E+07  0.498232E+07  0.000000E+00  0.205532E+08
  0.566965E-03  0.205452E+08  0.205451E+08  0.416392E+07  0.415866E+07  0.000000E+00  0.205452E+08
  0.596034E-03  0.205365E+08  0.205364E+08  0.342569E+07  0.342214E+07  0.000000E+00  0.205365E+08
  0.626593E-03  0.205270E+08  0.205269E+08  0.278534E+07  0.278354E+07  0.000000E+00  0.205270E+08
  0.658720E-03  0.205167E+08  0.205167E+08  0.225003E+07  0.224991E+07  0.000000E+00  0.205167E+08
  0.692493E-03  0.205056E+08  0.205055E+08  0.182205E+07  0.182347E+07  0.000000E+00  0.205056E+08
  0.727998E-03  0.204935E+08  0.204935E+08  0.149794E+07  0.150063E+07  0.000000E+00  0.204935E+08
  0.765323E-03  0.204805E+08  0.204804E+08  0.126800E+07  0.127162E+07  0.000000E+00  0.204805E+08
  0.804562E-03  0.204664E+08  0.204663E+08  0.111642E+07  0.112058E+07  0.000000E+00  0.204664E+08
  0.845813E-03  0.204512E+08  0.204511E+08  0.102240E+07  0.102668E+07  0.000000E+00  0.204512E+08
  0.889178E-03  0.204348E+08  0.204347E+08  0.962085E+06  0.966119E+06  0.000000E+00  0.204348E+08
  0.934768E-03  0.204171E+08  0.204170E+08  0.911537E+06  0.915048E+06  0.000000E+00  0.204171E+08
  0.982694E-03  0.203981E+08  0.203980E+08  0.850319E+06  0.853182E+06  0.000000E+00  0.203981E+08
  0.103308E-02  0.203776E+08  0.203775E+08  0.765090E+06  0.767348E+06  0.000000E+00  0.203776E+08
  0.108605E-02  0.203557E+08  0.203555E+08  0.652364E+06  0.654207E+06  0.000000E+00  0.203556E+08
  0.114173E-02  0.203321E+08  0.203319E+08  0.519384E+06  0.521074E+06  0.000000E+00  0.203321E+08
  0.120027E-02  0.203068E+08  0.203066E+08  0.382276E+06  0.384031E+06  0.000000E+00  0.203068E+08
  0.126180E-02  0.202797E+08  0.202794E+08  0.261257E+06  0.263120E+06  0.000000E+00  0.202796E+08
  0.132650E-02  0.202506E+08  0.202504E+08  0.173681E+06  0.175439E+06  0.000000E+00  0.202506E+08
  0.139451E-02  0.202195E+08  0.202192E+08  0.127064E+06  0.128266E+06  0.000000E+00  0.202194E+08
  0.146601E-02  0.201862E+08  0.201859E+08  0.115029E+06  0.115151E+06  0.000000E+00  0.201862E+08
  0.154117E-02  0.201506E+08  0.201503E+08  0.000000E+00  0.000000E+00  0.000000E+00  0.201506E+08
  0.162019E-02  0.201127E+08  0.201123E+08  0.000000E+00  0.000000E+00  0.000000E+00  0.201126E+08
  0.170326E-02  0.200721E+08  0.200717E+08  0.000000E+00  0.000000E+00  0.000000E+00  0.200720E+08
  0.179059E-02  0.200289E+08  0.200284E+08  0.000000E+00  0.000000E+00  0.000000E+00  0.200288E+08
  0.188239E-02  0.199828E+08  0.199823E+08  0.000000E+00  0.000000E+00  0.000000E+00  0.199827E+08
  0.197890E-02  0.199337E+08  0.199332E+08  0.000000E+00  0.000000E+00  0.000000E+00  0.199336E+08
  0.208036E-02  0.198815E+08  0.198809E+08  0.000000E+00  0.000000E+00  0.000000E+00  0.198814E+08
  0.218703E-02  0.198260E+08  0.198254E+08  0.000000E+00  0.000000E+00  0.000000E+00  0.198259E+08
  0.229916E-02  0.197671E+08  0.197664E+08  0.000000E+00  0.000000E+00  0.000000E+00  0.197670E+08
  0.241704E-02  0.197045E+08  0.197037E+08  0.000000E+00  0.000000E+00  0.000000E+00  0.197044E+08
  0.254096E-02  0.196381E+08  0.196372E+08  0.000000E+00  0.000000E+00  0.000000E+00  0.196380E+08
  0.267124E-02  0.195678E+08  0.195668E+08  0.000000E+00  0.000000E+00  0.000000E+00  0.195676E+08
  0.280820E-02  0.194933E+08  0.194922E+08  0.000000E+00  0.000000E+00  0.000000E+00  0.194931E+08
  0.295218E-02  0.194145E+08  0.194133E+08  0.000000E+00  0.000000E+00  0.000000E+00  0.194143E+08
  0.310354E-02  0.193312E+08  0.193299E+08  0.000000E+00  0.000000E+00  0.000000E+00  0.193310E+08
  0.326266E-02  0.192432E+08  0.192418E+08  0.000000E+00  0.000000E+00  0.000000E+00  0.192430E+08
  0.342994E-02  0.191503E+08  0.191487E+08  0.000000E+00  0.000000E+00  0.000000E+00  0.191501E+08
  0.360580E-02  0.190524E+08  0.190507E+08  0.000000E+00  0.000000E+00  0.000000E+00  0.190521E+08
  0.379067E-02  0.189492E+08  0.189473E+08  0.000000E+00  0.000000E+00  0.000000E+00  0.189489E+08
  0.398502E-02  0.188406E+08  0.188385E+08  0.000000E+00  0.000000E+00  0.000000E+00  0.188403E+08
  0.418934E-02  0.187264E+08  0.187241E+08  0.000000E+00  0.000000E+00  0.000000E+00  0.187260E+08
  0.440413E-02  0.186063E+08  0.186038E+08  0.000000E+00  0.000000E+00  0.000000E+00  0.186059E+08
  0.462993E-02  0.184803E+08  0.184775E+08  0.000000E+00  0.000000E+00  0.000000E+00  0.184798E+08
  0.486732E-02  0.183481E+08  0.183450E+08  0.000000E+00  0.000000E+00  0.000000E+00  0.183476E+08
  0.511687E-02  0.182094E+08  0.182061E+08  0.000000E+00  0.000000E+00  0.000000E+00  0.182089E+08
  0.537922E-02  0.180642E+08  0.180605E+08  0.000000E+00  0.000000E+00  0.000000E+00  0.180636E+08
  0.565501E-02  0.179123E+08  0.179082E+08  0.000000E+00  0.000000E+00  0.000000E+00  0.179116E+08
  0.594495E-02  0.177534E+08  0.177489E+08  0.000000E+00  0.000000E+00  0.000000E+00  0.177527E+08
  0.624976E-02  0.175874E+08  0.175825E+08  0.000000E+00  0.000000E+00  0.000000E+00  0.175866E+08
  0.657019E-02  0.174140E+08  0.174086E+08  0.000000E+00  0.000000E+00  0.000000E+00  0.174132E+08
  0.690705E-02  0.172332E+08  0.172273E+08  0.000000E+00  0.000000E+00  0.000000E+00  0.172322E+08
  0.726118E-02  0.170447E+08  0.170382E+08  0.000000E+00  0.000000E+00  0.000000E+00  0.170436E+08
  0.763347E-02  0.168483E+08  0.168411E+08  0.000000E+00  0.000000E+00  0.000000E+00  0.168471E+08
  0.802485E-02  0.166438E+08  0.166360E+08  0.000000E+00  0.000000E+00  0.000000E+00  0.166425E+08
  0.843629E-02  0.164311E+08  0.164226E+08  0.000000E+00  0.000000E+00  0.000000E+00  0.164297E+08
  0.886883E-02  0.162101E+08  0.162007E+08  0.000000E+00  0.000000E+00  0.000000E+00  0.162085E+08
  0.932354E-02  0.159804E+08  0.159702E+08  0.000000E+00  0.000000E+00  0.000000E+00  0.159787E+08
  0.980157E-02  0.157420E+08  0.157308E+08  0.000000E+00  0.000000E+00  0.000000E+00  0.157402E+08
  0.103041E-01  0.154946E+08  0.154825E+08  0.000000E+00  0.000000E+00  0.000000E+00  0.154927E+08
  0.108324E-01  0.152382E+08  0.152250E+08  0.000000E+00  0.000000E+00  0.000000E+00  0.152361E+08
  0.113878E-01  0.149726E+08  0.149582E+08  0.000000E+00  0.000000E+00  0.000000E+00  0.149702E+08
  0.119717E-01  0.146976E+08  0.146819E+08  0.000000E+00  0.000000E+00  0.000000E+00  0.146950E+08
  0.125855E-01  0.144131E+08  0.143961E+08  0.000000E+00  0.000000E+00  0.000000E+00  0.144104E+08
  0.132307E-01  0.141191E+08  0.141006E+08  0.000000E+00  0.000000E+00  0.000000E+00  0.141161E+08
  0.139091E-01  0.138155E+08  0.137955E+08  0.000000E+00  0.000000E+00  0.000000E+00  0.138122E+08
  0.146222E-01  0.135022E+08  0.134806E+08  0.000000E+00  0.000000E+00  0.000000E+00  0.134987E+08
  0.153719E-01  0.131793E+08  0.131560E+08  0.000000E+00  0.000000E+00  0.000000E+00  0.131755E+08
  0.161601E-01  0.128475E+08  0.128223E+08  0.000000E+00  0.000000E+00  0.000000E+00  0.128434E+08
  0.169886E-01  0.125345E+08  0.125075E+08  0.000000E+00  0.000000E+00  0.000000E+00  0.125301E+08
  0.178596E-01  0.121871E+08  0.121582E+08  0.000000E+00  0.000000E+00  0.000000E+00  0.121824E+08
  0.187753E-01  0.118307E+08  0.117997E+08  0.000000E+00  0.000000E+00  0.000000E+00  0.118257E+08
  0.197379E-01  0.114657E+08  0.114327E+08  0.000000E+00  0.000000E+00  0.000000E+00  0.114603E+08
  0.207499E-01  0.110929E+08  0.110578E+08  0.000000E+00  0.000000E+00  0.000000E+00  0.110872E+08
  0.218138E-01  0.106959E+08  0.106588E+08  0.000000E+00  0.000000E+00  0.000000E+00  0.106898E+08
  0.229322E-01  0.103104E+08  0.102712E+08  0.000000E+00  0.000000E+00  0.000000E+00  0.103040E+08
  0.241080E-01  0.992030E+07  0.987921E+07  0.000000E+00  0.000000E+00  0.000000E+00  0.991360E+07
  0.253440E-01  0.952700E+07  0.948410E+07  0.000000E+00  0.000000E+00  0.000000E+00  0.952001E+07
  0.266434E-01  0.914191E+07  0.909739E+07  0.000000E+00  0.000000E+00  0.000000E+00  0.913466E+07
  0.280095E-01  0.874800E+07  0.870208E+07  0.000000E+00  0.000000E+00  0.000000E+00  0.874052E+07
  0.294456E-01  0.835699E+07  0.830995E+07  0.000000E+00  0.000000E+00  0.000000E+00  0.834933E+07
  0.309552E-01  0.796500E+07  0.791718E+07  0.000000E+00  0.000000E+00  0.000000E+00  0.795721E+07
  0.325424E-01  0.758666E+07  0.753847E+07  0.000000E+00  0.000000E+00  0.000000E+00  0.757880E+07
  0.342108E-01  0.726302E+07  0.721492E+07  0.000000E+00  0.000000E+00  0.000000E+00  0.725518E+07
  0.359649E-01  0.691331E+07  0.686584E+07  0.000000E+00  0.000000E+00  0.000000E+00  0.690558E+07
  0.378088E-01  0.657563E+07  0.652933E+07  0.000000E+00  0.000000E+00  0.000000E+00  0.656809E+07
  0.397473E-01  0.625582E+07  0.621126E+07  0.000000E+00  0.000000E+00  0.000000E+00  0.624855E+07
  0.417852E-01  0.595618E+07  0.591394E+07  0.000000E+00  0.000000E+00  0.000000E+00  0.594930E+07
  0.439276E-01  0.565162E+07  0.561224E+07  0.000000E+00  0.000000E+00  0.000000E+00  0.564520E+07
  0.461798E-01  0.539356E+07  0.535750E+07  0.000000E+00  0.000000E+00  0.000000E+00  0.538768E+07
  0.485475E-01  0.515622E+07  0.512382E+07  0.000000E+00  0.000000E+00  0.000000E+00  0.515094E+07
  0.510366E-01  0.493797E+07  0.490942E+07  0.000000E+00  0.000000E+00  0.000000E+00  0.493332E+07
  0.536533E-01  0.475037E+07  0.472568E+07  0.000000E+00  0.000000E+00  0.000000E+00  0.474635E+07
  0.564041E-01  0.456006E+07  0.453901E+07  0.000000E+00  0.000000E+00  0.000000E+00  0.455663E+07
  0.592961E-01  0.437618E+07  0.435835E+07  0.000000E+00  0.000000E+00  0.000000E+00  0.437328E+07
  0.623362E-01  0.418333E+07  0.416807E+07  0.000000E+00  0.000000E+00  0.000000E+00  0.418085E+07
  0.655322E-01  0.399624E+07  0.398274E+07  0.000000E+00  0.000000E+00  0.000000E+00  0.399404E+07
  0.688922E-01  0.380109E+07  0.378845E+07  0.000000E+00  0.000000E+00  0.000000E+00  0.379903E+07
  0.724244E-01  0.359982E+07  0.358717E+07  0.000000E+00  0.000000E+00  0.000000E+00  0.359776E+07
  0.761376E-01  0.338531E+07  0.337192E+07  0.000000E+00  0.000000E+00  0.000000E+00  0.338313E+07
  0.800413E-01  0.316508E+07  0.315051E+07  0.000000E+00  0.000000E+00  0.000000E+00  0.316271E+07
  0.841451E-01  0.294604E+07  0.293021E+07  0.000000E+00  0.000000E+00  0.000000E+00  0.294346E+07
  0.884593E-01  0.273702E+07  0.272027E+07  0.000000E+00  0.000000E+00  0.000000E+00  0.273429E+07
  0.929947E-01  0.254677E+07  0.252980E+07  0.000000E+00  0.000000E+00  0.000000E+00  0.254401E+07
  0.977627E-01  0.238223E+07  0.236598E+07  0.000000E+00  0.000000E+00  0.000000E+00  0.237958E+07
  0.102775E+00  0.224588E+07  0.223127E+07  0.000000E+00  0.000000E+00  0.000000E+00  0.224350E+07
  0.108044E+00  0.213430E+07  0.212196E+07  0.000000E+00  0.000000E+00  0.000000E+00  0.213229E+07
  0.113584E+00  0.203812E+07  0.202820E+07  0.000000E+00  0.000000E+00  0.000000E+00  0.203651E+07
  0.119408E+00  0.194488E+07  0.193693E+07  0.000000E+00  0.000000E+00  0.000000E+00  0.194358E+07
  0.125530E+00  0.184276E+07  0.183588E+07  0.000000E+00  0.000000E+00  0.000000E+00  0.184164E+07
  0.131966E+00  0.172598E+07  0.171916E+07  0.000000E+00  0.000000E+00  0.000000E+00  0.172487E+07
  0.138732E+00  0.159787E+07  0.159040E+07  0.000000E+00  0.000000E+00  0.000000E+00  0.159665E+07
  0.145845E+00  0.147004E+07  0.146182E+07  0.000000E+00  0.000000E+00  0.000000E+00  0.146870E+07
  0.153322E+00  0.135692E+07  0.134852E+07  0.000000E+00  0.000000E+00  0.000000E+00  0.135555E+07
  0.161183E+00  0.126751E+07  0.125978E+07  0.000000E+00  0.000000E+00  0.000000E+00  0.126625E+07
  0.169447E+00  0.119920E+07  0.119276E+07  0.000000E+00  0.000000E+00  0.000000E+00  0.119815E+07
  0.178135E+00  0.113897E+07  0.113380E+07  0.000000E+00  0.000000E+00  0.000000E+00  0.113813E+07
  0.187268E+00  0.107221E+07  0.106768E+07  0.000000E+00  0.000000E+00  0.000000E+00  0.107147E+07
  0.196870E+00  0.994140E+06  0.989522E+06  0.000000E+00  0.000000E+00  0.000000E+00  0.993387E+06
  0.206964E+00  0.913536E+06  0.908612E+06  0.000000E+00  0.000000E+00  0.000000E+00  0.912734E+06
  0.217575E+00  0.844300E+06  0.839468E+06  0.000000E+00  0.000000E+00  0.000000E+00  0.843513E+06
  0.228730E+00  0.791328E+06  0.787114E+06  0.000000E+00  0.000000E+00  0.000000E+00  0.790641E+06
  0.240457E+00  0.745708E+06  0.742179E+06  0.000000E+00  0.000000E+00  0.000000E+00  0.745133E+06
  0.252786E+00  0.695857E+06  0.692604E+06  0.000000E+00  0.000000E+00  0.000000E+00  0.695327E+06
  0.265747E+00  0.641683E+06  0.638390E+06  0.000000E+00  0.000000E+00  0.000000E+00  0.641146E+06
  0.279372E+00  0.592891E+06  0.589699E+06  0.000000E+00  0.000000E+00  0.000000E+00  0.592370E+06
  0.293695E+00  0.553634E+06  0.550814E+06  0.000000E+00  0.000000E+00  0.000000E+00  0.553175E+06
  0.308753E+00  0.517151E+06  0.514646E+06  0.000000E+00  0.000000E+00  0.000000E+00  0.516743E+06
  0.324583E+00  0.478571E+06  0.476161E+06  0.000000E+00  0.000000E+00  0.000000E+00  0.478178E+06
  0.341225E+00  0.442343E+06  0.440042E+06  0.000000E+00  0.000000E+00  0.000000E+00  0.441968E+06
  0.358720E+00  0.411509E+06  0.409436E+06  0.000000E+00  0.000000E+00  0.000000E+00  0.411171E+06
  0.377112E+00  0.382197E+06  0.380296E+06  0.000000E+00  0.000000E+00  0.000000E+00  0.381887E+06
  0.396447E+00  0.353299E+06  0.351495E+06  0.000000E+00  0.000000E+00  0.000000E+00  0.353005E+06
  0.416773E+00  0.327440E+06  0.325780E+06  0.000000E+00  0.000000E+00  0.000000E+00  0.327169E+06
  0.438142E+00  0.303601E+06  0.302078E+06  0.000000E+00  0.000000E+00  0.000000E+00  0.303353E+06
  0.460606E+00  0.280727E+06  0.279302E+06  0.000000E+00  0.000000E+00  0.000000E+00  0.280495E+06
  0.484221E+00  0.259883E+06  0.258571E+06  0.000000E+00  0.000000E+00  0.000000E+00  0.259669E+06
  0.509048E+00  0.240445E+06  0.239232E+06  0.000000E+00  0.000000E+00  0.000000E+00  0.240247E+06
  0.535148E+00  0.222273E+06  0.221149E+06  0.000000E+00  0.000000E+00  0.000000E+00  0.222090E+06
  0.562585E+00  0.205526E+06  0.204490E+06  0.000000E+00  0.000000E+00  0.000000E+00  0.205358E+06
  0.591430E+00  0.189891E+06  0.188932E+06  0.000000E+00  0.000000E+00  0.000000E+00  0.189735E+06
  0.621753E+00  0.175437E+06  0.174552E+06  0.000000E+00  0.000000E+00  0.000000E+00  0.175293E+06
  0.653631E+00  0.162005E+06  0.161187E+06  0.000000E+00  0.000000E+00  0.000000E+00  0.161872E+06
  0.687143E+00  0.149570E+06  0.148815E+06  0.000000E+00  0.000000E+00  0.000000E+00  0.149447E+06
  0.722374E+00  0.138040E+06  0.137344E+06  0.000000E+00  0.000000E+00  0.000000E+00  0.137927E+06
  0.759411E+00  0.127365E+06  0.126723E+06  0.000000E+00  0.000000E+00  0.000000E+00  0.127261E+06
  0.798346E+00  0.117480E+06  0.116887E+06  0.000000E+00  0.000000E+00  0.000000E+00  0.117383E+06
  0.839278E+00  0.108330E+06  0.107784E+06  0.000000E+00  0.000000E+00  0.000000E+00  0.108241E+06
  0.882309E+00  0.998657E+05  0.993620E+05  0.000000E+00  0.000000E+00  0.000000E+00  0.997836E+05
  0.927546E+00  0.920382E+05  0.915740E+05  0.000000E+00  0.000000E+00  0.000000E+00  0.919625E+05
  0.975103E+00  0.848020E+05  0.843744E+05  0.000000E+00  0.000000E+00  0.000000E+00  0.847323E+05
  0.102510E+01  0.781143E+05  0.777203E+05  0.000000E+00  0.000000E+00  0.000000E+00  0.780501E+05
  0.107765E+01  0.719352E+05  0.715725E+05  0.000000E+00  0.000000E+00  0.000000E+00  0.718761E+05
  0.113291E+01  0.662289E+05  0.658950E+05  0.000000E+00  0.000000E+00  0.000000E+00  0.661745E+05
  0.119099E+01  0.609609E+05  0.606535E+05  0.000000E+00  0.000000E+00  0.000000E+00  0.609108E+05
  0.125206E+01  0.560985E+05  0.558156E+05  0.000000E+00  0.000000E+00  0.000000E+00  0.560524E+05
  0.131625E+01  0.516118E+05  0.513516E+05  0.000000E+00  0.000000E+00  0.000000E+00  0.515694E+05
  0.138374E+01  0.474735E+05  0.472342E+05  0.000000E+00  0.000000E+00  0.000000E+00  0.474345E+05
  0.145468E+01  0.436575E+05  0.434374E+05  0.000000E+00  0.000000E+00  0.000000E+00  0.436217E+05
  0.152927E+01  0.401394E+05  0.399371E+05  0.000000E+00  0.000000E+00  0.000000E+00  0.401064E+05
  0.160767E+01  0.368971E+05  0.367111E+05  0.000000E+00  0.000000E+00  0.000000E+00  0.368668E+05
  0.169010E+01  0.339098E+05  0.337389E+05  0.000000E+00  0.000000E+00  0.000000E+00  0.338819E+05
  0.177675E+01  0.311579E+05  0.310008E+05  0.000000E+00  0.000000E+00  0.000000E+00  0.311323E+05
  0.186785E+01  0.286238E+05  0.284795E+05  0.000000E+00  0.000000E+00  0.000000E+00  0.286002E+05
  0.196362E+01  0.262906E+05  0.261581E+05  0.000000E+00  0.000000E+00  0.000000E+00  0.262690E+05
  0.206429E+01  0.241431E+05  0.240213E+05  0.000000E+00  0.000000E+00  0.000000E+00  0.241232E+05
  0.217013E+01  0.221669E+05  0.220552E+05  0.000000E+00  0.000000E+00  0.000000E+00  0.221487E+05
  0.228140E+01  0.203488E+05  0.202462E+05  0.000000E+00  0.000000E+00  0.000000E+00  0.203321E+05
  0.239837E+01  0.186765E+05  0.185823E+05  0.000000E+00  0.000000E+00  0.000000E+00  0.186611E+05
  0.252133E+01  0.171386E+05  0.170522E+05  0.000000E+00  0.000000E+00  0.000000E+00  0.171245E+05
  0.265060E+01  0.157247E+05  0.156455E+05  0.000000E+00  0.000000E+00  0.000000E+00  0.157118E+05
  0.278650E+01  0.144251E+05  0.143524E+05  0.000000E+00  0.000000E+00  0.000000E+00  0.144132E+05
  0.292937E+01  0.132307E+05  0.131640E+05  0.000000E+00  0.000000E+00  0.000000E+00  0.132198E+05
  0.307956E+01  0.121332E+05  0.120720E+05  0.000000E+00  0.000000E+00  0.000000E+00  0.121232E+05
  0.323745E+01  0.111251E+05  0.110690E+05  0.000000E+00  0.000000E+00  0.000000E+00  0.111159E+05
  0.340344E+01  0.101991E+05  0.101477E+05  0.000000E+00  0.000000E+00  0.000000E+00  0.101907E+05
  0.357794E+01  0.934883E+04  0.930168E+04  0.000000E+00  0.000000E+00  0.000000E+00  0.934115E+04
  0.376138E+01  0.856817E+04  0.852495E+04  0.000000E+00  0.000000E+00  0.000000E+00  0.856113E+04
  0.395424E+01  0.785155E+04  0.781194E+04  0.000000E+00  0.000000E+00  0.000000E+00  0.784510E+04
  0.415697E+01  0.719385E+04  0.715754E+04  0.000000E+00  0.000000E+00  0.000000E+00  0.718793E+04
  0.437011E+01  0.659032E+04  0.655705E+04  0.000000E+00  0.000000E+00  0.000000E+00  0.658490E+04
  0.459416E+01  0.603661E+04  0.600614E+04  0.000000E+00  0.000000E+00  0.000000E+00  0.603165E+04
  0.482971E+01  0.552868E+04  0.550077E+04  0.000000E+00  0.000000E+00  0.000000E+00  0.552413E+04
  0.507734E+01  0.506283E+04  0.503725E+04  0.000000E+00  0.000000E+00  0.000000E+00  0.505866E+04
  0.533766E+01  0.463563E+04  0.461220E+04  0.000000E+00  0.000000E+00  0.000000E+00  0.463181E+04
  0.561133E+01  0.424393E+04  0.422248E+04  0.000000E+00  0.000000E+00  0.000000E+00  0.424044E+04
  0.589902E+01  0.388486E+04  0.386522E+04  0.000000E+00  0.000000E+00  0.000000E+00  0.388166E+04
  0.620147E+01  0.355573E+04  0.353774E+04  0.000000E+00  0.000000E+00  0.000000E+00  0.355280E+04
  0.651943E+01  0.325410E+04  0.323763E+04  0.000000E+00  0.000000E+00  0.000000E+00  0.325141E+04
  0.685369E+01  0.297770E+04  0.296263E+04  0.000000E+00  0.000000E+00  0.000000E+00  0.297525E+04
  0.720509E+01  0.272447E+04  0.271067E+04  0.000000E+00  0.000000E+00  0.000000E+00  0.272222E+04
  0.757450E+01  0.249249E+04  0.247985E+04  0.000000E+00  0.000000E+00  0.000000E+00  0.249043E+04
  0.796285E+01  0.228001E+04  0.226844E+04  0.000000E+00  0.000000E+00  0.000000E+00  0.227812E+04
  0.837112E+01  0.208541E+04  0.207482E+04  0.000000E+00  0.000000E+00  0.000000E+00  0.208369E+04
  0.880031E+01  0.190722E+04  0.189753E+04  0.000000E+00  0.000000E+00  0.000000E+00  0.190564E+04
  0.925152E+01  0.174407E+04  0.173520E+04  0.000000E+00  0.000000E+00  0.000000E+00  0.174262E+04
  0.972585E+01  0.159471E+04  0.158659E+04  0.000000E+00  0.000000E+00  0.000000E+00  0.159339E+04
  0.102245E+02  0.145799E+04  0.145056E+04  0.000000E+00  0.000000E+00  0.000000E+00  0.145678E+04
  0.107487E+02  0.133286E+04  0.132606E+04  0.000000E+00  0.000000E+00  0.000000E+00  0.133175E+04
  0.112998E+02  0.121835E+04  0.121212E+04  0.000000E+00  0.000000E+00  0.000000E+00  0.121733E+04
  0.118792E+02  0.111357E+04  0.110787E+04  0.000000E+00  0.000000E+00  0.000000E+00  0.111264E+04
  0.124882E+02  0.101770E+04  0.101248E+04  0.000000E+00  0.000000E+00  0.000000E+00  0.101685E+04
  0.131285E+02  0.929999E+03  0.925220E+03  0.000000E+00  0.000000E+00  0.000000E+00  0.929220E+03
  0.138016E+02  0.849775E+03  0.845399E+03  0.000000E+00  0.000000E+00  0.000000E+00  0.849062E+03
  0.145093E+02  0.776401E+03  0.772394E+03  0.000000E+00  0.000000E+00  0.000000E+00  0.775748E+03
  0.152532E+02  0.709299E+03  0.705629E+03  0.000000E+00  0.000000E+00  0.000000E+00  0.708701E+03
  0.160352E+02  0.647940E+03  0.644577E+03  0.000000E+00  0.000000E+00  0.000000E+00  0.647392E+03
  0.168574E+02  0.591835E+03  0.588754E+03  0.000000E+00  0.000000E+00  0.000000E+00  0.591333E+03
  0.177217E+02  0.540543E+03  0.537719E+03  0.000000E+00  0.000000E+00  0.000000E+00  0.540083E+03
  0.186303E+02  0.493654E+03  0.491064E+03  0.000000E+00  0.000000E+00  0.000000E+00  0.493232E+03
  0.195855E+02  0.450793E+03  0.448419E+03  0.000000E+00  0.000000E+00  0.000000E+00  0.450406E+03
  0.205896E+02  0.411621E+03  0.409443E+03  0.000000E+00  0.000000E+00  0.000000E+00  0.411266E+03
  0.216453E+02  0.375821E+03  0.373822E+03  0.000000E+00  0.000000E+00  0.000000E+00  0.375496E+03
  0.227551E+02  0.343107E+03  0.341272E+03  0.000000E+00  0.000000E+00  0.000000E+00  0.342808E+03
  0.239217E+02  0.313216E+03  0.311530E+03  0.000000E+00  0.000000E+00  0.000000E+00  0.312941E+03
  0.251482E+02  0.285905E+03  0.284356E+03  0.000000E+00  0.000000E+00  0.000000E+00  0.285653E+03
  0.264376E+02  0.260956E+03  0.259532E+03  0.000000E+00  0.000000E+00  0.000000E+00  0.260724E+03
  0.277931E+02  0.238166E+03  0.236855E+03  0.000000E+00  0.000000E+00  0.000000E+00  0.237952E+03
  0.292181E+02  0.217348E+03  0.216141E+03  0.000000E+00  0.000000E+00  0.000000E+00  0.217151E+03
  0.307161E+02  0.198335E+03  0.197223E+03  0.000000E+00  0.000000E+00  0.000000E+00  0.198154E+03
  0.322910E+02  0.180971E+03  0.179945E+03  0.000000E+00  0.000000E+00  0.000000E+00  0.180804E+03
  0.339465E+02  0.165115E+03  0.164168E+03  0.000000E+00  0.000000E+00  0.000000E+00  0.164961E+03
  0.356871E+02  0.150637E+03  0.149762E+03  0.000000E+00  0.000000E+00  0.000000E+00  0.150494E+03
  0.375167E+02  0.137417E+03  0.136608E+03  0.000000E+00  0.000000E+00  0.000000E+00  0.137286E+03
  0.394402E+02  0.125349E+03  0.124599E+03  0.000000E+00  0.000000E+00  0.000000E+00  0.125227E+03
  0.414624E+02  0.114331E+03  0.113636E+03  0.000000E+00  0.000000E+00  0.000000E+00  0.114218E+03
  0.435882E+02  0.104274E+03  0.103629E+03  0.000000E+00  0.000000E+00  0.000000E+00  0.104169E+03
  0.458231E+02  0.950939E+02  0.944937E+02  0.000000E+00  0.000000E+00  0.000000E+00  0.949961E+02
  0.481725E+02  0.867156E+02  0.861568E+02  0.000000E+00  0.000000E+00  0.000000E+00  0.866246E+02
  0.506423E+02  0.790693E+02  0.785480E+02  0.000000E+00  0.000000E+00  0.000000E+00  0.789843E+02
  0.532388E+02  0.720912E+02  0.716042E+02  0.000000E+00  0.000000E+00  0.000000E+00  0.720119E+02
  0.559684E+02  0.657239E+02  0.652680E+02  0.000000E+00  0.000000E+00  0.000000E+00  0.656496E+02
  0.588380E+02  0.599139E+02  0.594863E+02  0.000000E+00  0.000000E+00  0.000000E+00  0.598442E+02
  0.618547E+02  0.546131E+02  0.542114E+02  0.000000E+00  0.000000E+00  0.000000E+00  0.545476E+02
  0.650260E+02  0.497770E+02  0.493988E+02  0.000000E+00  0.000000E+00  0.000000E+00  0.497154E+02
  0.683600E+02  0.453651E+02  0.450082E+02  0.000000E+00  0.000000E+00  0.000000E+00  0.453069E+02
  0.718648E+02  0.413406E+02  0.410031E+02  0.000000E+00  0.000000E+00  0.000000E+00  0.412856E+02
  0.755495E+02  0.376695E+02  0.373497E+02  0.000000E+00  0.000000E+00  0.000000E+00  0.376174E+02
  0.794229E+02  0.343212E+02  0.340175E+02  0.000000E+00  0.000000E+00  0.000000E+00  0.342717E+02
  0.834950E+02  0.312674E+02  0.309783E+02  0.000000E+00  0.000000E+00  0.000000E+00  0.312203E+02
  0.877760E+02  0.284823E+02  0.282064E+02  0.000000E+00  0.000000E+00  0.000000E+00  0.284373E+02
  0.922763E+02  0.259426E+02  0.256787E+02  0.000000E+00  0.000000E+00  0.000000E+00  0.258996E+02
  0.970075E+02  0.236265E+02  0.233737E+02  0.000000E+00  0.000000E+00  0.000000E+00  0.235853E+02
  0.101981E+03  0.215148E+02  0.212719E+02  0.000000E+00  0.000000E+00  0.000000E+00  0.214752E+02
  0.107210E+03  0.195893E+02  0.193555E+02  0.000000E+00  0.000000E+00  0.000000E+00  0.195512E+02
  0.112707E+03  0.178338E+02  0.176083E+02  0.000000E+00  0.000000E+00  0.000000E+00  0.177970E+02
  0.118485E+03  0.162334E+02  0.160154E+02  0.000000E+00  0.000000E+00  0.000000E+00  0.161979E+02
  0.124560E+03  0.147744E+02  0.145632E+02  0.000000E+00  0.000000E+00  0.000000E+00  0.147400E+02
  0.130946E+03  0.134445E+02  0.132395E+02  0.000000E+00  0.000000E+00  0.000000E+00  0.134111E+02
  0.137660E+03  0.122322E+02  0.120330E+02  0.000000E+00  0.000000E+00  0.000000E+00  0.121998E+02
  0.144718E+03  0.111273E+02  0.109333E+02  0.000000E+00  0.000000E+00  0.000000E+00  0.110957E+02
  0.152138E+03  0.101203E+02  0.993117E+01  0.000000E+00  0.000000E+00  0.000000E+00  0.100895E+02
  0.159938E+03  0.920260E+01  0.901788E+01  0.000000E+00  0.000000E+00  0.000000E+00  0.917250E+01
  0.168138E+03  0.836635E+01  0.818574E+01  0.000000E+00  0.000000E+00  0.000000E+00  0.833692E+01
  0.176759E+03  0.760436E+01  0.742758E+01  0.000000E+00  0.000000E+00  0.000000E+00  0.757556E+01
  0.185822E+03  0.691008E+01  0.673689E+01  0.000000E+00  0.000000E+00  0.000000E+00  0.688186E+01
  0.195349E+03  0.627759E+01  0.610777E+01  0.000000E+00  0.000000E+00  0.000000E+00  0.624992E+01
  0.205365E+03  0.570141E+01  0.553480E+01  0.000000E+00  0.000000E+00  0.000000E+00  0.567426E+01
  0.215894E+03  0.517662E+01  0.501308E+01  0.000000E+00  0.000000E+00  0.000000E+00  0.514997E+01
  0.226963E+03  0.469868E+01  0.453811E+01  0.000000E+00  0.000000E+00  0.000000E+00  0.467251E+01
  0.238600E+03  0.426345E+01  0.410578E+01  0.000000E+00  0.000000E+00  0.000000E+00  0.423776E+01
  0.250833E+03  0.386721E+01  0.371239E+01  0.000000E+00  0.000000E+00  0.000000E+00  0.384198E+01
  0.263694E+03  0.350650E+01  0.335452E+01  0.000000E+00  0.000000E+00  0.000000E+00  0.348173E+01
  0.277213E+03  0.317823E+01  0.302909E+01  0.000000E+00  0.000000E+00  0.000000E+00  0.315392E+01
  0.291426E+03  0.287954E+01  0.273327E+01  0.000000E+00  0.000000E+00  0.000000E+00  0.285570E+01
  0.306368E+03  0.260782E+01  0.246448E+01  0.000000E+00  0.000000E+00  0.000000E+00  0.258446E+01
  0.322076E+03  0.236074E+01  0.222039E+01  0.000000E+00  0.000000E+00  0.000000E+00  0.233787E+01
  0.338589E+03  0.213612E+01  0.199885E+01  0.000000E+00  0.000000E+00  0.000000E+00  0.211375E+01
  0.355949E+03  0.193202E+01  0.179793E+01  0.000000E+00  0.000000E+00  0.000000E+00  0.191017E+01
  0.374199E+03  0.174664E+01  0.161583E+01  0.000000E+00  0.000000E+00  0.000000E+00  0.172532E+01
  0.393385E+03  0.157833E+01  0.145092E+01  0.000000E+00  0.000000E+00  0.000000E+00  0.155757E+01
  0.413554E+03  0.142562E+01  0.130174E+01  0.000000E+00  0.000000E+00  0.000000E+00  0.140544E+01
  0.434757E+03  0.128715E+01  0.116690E+01  0.000000E+00  0.000000E+00  0.000000E+00  0.126755E+01
  0.457048E+03  0.116166E+01  0.104516E+01  0.000000E+00  0.000000E+00  0.000000E+00  0.114268E+01
  0.480480E+03  0.104803E+01  0.935373E+00  0.000000E+00  0.000000E+00  0.000000E+00  0.102967E+01
  0.505116E+03  0.945209E+00  0.836475E+00  0.000000E+00  0.000000E+00  0.000000E+00  0.927489E+00
  0.531013E+03  0.852241E+00  0.747498E+00  0.000000E+00  0.000000E+00  0.000000E+00  0.835172E+00
  0.558240E+03  0.768246E+00  0.667533E+00  0.000000E+00  0.000000E+00  0.000000E+00  0.751834E+00
  0.586861E+03  0.692422E+00  0.595752E+00  0.000000E+00  0.000000E+00  0.000000E+00  0.676669E+00
  0.616949E+03  0.624022E+00  0.531380E+00  0.000000E+00  0.000000E+00  0.000000E+00  0.608925E+00
  0.648581E+03  0.562357E+00  0.473700E+00  0.000000E+00  0.000000E+00  0.000000E+00  0.547909E+00
  0.681834E+03  0.506800E+00  0.422057E+00  0.000000E+00  0.000000E+00  0.000000E+00  0.492990E+00
  0.716794E+03  0.456764E+00  0.375841E+00  0.000000E+00  0.000000E+00  0.000000E+00  0.443577E+00
  0.753544E+03  0.411718E+00  0.334502E+00  0.000000E+00  0.000000E+00  0.000000E+00  0.399134E+00
  0.792178E+03  0.371166E+00  0.297532E+00  0.000000E+00  0.000000E+00  0.000000E+00  0.359167E+00
  0.832795E+03  0.334660E+00  0.264476E+00  0.000000E+00  0.000000E+00  0.000000E+00  0.323222E+00
  0.875493E+03  0.301793E+00  0.234929E+00  0.000000E+00  0.000000E+00  0.000000E+00  0.290896E+00
  0.920381E+03  0.272193E+00  0.208528E+00  0.000000E+00  0.000000E+00  0.000000E+00  0.261818E+00
  0.967570E+03  0.245532E+00  0.184951E+00  0.000000E+00  0.000000E+00  0.000000E+00  0.235660E+00
  0.101718E+04  0.221512E+00  0.163914E+00  0.000000E+00  0.000000E+00  0.000000E+00  0.212125E+00
  0.106933E+04  0.199868E+00  0.145160E+00  0.000000E+00  0.000000E+00  0.000000E+00  0.190952E+00
  0.112416E+04  0.180365E+00  0.128459E+00  0.000000E+00  0.000000E+00  0.000000E+00  0.171907E+00
  0.118179E+04  0.162793E+00  0.113599E+00  0.000000E+00  0.000000E+00  0.000000E+00  0.154776E+00
  0.124238E+04  0.146962E+00  0.100385E+00  0.000000E+00  0.000000E+00  0.000000E+00  0.139372E+00
  0.130608E+04  0.132698E+00  0.886388E-01  0.000000E+00  0.000000E+00  0.000000E+00  0.125518E+00
  0.137305E+04  0.119846E+00  0.781988E-01  0.000000E+00  0.000000E+00  0.000000E+00  0.113059E+00
  0.144344E+04  0.108263E+00  0.689233E-01  0.000000E+00  0.000000E+00  0.000000E+00  0.101852E+00
  0.151745E+04  0.978187E-01  0.606875E-01  0.000000E+00  0.000000E+00  0.000000E+00  0.917677E-01
  0.159525E+04  0.883997E-01  0.533841E-01  0.000000E+00  0.000000E+00  0.000000E+00  0.826935E-01
  0.167704E+04  0.799028E-01  0.469160E-01  0.000000E+00  0.000000E+00  0.000000E+00  0.745272E-01
  0.176303E+04  0.722366E-01  0.411937E-01  0.000000E+00  0.000000E+00  0.000000E+00  0.671777E-01
  0.185342E+04  0.653197E-01  0.361342E-01  0.000000E+00  0.000000E+00  0.000000E+00  0.605636E-01
  0.194845E+04  0.590775E-01  0.316615E-01  0.000000E+00  0.000000E+00  0.000000E+00  0.546097E-01
  0.204834E+04  0.534430E-01  0.277102E-01  0.000000E+00  0.000000E+00  0.000000E+00  0.492495E-01
  0.215336E+04  0.483552E-01  0.242243E-01  0.000000E+00  0.000000E+00  0.000000E+00  0.444227E-01
  0.226377E+04  0.437596E-01  0.211541E-01  0.000000E+00  0.000000E+00  0.000000E+00  0.400758E-01
  0.237984E+04  0.396086E-01  0.184533E-01  0.000000E+00  0.000000E+00  0.000000E+00  0.361611E-01
  0.250186E+04  0.358581E-01  0.160780E-01  0.000000E+00  0.000000E+00  0.000000E+00  0.326347E-01
  0.263013E+04  0.324689E-01  0.139905E-01  0.000000E+00  0.000000E+00  0.000000E+00  0.294576E-01
  0.276497E+04  0.294051E-01  0.121593E-01  0.000000E+00  0.000000E+00  0.000000E+00  0.265947E-01
  0.290674E+04  0.266349E-01  0.105556E-01  0.000000E+00  0.000000E+00  0.000000E+00  0.240145E-01
  0.305577E+04  0.241299E-01  0.915182E-02  0.000000E+00  0.000000E+00  0.000000E+00  0.216890E-01
  0.321245E+04  0.218640E-01  0.792408E-02  0.000000E+00  0.000000E+00  0.000000E+00  0.195923E-01
  0.337715E+04  0.198141E-01  0.685261E-02  0.000000E+00  0.000000E+00  0.000000E+00  0.177019E-01
  0.355030E+04  0.179592E-01  0.591866E-02  0.000000E+00  0.000000E+00  0.000000E+00  0.159970E-01
  0.373233E+04  0.162802E-01  0.510500E-02  0.000000E+00  0.000000E+00  0.000000E+00  0.144591E-01
  0.392369E+04  0.147604E-01  0.439762E-02  0.000000E+00  0.000000E+00  0.000000E+00  0.130717E-01
  0.412486E+04  0.133842E-01  0.378342E-02  0.000000E+00  0.000000E+00  0.000000E+00  0.118197E-01
  0.433635E+04  0.121380E-01  0.325059E-02  0.000000E+00  0.000000E+00  0.000000E+00  0.106897E-01
  0.455867E+04  0.110092E-01  0.278929E-02  0.000000E+00  0.000000E+00  0.000000E+00  0.966968E-02
  0.479241E+04  0.998655E-02  0.239025E-02  0.000000E+00  0.000000E+00  0.000000E+00  0.874863E-02
  0.503811E+04  0.905992E-02  0.204569E-02  0.000000E+00  0.000000E+00  0.000000E+00  0.791686E-02
  0.529643E+04  0.822013E-02  0.174854E-02  0.000000E+00  0.000000E+00  0.000000E+00  0.716550E-02
  0.556798E+04  0.745896E-02  0.149264E-02  0.000000E+00  0.000000E+00  0.000000E+00  0.648667E-02
  0.585345E+04  0.676893E-02  0.127258E-02  0.000000E+00  0.000000E+00  0.000000E+00  0.587323E-02
  0.615357E+04  0.614325E-02  0.108360E-02  0.000000E+00  0.000000E+00  0.000000E+00  0.531872E-02
  0.646907E+04  0.557590E-02  0.921550E-03  0.000000E+00  0.000000E+00  0.000000E+00  0.481742E-02
  0.680075E+04  0.506133E-02  0.782782E-03  0.000000E+00  0.000000E+00  0.000000E+00  0.436409E-02
  0.714943E+04  0.459460E-02  0.664107E-03  0.000000E+00  0.000000E+00  0.000000E+00  0.395407E-02
  0.751598E+04  0.417119E-02  0.562764E-03  0.000000E+00  0.000000E+00  0.000000E+00  0.358315E-02
  0.790134E+04  0.378702E-02  0.476335E-03  0.000000E+00  0.000000E+00  0.000000E+00  0.324750E-02
  0.830644E+04  0.343845E-02  0.402723E-03  0.000000E+00  0.000000E+00  0.000000E+00  0.294374E-02
  0.873233E+04  0.312212E-02  0.340108E-03  0.000000E+00  0.000000E+00  0.000000E+00  0.266875E-02
  0.918004E+04  0.283504E-02  0.286920E-03  0.000000E+00  0.000000E+00  0.000000E+00  0.241979E-02
  0.965071E+04  0.257447E-02  0.241793E-03  0.000000E+00  0.000000E+00  0.000000E+00  0.219433E-02
  0.101455E+05  0.233793E-02  0.203554E-03  0.000000E+00  0.000000E+00  0.000000E+00  0.199011E-02
