  0.357574E-05  0.117412E+08  0.117412E+08  0.156545E+08  0.156544E+08  0.117414E+08  0.117412E+08
  0.369673E-05  0.117412E+08  0.117412E+08  0.156544E+08  0.156544E+08  0.117414E+08  0.117412E+08
  0.382181E-05  0.117412E+08  0.117412E+08  0.156544E+08  0.156544E+08  0.117414E+08  0.117412E+08
  0.395112E-05  0.117412E+08  0.117412E+08  0.156543E+08  0.156543E+08  0.117414E+08  0.117412E+08
  0.408481E-05  0.117412E+08  0.117412E+08  0.156543E+08  0.156543E+08  0.117414E+08  0.117412E+08
  0.422302E-05  0.117412E+08  0.117412E+08  0.156542E+08  0.156542E+08  0.117414E+08  0.117412E+08
  0.436590E-05  0.117412E+08  0.117412E+08  0.156542E+08  0.156542E+08  0.117414E+08  0.117412E+08
  0.451363E-05  0.117412E+08  0.117412E+08  0.156541E+08  0.156541E+08  0.117414E+08  0.117412E+08
  0.466635E-05  0.117412E+08  0.117412E+08  0.156541E+08  0.156541E+08  0.117414E+08  0.117412E+08
  0.482423E-05  0.117412E+08  0.117412E+08  0.156540E+08  0.156540E+08  0.117414E+08  0.117412E+08
  0.498746E-05  0.117412E+08  0.117412E+08  0.156540E+08  0.156539E+08  0.117414E+08  0.117412E+08
  0.515621E-05  0.117412E+08  0.117412E+08  0.156539E+08  0.156539E+08  0.117414E+08  0.117412E+08
  0.533068E-05  0.117412E+08  0.117412E+08  0.156538E+08  0.156538E+08  0.117414E+08  0.117412E+08
  0.551104E-05  0.117412E+08  0.117412E+08  0.156537E+08  0.156537E+08  0.117414E+08  0.117412E+08
  0.569751E-05  0.117412E+08  0.117412E+08  0.156537E+08  0.156536E+08  0.117414E+08  0.117412E+08
  0.589029E-05  0.117412E+08  0.117412E+08  0.156536E+08  0.156535E+08  0.117414E+08  0.117412E+08
  0.608959E-05  0.117412E+08  0.117412E+08  0.156535E+08  0.156534E+08  0.117414E+08  0.117412E+08
  0.629563E-05  0.117412E+08  0.117412E+08  0.156534E+08  0.156533E+08  0.117414E+08  0.117412E+08
  0.650864E-05  0.117412E+08  0.117412E+08  0.156533E+08  0.156532E+08  0.117414E+08  0.117412E+08
  0.672887E-05  0.117412E+08  0.117412E+08  0.156531E+08  0.156531E+08  0.117414E+08  0.117412E+08
  0.695654E-05  0.117412E+08  0.117412E+08  0.156530E+08  0.156530E+08  0.117414E+08  0.117412E+08
  0.719192E-05  0.117412E+08  0.117412E+08  0.156529E+08  0.156528E+08  0.117414E+08  0.117412E+08
  0.743526E-05  0.117412E+08  0.117412E+08  0.156527E+08  0.156527E+08  0.117414E+08  0.117412E+08
  0.768683E-05  0.117412E+08  0.117412E+08  0.156526E+08  0.156525E+08  0.117414E+08  0.117412E+08
  0.794692E-05  0.117412E+08  0.117412E+08  0.156524E+08  0.156523E+08  0.117414E+08  0.117412E+08
  0.821580E-05  0.117412E+08  0.117412E+08  0.156523E+08  0.156522E+08  0.117414E+08  0.117412E+08
  0.849379E-05  0.117412E+08  0.117412E+08  0.156521E+08  0.156520E+08  0.117414E+08  0.117412E+08
  0.878118E-05  0.117412E+08  0.117412E+08  0.156519E+08  0.156518E+08  0.117414E+08  0.117412E+08
  0.907829E-05  0.117412E+08  0.117412E+08  0.156517E+08  0.156515E+08  0.117414E+08  0.117412E+08
  0.938546E-05  0.117412E+08  0.117412E+08  0.156514E+08  0.156513E+08  0.117414E+08  0.117412E+08
  0.970302E-05  0.117412E+08  0.117412E+08  0.156512E+08  0.156510E+08  0.117414E+08  0.117412E+08
  0.100313E-04  0.117412E+08  0.117412E+08  0.156509E+08  0.156508E+08  0.117414E+08  0.117412E+08
  0.103707E-04  0.117412E+08  0.117412E+08  0.156506E+08  0.156505E+08  0.117414E+08  0.117412E+08
  0.107216E-04  0.117412E+08  0.117412E+08  0.156504E+08  0.156502E+08  0.117414E+08  0.117412E+08
  0.110844E-04  0.117412E+08  0.117412E+08  0.156500E+08  0.156499E+08  0.117414E+08  0.117412E+08
  0.114594E-04  0.117412E+08  0.117412E+08  0.156497E+08  0.156495E+08  0.117414E+08  0.117412E+08
  0.118472E-04  0.117412E+08  0.117412E+08  0.156493E+08  0.156491E+08  0.117414E+08  0.117412E+08
  0.122480E-04  0.117412E+08  0.117412E+08  0.156489E+08  0.156487E+08  0.117414E+08  0.117412E+08
  0.126624E-04  0.117412E+08  0.117412E+08  0.156485E+08  0.156483E+08  0.117414E+08  0.117412E+08
  0.130909E-04  0.117412E+08  0.117412E+08  0.156481E+08  0.156478E+08  0.117414E+08  0.117412E+08
  0.135338E-04  0.117412E+08  0.117412E+08  0.156476E+08  0.156473E+08  0.117414E+08  0.117412E+08
  0.139917E-04  0.117412E+08  0.117412E+08  0.156471E+08  0.156468E+08  0.117414E+08  0.117412E+08
  0.144652E-04  0.117412E+08  0.117412E+08  0.156466E+08  0.156463E+08  0.117414E+08  0.117412E+08
  0.149546E-04  0.117412E+08  0.117412E+08  0.156460E+08  0.156457E+08  0.117414E+08  0.117412E+08
  0.154606E-04  0.117412E+08  0.117412E+08  0.156454E+08  0.156450E+08  0.117414E+08  0.117412E+08
  0.159837E-04  0.117412E+08  0.117412E+08  0.156447E+08  0.156443E+08  0.117414E+08  0.117412E+08
  0.165245E-04  0.117412E+08  0.117412E+08  0.156440E+08  0.156436E+08  0.117414E+08  0.117412E+08
  0.170836E-04  0.117412E+08  0.117412E+08  0.156433E+08  0.156428E+08  0.117414E+08  0.117412E+08
  0.176617E-04  0.117412E+08  0.117412E+08  0.156424E+08  0.156420E+08  0.117414E+08  0.117412E+08
  0.182592E-04  0.117412E+08  0.117412E+08  0.156416E+08  0.156411E+08  0.117413E+08  0.117412E+08
  0.188770E-04  0.117412E+08  0.117412E+08  0.156407E+08  0.156401E+08  0.117413E+08  0.117412E+08
  0.195158E-04  0.117412E+08  0.117412E+08  0.156397E+08  0.156391E+08  0.117413E+08  0.117412E+08
  0.201761E-04  0.117412E+08  0.117412E+08  0.156386E+08  0.156380E+08  0.117413E+08  0.117412E+08
  0.208587E-04  0.117412E+08  0.117412E+08  0.156375E+08  0.156369E+08  0.117413E+08  0.117412E+08
  0.215645E-04  0.117412E+08  0.117412E+08  0.156363E+08  0.156356E+08  0.117413E+08  0.117412E+08
  0.222941E-04  0.117412E+08  0.117412E+08  0.156350E+08  0.156343E+08  0.117413E+08  0.117412E+08
  0.230485E-04  0.117412E+08  0.117412E+08  0.156337E+08  0.156329E+08  0.117413E+08  0.117412E+08
  0.238283E-04  0.117412E+08  0.117412E+08  0.156322E+08  0.156313E+08  0.117413E+08  0.117412E+08
  0.246346E-04  0.117412E+08  0.117412E+08  0.156306E+08  0.156297E+08  0.117413E+08  0.117412E+08
  0.254681E-04  0.117412E+08  0.117412E+08  0.156289E+08  0.156280E+08  0.117413E+08  0.117412E+08
  0.263298E-04  0.117412E+08  0.117412E+08  0.156272E+08  0.156261E+08  0.117413E+08  0.117412E+08
  0.272207E-04  0.117412E+08  0.117412E+08  0.156252E+08  0.156242E+08  0.117413E+08  0.117412E+08
  0.281417E-04  0.117412E+08  0.117411E+08  0.156232E+08  0.156220E+08  0.117413E+08  0.117412E+08
  0.290939E-04  0.117411E+08  0.117411E+08  0.156210E+08  0.156198E+08  0.117413E+08  0.117412E+08
  0.300783E-04  0.117411E+08  0.117411E+08  0.156187E+08  0.156174E+08  0.117413E+08  0.117411E+08
  0.310960E-04  0.117411E+08  0.117411E+08  0.156162E+08  0.156148E+08  0.117413E+08  0.117411E+08
  0.321481E-04  0.117411E+08  0.117411E+08  0.156135E+08  0.156120E+08  0.117413E+08  0.117411E+08
  0.332359E-04  0.117411E+08  0.117411E+08  0.156107E+08  0.156091E+08  0.117413E+08  0.117411E+08
  0.343604E-04  0.117411E+08  0.117411E+08  0.156076E+08  0.156059E+08  0.117412E+08  0.117411E+08
  0.355230E-04  0.117411E+08  0.117411E+08  0.156044E+08  0.156025E+08  0.117412E+08  0.117411E+08
  0.367249E-04  0.117411E+08  0.117411E+08  0.156009E+08  0.155989E+08  0.117412E+08  0.117411E+08
  0.379675E-04  0.117411E+08  0.117411E+08  0.155972E+08  0.155951E+08  0.117412E+08  0.117411E+08
  0.392522E-04  0.117411E+08  0.117411E+08  0.155932E+08  0.155910E+08  0.117412E+08  0.117411E+08
  0.405803E-04  0.117411E+08  0.117411E+08  0.155890E+08  0.155866E+08  0.117412E+08  0.117411E+08
  0.419533E-04  0.117411E+08  0.117411E+08  0.155845E+08  0.155819E+08  0.117412E+08  0.117411E+08
  0.433728E-04  0.117410E+08  0.117410E+08  0.155796E+08  0.155768E+08  0.117412E+08  0.117411E+08
  0.448404E-04  0.117410E+08  0.117410E+08  0.155744E+08  0.155715E+08  0.117411E+08  0.117410E+08
  0.463576E-04  0.117410E+08  0.117410E+08  0.155689E+08  0.155658E+08  0.117411E+08  0.117410E+08
  0.479261E-04  0.117410E+08  0.117410E+08  0.155630E+08  0.155596E+08  0.117411E+08  0.117410E+08
  0.495477E-04  0.117410E+08  0.117410E+08  0.155567E+08  0.155531E+08  0.117411E+08  0.117410E+08
  0.512241E-04  0.117410E+08  0.117410E+08  0.155500E+08  0.155461E+08  0.117411E+08  0.117410E+08
  0.529573E-04  0.117410E+08  0.117410E+08  0.155428E+08  0.155386E+08  0.117410E+08  0.117410E+08
  0.547492E-04  0.117409E+08  0.117409E+08  0.155351E+08  0.155307E+08  0.117410E+08  0.117409E+08
  0.566016E-04  0.117409E+08  0.117409E+08  0.155268E+08  0.155222E+08  0.117410E+08  0.117409E+08
  0.585167E-04  0.117409E+08  0.117409E+08  0.155181E+08  0.155131E+08  0.117410E+08  0.117409E+08
  0.604967E-04  0.117409E+08  0.117409E+08  0.155087E+08  0.155033E+08  0.117409E+08  0.117409E+08
  0.625436E-04  0.117409E+08  0.117408E+08  0.154987E+08  0.154929E+08  0.117409E+08  0.117409E+08
  0.646598E-04  0.117408E+08  0.117408E+08  0.154880E+08  0.154819E+08  0.117409E+08  0.117408E+08
  0.668476E-04  0.117408E+08  0.117408E+08  0.154765E+08  0.154700E+08  0.117408E+08  0.117408E+08
  0.691094E-04  0.117408E+08  0.117408E+08  0.154643E+08  0.154574E+08  0.117408E+08  0.117408E+08
  0.714477E-04  0.117408E+08  0.117407E+08  0.154513E+08  0.154438E+08  0.117407E+08  0.117408E+08
  0.738652E-04  0.117407E+08  0.117407E+08  0.154374E+08  0.154294E+08  0.117407E+08  0.117407E+08
  0.763644E-04  0.117407E+08  0.117407E+08  0.154225E+08  0.154140E+08  0.117407E+08  0.117407E+08
  0.789482E-04  0.117406E+08  0.117406E+08  0.154066E+08  0.153976E+08  0.117406E+08  0.117406E+08
  0.816195E-04  0.117406E+08  0.117406E+08  0.153897E+08  0.153800E+08  0.117405E+08  0.117406E+08
  0.843811E-04  0.117406E+08  0.117405E+08  0.153716E+08  0.153612E+08  0.117405E+08  0.117406E+08
  0.872361E-04  0.117405E+08  0.117405E+08  0.153523E+08  0.153412E+08  0.117404E+08  0.117405E+08
  0.901878E-04  0.117405E+08  0.117404E+08  0.153316E+08  0.153198E+08  0.117404E+08  0.117405E+08
  0.932393E-04  0.117404E+08  0.117404E+08  0.153096E+08  0.152970E+08  0.117403E+08  0.117404E+08
  0.963941E-04  0.117404E+08  0.117403E+08  0.152861E+08  0.152727E+08  0.117402E+08  0.117404E+08
  0.996556E-04  0.117403E+08  0.117403E+08  0.152611E+08  0.152467E+08  0.117401E+08  0.117403E+08
  0.103028E-03  0.117402E+08  0.117402E+08  0.152343E+08  0.152190E+08  0.117401E+08  0.117402E+08
  0.106513E-03  0.117402E+08  0.117401E+08  0.152058E+08  0.151894E+08  0.117400E+08  0.117402E+08
  0.110117E-03  0.117401E+08  0.117401E+08  0.151753E+08  0.151578E+08  0.117399E+08  0.117401E+08
  0.113843E-03  0.117400E+08  0.117400E+08  0.151428E+08  0.151242E+08  0.117398E+08  0.117400E+08
  0.117695E-03  0.117400E+08  0.117399E+08  0.151082E+08  0.150883E+08  0.117396E+08  0.117399E+08
  0.121677E-03  0.117399E+08  0.117398E+08  0.150712E+08  0.150500E+08  0.117395E+08  0.117398E+08
  0.125794E-03  0.117398E+08  0.117397E+08  0.150318E+08  0.150092E+08  0.117394E+08  0.117397E+08
  0.130051E-03  0.117397E+08  0.117396E+08  0.149898E+08  0.149657E+08  0.117393E+08  0.117396E+08
  0.134451E-03  0.117396E+08  0.117395E+08  0.149450E+08  0.149193E+08  0.117391E+08  0.117395E+08
  0.139000E-03  0.117394E+08  0.117394E+08  0.148973E+08  0.148699E+08  0.117390E+08  0.117394E+08
  0.143703E-03  0.117393E+08  0.117393E+08  0.148465E+08  0.148173E+08  0.117388E+08  0.117393E+08
  0.148566E-03  0.117392E+08  0.117391E+08  0.147924E+08  0.147612E+08  0.117386E+08  0.117392E+08
  0.153592E-03  0.117391E+08  0.117390E+08  0.147347E+08  0.147015E+08  0.117384E+08  0.117390E+08
  0.158789E-03  0.117389E+08  0.117388E+08  0.146733E+08  0.146380E+08  0.117382E+08  0.117389E+08
  0.164162E-03  0.117388E+08  0.117387E+08  0.146080E+08  0.145703E+08  0.117380E+08  0.117387E+08
  0.169716E-03  0.117386E+08  0.117385E+08  0.145384E+08  0.144984E+08  0.117378E+08  0.117385E+08
  0.175459E-03  0.117384E+08  0.117383E+08  0.144645E+08  0.144218E+08  0.117375E+08  0.117383E+08
  0.181395E-03  0.117382E+08  0.117381E+08  0.143858E+08  0.143404E+08  0.117372E+08  0.117382E+08
  0.187533E-03  0.117380E+08  0.117379E+08  0.143022E+08  0.142539E+08  0.117370E+08  0.117379E+08
  0.193878E-03  0.117378E+08  0.117376E+08  0.142133E+08  0.141620E+08  0.117367E+08  0.117377E+08
  0.200438E-03  0.117375E+08  0.117374E+08  0.141190E+08  0.140643E+08  0.117363E+08  0.117375E+08
  0.207220E-03  0.117373E+08  0.117371E+08  0.140187E+08  0.139607E+08  0.117360E+08  0.117372E+08
  0.214231E-03  0.117370E+08  0.117369E+08  0.139124E+08  0.138507E+08  0.117356E+08  0.117369E+08
  0.221480E-03  0.117367E+08  0.117366E+08  0.137996E+08  0.137341E+08  0.117352E+08  0.117366E+08
  0.228974E-03  0.117364E+08  0.117362E+08  0.136800E+08  0.136104E+08  0.117348E+08  0.117363E+08
  0.236721E-03  0.117361E+08  0.117359E+08  0.135532E+08  0.134794E+08  0.117344E+08  0.117360E+08
  0.244731E-03  0.117358E+08  0.117355E+08  0.134190E+08  0.133408E+08  0.117339E+08  0.117356E+08
  0.253011E-03  0.117354E+08  0.117352E+08  0.132770E+08  0.131941E+08  0.117334E+08  0.117353E+08
  0.261572E-03  0.117350E+08  0.117347E+08  0.131268E+08  0.130390E+08  0.117328E+08  0.117349E+08
  0.270422E-03  0.117346E+08  0.117343E+08  0.129681E+08  0.128751E+08  0.117322E+08  0.117344E+08
  0.279572E-03  0.117341E+08  0.117338E+08  0.128005E+08  0.127021E+08  0.117316E+08  0.117340E+08
  0.289032E-03  0.117336E+08  0.117333E+08  0.126237E+08  0.125197E+08  0.117309E+08  0.117335E+08
  0.298811E-03  0.117331E+08  0.117328E+08  0.124373E+08  0.123275E+08  0.117302E+08  0.117329E+08
  0.308921E-03  0.117326E+08  0.117322E+08  0.122411E+08  0.121252E+08  0.117295E+08  0.117324E+08
  0.319374E-03  0.117320E+08  0.117316E+08  0.120347E+08  0.119125E+08  0.117286E+08  0.117318E+08
  0.330180E-03  0.117313E+08  0.117310E+08  0.118178E+08  0.116891E+08  0.117278E+08  0.117311E+08
  0.341352E-03  0.117307E+08  0.117303E+08  0.115903E+08  0.114547E+08  0.117269E+08  0.117304E+08
  0.352902E-03  0.117300E+08  0.117295E+08  0.113518E+08  0.112093E+08  0.117259E+08  0.117297E+08
  0.364842E-03  0.117292E+08  0.117287E+08  0.111022E+08  0.109525E+08  0.117248E+08  0.117289E+08
  0.377187E-03  0.117284E+08  0.117279E+08  0.108413E+08  0.106844E+08  0.117237E+08  0.117281E+08
  0.389949E-03  0.117275E+08  0.117270E+08  0.105692E+08  0.104049E+08  0.117225E+08  0.117272E+08
  0.403143E-03  0.117266E+08  0.117260E+08  0.102858E+08  0.101139E+08  0.117212E+08  0.117263E+08
  0.416783E-03  0.117256E+08  0.117250E+08  0.999123E+07  0.981176E+07  0.117199E+08  0.117253E+08
  0.430885E-03  0.117246E+08  0.117239E+08  0.968563E+07  0.949853E+07  0.117184E+08  0.117242E+08
  0.445464E-03  0.117234E+08  0.117228E+08  0.936929E+07  0.917459E+07  0.117168E+08  0.117231E+08
  0.460537E-03  0.117223E+08  0.117215E+08  0.904260E+07  0.884038E+07  0.117152E+08  0.117218E+08
  0.476119E-03  0.117210E+08  0.117202E+08  0.870608E+07  0.849647E+07  0.117134E+08  0.117206E+08
  0.492229E-03  0.117196E+08  0.117188E+08  0.836037E+07  0.814359E+07  0.117116E+08  0.117192E+08
  0.508884E-03  0.117182E+08  0.117174E+08  0.800627E+07  0.778261E+07  0.117096E+08  0.117177E+08
  0.526102E-03  0.117167E+08  0.117158E+08  0.764473E+07  0.741456E+07  0.117074E+08  0.117161E+08
  0.543903E-03  0.117151E+08  0.117141E+08  0.727686E+07  0.704064E+07  0.117052E+08  0.117145E+08
  0.562306E-03  0.117133E+08  0.117123E+08  0.690395E+07  0.666225E+07  0.117027E+08  0.117127E+08
  0.581332E-03  0.117115E+08  0.117104E+08  0.652745E+07  0.628093E+07  0.117002E+08  0.117108E+08
  0.601001E-03  0.117095E+08  0.117084E+08  0.614898E+07  0.589843E+07  0.116974E+08  0.117088E+08
  0.621336E-03  0.117074E+08  0.117063E+08  0.577035E+07  0.551664E+07  0.116945E+08  0.117067E+08
  0.642359E-03  0.117052E+08  0.117040E+08  0.539351E+07  0.513765E+07  0.116914E+08  0.117045E+08
  0.664094E-03  0.117029E+08  0.117016E+08  0.502056E+07  0.476365E+07  0.116881E+08  0.117021E+08
  0.686563E-03  0.117004E+08  0.116990E+08  0.465371E+07  0.439698E+07  0.116846E+08  0.116995E+08
  0.709794E-03  0.116978E+08  0.116963E+08  0.429528E+07  0.404004E+07  0.116808E+08  0.116968E+08
  0.733810E-03  0.116950E+08  0.116934E+08  0.394763E+07  0.369530E+07  0.116769E+08  0.116939E+08
  0.758638E-03  0.116920E+08  0.116904E+08  0.361312E+07  0.336518E+07  0.116727E+08  0.116909E+08
  0.784307E-03  0.116888E+08  0.116871E+08  0.329409E+07  0.305208E+07  0.116682E+08  0.116877E+08
  0.810844E-03  0.116855E+08  0.116837E+08  0.299272E+07  0.275821E+07  0.116634E+08  0.116843E+08
  0.838279E-03  0.116819E+08  0.116801E+08  0.271105E+07  0.248560E+07  0.116584E+08  0.116806E+08
  0.866643E-03  0.116782E+08  0.116763E+08  0.245083E+07  0.223598E+07  0.116530E+08  0.116768E+08
  0.895966E-03  0.116742E+08  0.116722E+08  0.221348E+07  0.201068E+07  0.116473E+08  0.116727E+08
  0.926281E-03  0.116700E+08  0.116679E+08  0.199999E+07  0.181059E+07  0.116413E+08  0.116684E+08
  0.957622E-03  0.116655E+08  0.116634E+08  0.181086E+07  0.163604E+07  0.116349E+08  0.116639E+08
  0.990024E-03  0.116608E+08  0.116586E+08  0.164601E+07  0.148675E+07  0.116281E+08  0.116591E+08
  0.102352E-02  0.116558E+08  0.116535E+08  0.150479E+07  0.136181E+07  0.116209E+08  0.116540E+08
  0.105815E-02  0.116506E+08  0.116482E+08  0.138587E+07  0.125961E+07  0.116133E+08  0.116486E+08
  0.109396E-02  0.116450E+08  0.116425E+08  0.128730E+07  0.117789E+07  0.116052E+08  0.116429E+08
  0.113097E-02  0.116391E+08  0.116366E+08  0.120658E+07  0.111377E+07  0.115966E+08  0.116369E+08
  0.116924E-02  0.116329E+08  0.116303E+08  0.114065E+07  0.106388E+07  0.115876E+08  0.116306E+08
  0.120880E-02  0.116264E+08  0.116237E+08  0.108612E+07  0.102445E+07  0.115780E+08  0.116239E+08
  0.124970E-02  0.116195E+08  0.116167E+08  0.103939E+07  0.991579E+06  0.115678E+08  0.116169E+08
  0.129198E-02  0.116122E+08  0.116094E+08  0.996870E+06  0.961391E+06  0.115571E+08  0.116094E+08
  0.133570E-02  0.116045E+08  0.116017E+08  0.955241E+06  0.930349E+06  0.115458E+08  0.116016E+08
  0.138089E-02  0.115965E+08  0.115935E+08  0.911690E+06  0.895504E+06  0.115338E+08  0.115933E+08
  0.142761E-02  0.115879E+08  0.115849E+08  0.864161E+06  0.854752E+06  0.115211E+08  0.115846E+08
  0.147592E-02  0.115789E+08  0.115759E+08  0.811551E+06  0.807036E+06  0.115077E+08  0.115754E+08
  0.152586E-02  0.115695E+08  0.115664E+08  0.753832E+06  0.752466E+06  0.114935E+08  0.115658E+08
  0.157748E-02  0.115595E+08  0.115564E+08  0.692070E+06  0.692328E+06  0.114786E+08  0.115556E+08
  0.163086E-02  0.115490E+08  0.115459E+08  0.628317E+06  0.628951E+06  0.114628E+08  0.115448E+08
  0.168604E-02  0.115380E+08  0.115348E+08  0.565354E+06  0.565423E+06  0.114462E+08  0.115336E+08
  0.174309E-02  0.115263E+08  0.115232E+08  0.506308E+06  0.505175E+06  0.114286E+08  0.115217E+08
  0.180206E-02  0.115141E+08  0.115109E+08  0.454163E+06  0.451464E+06  0.114100E+08  0.115092E+08
  0.186304E-02  0.115012E+08  0.114981E+08  0.411245E+06  0.406825E+06  0.113905E+08  0.114960E+08
  0.192607E-02  0.114877E+08  0.114845E+08  0.378740E+06  0.372585E+06  0.113699E+08  0.114822E+08
  0.199124E-02  0.114735E+08  0.114703E+08  0.356379E+06  0.348552E+06  0.113481E+08  0.114676E+08
  0.205862E-02  0.114585E+08  0.114553E+08  0.342365E+06  0.332956E+06  0.113253E+08  0.114523E+08
  0.212827E-02  0.114428E+08  0.114396E+08  0.333607E+06  0.322729E+06  0.113012E+08  0.114363E+08
  0.220028E-02  0.114263E+08  0.114231E+08  0.326289E+06  0.314106E+06  0.112758E+08  0.114194E+08
  0.227473E-02  0.114090E+08  0.114058E+08  0.316680E+06  0.303462E+06  0.112491E+08  0.114016E+08
  0.235169E-02  0.113908E+08  0.113875E+08  0.302022E+06  0.288207E+06  0.112211E+08  0.113830E+08
  0.243127E-02  0.113717E+08  0.113684E+08  0.281282E+06  0.267503E+06  0.111915E+08  0.113635E+08
  0.251353E-02  0.113516E+08  0.113483E+08  0.255491E+06  0.242539E+06  0.111606E+08  0.113429E+08
  0.259857E-02  0.113306E+08  0.113273E+08  0.227496E+06  0.216205E+06  0.111280E+08  0.113214E+08
  0.268650E-02  0.113085E+08  0.113052E+08  0.201104E+06  0.192157E+06  0.110938E+08  0.112988E+08
  0.277740E-02  0.112854E+08  0.112820E+08  0.179793E+06  0.173521E+06  0.110580E+08  0.112751E+08
  0.287137E-02  0.112612E+08  0.112577E+08  0.165413E+06  0.161651E+06  0.110204E+08  0.112503E+08
  0.296852E-02  0.112358E+08  0.112323E+08  0.157412E+06  0.155493E+06  0.109811E+08  0.112243E+08
  0.306896E-02  0.112092E+08  0.112056E+08  0.153003E+06  0.151934E+06  0.109399E+08  0.111971E+08
  0.317280E-02  0.111814E+08  0.111777E+08  0.148373E+06  0.147142E+06  0.108968E+08  0.111686E+08
  0.328016E-02  0.111523E+08  0.111486E+08  0.140502E+06  0.138410E+06  0.108517E+08  0.111388E+08
  0.339114E-02  0.111218E+08  0.111180E+08  0.128744E+06  0.125582E+06  0.108046E+08  0.111076E+08
  0.350588E-02  0.110900E+08  0.110861E+08  0.115211E+06  0.111190E+06  0.107555E+08  0.110750E+08
  0.362450E-02  0.110567E+08  0.110528E+08  0.103534E+06  0.989940E+05  0.107042E+08  0.110410E+08
  0.374714E-02  0.110220E+08  0.110180E+08  0.964978E+05  0.915894E+05  0.106508E+08  0.110055E+08
  0.387393E-02  0.109858E+08  0.109817E+08  0.939928E+05  0.885918E+05  0.105952E+08  0.109684E+08
  0.400500E-02  0.109480E+08  0.109438E+08  0.928415E+05  0.868085E+05  0.105373E+08  0.109297E+08
  0.414051E-02  0.109086E+08  0.109043E+08  0.889844E+05  0.825964E+05  0.104772E+08  0.108894E+08
  0.428061E-02  0.108676E+08  0.108631E+08  0.806644E+05  0.748020E+05  0.104147E+08  0.108475E+08
  0.442544E-02  0.108248E+08  0.108203E+08  0.700178E+05  0.657905E+05  0.103499E+08  0.108038E+08
  0.457518E-02  0.107804E+08  0.107757E+08  0.613369E+05  0.593065E+05  0.102828E+08  0.107583E+08
  0.472998E-02  0.107341E+08  0.107294E+08  0.571392E+05  0.568014E+05  0.102132E+08  0.107111E+08
  0.489002E-02  0.106861E+08  0.106812E+08  0.557354E+05  0.558608E+05  0.101413E+08  0.106620E+08
  0.505548E-02  0.106362E+08  0.106312E+08  0.531422E+05  0.527916E+05  0.100669E+08  0.106110E+08
  0.522653E-02  0.105845E+08  0.105793E+08  0.476920E+05  0.469061E+05  0.999009E+07  0.105582E+08
  0.540337E-02  0.105308E+08  0.105254E+08  0.419750E+05  0.413779E+05  0.991084E+07  0.105034E+08
  0.558620E-02  0.104752E+08  0.104696E+08  0.392101E+05  0.390735E+05  0.982914E+07  0.104466E+08
  0.577521E-02  0.104177E+08  0.104119E+08  0.384645E+05  0.385454E+05  0.974498E+07  0.103879E+08
  0.597061E-02  0.103581E+08  0.103521E+08  0.358501E+05  0.365224E+05  0.965837E+07  0.103272E+08
  0.617263E-02  0.102966E+08  0.102904E+08  0.307950E+05  0.331316E+05  0.956930E+07  0.102644E+08
  0.638148E-02  0.102330E+08  0.102266E+08  0.275639E+05  0.000000E+00  0.947777E+07  0.101996E+08
  0.659740E-02  0.101691E+08  0.101624E+08  0.282754E+05  0.000000E+00  0.938912E+07  0.101346E+08
  0.682063E-02  0.101015E+08  0.100946E+08  0.287236E+05  0.000000E+00  0.929263E+07  0.100658E+08
  0.705141E-02  0.100319E+08  0.100247E+08  0.256926E+05  0.000000E+00  0.919361E+07  0.999481E+07
  0.728999E-02  0.996012E+07  0.995264E+07  0.229714E+05  0.000000E+00  0.909205E+07  0.992175E+07
  0.753665E-02  0.988629E+07  0.987850E+07  0.234411E+05  0.000000E+00  0.898796E+07  0.984656E+07
  0.779166E-02  0.981034E+07  0.980222E+07  0.227664E+05  0.000000E+00  0.888133E+07  0.976925E+07
  0.805529E-02  0.973227E+07  0.972380E+07  0.190442E+05  0.000000E+00  0.877217E+07  0.968980E+07
  0.832784E-02  0.965157E+07  0.964272E+07  0.169391E+05  0.000000E+00  0.865922E+07  0.960765E+07
  0.860962E-02  0.956917E+07  0.955993E+07  0.162573E+05  0.000000E+00  0.854490E+07  0.952382E+07
  0.890093E-02  0.948461E+07  0.947496E+07  0.141778E+05  0.000000E+00  0.842809E+07  0.943782E+07
  0.920209E-02  0.939790E+07  0.938781E+07  0.138130E+05  0.000000E+00  0.830881E+07  0.934965E+07
  0.951345E-02  0.930903E+07  0.929847E+07  0.138739E+05  0.000000E+00  0.818711E+07  0.925929E+07
  0.983534E-02  0.921798E+07  0.920693E+07  0.118888E+05  0.000000E+00  0.806302E+07  0.916675E+07
  0.101681E-01  0.912475E+07  0.911318E+07  0.115200E+05  0.000000E+00  0.793659E+07  0.907202E+07
  0.105122E-01  0.902954E+07  0.901742E+07  0.105828E+05  0.000000E+00  0.780828E+07  0.897531E+07
  0.108678E-01  0.893197E+07  0.891926E+07  0.854555E+04  0.000000E+00  0.767736E+07  0.887622E+07
  0.112356E-01  0.883220E+07  0.881889E+07  0.897190E+04  0.000000E+00  0.754426E+07  0.877493E+07
  0.116157E-01  0.873024E+07  0.871628E+07  0.804756E+04  0.000000E+00  0.740902E+07  0.867144E+07
  0.120087E-01  0.862608E+07  0.861145E+07  0.759591E+04  0.000000E+00  0.727169E+07  0.856576E+07
  0.124151E-01  0.851964E+07  0.850430E+07  0.700989E+04  0.000000E+00  0.713222E+07  0.845779E+07
  0.128351E-01  0.841105E+07  0.839496E+07  0.639368E+04  0.000000E+00  0.699089E+07  0.834769E+07
  0.132694E-01  0.830024E+07  0.828338E+07  0.564940E+04  0.000000E+00  0.684768E+07  0.823538E+07
  0.137184E-01  0.818723E+07  0.816955E+07  0.527055E+04  0.000000E+00  0.670264E+07  0.812086E+07
  0.141825E-01  0.807203E+07  0.805350E+07  0.506998E+04  0.000000E+00  0.655603E+07  0.800419E+07
  0.146624E-01  0.795462E+07  0.793519E+07  0.459419E+04  0.000000E+00  0.640790E+07  0.788532E+07
  0.151585E-01  0.783501E+07  0.781466E+07  0.428146E+04  0.000000E+00  0.625840E+07  0.776430E+07
  0.156714E-01  0.771324E+07  0.769193E+07  0.381528E+04  0.000000E+00  0.610770E+07  0.764114E+07
  0.162017E-01  0.758932E+07  0.756700E+07  0.333855E+04  0.000000E+00  0.595589E+07  0.751587E+07
  0.167499E-01  0.746328E+07  0.743993E+07  0.341998E+04  0.000000E+00  0.580310E+07  0.738853E+07
  0.173166E-01  0.733516E+07  0.731074E+07  0.312450E+04  0.000000E+00  0.564938E+07  0.725915E+07
  0.179025E-01  0.720498E+07  0.717947E+07  0.256654E+04  0.000000E+00  0.549480E+07  0.712776E+07
  0.185082E-01  0.707280E+07  0.704615E+07  0.243945E+04  0.000000E+00  0.533942E+07  0.699442E+07
  0.191345E-01  0.693865E+07  0.691085E+07  0.239082E+04  0.000000E+00  0.518338E+07  0.685916E+07
  0.197819E-01  0.680260E+07  0.677362E+07  0.214461E+04  0.000000E+00  0.502687E+07  0.672205E+07
  0.204512E-01  0.666471E+07  0.663453E+07  0.178849E+04  0.000000E+00  0.487012E+07  0.658317E+07
  0.211432E-01  0.652507E+07  0.649367E+07  0.172669E+04  0.000000E+00  0.471344E+07  0.644262E+07
  0.218586E-01  0.638379E+07  0.635117E+07  0.168713E+04  0.000000E+00  0.455709E+07  0.630051E+07
  0.225982E-01  0.624100E+07  0.620716E+07  0.130183E+04  0.000000E+00  0.440133E+07  0.615698E+07
  0.233628E-01  0.609685E+07  0.606179E+07  0.127800E+04  0.000000E+00  0.424636E+07  0.601218E+07
  0.241533E-01  0.595151E+07  0.591524E+07  0.109489E+04  0.000000E+00  0.409235E+07  0.586629E+07
  0.249705E-01  0.580517E+07  0.576773E+07  0.110316E+04  0.000000E+00  0.393947E+07  0.571949E+07
  0.258154E-01  0.565805E+07  0.561946E+07  0.997130E+03  0.000000E+00  0.378793E+07  0.557201E+07
  0.266889E-01  0.551036E+07  0.547067E+07  0.882470E+03  0.000000E+00  0.363796E+07  0.542406E+07
  0.275919E-01  0.536236E+07  0.532164E+07  0.854534E+03  0.000000E+00  0.348986E+07  0.527590E+07
  0.285255E-01  0.521433E+07  0.517264E+07  0.819543E+03  0.000000E+00  0.334389E+07  0.512781E+07
  0.294906E-01  0.506656E+07  0.502400E+07  0.676845E+03  0.000000E+00  0.320036E+07  0.498009E+07
  0.304885E-01  0.491938E+07  0.487605E+07  0.535736E+03  0.000000E+00  0.305957E+07  0.483307E+07
  0.315201E-01  0.477315E+07  0.472916E+07  0.553138E+03  0.000000E+00  0.292180E+07  0.468711E+07
  0.325865E-01  0.462824E+07  0.458374E+07  0.492651E+03  0.000000E+00  0.278731E+07  0.454257E+07
  0.336891E-01  0.448505E+07  0.444018E+07  0.451765E+03  0.000000E+00  0.265632E+07  0.439984E+07
  0.348290E-01  0.434398E+07  0.429892E+07  0.408551E+03  0.000000E+00  0.252907E+07  0.425934E+07
  0.360074E-01  0.420546E+07  0.416039E+07  0.383386E+03  0.000000E+00  0.240582E+07  0.412148E+07
  0.372258E-01  0.406991E+07  0.402503E+07  0.370001E+03  0.000000E+00  0.228684E+07  0.398666E+07
  0.384853E-01  0.393773E+07  0.389325E+07  0.306299E+03  0.000000E+00  0.217229E+07  0.385530E+07
  0.397875E-01  0.380933E+07  0.376547E+07  0.275295E+03  0.000000E+00  0.206229E+07  0.372779E+07
  0.411337E-01  0.368508E+07  0.364206E+07  0.247944E+03  0.000000E+00  0.195695E+07  0.360447E+07
  0.425255E-01  0.356529E+07  0.352336E+07  0.244823E+03  0.000000E+00  0.185640E+07  0.348567E+07
  0.439643E-01  0.345026E+07  0.340963E+07  0.190792E+03  0.000000E+00  0.176072E+07  0.337167E+07
  0.454298E-01  0.334177E+07  0.330265E+07  0.175699E+03  0.000000E+00  0.167117E+07  0.326422E+07
  0.468953E-01  0.324145E+07  0.320398E+07  0.171422E+03  0.000000E+00  0.158888E+07  0.316492E+07
  0.483608E-01  0.314869E+07  0.311298E+07  0.141822E+03  0.000000E+00  0.151316E+07  0.307315E+07
  0.498262E-01  0.306287E+07  0.302902E+07  0.147158E+03  0.000000E+00  0.144336E+07  0.298830E+07
  0.512917E-01  0.298337E+07  0.295141E+07  0.133810E+03  0.000000E+00  0.137891E+07  0.290972E+07
  0.527572E-01  0.290954E+07  0.287951E+07  0.113187E+03  0.000000E+00  0.131927E+07  0.283679E+07
  0.542227E-01  0.284078E+07  0.281266E+07  0.113428E+03  0.000000E+00  0.126390E+07  0.276889E+07
  0.556882E-01  0.277646E+07  0.275023E+07  0.100937E+03  0.000000E+00  0.121233E+07  0.270540E+07
  0.571536E-01  0.271602E+07  0.269160E+07  0.836264E+02  0.000000E+00  0.116412E+07  0.264576E+07
  0.586191E-01  0.265889E+07  0.263621E+07  0.103416E+03  0.000000E+00  0.111888E+07  0.258940E+07
  0.600846E-01  0.260456E+07  0.258351E+07  0.755436E+02  0.000000E+00  0.107625E+07  0.253581E+07
  0.615501E-01  0.255254E+07  0.253300E+07  0.805766E+02  0.000000E+00  0.103590E+07  0.248452E+07
  0.630155E-01  0.250240E+07  0.248423E+07  0.753744E+02  0.000000E+00  0.997569E+06  0.243509E+07
  0.644810E-01  0.245376E+07  0.243681E+07  0.624242E+02  0.000000E+00  0.961013E+06  0.238715E+07
  0.659465E-01  0.240627E+07  0.239039E+07  0.511847E+02  0.000000E+00  0.926032E+06  0.234036E+07
  0.674120E-01  0.235964E+07  0.234468E+07  0.596876E+02  0.000000E+00  0.892448E+06  0.229443E+07
  0.688775E-01  0.231364E+07  0.229943E+07  0.523764E+02  0.000000E+00  0.860108E+06  0.224913E+07
  0.703429E-01  0.226807E+07  0.225446E+07  0.546879E+02  0.000000E+00  0.828891E+06  0.220426E+07
  0.718084E-01  0.222279E+07  0.220963E+07  0.459809E+02  0.000000E+00  0.798706E+06  0.215970E+07
  0.732739E-01  0.217770E+07  0.216484E+07  0.398101E+02  0.000000E+00  0.769482E+06  0.211533E+07
  0.747394E-01  0.213277E+07  0.212008E+07  0.454331E+02  0.000000E+00  0.741167E+06  0.207114E+07
  0.762048E-01  0.208790E+07  0.207526E+07  0.376327E+02  0.000000E+00  0.713697E+06  0.202703E+07
  0.776703E-01  0.204318E+07  0.203047E+07  0.423878E+02  0.000000E+00  0.687069E+06  0.198307E+07
  0.791358E-01  0.199865E+07  0.198579E+07  0.353470E+02  0.000000E+00  0.661271E+06  0.193932E+07
  0.806013E-01  0.195438E+07  0.194129E+07  0.353972E+02  0.000000E+00  0.636295E+06  0.189585E+07
  0.820668E-01  0.191048E+07  0.189709E+07  0.293930E+02  0.000000E+00  0.612143E+06  0.185275E+07
  0.835322E-01  0.186706E+07  0.185334E+07  0.242746E+02  0.000000E+00  0.588824E+06  0.181014E+07
  0.849977E-01  0.182425E+07  0.181016E+07  0.226074E+02  0.000000E+00  0.566348E+06  0.176815E+07
  0.864632E-01  0.178217E+07  0.176771E+07  0.296917E+02  0.000000E+00  0.544729E+06  0.172690E+07
  0.879287E-01  0.174098E+07  0.172614E+07  0.212287E+02  0.000000E+00  0.523972E+06  0.168652E+07
  0.893941E-01  0.170079E+07  0.168560E+07  0.131203E+02  0.000000E+00  0.504085E+06  0.164716E+07
  0.908596E-01  0.166175E+07  0.164622E+07  0.213673E+02  0.000000E+00  0.485072E+06  0.160892E+07
  0.923251E-01  0.162395E+07  0.160814E+07  0.200596E+02  0.000000E+00  0.466937E+06  0.157193E+07
  0.941548E-01  0.157868E+07  0.156259E+07  0.184650E+02  0.000000E+00  0.445524E+06  0.152764E+07
  0.959845E-01  0.153571E+07  0.151942E+07  0.145047E+02  0.000000E+00  0.425457E+06  0.148562E+07
  0.978141E-01  0.149515E+07  0.147877E+07  0.147403E+02  0.000000E+00  0.406711E+06  0.144598E+07
  0.996438E-01  0.145709E+07  0.144074E+07  0.206155E+02  0.000000E+00  0.389246E+06  0.140881E+07
  0.101473E+00  0.142156E+07  0.140535E+07  0.189726E+02  0.000000E+00  0.373009E+06  0.137413E+07
  0.103303E+00  0.138856E+07  0.137259E+07  0.119957E+02  0.000000E+00  0.357940E+06  0.134193E+07
  0.105133E+00  0.135800E+07  0.134239E+07  0.123413E+02  0.000000E+00  0.343969E+06  0.131215E+07
  0.106963E+00  0.132980E+07  0.131464E+07  0.141633E+02  0.000000E+00  0.331020E+06  0.128467E+07
  0.108792E+00  0.130381E+07  0.128918E+07  0.108299E+02  0.000000E+00  0.319010E+06  0.125935E+07
  0.110622E+00  0.127984E+07  0.126581E+07  0.108796E+02  0.000000E+00  0.307851E+06  0.123602E+07
  0.112452E+00  0.125769E+07  0.124432E+07  0.134228E+02  0.000000E+00  0.297458E+06  0.121448E+07
  0.114281E+00  0.123714E+07  0.122446E+07  0.103411E+02  0.000000E+00  0.287743E+06  0.119450E+07
  0.116111E+00  0.121795E+07  0.120597E+07  0.745302E+01  0.000000E+00  0.278623E+06  0.117585E+07
  0.117941E+00  0.119988E+07  0.118861E+07  0.831467E+01  0.000000E+00  0.270016E+06  0.115828E+07
  0.119770E+00  0.118269E+07  0.117211E+07  0.719575E+01  0.000000E+00  0.261846E+06  0.114158E+07
  0.121600E+00  0.116614E+07  0.115622E+07  0.728942E+01  0.000000E+00  0.254047E+06  0.112551E+07
  0.123430E+00  0.115002E+07  0.114072E+07  0.103214E+02  0.000000E+00  0.246554E+06  0.110985E+07
  0.125259E+00  0.113414E+07  0.112540E+07  0.849542E+01  0.000000E+00  0.239316E+06  0.109442E+07
  0.127089E+00  0.111832E+07  0.111008E+07  0.492261E+01  0.000000E+00  0.232287E+06  0.107906E+07
  0.128919E+00  0.110242E+07  0.109461E+07  0.683489E+01  0.000000E+00  0.225431E+06  0.106361E+07
  0.130748E+00  0.108633E+07  0.107887E+07  0.785290E+01  0.000000E+00  0.218718E+06  0.104798E+07
  0.132578E+00  0.106997E+07  0.106278E+07  0.571352E+01  0.000000E+00  0.212128E+06  0.103207E+07
  0.134408E+00  0.105328E+07  0.104630E+07  0.000000E+00  0.000000E+00  0.205649E+06  0.101586E+07
  0.136237E+00  0.103625E+07  0.102939E+07  0.000000E+00  0.000000E+00  0.199273E+06  0.999297E+06
  0.138067E+00  0.101888E+07  0.101208E+07  0.000000E+00  0.000000E+00  0.193000E+06  0.982414E+06
  0.139897E+00  0.100122E+07  0.994408E+06  0.000000E+00  0.000000E+00  0.186835E+06  0.965243E+06
  0.141726E+00  0.983308E+06  0.976442E+06  0.000000E+00  0.000000E+00  0.180785E+06  0.947835E+06
  0.143556E+00  0.965230E+06  0.958263E+06  0.000000E+00  0.000000E+00  0.174860E+06  0.930264E+06
  0.145386E+00  0.947079E+06  0.939977E+06  0.000000E+00  0.000000E+00  0.169075E+06  0.912624E+06
  0.147215E+00  0.928957E+06  0.921695E+06  0.000000E+00  0.000000E+00  0.163443E+06  0.895014E+06
  0.149045E+00  0.910968E+06  0.903534E+06  0.000000E+00  0.000000E+00  0.157978E+06  0.877537E+06
  0.150875E+00  0.893224E+06  0.885616E+06  0.000000E+00  0.000000E+00  0.152694E+06  0.860301E+06
  0.152704E+00  0.875835E+06  0.868058E+06  0.000000E+00  0.000000E+00  0.147603E+06  0.843415E+06
  0.154534E+00  0.858900E+06  0.850971E+06  0.000000E+00  0.000000E+00  0.142716E+06  0.826974E+06
  0.156364E+00  0.842512E+06  0.834454E+06  0.000000E+00  0.000000E+00  0.138042E+06  0.811070E+06
  0.158193E+00  0.826753E+06  0.818595E+06  0.000000E+00  0.000000E+00  0.133586E+06  0.795781E+06
  0.160023E+00  0.811686E+06  0.803464E+06  0.000000E+00  0.000000E+00  0.129350E+06  0.781169E+06
  0.161853E+00  0.797360E+06  0.789111E+06  0.000000E+00  0.000000E+00  0.125335E+06  0.767282E+06
  0.163683E+00  0.783811E+06  0.775576E+06  0.000000E+00  0.000000E+00  0.121539E+06  0.754154E+06
  0.165512E+00  0.771055E+06  0.762874E+06  0.000000E+00  0.000000E+00  0.117955E+06  0.741800E+06
  0.167342E+00  0.759090E+06  0.751002E+06  0.000000E+00  0.000000E+00  0.114578E+06  0.730217E+06
  0.169172E+00  0.747894E+06  0.739938E+06  0.000000E+00  0.000000E+00  0.111395E+06  0.719385E+06
  0.171001E+00  0.737435E+06  0.729646E+06  0.000000E+00  0.000000E+00  0.108395E+06  0.709271E+06
  0.172831E+00  0.727668E+06  0.720076E+06  0.000000E+00  0.000000E+00  0.105566E+06  0.699831E+06
  0.174661E+00  0.718533E+06  0.711164E+06  0.000000E+00  0.000000E+00  0.102892E+06  0.691007E+06
  0.176490E+00  0.709963E+06  0.702835E+06  0.000000E+00  0.000000E+00  0.100359E+06  0.682732E+06
  0.178320E+00  0.701881E+06  0.695010E+06  0.000000E+00  0.000000E+00  0.979506E+05  0.674932E+06
  0.180150E+00  0.694212E+06  0.687604E+06  0.000000E+00  0.000000E+00  0.956527E+05  0.667533E+06
  0.181979E+00  0.686873E+06  0.680531E+06  0.000000E+00  0.000000E+00  0.934505E+05  0.660454E+06
  0.183809E+00  0.679784E+06  0.673704E+06  0.000000E+00  0.000000E+00  0.913295E+05  0.653617E+06
  0.185639E+00  0.672868E+06  0.667040E+06  0.000000E+00  0.000000E+00  0.892769E+05  0.646947E+06
  0.187468E+00  0.666052E+06  0.660462E+06  0.000000E+00  0.000000E+00  0.872813E+05  0.640374E+06
  0.189298E+00  0.659272E+06  0.653902E+06  0.000000E+00  0.000000E+00  0.853325E+05  0.633835E+06
  0.191128E+00  0.652471E+06  0.647299E+06  0.000000E+00  0.000000E+00  0.834217E+05  0.627273E+06
  0.192957E+00  0.645601E+06  0.640602E+06  0.000000E+00  0.000000E+00  0.815419E+05  0.620643E+06
  0.194787E+00  0.638625E+06  0.633773E+06  0.000000E+00  0.000000E+00  0.796877E+05  0.613909E+06
  0.196617E+00  0.631515E+06  0.626782E+06  0.000000E+00  0.000000E+00  0.778552E+05  0.607043E+06
  0.198446E+00  0.624255E+06  0.619615E+06  0.000000E+00  0.000000E+00  0.760421E+05  0.600031E+06
  0.200276E+00  0.616841E+06  0.612268E+06  0.000000E+00  0.000000E+00  0.742476E+05  0.592868E+06
  0.202106E+00  0.609277E+06  0.604745E+06  0.000000E+00  0.000000E+00  0.724718E+05  0.585559E+06
  0.203935E+00  0.601575E+06  0.597062E+06  0.000000E+00  0.000000E+00  0.707160E+05  0.578115E+06
  0.205765E+00  0.593759E+06  0.589244E+06  0.000000E+00  0.000000E+00  0.689824E+05  0.570559E+06
  0.207595E+00  0.585856E+06  0.581323E+06  0.000000E+00  0.000000E+00  0.672741E+05  0.562919E+06
  0.209424E+00  0.577899E+06  0.573334E+06  0.000000E+00  0.000000E+00  0.655944E+05  0.555227E+06
  0.211254E+00  0.569926E+06  0.565318E+06  0.000000E+00  0.000000E+00  0.639467E+05  0.547519E+06
  0.213084E+00  0.561976E+06  0.557321E+06  0.000000E+00  0.000000E+00  0.623348E+05  0.539835E+06
  0.214913E+00  0.554093E+06  0.549386E+06  0.000000E+00  0.000000E+00  0.607624E+05  0.532214E+06
  0.216743E+00  0.546315E+06  0.541558E+06  0.000000E+00  0.000000E+00  0.592332E+05  0.524698E+06
  0.218573E+00  0.538682E+06  0.533879E+06  0.000000E+00  0.000000E+00  0.577500E+05  0.517321E+06
  0.220402E+00  0.531229E+06  0.526387E+06  0.000000E+00  0.000000E+00  0.563153E+05  0.510121E+06
  0.222232E+00  0.523988E+06  0.519115E+06  0.000000E+00  0.000000E+00  0.549313E+05  0.503126E+06
  0.224062E+00  0.516985E+06  0.512093E+06  0.000000E+00  0.000000E+00  0.535993E+05  0.496364E+06
  0.225892E+00  0.510242E+06  0.505345E+06  0.000000E+00  0.000000E+00  0.523201E+05  0.489855E+06
  0.227721E+00  0.503776E+06  0.498886E+06  0.000000E+00  0.000000E+00  0.510939E+05  0.483615E+06
  0.229551E+00  0.497594E+06  0.492726E+06  0.000000E+00  0.000000E+00  0.499200E+05  0.477651E+06
  0.231381E+00  0.491700E+06  0.486868E+06  0.000000E+00  0.000000E+00  0.487973E+05  0.471967E+06
  0.233210E+00  0.486091E+06  0.481310E+06  0.000000E+00  0.000000E+00  0.477240E+05  0.466561E+06
  0.235040E+00  0.480760E+06  0.476042E+06  0.000000E+00  0.000000E+00  0.466980E+05  0.461424E+06
  0.236870E+00  0.475692E+06  0.471049E+06  0.000000E+00  0.000000E+00  0.457166E+05  0.456542E+06
  0.238699E+00  0.470868E+06  0.466311E+06  0.000000E+00  0.000000E+00  0.447768E+05  0.451898E+06
  0.240529E+00  0.466268E+06  0.461804E+06  0.000000E+00  0.000000E+00  0.438753E+05  0.447471E+06
  0.242359E+00  0.461868E+06  0.457504E+06  0.000000E+00  0.000000E+00  0.430089E+05  0.443237E+06
  0.244188E+00  0.457639E+06  0.453380E+06  0.000000E+00  0.000000E+00  0.421741E+05  0.439170E+06
  0.246018E+00  0.453554E+06  0.449401E+06  0.000000E+00  0.000000E+00  0.413673E+05  0.435242E+06
  0.247848E+00  0.449585E+06  0.445539E+06  0.000000E+00  0.000000E+00  0.405854E+05  0.431425E+06
  0.249677E+00  0.445705E+06  0.441763E+06  0.000000E+00  0.000000E+00  0.398252E+05  0.427694E+06
  0.251507E+00  0.441885E+06  0.438044E+06  0.000000E+00  0.000000E+00  0.390837E+05  0.424022E+06
  0.253337E+00  0.438102E+06  0.434357E+06  0.000000E+00  0.000000E+00  0.383583E+05  0.420385E+06
  0.255166E+00  0.434335E+06  0.430679E+06  0.000000E+00  0.000000E+00  0.376467E+05  0.416761E+06
  0.256996E+00  0.430562E+06  0.426987E+06  0.000000E+00  0.000000E+00  0.369470E+05  0.413133E+06
  0.258826E+00  0.426770E+06  0.423267E+06  0.000000E+00  0.000000E+00  0.362575E+05  0.409484E+06
  0.260655E+00  0.422945E+06  0.419505E+06  0.000000E+00  0.000000E+00  0.355771E+05  0.405804E+06
  0.262485E+00  0.419080E+06  0.415693E+06  0.000000E+00  0.000000E+00  0.349047E+05  0.402084E+06
  0.264315E+00  0.415168E+06  0.411826E+06  0.000000E+00  0.000000E+00  0.342399E+05  0.398318E+06
  0.266144E+00  0.411210E+06  0.407902E+06  0.000000E+00  0.000000E+00  0.335826E+05  0.394507E+06
  0.267974E+00  0.407208E+06  0.403926E+06  0.000000E+00  0.000000E+00  0.329326E+05  0.390653E+06
  0.269804E+00  0.403168E+06  0.399903E+06  0.000000E+00  0.000000E+00  0.322905E+05  0.386761E+06
  0.271633E+00  0.399095E+06  0.395842E+06  0.000000E+00  0.000000E+00  0.316566E+05  0.382838E+06
  0.273463E+00  0.395002E+06  0.391753E+06  0.000000E+00  0.000000E+00  0.310317E+05  0.378894E+06
  0.275293E+00  0.390900E+06  0.387651E+06  0.000000E+00  0.000000E+00  0.304164E+05  0.374941E+06
  0.277122E+00  0.386802E+06  0.383550E+06  0.000000E+00  0.000000E+00  0.298118E+05  0.370993E+06
  0.278952E+00  0.382724E+06  0.379466E+06  0.000000E+00  0.000000E+00  0.292186E+05  0.367063E+06
  0.280782E+00  0.378678E+06  0.375414E+06  0.000000E+00  0.000000E+00  0.286378E+05  0.363166E+06
  0.282612E+00  0.374680E+06  0.371409E+06  0.000000E+00  0.000000E+00  0.280701E+05  0.359314E+06
  0.284441E+00  0.370742E+06  0.367466E+06  0.000000E+00  0.000000E+00  0.275162E+05  0.355521E+06
  0.286271E+00  0.366878E+06  0.363599E+06  0.000000E+00  0.000000E+00  0.269768E+05  0.351799E+06
  0.288101E+00  0.363098E+06  0.359819E+06  0.000000E+00  0.000000E+00  0.264524E+05  0.348159E+06
  0.289930E+00  0.359412E+06  0.356137E+06  0.000000E+00  0.000000E+00  0.259433E+05  0.344609E+06
  0.291760E+00  0.355827E+06  0.352560E+06  0.000000E+00  0.000000E+00  0.254497E+05  0.341158E+06
  0.293590E+00  0.352349E+06  0.349094E+06  0.000000E+00  0.000000E+00  0.249716E+05  0.337811E+06
  0.295419E+00  0.348981E+06  0.345744E+06  0.000000E+00  0.000000E+00  0.245088E+05  0.334570E+06
  0.297249E+00  0.345724E+06  0.342509E+06  0.000000E+00  0.000000E+00  0.240613E+05  0.331437E+06
  0.299079E+00  0.342574E+06  0.339387E+06  0.000000E+00  0.000000E+00  0.236283E+05  0.328408E+06
  0.300908E+00  0.339533E+06  0.336377E+06  0.000000E+00  0.000000E+00  0.232094E+05  0.325484E+06
  0.302738E+00  0.336594E+06  0.333474E+06  0.000000E+00  0.000000E+00  0.228041E+05  0.322659E+06
  0.304568E+00  0.333752E+06  0.330672E+06  0.000000E+00  0.000000E+00  0.224116E+05  0.319928E+06
  0.306397E+00  0.331000E+06  0.327962E+06  0.000000E+00  0.000000E+00  0.220312E+05  0.317284E+06
  0.308227E+00  0.328329E+06  0.325335E+06  0.000000E+00  0.000000E+00  0.216619E+05  0.314719E+06
  0.310057E+00  0.325730E+06  0.322782E+06  0.000000E+00  0.000000E+00  0.213029E+05  0.312223E+06
  0.311886E+00  0.323193E+06  0.320291E+06  0.000000E+00  0.000000E+00  0.209535E+05  0.309787E+06
  0.313716E+00  0.320708E+06  0.317853E+06  0.000000E+00  0.000000E+00  0.206126E+05  0.307401E+06
  0.315546E+00  0.318266E+06  0.315457E+06  0.000000E+00  0.000000E+00  0.202796E+05  0.305056E+06
  0.317375E+00  0.315857E+06  0.313093E+06  0.000000E+00  0.000000E+00  0.199536E+05  0.302743E+06
  0.319205E+00  0.313472E+06  0.310751E+06  0.000000E+00  0.000000E+00  0.196339E+05  0.300453E+06
  0.321035E+00  0.311104E+06  0.308423E+06  0.000000E+00  0.000000E+00  0.193199E+05  0.298179E+06
  0.322864E+00  0.308745E+06  0.306102E+06  0.000000E+00  0.000000E+00  0.190111E+05  0.295914E+06
  0.324694E+00  0.306389E+06  0.303782E+06  0.000000E+00  0.000000E+00  0.187070E+05  0.293651E+06
  0.326524E+00  0.304032E+06  0.301457E+06  0.000000E+00  0.000000E+00  0.184073E+05  0.291388E+06
  0.328353E+00  0.301671E+06  0.299124E+06  0.000000E+00  0.000000E+00  0.181116E+05  0.289120E+06
  0.330183E+00  0.299304E+06  0.296782E+06  0.000000E+00  0.000000E+00  0.178198E+05  0.286845E+06
  0.332013E+00  0.296929E+06  0.294428E+06  0.000000E+00  0.000000E+00  0.175317E+05  0.284563E+06
  0.333842E+00  0.294547E+06  0.292065E+06  0.000000E+00  0.000000E+00  0.172474E+05  0.282274E+06
  0.335672E+00  0.292160E+06  0.289694E+06  0.000000E+00  0.000000E+00  0.169668E+05  0.279979E+06
  0.337502E+00  0.289770E+06  0.287317E+06  0.000000E+00  0.000000E+00  0.166900E+05  0.277682E+06
  0.339332E+00  0.287380E+06  0.284938E+06  0.000000E+00  0.000000E+00  0.164172E+05  0.275385E+06
  0.341161E+00  0.284994E+06  0.282562E+06  0.000000E+00  0.000000E+00  0.161485E+05  0.273091E+06
  0.342991E+00  0.282618E+06  0.280193E+06  0.000000E+00  0.000000E+00  0.158840E+05  0.270806E+06
  0.344821E+00  0.280254E+06  0.277836E+06  0.000000E+00  0.000000E+00  0.156241E+05  0.268534E+06
  0.346650E+00  0.277910E+06  0.275497E+06  0.000000E+00  0.000000E+00  0.153688E+05  0.266280E+06
  0.348480E+00  0.275588E+06  0.273182E+06  0.000000E+00  0.000000E+00  0.151184E+05  0.264048E+06
  0.350310E+00  0.273294E+06  0.270894E+06  0.000000E+00  0.000000E+00  0.148730E+05  0.261843E+06
  0.352139E+00  0.271032E+06  0.268639E+06  0.000000E+00  0.000000E+00  0.146328E+05  0.259669E+06
  0.353969E+00  0.268807E+06  0.266422E+06  0.000000E+00  0.000000E+00  0.143978E+05  0.257531E+06
  0.355799E+00  0.266621E+06  0.264244E+06  0.000000E+00  0.000000E+00  0.141682E+05  0.255430E+06
  0.357628E+00  0.264477E+06  0.262110E+06  0.000000E+00  0.000000E+00  0.139440E+05  0.253370E+06
  0.359458E+00  0.262377E+06  0.260022E+06  0.000000E+00  0.000000E+00  0.137252E+05  0.251352E+06
  0.361288E+00  0.260322E+06  0.257980E+06  0.000000E+00  0.000000E+00  0.135117E+05  0.249379E+06
  0.363117E+00  0.258314E+06  0.255986E+06  0.000000E+00  0.000000E+00  0.133035E+05  0.247449E+06
  0.364947E+00  0.256351E+06  0.254040E+06  0.000000E+00  0.000000E+00  0.131005E+05  0.245564E+06
  0.366777E+00  0.254433E+06  0.252139E+06  0.000000E+00  0.000000E+00  0.129024E+05  0.243723E+06
  0.368606E+00  0.252558E+06  0.250284E+06  0.000000E+00  0.000000E+00  0.127093E+05  0.241923E+06
  0.370436E+00  0.250725E+06  0.248471E+06  0.000000E+00  0.000000E+00  0.125208E+05  0.240164E+06
  0.372266E+00  0.248931E+06  0.246698E+06  0.000000E+00  0.000000E+00  0.123367E+05  0.238442E+06
  0.374095E+00  0.247173E+06  0.244962E+06  0.000000E+00  0.000000E+00  0.121569E+05  0.236755E+06
  0.375925E+00  0.245448E+06  0.243260E+06  0.000000E+00  0.000000E+00  0.119810E+05  0.235100E+06
  0.377755E+00  0.243754E+06  0.241588E+06  0.000000E+00  0.000000E+00  0.118089E+05  0.233474E+06
  0.379584E+00  0.242085E+06  0.239943E+06  0.000000E+00  0.000000E+00  0.116403E+05  0.231874E+06
  0.381414E+00  0.240440E+06  0.238321E+06  0.000000E+00  0.000000E+00  0.114750E+05  0.230296E+06
  0.383244E+00  0.238815E+06  0.236718E+06  0.000000E+00  0.000000E+00  0.113127E+05  0.228736E+06
  0.385073E+00  0.237206E+06  0.235131E+06  0.000000E+00  0.000000E+00  0.111534E+05  0.227193E+06
  0.386903E+00  0.235612E+06  0.233558E+06  0.000000E+00  0.000000E+00  0.109967E+05  0.225664E+06
  0.388733E+00  0.234029E+06  0.231995E+06  0.000000E+00  0.000000E+00  0.108426E+05  0.224145E+06
  0.390562E+00  0.232456E+06  0.230441E+06  0.000000E+00  0.000000E+00  0.106909E+05  0.222636E+06
  0.392392E+00  0.230890E+06  0.228893E+06  0.000000E+00  0.000000E+00  0.105414E+05  0.221134E+06
  0.394222E+00  0.229330E+06  0.227351E+06  0.000000E+00  0.000000E+00  0.103941E+05  0.219637E+06
  0.396051E+00  0.227776E+06  0.225812E+06  0.000000E+00  0.000000E+00  0.102488E+05  0.218146E+06
  0.397881E+00  0.226226E+06  0.224277E+06  0.000000E+00  0.000000E+00  0.101056E+05  0.216659E+06
  0.399711E+00  0.224681E+06  0.222746E+06  0.000000E+00  0.000000E+00  0.996443E+04  0.215176E+06
  0.401541E+00  0.223141E+06  0.221218E+06  0.000000E+00  0.000000E+00  0.982520E+04  0.213698E+06
  0.403370E+00  0.221606E+06  0.219695E+06  0.000000E+00  0.000000E+00  0.968791E+04  0.212224E+06
  0.405200E+00  0.220078E+06  0.218176E+06  0.000000E+00  0.000000E+00  0.955258E+04  0.210757E+06
  0.407030E+00  0.218556E+06  0.216665E+06  0.000000E+00  0.000000E+00  0.941925E+04  0.209297E+06
  0.408859E+00  0.217043E+06  0.215161E+06  0.000000E+00  0.000000E+00  0.928792E+04  0.207844E+06
  0.410689E+00  0.215539E+06  0.213666E+06  0.000000E+00  0.000000E+00  0.915861E+04  0.206401E+06
  0.412519E+00  0.214047E+06  0.212182E+06  0.000000E+00  0.000000E+00  0.903135E+04  0.204969E+06
  0.414348E+00  0.212568E+06  0.210711E+06  0.000000E+00  0.000000E+00  0.890618E+04  0.203548E+06
  0.416178E+00  0.211102E+06  0.209253E+06  0.000000E+00  0.000000E+00  0.878312E+04  0.202142E+06
  0.418008E+00  0.209652E+06  0.207812E+06  0.000000E+00  0.000000E+00  0.866220E+04  0.200750E+06
  0.419837E+00  0.208219E+06  0.206387E+06  0.000000E+00  0.000000E+00  0.854343E+04  0.199375E+06
  0.421667E+00  0.206804E+06  0.204980E+06  0.000000E+00  0.000000E+00  0.842683E+04  0.198016E+06
  0.423497E+00  0.205408E+06  0.203593E+06  0.000000E+00  0.000000E+00  0.831239E+04  0.196676E+06
  0.425326E+00  0.204031E+06  0.202225E+06  0.000000E+00  0.000000E+00  0.820011E+04  0.195355E+06
  0.427156E+00  0.202674E+06  0.200879E+06  0.000000E+00  0.000000E+00  0.808998E+04  0.194054E+06
  0.428986E+00  0.201338E+06  0.199553E+06  0.000000E+00  0.000000E+00  0.798199E+04  0.192772E+06
  0.430815E+00  0.200023E+06  0.198248E+06  0.000000E+00  0.000000E+00  0.787608E+04  0.191511E+06
  0.432645E+00  0.198729E+06  0.196965E+06  0.000000E+00  0.000000E+00  0.777223E+04  0.190269E+06
  0.434475E+00  0.197454E+06  0.195702E+06  0.000000E+00  0.000000E+00  0.767039E+04  0.189046E+06
  0.436304E+00  0.196200E+06  0.194459E+06  0.000000E+00  0.000000E+00  0.757051E+04  0.187843E+06
  0.438134E+00  0.194964E+06  0.193236E+06  0.000000E+00  0.000000E+00  0.747252E+04  0.186658E+06
  0.439964E+00  0.193746E+06  0.192031E+06  0.000000E+00  0.000000E+00  0.737637E+04  0.185491E+06
  0.441793E+00  0.192546E+06  0.190844E+06  0.000000E+00  0.000000E+00  0.728199E+04  0.184340E+06
  0.443623E+00  0.191362E+06  0.189673E+06  0.000000E+00  0.000000E+00  0.718930E+04  0.183205E+06
  0.445453E+00  0.190193E+06  0.188517E+06  0.000000E+00  0.000000E+00  0.709823E+04  0.182084E+06
  0.447282E+00  0.189038E+06  0.187375E+06  0.000000E+00  0.000000E+00  0.700872E+04  0.180977E+06
  0.449112E+00  0.187896E+06  0.186245E+06  0.000000E+00  0.000000E+00  0.692071E+04  0.179882E+06
  0.450942E+00  0.186766E+06  0.185127E+06  0.000000E+00  0.000000E+00  0.683413E+04  0.178798E+06
  0.452771E+00  0.185645E+06  0.184019E+06  0.000000E+00  0.000000E+00  0.674890E+04  0.177724E+06
  0.454601E+00  0.184535E+06  0.182921E+06  0.000000E+00  0.000000E+00  0.666497E+04  0.176659E+06
  0.456431E+00  0.183433E+06  0.181831E+06  0.000000E+00  0.000000E+00  0.658231E+04  0.175603E+06
  0.458261E+00  0.182339E+06  0.180748E+06  0.000000E+00  0.000000E+00  0.650084E+04  0.174554E+06
  0.460090E+00  0.181252E+06  0.179672E+06  0.000000E+00  0.000000E+00  0.642054E+04  0.173512E+06
  0.461920E+00  0.180172E+06  0.178602E+06  0.000000E+00  0.000000E+00  0.634138E+04  0.172476E+06
  0.463750E+00  0.179098E+06  0.177539E+06  0.000000E+00  0.000000E+00  0.626331E+04  0.171446E+06
  0.465579E+00  0.178030E+06  0.176480E+06  0.000000E+00  0.000000E+00  0.618630E+04  0.170422E+06
  0.467409E+00  0.176968E+06  0.175428E+06  0.000000E+00  0.000000E+00  0.611036E+04  0.169404E+06
  0.469239E+00  0.175912E+06  0.174381E+06  0.000000E+00  0.000000E+00  0.603546E+04  0.168392E+06
  0.471068E+00  0.174862E+06  0.173339E+06  0.000000E+00  0.000000E+00  0.596158E+04  0.167385E+06
  0.472898E+00  0.173819E+06  0.172304E+06  0.000000E+00  0.000000E+00  0.588873E+04  0.166385E+06
  0.474728E+00  0.172782E+06  0.171275E+06  0.000000E+00  0.000000E+00  0.581690E+04  0.165390E+06
  0.476557E+00  0.171752E+06  0.170253E+06  0.000000E+00  0.000000E+00  0.574608E+04  0.164403E+06
  0.478387E+00  0.170730E+06  0.169238E+06  0.000000E+00  0.000000E+00  0.567628E+04  0.163423E+06
  0.480217E+00  0.169716E+06  0.168232E+06  0.000000E+00  0.000000E+00  0.560750E+04  0.162450E+06
  0.482046E+00  0.168710E+06  0.167233E+06  0.000000E+00  0.000000E+00  0.553974E+04  0.161486E+06
  0.483876E+00  0.167712E+06  0.166243E+06  0.000000E+00  0.000000E+00  0.547298E+04  0.160529E+06
  0.485706E+00  0.166723E+06  0.165261E+06  0.000000E+00  0.000000E+00  0.540721E+04  0.159580E+06
  0.487535E+00  0.165744E+06  0.164288E+06  0.000000E+00  0.000000E+00  0.534245E+04  0.158641E+06
  0.489365E+00  0.164774E+06  0.163326E+06  0.000000E+00  0.000000E+00  0.527872E+04  0.157712E+06
  0.491195E+00  0.163816E+06  0.162375E+06  0.000000E+00  0.000000E+00  0.521600E+04  0.156793E+06
  0.493024E+00  0.162868E+06  0.161434E+06  0.000000E+00  0.000000E+00  0.515428E+04  0.155884E+06
  0.494854E+00  0.161931E+06  0.160505E+06  0.000000E+00  0.000000E+00  0.509355E+04  0.154986E+06
  0.496684E+00  0.161004E+06  0.159586E+06  0.000000E+00  0.000000E+00  0.503381E+04  0.154098E+06
  0.498513E+00  0.160089E+06  0.158678E+06  0.000000E+00  0.000000E+00  0.497503E+04  0.153220E+06
  0.500343E+00  0.159184E+06  0.157782E+06  0.000000E+00  0.000000E+00  0.491720E+04  0.152353E+06
  0.502173E+00  0.158290E+06  0.156896E+06  0.000000E+00  0.000000E+00  0.486030E+04  0.151496E+06
  0.504002E+00  0.157406E+06  0.156020E+06  0.000000E+00  0.000000E+00  0.480431E+04  0.150649E+06
  0.505832E+00  0.156532E+06  0.155154E+06  0.000000E+00  0.000000E+00  0.474919E+04  0.149812E+06
  0.507662E+00  0.155668E+06  0.154298E+06  0.000000E+00  0.000000E+00  0.469494E+04  0.148983E+06
  0.509492E+00  0.154813E+06  0.153451E+06  0.000000E+00  0.000000E+00  0.464153E+04  0.148164E+06
  0.511321E+00  0.153967E+06  0.152614E+06  0.000000E+00  0.000000E+00  0.458893E+04  0.147353E+06
  0.513151E+00  0.153130E+06  0.151784E+06  0.000000E+00  0.000000E+00  0.453712E+04  0.146551E+06
  0.514980E+00  0.152300E+06  0.150963E+06  0.000000E+00  0.000000E+00  0.448607E+04  0.145756E+06
  0.516810E+00  0.151478E+06  0.150149E+06  0.000000E+00  0.000000E+00  0.443576E+04  0.144968E+06
  0.518640E+00  0.150663E+06  0.149342E+06  0.000000E+00  0.000000E+00  0.438616E+04  0.144187E+06
  0.520470E+00  0.149855E+06  0.148541E+06  0.000000E+00  0.000000E+00  0.433727E+04  0.143412E+06
  0.522299E+00  0.149053E+06  0.147747E+06  0.000000E+00  0.000000E+00  0.428905E+04  0.142644E+06
  0.524129E+00  0.148257E+06  0.146959E+06  0.000000E+00  0.000000E+00  0.424149E+04  0.141882E+06
  0.525959E+00  0.147467E+06  0.146177E+06  0.000000E+00  0.000000E+00  0.419457E+04  0.141125E+06
  0.527788E+00  0.146683E+06  0.145400E+06  0.000000E+00  0.000000E+00  0.414828E+04  0.140373E+06
  0.529618E+00  0.145904E+06  0.144628E+06  0.000000E+00  0.000000E+00  0.410260E+04  0.139627E+06
  0.531448E+00  0.145130E+06  0.143861E+06  0.000000E+00  0.000000E+00  0.405752E+04  0.138885E+06
  0.533277E+00  0.144362E+06  0.143100E+06  0.000000E+00  0.000000E+00  0.401303E+04  0.138149E+06
  0.535107E+00  0.143598E+06  0.142343E+06  0.000000E+00  0.000000E+00  0.396912E+04  0.137417E+06
  0.536937E+00  0.142840E+06  0.141591E+06  0.000000E+00  0.000000E+00  0.392578E+04  0.136691E+06
  0.538766E+00  0.142086E+06  0.140844E+06  0.000000E+00  0.000000E+00  0.388300E+04  0.135969E+06
  0.540596E+00  0.141338E+06  0.140102E+06  0.000000E+00  0.000000E+00  0.384078E+04  0.135252E+06
  0.542426E+00  0.140595E+06  0.139365E+06  0.000000E+00  0.000000E+00  0.379912E+04  0.134539E+06
  0.544255E+00  0.139857E+06  0.138633E+06  0.000000E+00  0.000000E+00  0.375800E+04  0.133832E+06
  0.546085E+00  0.139124E+06  0.137906E+06  0.000000E+00  0.000000E+00  0.371742E+04  0.133130E+06
  0.547915E+00  0.138397E+06  0.137185E+06  0.000000E+00  0.000000E+00  0.367738E+04  0.132433E+06
  0.549744E+00  0.137675E+06  0.136469E+06  0.000000E+00  0.000000E+00  0.363787E+04  0.131742E+06
  0.551574E+00  0.136959E+06  0.135759E+06  0.000000E+00  0.000000E+00  0.359889E+04  0.131056E+06
  0.553404E+00  0.136249E+06  0.135054E+06  0.000000E+00  0.000000E+00  0.356044E+04  0.130375E+06
  0.555233E+00  0.135545E+06  0.134356E+06  0.000000E+00  0.000000E+00  0.352250E+04  0.129700E+06
  0.557063E+00  0.134846E+06  0.133663E+06  0.000000E+00  0.000000E+00  0.348509E+04  0.129031E+06
  0.558893E+00  0.134154E+06  0.132976E+06  0.000000E+00  0.000000E+00  0.344818E+04  0.128367E+06
  0.560722E+00  0.133467E+06  0.132295E+06  0.000000E+00  0.000000E+00  0.341178E+04  0.127710E+06
  0.562552E+00  0.132787E+06  0.131621E+06  0.000000E+00  0.000000E+00  0.337588E+04  0.127058E+06
  0.564382E+00  0.132112E+06  0.130952E+06  0.000000E+00  0.000000E+00  0.334048E+04  0.126412E+06
  0.566211E+00  0.131444E+06  0.130290E+06  0.000000E+00  0.000000E+00  0.330556E+04  0.125772E+06
  0.568041E+00  0.130782E+06  0.129634E+06  0.000000E+00  0.000000E+00  0.327113E+04  0.125137E+06
  0.569871E+00  0.130126E+06  0.128983E+06  0.000000E+00  0.000000E+00  0.323717E+04  0.124509E+06
  0.571701E+00  0.129476E+06  0.128339E+06  0.000000E+00  0.000000E+00  0.320368E+04  0.123886E+06
  0.573530E+00  0.128832E+06  0.127701E+06  0.000000E+00  0.000000E+00  0.317064E+04  0.123269E+06
  0.575360E+00  0.128194E+06  0.127068E+06  0.000000E+00  0.000000E+00  0.313805E+04  0.122658E+06
  0.577190E+00  0.127561E+06  0.126442E+06  0.000000E+00  0.000000E+00  0.310591E+04  0.122052E+06
  0.579019E+00  0.126934E+06  0.125820E+06  0.000000E+00  0.000000E+00  0.307419E+04  0.121451E+06
  0.580849E+00  0.126313E+06  0.125204E+06  0.000000E+00  0.000000E+00  0.304291E+04  0.120856E+06
  0.582679E+00  0.125696E+06  0.124594E+06  0.000000E+00  0.000000E+00  0.301203E+04  0.120266E+06
  0.584508E+00  0.125085E+06  0.123988E+06  0.000000E+00  0.000000E+00  0.298156E+04  0.119680E+06
  0.586338E+00  0.124479E+06  0.123387E+06  0.000000E+00  0.000000E+00  0.295148E+04  0.119099E+06
  0.588168E+00  0.123877E+06  0.122791E+06  0.000000E+00  0.000000E+00  0.292179E+04  0.118523E+06
  0.589997E+00  0.123280E+06  0.122200E+06  0.000000E+00  0.000000E+00  0.289248E+04  0.117951E+06
  0.710818E+00  0.918704E+05  0.910650E+05  0.000000E+00  0.000000E+00  0.156597E+04  0.878740E+05
  0.868196E+00  0.666748E+05  0.660905E+05  0.000000E+00  0.000000E+00  0.799197E+03  0.637599E+05
  0.106042E+01  0.481649E+05  0.477428E+05  0.000000E+00  0.000000E+00  0.402650E+03  0.460517E+05
  0.129520E+01  0.346453E+05  0.343417E+05  0.000000E+00  0.000000E+00  0.200546E+03  0.331215E+05
  0.158196E+01  0.248253E+05  0.246077E+05  0.000000E+00  0.000000E+00  0.131294E+03  0.237328E+05
  0.193220E+01  0.177254E+05  0.175700E+05  0.000000E+00  0.000000E+00  0.647606E+02  0.169442E+05
  0.236000E+01  0.126153E+05  0.125046E+05  0.000000E+00  0.000000E+00  0.316559E+02  0.120586E+05
  0.288251E+01  0.895182E+04  0.887318E+04  0.000000E+00  0.000000E+00  0.153510E+02  0.855649E+04
  0.352071E+01  0.633495E+04  0.627920E+04  0.000000E+00  0.000000E+00  0.739240E+01  0.605503E+04
  0.430020E+01  0.447185E+04  0.443239E+04  0.000000E+00  0.000000E+00  0.353832E+01  0.427416E+04
  0.525228E+01  0.314939E+04  0.312149E+04  0.000000E+00  0.000000E+00  0.168478E+01  0.301011E+04
  0.641515E+01  0.221328E+04  0.219355E+04  0.000000E+00  0.000000E+00  0.798662E+00  0.211536E+04
  0.783548E+01  0.155233E+04  0.153838E+04  0.000000E+00  0.000000E+00  0.377187E+00  0.148363E+04
  0.957028E+01  0.108676E+04  0.107686E+04  0.000000E+00  0.000000E+00  0.177572E+00  0.103865E+04
  0.116892E+02  0.759523E+03  0.752470E+03  0.000000E+00  0.000000E+00  0.833725E-01  0.725872E+03
  0.142772E+02  0.529969E+03  0.524907E+03  0.000000E+00  0.000000E+00  0.390546E-01  0.506467E+03
  0.174382E+02  0.369238E+03  0.365566E+03  0.000000E+00  0.000000E+00  0.182577E-01  0.352842E+03
  0.212990E+02  0.256891E+03  0.254184E+03  0.000000E+00  0.000000E+00  0.852006E-02  0.245460E+03
  0.260147E+02  0.178487E+03  0.176450E+03  0.000000E+00  0.000000E+00  0.396952E-02  0.170521E+03
  0.317744E+02  0.123852E+03  0.122277E+03  0.000000E+00  0.000000E+00  0.184659E-02  0.118301E+03
  0.388094E+02  0.858335E+02  0.845742E+02  0.000000E+00  0.000000E+00  0.857785E-03  0.819611E+02
  0.474019E+02  0.594118E+02  0.583678E+02  0.000000E+00  0.000000E+00  0.397867E-03  0.567057E+02
  0.578968E+02  0.410715E+02  0.401727E+02  0.000000E+00  0.000000E+00  0.184261E-03  0.391742E+02
  0.707154E+02  0.283552E+02  0.275534E+02  0.000000E+00  0.000000E+00  0.851955E-04  0.270182E+02
  0.863719E+02  0.195477E+02  0.188101E+02  0.000000E+00  0.000000E+00  0.393120E-04  0.185984E+02
  0.105495E+03  0.134535E+02  0.127584E+02  0.000000E+00  0.000000E+00  0.180964E-04  0.127721E+02
