  0.357574E-05  0.191222E+08  0.191222E+08  0.254948E+08  0.254947E+08  0.191223E+08  0.191222E+08
  0.369673E-05  0.191222E+08  0.191222E+08  0.254947E+08  0.254946E+08  0.191223E+08  0.191222E+08
  0.382181E-05  0.191222E+08  0.191222E+08  0.254946E+08  0.254945E+08  0.191223E+08  0.191222E+08
  0.395112E-05  0.191222E+08  0.191222E+08  0.254945E+08  0.254944E+08  0.191223E+08  0.191222E+08
  0.408481E-05  0.191222E+08  0.191222E+08  0.254943E+08  0.254943E+08  0.191223E+08  0.191222E+08
  0.422302E-05  0.191222E+08  0.191222E+08  0.254942E+08  0.254941E+08  0.191223E+08  0.191222E+08
  0.436590E-05  0.191222E+08  0.191222E+08  0.254941E+08  0.254940E+08  0.191223E+08  0.191222E+08
  0.451363E-05  0.191222E+08  0.191222E+08  0.254939E+08  0.254938E+08  0.191223E+08  0.191222E+08
  0.466635E-05  0.191222E+08  0.191222E+08  0.254937E+08  0.254937E+08  0.191223E+08  0.191222E+08
  0.482423E-05  0.191222E+08  0.191222E+08  0.254936E+08  0.254935E+08  0.191223E+08  0.191222E+08
  0.498746E-05  0.191222E+08  0.191222E+08  0.254934E+08  0.254933E+08  0.191223E+08  0.191222E+08
  0.515621E-05  0.191222E+08  0.191222E+08  0.254932E+08  0.254931E+08  0.191223E+08  0.191222E+08
  0.533068E-05  0.191222E+08  0.191222E+08  0.254930E+08  0.254929E+08  0.191223E+08  0.191222E+08
  0.551104E-05  0.191222E+08  0.191222E+08  0.254928E+08  0.254927E+08  0.191223E+08  0.191222E+08
  0.569751E-05  0.191222E+08  0.191222E+08  0.254925E+08  0.254924E+08  0.191223E+08  0.191222E+08
  0.589029E-05  0.191222E+08  0.191222E+08  0.254923E+08  0.254921E+08  0.191223E+08  0.191222E+08
  0.608959E-05  0.191222E+08  0.191222E+08  0.254920E+08  0.254919E+08  0.191223E+08  0.191222E+08
  0.629563E-05  0.191222E+08  0.191222E+08  0.254917E+08  0.254916E+08  0.191223E+08  0.191222E+08
  0.650864E-05  0.191222E+08  0.191222E+08  0.254914E+08  0.254912E+08  0.191223E+08  0.191222E+08
  0.672887E-05  0.191222E+08  0.191222E+08  0.254910E+08  0.254909E+08  0.191223E+08  0.191222E+08
  0.695654E-05  0.191222E+08  0.191222E+08  0.254907E+08  0.254905E+08  0.191223E+08  0.191222E+08
  0.719192E-05  0.191222E+08  0.191222E+08  0.254903E+08  0.254901E+08  0.191223E+08  0.191222E+08
  0.743526E-05  0.191222E+08  0.191222E+08  0.254899E+08  0.254897E+08  0.191223E+08  0.191222E+08
  0.768683E-05  0.191222E+08  0.191222E+08  0.254894E+08  0.254893E+08  0.191223E+08  0.191222E+08
  0.794692E-05  0.191222E+08  0.191222E+08  0.254890E+08  0.254888E+08  0.191223E+08  0.191222E+08
  0.821580E-05  0.191222E+08  0.191222E+08  0.254885E+08  0.254883E+08  0.191223E+08  0.191222E+08
  0.849379E-05  0.191222E+08  0.191222E+08  0.254879E+08  0.254877E+08  0.191223E+08  0.191222E+08
  0.878118E-05  0.191222E+08  0.191222E+08  0.254874E+08  0.254871E+08  0.191223E+08  0.191222E+08
  0.907829E-05  0.191222E+08  0.191222E+08  0.254868E+08  0.254865E+08  0.191223E+08  0.191222E+08
  0.938546E-05  0.191222E+08  0.191222E+08  0.254861E+08  0.254858E+08  0.191223E+08  0.191222E+08
  0.970302E-05  0.191222E+08  0.191222E+08  0.254854E+08  0.254851E+08  0.191223E+08  0.191222E+08
  0.100313E-04  0.191222E+08  0.191222E+08  0.254847E+08  0.254843E+08  0.191223E+08  0.191222E+08
  0.103707E-04  0.191222E+08  0.191222E+08  0.254839E+08  0.254835E+08  0.191223E+08  0.191222E+08
  0.107216E-04  0.191222E+08  0.191222E+08  0.254830E+08  0.254826E+08  0.191223E+08  0.191222E+08
  0.110844E-04  0.191222E+08  0.191222E+08  0.254821E+08  0.254817E+08  0.191223E+08  0.191222E+08
  0.114594E-04  0.191222E+08  0.191222E+08  0.254811E+08  0.254807E+08  0.191223E+08  0.191222E+08
  0.118472E-04  0.191222E+08  0.191222E+08  0.254801E+08  0.254796E+08  0.191222E+08  0.191222E+08
  0.122480E-04  0.191222E+08  0.191222E+08  0.254790E+08  0.254785E+08  0.191222E+08  0.191222E+08
  0.126624E-04  0.191222E+08  0.191222E+08  0.254778E+08  0.254773E+08  0.191222E+08  0.191222E+08
  0.130909E-04  0.191222E+08  0.191222E+08  0.254765E+08  0.254760E+08  0.191222E+08  0.191222E+08
  0.135338E-04  0.191222E+08  0.191222E+08  0.254752E+08  0.254746E+08  0.191222E+08  0.191222E+08
  0.139917E-04  0.191222E+08  0.191222E+08  0.254737E+08  0.254731E+08  0.191222E+08  0.191222E+08
  0.144652E-04  0.191222E+08  0.191222E+08  0.254722E+08  0.254715E+08  0.191222E+08  0.191222E+08
  0.149546E-04  0.191222E+08  0.191222E+08  0.254705E+08  0.254698E+08  0.191222E+08  0.191222E+08
  0.154606E-04  0.191222E+08  0.191222E+08  0.254687E+08  0.254679E+08  0.191222E+08  0.191222E+08
  0.159837E-04  0.191221E+08  0.191221E+08  0.254668E+08  0.254660E+08  0.191222E+08  0.191222E+08
  0.165245E-04  0.191221E+08  0.191221E+08  0.254648E+08  0.254639E+08  0.191222E+08  0.191221E+08
  0.170836E-04  0.191221E+08  0.191221E+08  0.254627E+08  0.254617E+08  0.191222E+08  0.191221E+08
  0.176617E-04  0.191221E+08  0.191221E+08  0.254604E+08  0.254593E+08  0.191222E+08  0.191221E+08
  0.182592E-04  0.191221E+08  0.191221E+08  0.254579E+08  0.254568E+08  0.191222E+08  0.191221E+08
  0.188770E-04  0.191221E+08  0.191221E+08  0.254552E+08  0.254541E+08  0.191222E+08  0.191221E+08
  0.195158E-04  0.191221E+08  0.191221E+08  0.254524E+08  0.254512E+08  0.191222E+08  0.191221E+08
  0.201761E-04  0.191221E+08  0.191221E+08  0.254494E+08  0.254481E+08  0.191222E+08  0.191221E+08
  0.208587E-04  0.191221E+08  0.191221E+08  0.254462E+08  0.254447E+08  0.191222E+08  0.191221E+08
  0.215645E-04  0.191221E+08  0.191221E+08  0.254428E+08  0.254412E+08  0.191222E+08  0.191221E+08
  0.222941E-04  0.191221E+08  0.191221E+08  0.254391E+08  0.254374E+08  0.191222E+08  0.191221E+08
  0.230485E-04  0.191221E+08  0.191221E+08  0.254351E+08  0.254334E+08  0.191222E+08  0.191221E+08
  0.238283E-04  0.191221E+08  0.191221E+08  0.254309E+08  0.254291E+08  0.191222E+08  0.191221E+08
  0.246346E-04  0.191221E+08  0.191221E+08  0.254265E+08  0.254244E+08  0.191222E+08  0.191221E+08
  0.254681E-04  0.191221E+08  0.191221E+08  0.254217E+08  0.254195E+08  0.191221E+08  0.191221E+08
  0.263298E-04  0.191221E+08  0.191221E+08  0.254165E+08  0.254142E+08  0.191221E+08  0.191221E+08
  0.272207E-04  0.191221E+08  0.191221E+08  0.254111E+08  0.254086E+08  0.191221E+08  0.191221E+08
  0.281417E-04  0.191221E+08  0.191221E+08  0.254052E+08  0.254026E+08  0.191221E+08  0.191221E+08
  0.290939E-04  0.191221E+08  0.191220E+08  0.253990E+08  0.253961E+08  0.191221E+08  0.191221E+08
  0.300783E-04  0.191220E+08  0.191220E+08  0.253923E+08  0.253893E+08  0.191221E+08  0.191220E+08
  0.310960E-04  0.191220E+08  0.191220E+08  0.253851E+08  0.253819E+08  0.191221E+08  0.191220E+08
  0.321481E-04  0.191220E+08  0.191220E+08  0.253775E+08  0.253741E+08  0.191221E+08  0.191220E+08
  0.332359E-04  0.191220E+08  0.191220E+08  0.253693E+08  0.253657E+08  0.191221E+08  0.191220E+08
  0.343604E-04  0.191220E+08  0.191220E+08  0.253606E+08  0.253567E+08  0.191220E+08  0.191220E+08
  0.355230E-04  0.191220E+08  0.191220E+08  0.253513E+08  0.253471E+08  0.191220E+08  0.191220E+08
  0.367249E-04  0.191220E+08  0.191220E+08  0.253414E+08  0.253369E+08  0.191220E+08  0.191220E+08
  0.379675E-04  0.191220E+08  0.191219E+08  0.253308E+08  0.253260E+08  0.191220E+08  0.191220E+08
  0.392522E-04  0.191219E+08  0.191219E+08  0.253194E+08  0.253143E+08  0.191220E+08  0.191219E+08
  0.405803E-04  0.191219E+08  0.191219E+08  0.253073E+08  0.253018E+08  0.191219E+08  0.191219E+08
  0.419533E-04  0.191219E+08  0.191219E+08  0.252943E+08  0.252885E+08  0.191219E+08  0.191219E+08
  0.433728E-04  0.191219E+08  0.191219E+08  0.252805E+08  0.252742E+08  0.191219E+08  0.191219E+08
  0.448404E-04  0.191219E+08  0.191219E+08  0.252657E+08  0.252590E+08  0.191219E+08  0.191219E+08
  0.463576E-04  0.191218E+08  0.191218E+08  0.252499E+08  0.252428E+08  0.191218E+08  0.191218E+08
  0.479261E-04  0.191218E+08  0.191218E+08  0.252330E+08  0.252254E+08  0.191218E+08  0.191218E+08
  0.495477E-04  0.191218E+08  0.191218E+08  0.252150E+08  0.252069E+08  0.191218E+08  0.191218E+08
  0.512241E-04  0.191218E+08  0.191217E+08  0.251957E+08  0.251871E+08  0.191217E+08  0.191218E+08
  0.529573E-04  0.191217E+08  0.191217E+08  0.251752E+08  0.251659E+08  0.191217E+08  0.191217E+08
  0.547492E-04  0.191217E+08  0.191217E+08  0.251532E+08  0.251433E+08  0.191217E+08  0.191217E+08
  0.566016E-04  0.191217E+08  0.191216E+08  0.251298E+08  0.251192E+08  0.191216E+08  0.191217E+08
  0.585167E-04  0.191216E+08  0.191216E+08  0.251047E+08  0.250935E+08  0.191216E+08  0.191216E+08
  0.604967E-04  0.191216E+08  0.191216E+08  0.250780E+08  0.250660E+08  0.191215E+08  0.191216E+08
  0.625436E-04  0.191216E+08  0.191215E+08  0.250495E+08  0.250366E+08  0.191215E+08  0.191215E+08
  0.646598E-04  0.191215E+08  0.191215E+08  0.250190E+08  0.250052E+08  0.191214E+08  0.191215E+08
  0.668476E-04  0.191215E+08  0.191214E+08  0.249864E+08  0.249718E+08  0.191214E+08  0.191215E+08
  0.691094E-04  0.191214E+08  0.191214E+08  0.249517E+08  0.249360E+08  0.191213E+08  0.191214E+08
  0.714477E-04  0.191214E+08  0.191213E+08  0.249146E+08  0.248979E+08  0.191212E+08  0.191213E+08
  0.738652E-04  0.191213E+08  0.191213E+08  0.248751E+08  0.248572E+08  0.191212E+08  0.191213E+08
  0.763644E-04  0.191212E+08  0.191212E+08  0.248328E+08  0.248138E+08  0.191211E+08  0.191212E+08
  0.789482E-04  0.191212E+08  0.191211E+08  0.247878E+08  0.247674E+08  0.191210E+08  0.191212E+08
  0.816195E-04  0.191211E+08  0.191211E+08  0.247397E+08  0.247180E+08  0.191209E+08  0.191211E+08
  0.843811E-04  0.191210E+08  0.191210E+08  0.246884E+08  0.246652E+08  0.191208E+08  0.191210E+08
  0.872361E-04  0.191210E+08  0.191209E+08  0.246337E+08  0.246090E+08  0.191207E+08  0.191209E+08
  0.901878E-04  0.191209E+08  0.191208E+08  0.245753E+08  0.245490E+08  0.191206E+08  0.191208E+08
  0.932393E-04  0.191208E+08  0.191207E+08  0.245131E+08  0.244850E+08  0.191205E+08  0.191208E+08
  0.963941E-04  0.191207E+08  0.191206E+08  0.244467E+08  0.244168E+08  0.191204E+08  0.191207E+08
  0.996556E-04  0.191206E+08  0.191205E+08  0.243760E+08  0.243441E+08  0.191203E+08  0.191206E+08
  0.103028E-03  0.191205E+08  0.191204E+08  0.243006E+08  0.242666E+08  0.191201E+08  0.191204E+08
  0.106513E-03  0.191203E+08  0.191203E+08  0.242203E+08  0.241840E+08  0.191200E+08  0.191203E+08
  0.110117E-03  0.191202E+08  0.191202E+08  0.241347E+08  0.240960E+08  0.191198E+08  0.191202E+08
  0.113843E-03  0.191201E+08  0.191200E+08  0.240435E+08  0.240023E+08  0.191197E+08  0.191201E+08
  0.117695E-03  0.191199E+08  0.191199E+08  0.239464E+08  0.239025E+08  0.191195E+08  0.191199E+08
  0.121677E-03  0.191198E+08  0.191197E+08  0.238430E+08  0.237962E+08  0.191193E+08  0.191197E+08
  0.125794E-03  0.191196E+08  0.191195E+08  0.237329E+08  0.236832E+08  0.191191E+08  0.191196E+08
  0.130051E-03  0.191194E+08  0.191194E+08  0.236158E+08  0.235628E+08  0.191189E+08  0.191194E+08
  0.134451E-03  0.191192E+08  0.191192E+08  0.234913E+08  0.234349E+08  0.191186E+08  0.191192E+08
  0.139000E-03  0.191190E+08  0.191190E+08  0.233588E+08  0.232988E+08  0.191184E+08  0.191190E+08
  0.143703E-03  0.191188E+08  0.191187E+08  0.232180E+08  0.231542E+08  0.191181E+08  0.191188E+08
  0.148566E-03  0.191186E+08  0.191185E+08  0.230684E+08  0.230005E+08  0.191178E+08  0.191186E+08
  0.153592E-03  0.191184E+08  0.191182E+08  0.229094E+08  0.228373E+08  0.191175E+08  0.191183E+08
  0.158789E-03  0.191181E+08  0.191180E+08  0.227406E+08  0.226641E+08  0.191172E+08  0.191180E+08
  0.164162E-03  0.191178E+08  0.191177E+08  0.225615E+08  0.224802E+08  0.191168E+08  0.191178E+08
  0.169716E-03  0.191175E+08  0.191174E+08  0.223716E+08  0.222852E+08  0.191165E+08  0.191174E+08
  0.175459E-03  0.191172E+08  0.191170E+08  0.221701E+08  0.220786E+08  0.191161E+08  0.191171E+08
  0.181395E-03  0.191169E+08  0.191167E+08  0.219567E+08  0.218596E+08  0.191157E+08  0.191168E+08
  0.187533E-03  0.191165E+08  0.191163E+08  0.217307E+08  0.216279E+08  0.191152E+08  0.191164E+08
  0.193878E-03  0.191161E+08  0.191159E+08  0.214916E+08  0.213826E+08  0.191147E+08  0.191160E+08
  0.200438E-03  0.191157E+08  0.191155E+08  0.212387E+08  0.211234E+08  0.191142E+08  0.191156E+08
  0.207220E-03  0.191152E+08  0.191150E+08  0.209714E+08  0.208495E+08  0.191136E+08  0.191151E+08
  0.214231E-03  0.191148E+08  0.191145E+08  0.206892E+08  0.205603E+08  0.191131E+08  0.191147E+08
  0.221480E-03  0.191143E+08  0.191140E+08  0.203915E+08  0.202554E+08  0.191124E+08  0.191142E+08
  0.228974E-03  0.191137E+08  0.191135E+08  0.200778E+08  0.199341E+08  0.191118E+08  0.191136E+08
  0.236721E-03  0.191132E+08  0.191129E+08  0.197474E+08  0.195960E+08  0.191110E+08  0.191130E+08
  0.244731E-03  0.191125E+08  0.191122E+08  0.193999E+08  0.192404E+08  0.191103E+08  0.191124E+08
  0.253011E-03  0.191119E+08  0.191116E+08  0.190348E+08  0.188670E+08  0.191095E+08  0.191117E+08
  0.261572E-03  0.191112E+08  0.191108E+08  0.186516E+08  0.184754E+08  0.191086E+08  0.191110E+08
  0.270422E-03  0.191104E+08  0.191101E+08  0.182501E+08  0.180652E+08  0.191077E+08  0.191103E+08
  0.279572E-03  0.191096E+08  0.191092E+08  0.178300E+08  0.176361E+08  0.191067E+08  0.191095E+08
  0.289032E-03  0.191088E+08  0.191084E+08  0.173909E+08  0.171880E+08  0.191056E+08  0.191086E+08
  0.298811E-03  0.191079E+08  0.191074E+08  0.169329E+08  0.167208E+08  0.191045E+08  0.191077E+08
  0.308921E-03  0.191069E+08  0.191064E+08  0.164559E+08  0.162346E+08  0.191033E+08  0.191067E+08
  0.319374E-03  0.191059E+08  0.191054E+08  0.159601E+08  0.157296E+08  0.191020E+08  0.191056E+08
  0.330180E-03  0.191048E+08  0.191043E+08  0.154459E+08  0.152062E+08  0.191006E+08  0.191045E+08
  0.341352E-03  0.191036E+08  0.191031E+08  0.149136E+08  0.146649E+08  0.190991E+08  0.191033E+08
  0.352902E-03  0.191024E+08  0.191018E+08  0.143639E+08  0.141065E+08  0.190976E+08  0.191021E+08
  0.364842E-03  0.191010E+08  0.191004E+08  0.137978E+08  0.135319E+08  0.190959E+08  0.191007E+08
  0.377187E-03  0.190996E+08  0.190990E+08  0.132163E+08  0.129424E+08  0.190942E+08  0.190993E+08
  0.389949E-03  0.190981E+08  0.190974E+08  0.126207E+08  0.123394E+08  0.190923E+08  0.190978E+08
  0.403143E-03  0.190965E+08  0.190958E+08  0.120128E+08  0.117246E+08  0.190903E+08  0.190961E+08
  0.416783E-03  0.190948E+08  0.190940E+08  0.113943E+08  0.111001E+08  0.190881E+08  0.190944E+08
  0.430885E-03  0.190930E+08  0.190921E+08  0.107676E+08  0.104682E+08  0.190858E+08  0.190926E+08
  0.445464E-03  0.190911E+08  0.190902E+08  0.101349E+08  0.983154E+07  0.190834E+08  0.190906E+08
  0.460537E-03  0.190890E+08  0.190880E+08  0.949919E+07  0.919301E+07  0.190808E+08  0.190885E+08
  0.476119E-03  0.190868E+08  0.190858E+08  0.886344E+07  0.855583E+07  0.190781E+08  0.190863E+08
  0.492229E-03  0.190845E+08  0.190834E+08  0.823098E+07  0.792347E+07  0.190751E+08  0.190839E+08
  0.508884E-03  0.190820E+08  0.190809E+08  0.760540E+07  0.729965E+07  0.190720E+08  0.190814E+08
  0.526102E-03  0.190794E+08  0.190782E+08  0.699047E+07  0.668830E+07  0.190687E+08  0.190788E+08
  0.543903E-03  0.190766E+08  0.190753E+08  0.639014E+07  0.609347E+07  0.190652E+08  0.190759E+08
  0.562306E-03  0.190737E+08  0.190723E+08  0.580844E+07  0.551930E+07  0.190614E+08  0.190729E+08
  0.581332E-03  0.190705E+08  0.190691E+08  0.524943E+07  0.496990E+07  0.190574E+08  0.190697E+08
  0.601001E-03  0.190672E+08  0.190657E+08  0.471707E+07  0.444930E+07  0.190532E+08  0.190663E+08
  0.621336E-03  0.190636E+08  0.190621E+08  0.421516E+07  0.396125E+07  0.190487E+08  0.190628E+08
  0.642359E-03  0.190599E+08  0.190582E+08  0.374718E+07  0.350920E+07  0.190439E+08  0.190589E+08
  0.664094E-03  0.190559E+08  0.190542E+08  0.331619E+07  0.309608E+07  0.190388E+08  0.190549E+08
  0.686563E-03  0.190517E+08  0.190498E+08  0.292466E+07  0.272417E+07  0.190334E+08  0.190506E+08
  0.709794E-03  0.190472E+08  0.190453E+08  0.257436E+07  0.239500E+07  0.190277E+08  0.190461E+08
  0.733810E-03  0.190425E+08  0.190405E+08  0.226622E+07  0.210920E+07  0.190216E+08  0.190413E+08
  0.758638E-03  0.190375E+08  0.190354E+08  0.200024E+07  0.186634E+07  0.190152E+08  0.190362E+08
  0.784307E-03  0.190322E+08  0.190300E+08  0.177538E+07  0.166495E+07  0.190084E+08  0.190308E+08
  0.810844E-03  0.190265E+08  0.190243E+08  0.158950E+07  0.150238E+07  0.190011E+08  0.190251E+08
  0.838279E-03  0.190206E+08  0.190182E+08  0.143942E+07  0.137489E+07  0.189935E+08  0.190191E+08
  0.866643E-03  0.190143E+08  0.190118E+08  0.132093E+07  0.127770E+07  0.189854E+08  0.190127E+08
  0.895966E-03  0.190077E+08  0.190051E+08  0.122895E+07  0.120515E+07  0.189768E+08  0.190060E+08
  0.926281E-03  0.190007E+08  0.189980E+08  0.115774E+07  0.115098E+07  0.189676E+08  0.189989E+08
  0.957622E-03  0.189933E+08  0.189905E+08  0.110120E+07  0.110860E+07  0.189580E+08  0.189914E+08
  0.990024E-03  0.189855E+08  0.189826E+08  0.105318E+07  0.107150E+07  0.189478E+08  0.189834E+08
  0.102352E-02  0.189772E+08  0.189742E+08  0.100793E+07  0.103369E+07  0.189370E+08  0.189750E+08
  0.105815E-02  0.189685E+08  0.189654E+08  0.960474E+06  0.990136E+06  0.189256E+08  0.189662E+08
  0.109396E-02  0.189593E+08  0.189561E+08  0.907059E+06  0.937212E+06  0.189135E+08  0.189569E+08
  0.113097E-02  0.189496E+08  0.189464E+08  0.845453E+06  0.873008E+06  0.189007E+08  0.189470E+08
  0.116924E-02  0.189394E+08  0.189360E+08  0.775178E+06  0.797560E+06  0.188872E+08  0.189366E+08
  0.120880E-02  0.189286E+08  0.189252E+08  0.697548E+06  0.712863E+06  0.188729E+08  0.189257E+08
  0.124970E-02  0.189172E+08  0.189137E+08  0.615508E+06  0.622662E+06  0.188578E+08  0.189141E+08
  0.129198E-02  0.189052E+08  0.189016E+08  0.533238E+06  0.531988E+06  0.188418E+08  0.189019E+08
  0.133570E-02  0.188925E+08  0.188889E+08  0.455543E+06  0.446474E+06  0.188250E+08  0.188891E+08
  0.138089E-02  0.188792E+08  0.188756E+08  0.387086E+06  0.371498E+06  0.188071E+08  0.188756E+08
  0.142761E-02  0.188652E+08  0.188615E+08  0.331549E+06  0.311277E+06  0.187883E+08  0.188613E+08
  0.147592E-02  0.188504E+08  0.188466E+08  0.290892E+06  0.268056E+06  0.187685E+08  0.188463E+08
  0.152586E-02  0.188348E+08  0.188310E+08  0.264838E+06  0.241573E+06  0.187475E+08  0.188305E+08
  0.157748E-02  0.188184E+08  0.188146E+08  0.250760E+06  0.228961E+06  0.187254E+08  0.188139E+08
  0.163086E-02  0.188012E+08  0.187973E+08  0.244071E+06  0.225188E+06  0.187021E+08  0.187964E+08
  0.168604E-02  0.187830E+08  0.187791E+08  0.239117E+06  0.224034E+06  0.186775E+08  0.187779E+08
  0.174309E-02  0.187639E+08  0.187600E+08  0.230447E+06  0.219473E+06  0.186515E+08  0.187585E+08
  0.180206E-02  0.187438E+08  0.187399E+08  0.214205E+06  0.207153E+06  0.186241E+08  0.187381E+08
  0.186304E-02  0.187227E+08  0.187188E+08  0.189251E+06  0.185584E+06  0.185953E+08  0.187166E+08
  0.192607E-02  0.187005E+08  0.186965E+08  0.157625E+06  0.156611E+06  0.185649E+08  0.186941E+08
  0.199124E-02  0.186771E+08  0.186732E+08  0.124065E+06  0.124902E+06  0.185329E+08  0.186703E+08
  0.205862E-02  0.186526E+08  0.186486E+08  0.945586E+05  0.964332E+05  0.184992E+08  0.186454E+08
  0.212827E-02  0.186268E+08  0.186228E+08  0.742595E+05  0.763520E+05  0.184638E+08  0.186192E+08
  0.220028E-02  0.185996E+08  0.185957E+08  0.654621E+05  0.669446E+05  0.184264E+08  0.185916E+08
  0.227473E-02  0.185712E+08  0.185672E+08  0.664774E+05  0.665665E+05  0.183872E+08  0.185627E+08
  0.235169E-02  0.185413E+08  0.185373E+08  0.720809E+05  0.701846E+05  0.183459E+08  0.185323E+08
  0.243127E-02  0.185099E+08  0.185059E+08  0.756215E+05  0.715553E+05  0.183025E+08  0.185004E+08
  0.251353E-02  0.184770E+08  0.184730E+08  0.720593E+05  0.662235E+05  0.182569E+08  0.184669E+08
  0.259857E-02  0.184424E+08  0.184384E+08  0.605047E+05  0.538733E+05  0.182091E+08  0.184318E+08
  0.268650E-02  0.184062E+08  0.184022E+08  0.447525E+05  0.385752E+05  0.181589E+08  0.183950E+08
  0.277740E-02  0.183683E+08  0.183642E+08  0.311500E+05  0.264246E+05  0.181062E+08  0.183564E+08
  0.287137E-02  0.183285E+08  0.183243E+08  0.246991E+05  0.216667E+05  0.180510E+08  0.183159E+08
  0.296852E-02  0.182868E+08  0.182826E+08  0.257251E+05  0.237283E+05  0.179931E+08  0.182736E+08
  0.306896E-02  0.182431E+08  0.182389E+08  0.295810E+05  0.274807E+05  0.179325E+08  0.182292E+08
  0.317280E-02  0.181975E+08  0.181931E+08  0.300687E+05  0.270457E+05  0.178690E+08  0.181827E+08
  0.328016E-02  0.181497E+08  0.181453E+08  0.243421E+05  0.205526E+05  0.178027E+08  0.181341E+08
  0.339114E-02  0.180997E+08  0.180952E+08  0.152642E+05  0.118055E+05  0.177333E+08  0.180833E+08
  0.350588E-02  0.180475E+08  0.180429E+08  0.870057E+04  0.683198E+04  0.176609E+08  0.180302E+08
  0.362450E-02  0.179929E+08  0.179882E+08  0.774238E+04  0.796652E+04  0.175853E+08  0.179747E+08
  0.374714E-02  0.179359E+08  0.179312E+08  0.953682E+04  0.113362E+05  0.175065E+08  0.179168E+08
  0.387393E-02  0.178764E+08  0.178716E+08  0.864462E+04  0.110418E+05  0.174243E+08  0.178563E+08
  0.400500E-02  0.178144E+08  0.178095E+08  0.379534E+04  0.602646E+04  0.173387E+08  0.177933E+08
  0.414051E-02  0.177498E+08  0.177448E+08 -0.159495E+03  0.139321E+04  0.172497E+08  0.177276E+08
  0.428061E-02  0.176825E+08  0.176773E+08  0.141190E+04  0.168896E+04  0.171571E+08  0.176591E+08
  0.442544E-02  0.176124E+08  0.176071E+08  0.600925E+04  0.456710E+04  0.170610E+08  0.175879E+08
  0.457518E-02  0.175394E+08  0.175341E+08  0.697028E+04  0.753245E+04  0.169612E+08  0.175138E+08
  0.472998E-02  0.174636E+08  0.174581E+08  0.337120E+04  0.129167E+05  0.168577E+08  0.174368E+08
  0.489002E-02  0.173848E+08  0.173792E+08  0.150752E+04  0.000000E+00  0.167504E+08  0.173567E+08
  0.505548E-02  0.173030E+08  0.172973E+08  0.404305E+04  0.000000E+00  0.166394E+08  0.172737E+08
  0.522653E-02  0.172182E+08  0.172123E+08  0.497391E+04  0.000000E+00  0.165245E+08  0.171875E+08
  0.540337E-02  0.171302E+08  0.171241E+08  0.101147E+04  0.000000E+00  0.164058E+08  0.170982E+08
  0.558620E-02  0.170390E+08  0.170328E+08 -0.139970E+04  0.000000E+00  0.162832E+08  0.170057E+08
  0.577521E-02  0.169447E+08  0.169382E+08  0.114104E+04  0.000000E+00  0.161566E+08  0.169099E+08
  0.597061E-02  0.168471E+08  0.168405E+08  0.212964E+04  0.000000E+00  0.160261E+08  0.168109E+08
  0.617263E-02  0.167463E+08  0.167394E+08 -0.366764E+02  0.000000E+00  0.158917E+08  0.167085E+08
  0.638148E-02  0.166421E+08  0.166350E+08  0.413540E+03  0.000000E+00  0.157532E+08  0.166029E+08
  0.659740E-02  0.165375E+08  0.165301E+08  0.882938E+03  0.000000E+00  0.156177E+08  0.164969E+08
  0.682063E-02  0.164268E+08  0.164192E+08 -0.203325E+04  0.000000E+00  0.154712E+08  0.163846E+08
  0.705141E-02  0.163127E+08  0.163048E+08 -0.165664E+04  0.000000E+00  0.153207E+08  0.162689E+08
  0.728999E-02  0.161952E+08  0.161870E+08  0.474089E+03  0.000000E+00  0.151660E+08  0.161498E+08
  0.753665E-02  0.160742E+08  0.160658E+08 -0.128618E+04  0.000000E+00  0.150071E+08  0.160272E+08
  0.779166E-02  0.159499E+08  0.159411E+08 -0.144236E+04  0.000000E+00  0.148442E+08  0.159011E+08
  0.805529E-02  0.158220E+08  0.158129E+08 -0.940493E+03  0.000000E+00  0.146771E+08  0.157715E+08
  0.832784E-02  0.156899E+08  0.156804E+08 -0.917645E+03  0.000000E+00  0.145042E+08  0.156376E+08
  0.860962E-02  0.155550E+08  0.155451E+08  0.563576E+03  0.000000E+00  0.143286E+08  0.155009E+08
  0.890093E-02  0.154166E+08  0.154063E+08 -0.165485E+04  0.000000E+00  0.141490E+08  0.153606E+08
  0.920209E-02  0.152746E+08  0.152639E+08 -0.332083E+03  0.000000E+00  0.139652E+08  0.152168E+08
  0.951345E-02  0.151292E+08  0.151180E+08 -0.140005E+04  0.000000E+00  0.137774E+08  0.150695E+08
  0.983534E-02  0.149802E+08  0.149685E+08 -0.128614E+04  0.000000E+00  0.135856E+08  0.149186E+08
  0.101681E-01  0.148276E+08  0.148154E+08 -0.976906E+03  0.000000E+00  0.133898E+08  0.147641E+08
  0.105122E-01  0.146718E+08  0.146590E+08 -0.110165E+04  0.000000E+00  0.131906E+08  0.146063E+08
  0.108678E-01  0.145122E+08  0.144988E+08 -0.981601E+03  0.000000E+00  0.129872E+08  0.144447E+08
  0.112356E-01  0.143490E+08  0.143350E+08 -0.552311E+03  0.000000E+00  0.127799E+08  0.142795E+08
  0.116157E-01  0.141822E+08  0.141676E+08 -0.131715E+04  0.000000E+00  0.125689E+08  0.141108E+08
  0.120087E-01  0.140118E+08  0.139965E+08 -0.558985E+03  0.000000E+00  0.123542E+08  0.139384E+08
  0.124151E-01  0.138378E+08  0.138218E+08 -0.113891E+04  0.000000E+00  0.121358E+08  0.137623E+08
  0.128351E-01  0.136602E+08  0.136434E+08 -0.848669E+03  0.000000E+00  0.119139E+08  0.135827E+08
  0.132694E-01  0.134790E+08  0.134615E+08 -0.548354E+03  0.000000E+00  0.116887E+08  0.133996E+08
  0.137184E-01  0.132943E+08  0.132759E+08 -0.952267E+03  0.000000E+00  0.114601E+08  0.132128E+08
  0.141825E-01  0.131060E+08  0.130868E+08 -0.525010E+03  0.000000E+00  0.112285E+08  0.130225E+08
  0.146624E-01  0.129141E+08  0.128940E+08 -0.680318E+03  0.000000E+00  0.109940E+08  0.128287E+08
  0.151585E-01  0.127186E+08  0.126976E+08 -0.686446E+03  0.000000E+00  0.107566E+08  0.126313E+08
  0.156714E-01  0.125197E+08  0.124977E+08 -0.755335E+03  0.000000E+00  0.105168E+08  0.124304E+08
  0.162017E-01  0.123172E+08  0.122943E+08 -0.427048E+03  0.000000E+00  0.102745E+08  0.122261E+08
  0.167499E-01  0.121114E+08  0.120874E+08 -0.458624E+03  0.000000E+00  0.100299E+08  0.120185E+08
  0.173166E-01  0.119022E+08  0.118771E+08 -0.550372E+03  0.000000E+00  0.978311E+07  0.118075E+08
  0.179025E-01  0.116897E+08  0.116635E+08 -0.490996E+03  0.000000E+00  0.953430E+07  0.115932E+08
  0.185082E-01  0.114739E+08  0.114466E+08 -0.484552E+03  0.000000E+00  0.928358E+07  0.113758E+08
  0.191345E-01  0.112549E+08  0.112265E+08 -0.449541E+03  0.000000E+00  0.903118E+07  0.111552E+08
  0.197819E-01  0.110329E+08  0.110032E+08 -0.398522E+03  0.000000E+00  0.877738E+07  0.109317E+08
  0.204512E-01  0.108079E+08  0.107771E+08 -0.420862E+03  0.000000E+00  0.852253E+07  0.107052E+08
  0.211432E-01  0.105801E+08  0.105481E+08 -0.291264E+03  0.000000E+00  0.826703E+07  0.104761E+08
  0.218586E-01  0.103497E+08  0.103164E+08 -0.144695E+03  0.000000E+00  0.801126E+07  0.102444E+08
  0.225982E-01  0.101169E+08  0.100824E+08 -0.239239E+03  0.000000E+00  0.775558E+07  0.100104E+08
  0.233628E-01  0.988191E+07  0.984617E+07 -0.289091E+03  0.000000E+00  0.750032E+07  0.977434E+07
  0.241533E-01  0.964503E+07  0.960809E+07 -0.174310E+03  0.000000E+00  0.724577E+07  0.953653E+07
  0.249705E-01  0.940658E+07  0.936846E+07 -0.183629E+03  0.000000E+00  0.699229E+07  0.929726E+07
  0.258154E-01  0.916690E+07  0.912763E+07 -0.206715E+03  0.000000E+00  0.674024E+07  0.905687E+07
  0.266889E-01  0.892635E+07  0.888599E+07 -0.171415E+03  0.000000E+00  0.649006E+07  0.881574E+07
  0.275919E-01  0.868535E+07  0.864395E+07 -0.103355E+03  0.000000E+00  0.624222E+07  0.857430E+07
  0.285255E-01  0.844434E+07  0.840199E+07 -0.845947E+02  0.000000E+00  0.599718E+07  0.833297E+07
  0.294906E-01  0.820382E+07  0.816060E+07 -0.115953E+03  0.000000E+00  0.575547E+07  0.809227E+07
  0.304885E-01  0.796433E+07  0.792033E+07 -0.132431E+03  0.000000E+00  0.551759E+07  0.785273E+07
  0.315201E-01  0.772642E+07  0.768178E+07 -0.930047E+02  0.000000E+00  0.528403E+07  0.761492E+07
  0.325865E-01  0.749073E+07  0.744557E+07 -0.690461E+02  0.000000E+00  0.505528E+07  0.737944E+07
  0.336891E-01  0.725788E+07  0.721237E+07 -0.856844E+02  0.000000E+00  0.483177E+07  0.714694E+07
  0.348290E-01  0.702855E+07  0.698285E+07 -0.960563E+02  0.000000E+00  0.461399E+07  0.691808E+07
  0.360074E-01  0.680341E+07  0.675771E+07 -0.398764E+02  0.000000E+00  0.440243E+07  0.669352E+07
  0.372258E-01  0.658314E+07  0.653764E+07 -0.635190E+02  0.000000E+00  0.419755E+07  0.647394E+07
  0.384853E-01  0.636841E+07  0.632333E+07 -0.426897E+02  0.000000E+00  0.399970E+07  0.626000E+07
  0.397875E-01  0.615986E+07  0.611542E+07 -0.594517E+02  0.000000E+00  0.380917E+07  0.605232E+07
  0.411337E-01  0.595810E+07  0.591452E+07 -0.475695E+02  0.000000E+00  0.362625E+07  0.585149E+07
  0.425255E-01  0.576364E+07  0.572116E+07 -0.347491E+02  0.000000E+00  0.345119E+07  0.565803E+07
  0.439643E-01  0.557694E+07  0.553579E+07 -0.273558E+02  0.000000E+00  0.328414E+07  0.547238E+07
  0.454298E-01  0.540090E+07  0.536128E+07 -0.301768E+02  0.000000E+00  0.312740E+07  0.529739E+07
  0.468953E-01  0.523815E+07  0.520020E+07 -0.242865E+02  0.000000E+00  0.298302E+07  0.513568E+07
  0.483608E-01  0.508770E+07  0.505154E+07 -0.283485E+02  0.000000E+00  0.284988E+07  0.498624E+07
  0.498262E-01  0.494853E+07  0.491425E+07 -0.297313E+02  0.000000E+00  0.272692E+07  0.484805E+07
  0.512917E-01  0.481962E+07  0.478727E+07 -0.326906E+02  0.000000E+00  0.261316E+07  0.472008E+07
  0.527572E-01  0.469994E+07  0.466954E+07 -0.264659E+02  0.000000E+00  0.250767E+07  0.460130E+07
  0.542227E-01  0.458848E+07  0.456001E+07 -0.214081E+02  0.000000E+00  0.240954E+07  0.449070E+07
  0.556882E-01  0.448425E+07  0.445768E+07 -0.128583E+02  0.000000E+00  0.231794E+07  0.438730E+07
  0.571536E-01  0.438630E+07  0.436157E+07 -0.216754E+02  0.000000E+00  0.223214E+07  0.429015E+07
  0.586191E-01  0.429374E+07  0.427076E+07 -0.171710E+02  0.000000E+00  0.215143E+07  0.419835E+07
  0.600846E-01  0.420571E+07  0.418438E+07 -0.247716E+02  0.000000E+00  0.207519E+07  0.411107E+07
  0.615501E-01  0.412143E+07  0.410162E+07 -0.145622E+02  0.000000E+00  0.200284E+07  0.402754E+07
  0.630155E-01  0.404020E+07  0.402178E+07 -0.127325E+02  0.000000E+00  0.193390E+07  0.394704E+07
  0.644810E-01  0.396140E+07  0.394422E+07 -0.131099E+02  0.000000E+00  0.186797E+07  0.386898E+07
  0.659465E-01  0.388448E+07  0.386837E+07 -0.117151E+02  0.000000E+00  0.180466E+07  0.379280E+07
  0.674120E-01  0.380895E+07  0.379377E+07 -0.152407E+02  0.000000E+00  0.174367E+07  0.371804E+07
  0.688775E-01  0.373444E+07  0.372002E+07 -0.150469E+02  0.000000E+00  0.168472E+07  0.364431E+07
  0.703429E-01  0.366063E+07  0.364681E+07 -0.962755E+01  0.000000E+00  0.162762E+07  0.357130E+07
  0.718084E-01  0.358729E+07  0.357393E+07 -0.951436E+01  0.000000E+00  0.157219E+07  0.349880E+07
  0.732739E-01  0.351426E+07  0.350120E+07 -0.580971E+01  0.000000E+00  0.151832E+07  0.342664E+07
  0.747394E-01  0.344150E+07  0.342861E+07 -0.153073E+02  0.000000E+00  0.146593E+07  0.335477E+07
  0.762048E-01  0.336884E+07  0.335600E+07 -0.101619E+02  0.000000E+00  0.141492E+07  0.328306E+07
  0.776703E-01  0.329642E+07  0.328352E+07 -0.122234E+02  0.000000E+00  0.136528E+07  0.321161E+07
  0.791358E-01  0.322431E+07  0.321126E+07 -0.137439E+02  0.000000E+00  0.131702E+07  0.314050E+07
  0.806013E-01  0.315265E+07  0.313936E+07 -0.687169E+01  0.000000E+00  0.127013E+07  0.306986E+07
  0.820668E-01  0.308158E+07  0.306799E+07 -0.157657E+02  0.000000E+00  0.122464E+07  0.299984E+07
  0.835322E-01  0.301129E+07  0.299737E+07 -0.161975E+02  0.000000E+00  0.118058E+07  0.293064E+07
  0.849977E-01  0.294200E+07  0.292771E+07 -0.387044E+01  0.000000E+00  0.113798E+07  0.286243E+07
  0.864632E-01  0.287392E+07  0.285925E+07 -0.607587E+01  0.000000E+00  0.109688E+07  0.279545E+07
  0.879287E-01  0.280726E+07  0.279221E+07 -0.896769E+01  0.000000E+00  0.105731E+07  0.272990E+07
  0.893941E-01  0.274224E+07  0.272683E+07 -0.651741E+01  0.000000E+00  0.101930E+07  0.266598E+07
  0.908596E-01  0.267907E+07  0.266333E+07 -0.521359E+01  0.000000E+00  0.982874E+06  0.260391E+07
  0.923251E-01  0.261794E+07  0.260191E+07 -0.590691E+01  0.000000E+00  0.948056E+06  0.254387E+07
  0.941548E-01  0.254473E+07  0.252842E+07 -0.922643E+01  0.000000E+00  0.906845E+06  0.247199E+07
  0.959845E-01  0.247523E+07  0.245873E+07 -0.424208E+01  0.000000E+00  0.868139E+06  0.240379E+07
  0.978141E-01  0.240966E+07  0.239308E+07 -0.583217E+01  0.000000E+00  0.831907E+06  0.233946E+07
  0.996438E-01  0.234815E+07  0.233159E+07 -0.229806E+01  0.000000E+00  0.798090E+06  0.227914E+07
  0.101473E+00  0.229074E+07  0.227432E+07 -0.341738E+01  0.000000E+00  0.766607E+06  0.222287E+07
  0.103303E+00  0.223741E+07  0.222124E+07 -0.220165E+01  0.000000E+00  0.737351E+06  0.217061E+07
  0.105133E+00  0.218806E+07  0.217226E+07 -0.310260E+01  0.000000E+00  0.710199E+06  0.212227E+07
  0.106963E+00  0.214252E+07  0.212717E+07 -0.629005E+01  0.000000E+00  0.685012E+06  0.207767E+07
  0.108792E+00  0.210055E+07  0.208574E+07 -0.476515E+01  0.000000E+00  0.661632E+06  0.203658E+07
  0.110622E+00  0.206186E+07  0.204766E+07 -0.194467E+01  0.000000E+00  0.639896E+06  0.199871E+07
  0.112452E+00  0.202612E+07  0.201258E+07 -0.441489E+01  0.000000E+00  0.619638E+06  0.196373E+07
  0.114281E+00  0.199297E+07  0.198012E+07 -0.482303E+01  0.000000E+00  0.600688E+06  0.193129E+07
  0.116111E+00  0.196201E+07  0.194987E+07 -0.302279E+01  0.000000E+00  0.582880E+06  0.190100E+07
  0.117941E+00  0.193286E+07  0.192144E+07 -0.864641E+00  0.000000E+00  0.566055E+06  0.187248E+07
  0.119770E+00  0.190512E+07  0.189440E+07 -0.154836E+01  0.000000E+00  0.550063E+06  0.184536E+07
  0.121600E+00  0.187843E+07  0.186838E+07 -0.286000E+01  0.000000E+00  0.534765E+06  0.181926E+07
  0.123430E+00  0.185244E+07  0.184301E+07 -0.343100E+00  0.000000E+00  0.520038E+06  0.179384E+07
  0.125259E+00  0.182682E+07  0.181796E+07 -0.407694E+01  0.000000E+00  0.505775E+06  0.176879E+07
  0.127089E+00  0.180130E+07  0.179295E+07 -0.272904E+01  0.000000E+00  0.491885E+06  0.174385E+07
  0.128919E+00  0.177565E+07  0.176773E+07 -0.152430E+01  0.000000E+00  0.478291E+06  0.171878E+07
  0.130748E+00  0.174969E+07  0.174213E+07 -0.344799E+01  0.000000E+00  0.464938E+06  0.169342E+07
  0.132578E+00  0.172329E+07  0.171600E+07 -0.359496E+01  0.000000E+00  0.451785E+06  0.166762E+07
  0.134408E+00  0.169636E+07  0.168927E+07  0.000000E+00  0.000000E+00  0.438806E+06  0.164132E+07
  0.136237E+00  0.166886E+07  0.166190E+07  0.000000E+00  0.000000E+00  0.425987E+06  0.161448E+07
  0.138067E+00  0.164083E+07  0.163393E+07  0.000000E+00  0.000000E+00  0.413331E+06  0.158711E+07
  0.139897E+00  0.161232E+07  0.160541E+07  0.000000E+00  0.000000E+00  0.400851E+06  0.155929E+07
  0.141726E+00  0.158341E+07  0.157644E+07  0.000000E+00  0.000000E+00  0.388564E+06  0.153108E+07
  0.143556E+00  0.155423E+07  0.154716E+07  0.000000E+00  0.000000E+00  0.376493E+06  0.150262E+07
  0.145386E+00  0.152493E+07  0.151772E+07  0.000000E+00  0.000000E+00  0.364673E+06  0.147405E+07
  0.147215E+00  0.149567E+07  0.148831E+07  0.000000E+00  0.000000E+00  0.353134E+06  0.144553E+07
  0.149045E+00  0.146663E+07  0.145910E+07  0.000000E+00  0.000000E+00  0.341910E+06  0.141723E+07
  0.150875E+00  0.143799E+07  0.143028E+07  0.000000E+00  0.000000E+00  0.331032E+06  0.138933E+07
  0.152704E+00  0.140993E+07  0.140205E+07  0.000000E+00  0.000000E+00  0.320531E+06  0.136199E+07
  0.154534E+00  0.138260E+07  0.137456E+07  0.000000E+00  0.000000E+00  0.310432E+06  0.133538E+07
  0.156364E+00  0.135615E+07  0.134799E+07  0.000000E+00  0.000000E+00  0.300756E+06  0.130963E+07
  0.158193E+00  0.133073E+07  0.132246E+07  0.000000E+00  0.000000E+00  0.291518E+06  0.128489E+07
  0.160023E+00  0.130642E+07  0.129809E+07  0.000000E+00  0.000000E+00  0.282727E+06  0.126124E+07
  0.161853E+00  0.128331E+07  0.127496E+07  0.000000E+00  0.000000E+00  0.274386E+06  0.123876E+07
  0.163683E+00  0.126146E+07  0.125312E+07  0.000000E+00  0.000000E+00  0.266492E+06  0.121751E+07
  0.165512E+00  0.124089E+07  0.123261E+07  0.000000E+00  0.000000E+00  0.259038E+06  0.119751E+07
  0.167342E+00  0.122160E+07  0.121341E+07  0.000000E+00  0.000000E+00  0.252007E+06  0.117876E+07
  0.169172E+00  0.120356E+07  0.119550E+07  0.000000E+00  0.000000E+00  0.245379E+06  0.116123E+07
  0.171001E+00  0.118670E+07  0.117882E+07  0.000000E+00  0.000000E+00  0.239132E+06  0.114485E+07
  0.172831E+00  0.117097E+07  0.116328E+07  0.000000E+00  0.000000E+00  0.233237E+06  0.112957E+07
  0.174661E+00  0.115625E+07  0.114879E+07  0.000000E+00  0.000000E+00  0.227666E+06  0.111528E+07
  0.176490E+00  0.114245E+07  0.113523E+07  0.000000E+00  0.000000E+00  0.222386E+06  0.110188E+07
  0.178320E+00  0.112944E+07  0.112248E+07  0.000000E+00  0.000000E+00  0.217364E+06  0.108925E+07
  0.180150E+00  0.111709E+07  0.111040E+07  0.000000E+00  0.000000E+00  0.212570E+06  0.107727E+07
  0.181979E+00  0.110528E+07  0.109885E+07  0.000000E+00  0.000000E+00  0.207971E+06  0.106580E+07
  0.183809E+00  0.109387E+07  0.108771E+07  0.000000E+00  0.000000E+00  0.203537E+06  0.105473E+07
  0.185639E+00  0.108273E+07  0.107683E+07  0.000000E+00  0.000000E+00  0.199241E+06  0.104393E+07
  0.187468E+00  0.107176E+07  0.106610E+07  0.000000E+00  0.000000E+00  0.195056E+06  0.103328E+07
  0.189298E+00  0.106084E+07  0.105540E+07  0.000000E+00  0.000000E+00  0.190962E+06  0.102269E+07
  0.191128E+00  0.104989E+07  0.104465E+07  0.000000E+00  0.000000E+00  0.186939E+06  0.101207E+07
  0.192957E+00  0.103883E+07  0.103376E+07  0.000000E+00  0.000000E+00  0.182973E+06  0.100134E+07
  0.194787E+00  0.102760E+07  0.102268E+07  0.000000E+00  0.000000E+00  0.179050E+06  0.990440E+06
  0.196617E+00  0.101614E+07  0.101135E+07  0.000000E+00  0.000000E+00  0.175164E+06  0.979330E+06
  0.198446E+00  0.100445E+07  0.999743E+06  0.000000E+00  0.000000E+00  0.171308E+06  0.967984E+06
  0.200276E+00  0.992502E+06  0.987865E+06  0.000000E+00  0.000000E+00  0.167483E+06  0.956398E+06
  0.202106E+00  0.980313E+06  0.975718E+06  0.000000E+00  0.000000E+00  0.163687E+06  0.944576E+06
  0.203935E+00  0.967902E+06  0.963325E+06  0.000000E+00  0.000000E+00  0.159925E+06  0.932538E+06
  0.205765E+00  0.955303E+06  0.950726E+06  0.000000E+00  0.000000E+00  0.156201E+06  0.920321E+06
  0.207595E+00  0.942566E+06  0.937969E+06  0.000000E+00  0.000000E+00  0.152524E+06  0.907969E+06
  0.209424E+00  0.929741E+06  0.925112E+06  0.000000E+00  0.000000E+00  0.148900E+06  0.895534E+06
  0.211254E+00  0.916889E+06  0.912218E+06  0.000000E+00  0.000000E+00  0.145338E+06  0.883074E+06
  0.213084E+00  0.904076E+06  0.899356E+06  0.000000E+00  0.000000E+00  0.141848E+06  0.870654E+06
  0.214913E+00  0.891369E+06  0.886598E+06  0.000000E+00  0.000000E+00  0.138437E+06  0.858339E+06
  0.216743E+00  0.878833E+06  0.874012E+06  0.000000E+00  0.000000E+00  0.135115E+06  0.846191E+06
  0.218573E+00  0.866530E+06  0.861663E+06  0.000000E+00  0.000000E+00  0.131888E+06  0.834271E+06
  0.220402E+00  0.854519E+06  0.849612E+06  0.000000E+00  0.000000E+00  0.128763E+06  0.822635E+06
  0.222232E+00  0.842850E+06  0.837912E+06  0.000000E+00  0.000000E+00  0.125746E+06  0.811333E+06
  0.224062E+00  0.831566E+06  0.826610E+06  0.000000E+00  0.000000E+00  0.122839E+06  0.800406E+06
  0.225892E+00  0.820703E+06  0.815741E+06  0.000000E+00  0.000000E+00  0.120045E+06  0.789888E+06
  0.227721E+00  0.810286E+06  0.805332E+06  0.000000E+00  0.000000E+00  0.117366E+06  0.779804E+06
  0.229551E+00  0.800328E+06  0.795397E+06  0.000000E+00  0.000000E+00  0.114799E+06  0.770167E+06
  0.231381E+00  0.790836E+06  0.785942E+06  0.000000E+00  0.000000E+00  0.112343E+06  0.760983E+06
  0.233210E+00  0.781805E+06  0.776962E+06  0.000000E+00  0.000000E+00  0.109994E+06  0.752246E+06
  0.235040E+00  0.773222E+06  0.768443E+06  0.000000E+00  0.000000E+00  0.107749E+06  0.743944E+06
  0.236870E+00  0.765063E+06  0.760360E+06  0.000000E+00  0.000000E+00  0.105600E+06  0.736055E+06
  0.238699E+00  0.757300E+06  0.752683E+06  0.000000E+00  0.000000E+00  0.103541E+06  0.728549E+06
  0.240529E+00  0.749897E+06  0.745375E+06  0.000000E+00  0.000000E+00  0.101566E+06  0.721394E+06
  0.242359E+00  0.742817E+06  0.738396E+06  0.000000E+00  0.000000E+00  0.996674E+05  0.714551E+06
  0.244188E+00  0.736014E+06  0.731698E+06  0.000000E+00  0.000000E+00  0.978366E+05  0.707977E+06
  0.246018E+00  0.729442E+06  0.725234E+06  0.000000E+00  0.000000E+00  0.960662E+05  0.701628E+06
  0.247848E+00  0.723057E+06  0.718957E+06  0.000000E+00  0.000000E+00  0.943490E+05  0.695459E+06
  0.249677E+00  0.716814E+06  0.712820E+06  0.000000E+00  0.000000E+00  0.926778E+05  0.689428E+06
  0.251507E+00  0.710670E+06  0.706778E+06  0.000000E+00  0.000000E+00  0.910459E+05  0.683493E+06
  0.253337E+00  0.704584E+06  0.700790E+06  0.000000E+00  0.000000E+00  0.894475E+05  0.677615E+06
  0.255166E+00  0.698523E+06  0.694818E+06  0.000000E+00  0.000000E+00  0.878773E+05  0.671759E+06
  0.256996E+00  0.692453E+06  0.688830E+06  0.000000E+00  0.000000E+00  0.863308E+05  0.665896E+06
  0.258826E+00  0.686351E+06  0.682801E+06  0.000000E+00  0.000000E+00  0.848043E+05  0.660001E+06
  0.260655E+00  0.680196E+06  0.676709E+06  0.000000E+00  0.000000E+00  0.832953E+05  0.654055E+06
  0.262485E+00  0.673975E+06  0.670542E+06  0.000000E+00  0.000000E+00  0.818016E+05  0.648045E+06
  0.264315E+00  0.667679E+06  0.664291E+06  0.000000E+00  0.000000E+00  0.803221E+05  0.641962E+06
  0.266144E+00  0.661308E+06  0.657954E+06  0.000000E+00  0.000000E+00  0.788564E+05  0.635807E+06
  0.267974E+00  0.654865E+06  0.651538E+06  0.000000E+00  0.000000E+00  0.774049E+05  0.629582E+06
  0.269804E+00  0.648359E+06  0.645050E+06  0.000000E+00  0.000000E+00  0.759681E+05  0.623296E+06
  0.271633E+00  0.641802E+06  0.638504E+06  0.000000E+00  0.000000E+00  0.745475E+05  0.616962E+06
  0.273463E+00  0.635211E+06  0.631918E+06  0.000000E+00  0.000000E+00  0.731447E+05  0.610594E+06
  0.275293E+00  0.628605E+06  0.625312E+06  0.000000E+00  0.000000E+00  0.717616E+05  0.604212E+06
  0.277122E+00  0.622007E+06  0.618711E+06  0.000000E+00  0.000000E+00  0.704004E+05  0.597839E+06
  0.278952E+00  0.615439E+06  0.612137E+06  0.000000E+00  0.000000E+00  0.690633E+05  0.591494E+06
  0.280782E+00  0.608924E+06  0.605616E+06  0.000000E+00  0.000000E+00  0.677524E+05  0.585202E+06
  0.282612E+00  0.602486E+06  0.599171E+06  0.000000E+00  0.000000E+00  0.664696E+05  0.578984E+06
  0.284441E+00  0.596146E+06  0.592826E+06  0.000000E+00  0.000000E+00  0.652170E+05  0.572862E+06
  0.286271E+00  0.589924E+06  0.586601E+06  0.000000E+00  0.000000E+00  0.639959E+05  0.566854E+06
  0.288101E+00  0.583839E+06  0.580516E+06  0.000000E+00  0.000000E+00  0.628078E+05  0.560978E+06
  0.289930E+00  0.577904E+06  0.574585E+06  0.000000E+00  0.000000E+00  0.616534E+05  0.555250E+06
  0.291760E+00  0.572133E+06  0.568822E+06  0.000000E+00  0.000000E+00  0.605334E+05  0.549680E+06
  0.293590E+00  0.566534E+06  0.563236E+06  0.000000E+00  0.000000E+00  0.594481E+05  0.544276E+06
  0.295419E+00  0.561113E+06  0.557833E+06  0.000000E+00  0.000000E+00  0.583971E+05  0.539045E+06
  0.297249E+00  0.555871E+06  0.552614E+06  0.000000E+00  0.000000E+00  0.573800E+05  0.533988E+06
  0.299079E+00  0.550803E+06  0.547574E+06  0.000000E+00  0.000000E+00  0.563955E+05  0.529100E+06
  0.300908E+00  0.545908E+06  0.542712E+06  0.000000E+00  0.000000E+00  0.554428E+05  0.524379E+06
  0.302738E+00  0.541180E+06  0.538020E+06  0.000000E+00  0.000000E+00  0.545205E+05  0.519820E+06
  0.304568E+00  0.536609E+06  0.533488E+06  0.000000E+00  0.000000E+00  0.536271E+05  0.515412E+06
  0.306397E+00  0.532182E+06  0.529104E+06  0.000000E+00  0.000000E+00  0.527606E+05  0.511144E+06
  0.308227E+00  0.527886E+06  0.524852E+06  0.000000E+00  0.000000E+00  0.519191E+05  0.507003E+06
  0.310057E+00  0.523705E+06  0.520718E+06  0.000000E+00  0.000000E+00  0.511008E+05  0.502974E+06
  0.311886E+00  0.519625E+06  0.516685E+06  0.000000E+00  0.000000E+00  0.503035E+05  0.499042E+06
  0.313716E+00  0.515629E+06  0.512736E+06  0.000000E+00  0.000000E+00  0.495253E+05  0.495191E+06
  0.315546E+00  0.511701E+06  0.508855E+06  0.000000E+00  0.000000E+00  0.487643E+05  0.491406E+06
  0.317375E+00  0.507827E+06  0.505026E+06  0.000000E+00  0.000000E+00  0.480188E+05  0.487672E+06
  0.319205E+00  0.503991E+06  0.501234E+06  0.000000E+00  0.000000E+00  0.472870E+05  0.483977E+06
  0.321035E+00  0.500182E+06  0.497466E+06  0.000000E+00  0.000000E+00  0.465676E+05  0.480306E+06
  0.322864E+00  0.496388E+06  0.493710E+06  0.000000E+00  0.000000E+00  0.458593E+05  0.476650E+06
  0.324694E+00  0.492599E+06  0.489956E+06  0.000000E+00  0.000000E+00  0.451609E+05  0.472999E+06
  0.326524E+00  0.488808E+06  0.486198E+06  0.000000E+00  0.000000E+00  0.444717E+05  0.469346E+06
  0.328353E+00  0.485010E+06  0.482428E+06  0.000000E+00  0.000000E+00  0.437910E+05  0.465686E+06
  0.330183E+00  0.481201E+06  0.478645E+06  0.000000E+00  0.000000E+00  0.431184E+05  0.462016E+06
  0.332013E+00  0.477380E+06  0.474846E+06  0.000000E+00  0.000000E+00  0.424536E+05  0.458334E+06
  0.333842E+00  0.473548E+06  0.471032E+06  0.000000E+00  0.000000E+00  0.417966E+05  0.454640E+06
  0.335672E+00  0.469707E+06  0.467207E+06  0.000000E+00  0.000000E+00  0.411474E+05  0.450939E+06
  0.337502E+00  0.465861E+06  0.463375E+06  0.000000E+00  0.000000E+00  0.405064E+05  0.447232E+06
  0.339332E+00  0.462015E+06  0.459540E+06  0.000000E+00  0.000000E+00  0.398738E+05  0.443526E+06
  0.341161E+00  0.458176E+06  0.455711E+06  0.000000E+00  0.000000E+00  0.392500E+05  0.439827E+06
  0.342991E+00  0.454352E+06  0.451894E+06  0.000000E+00  0.000000E+00  0.386356E+05  0.436141E+06
  0.344821E+00  0.450549E+06  0.448098E+06  0.000000E+00  0.000000E+00  0.380309E+05  0.432476E+06
  0.346650E+00  0.446775E+06  0.444331E+06  0.000000E+00  0.000000E+00  0.374366E+05  0.428840E+06
  0.348480E+00  0.443039E+06  0.440601E+06  0.000000E+00  0.000000E+00  0.368531E+05  0.425241E+06
  0.350310E+00  0.439348E+06  0.436916E+06  0.000000E+00  0.000000E+00  0.362809E+05  0.421684E+06
  0.352139E+00  0.435709E+06  0.433284E+06  0.000000E+00  0.000000E+00  0.357202E+05  0.418178E+06
  0.353969E+00  0.432128E+06  0.429710E+06  0.000000E+00  0.000000E+00  0.351715E+05  0.414728E+06
  0.355799E+00  0.428610E+06  0.426202E+06  0.000000E+00  0.000000E+00  0.346349E+05  0.411340E+06
  0.357628E+00  0.425161E+06  0.422763E+06  0.000000E+00  0.000000E+00  0.341106E+05  0.408018E+06
  0.359458E+00  0.421782E+06  0.419396E+06  0.000000E+00  0.000000E+00  0.335985E+05  0.404764E+06
  0.361288E+00  0.418477E+06  0.416104E+06  0.000000E+00  0.000000E+00  0.330987E+05  0.401581E+06
  0.363117E+00  0.415245E+06  0.412887E+06  0.000000E+00  0.000000E+00  0.326111E+05  0.398470E+06
  0.364947E+00  0.412088E+06  0.409746E+06  0.000000E+00  0.000000E+00  0.321352E+05  0.395430E+06
  0.366777E+00  0.409003E+06  0.406679E+06  0.000000E+00  0.000000E+00  0.316709E+05  0.392460E+06
  0.368606E+00  0.405988E+06  0.403683E+06  0.000000E+00  0.000000E+00  0.312178E+05  0.389557E+06
  0.370436E+00  0.403039E+06  0.400755E+06  0.000000E+00  0.000000E+00  0.307753E+05  0.386720E+06
  0.372266E+00  0.400154E+06  0.397892E+06  0.000000E+00  0.000000E+00  0.303431E+05  0.383943E+06
  0.374095E+00  0.397327E+06  0.395087E+06  0.000000E+00  0.000000E+00  0.299205E+05  0.381223E+06
  0.375925E+00  0.394554E+06  0.392336E+06  0.000000E+00  0.000000E+00  0.295070E+05  0.378554E+06
  0.377755E+00  0.391828E+06  0.389634E+06  0.000000E+00  0.000000E+00  0.291022E+05  0.375932E+06
  0.379584E+00  0.389146E+06  0.386975E+06  0.000000E+00  0.000000E+00  0.287053E+05  0.373350E+06
  0.381414E+00  0.386500E+06  0.384352E+06  0.000000E+00  0.000000E+00  0.283160E+05  0.370805E+06
  0.383244E+00  0.383887E+06  0.381762E+06  0.000000E+00  0.000000E+00  0.279336E+05  0.368291E+06
  0.385073E+00  0.381300E+06  0.379198E+06  0.000000E+00  0.000000E+00  0.275577E+05  0.365803E+06
  0.386903E+00  0.378736E+06  0.376655E+06  0.000000E+00  0.000000E+00  0.271879E+05  0.363336E+06
  0.388733E+00  0.376191E+06  0.374130E+06  0.000000E+00  0.000000E+00  0.268238E+05  0.360888E+06
  0.390562E+00  0.373661E+06  0.371619E+06  0.000000E+00  0.000000E+00  0.264650E+05  0.358454E+06
  0.392392E+00  0.371143E+06  0.369120E+06  0.000000E+00  0.000000E+00  0.261113E+05  0.356031E+06
  0.394222E+00  0.368635E+06  0.366629E+06  0.000000E+00  0.000000E+00  0.257624E+05  0.353618E+06
  0.396051E+00  0.366135E+06  0.364145E+06  0.000000E+00  0.000000E+00  0.254181E+05  0.351213E+06
  0.397881E+00  0.363643E+06  0.361668E+06  0.000000E+00  0.000000E+00  0.250784E+05  0.348816E+06
  0.399711E+00  0.361158E+06  0.359196E+06  0.000000E+00  0.000000E+00  0.247431E+05  0.346425E+06
  0.401541E+00  0.358681E+06  0.356732E+06  0.000000E+00  0.000000E+00  0.244121E+05  0.344042E+06
  0.403370E+00  0.356212E+06  0.354275E+06  0.000000E+00  0.000000E+00  0.240856E+05  0.341667E+06
  0.405200E+00  0.353753E+06  0.351826E+06  0.000000E+00  0.000000E+00  0.237634E+05  0.339302E+06
  0.407030E+00  0.351306E+06  0.349389E+06  0.000000E+00  0.000000E+00  0.234457E+05  0.336947E+06
  0.408859E+00  0.348872E+06  0.346964E+06  0.000000E+00  0.000000E+00  0.231326E+05  0.334606E+06
  0.410689E+00  0.346454E+06  0.344555E+06  0.000000E+00  0.000000E+00  0.228240E+05  0.332279E+06
  0.412519E+00  0.344054E+06  0.342163E+06  0.000000E+00  0.000000E+00  0.225201E+05  0.329970E+06
  0.414348E+00  0.341674E+06  0.339792E+06  0.000000E+00  0.000000E+00  0.222210E+05  0.327681E+06
  0.416178E+00  0.339317E+06  0.337443E+06  0.000000E+00  0.000000E+00  0.219267E+05  0.325414E+06
  0.418008E+00  0.336984E+06  0.335119E+06  0.000000E+00  0.000000E+00  0.216373E+05  0.323170E+06
  0.419837E+00  0.334679E+06  0.332822E+06  0.000000E+00  0.000000E+00  0.213529E+05  0.320953E+06
  0.421667E+00  0.332403E+06  0.330555E+06  0.000000E+00  0.000000E+00  0.210736E+05  0.318764E+06
  0.423497E+00  0.330157E+06  0.328318E+06  0.000000E+00  0.000000E+00  0.207992E+05  0.316604E+06
  0.425326E+00  0.327943E+06  0.326113E+06  0.000000E+00  0.000000E+00  0.205299E+05  0.314475E+06
  0.427156E+00  0.325762E+06  0.323942E+06  0.000000E+00  0.000000E+00  0.202656E+05  0.312377E+06
  0.428986E+00  0.323613E+06  0.321804E+06  0.000000E+00  0.000000E+00  0.200063E+05  0.310311E+06
  0.430815E+00  0.321498E+06  0.319699E+06  0.000000E+00  0.000000E+00  0.197518E+05  0.308278E+06
  0.432645E+00  0.319416E+06  0.317629E+06  0.000000E+00  0.000000E+00  0.195022E+05  0.306276E+06
  0.434475E+00  0.317367E+06  0.315591E+06  0.000000E+00  0.000000E+00  0.192573E+05  0.304306E+06
  0.436304E+00  0.315349E+06  0.313586E+06  0.000000E+00  0.000000E+00  0.190169E+05  0.302367E+06
  0.438134E+00  0.313362E+06  0.311612E+06  0.000000E+00  0.000000E+00  0.187811E+05  0.300457E+06
  0.439964E+00  0.311405E+06  0.309667E+06  0.000000E+00  0.000000E+00  0.185495E+05  0.298575E+06
  0.441793E+00  0.309475E+06  0.307750E+06  0.000000E+00  0.000000E+00  0.183220E+05  0.296720E+06
  0.443623E+00  0.307571E+06  0.305859E+06  0.000000E+00  0.000000E+00  0.180985E+05  0.294891E+06
  0.445453E+00  0.305692E+06  0.303993E+06  0.000000E+00  0.000000E+00  0.178788E+05  0.293085E+06
  0.447282E+00  0.303835E+06  0.302149E+06  0.000000E+00  0.000000E+00  0.176628E+05  0.291300E+06
  0.449112E+00  0.301998E+06  0.300325E+06  0.000000E+00  0.000000E+00  0.174502E+05  0.289535E+06
  0.450942E+00  0.300180E+06  0.298520E+06  0.000000E+00  0.000000E+00  0.172410E+05  0.287788E+06
  0.452771E+00  0.298380E+06  0.296732E+06  0.000000E+00  0.000000E+00  0.170349E+05  0.286058E+06
  0.454601E+00  0.296594E+06  0.294958E+06  0.000000E+00  0.000000E+00  0.168318E+05  0.284342E+06
  0.456431E+00  0.294822E+06  0.293199E+06  0.000000E+00  0.000000E+00  0.166317E+05  0.282639E+06
  0.458261E+00  0.293063E+06  0.291451E+06  0.000000E+00  0.000000E+00  0.164343E+05  0.280949E+06
  0.460090E+00  0.291316E+06  0.289715E+06  0.000000E+00  0.000000E+00  0.162397E+05  0.279270E+06
  0.461920E+00  0.289579E+06  0.287988E+06  0.000000E+00  0.000000E+00  0.160476E+05  0.277601E+06
  0.463750E+00  0.287852E+06  0.286272E+06  0.000000E+00  0.000000E+00  0.158581E+05  0.275942E+06
  0.465579E+00  0.286135E+06  0.284565E+06  0.000000E+00  0.000000E+00  0.156711E+05  0.274292E+06
  0.467409E+00  0.284428E+06  0.282867E+06  0.000000E+00  0.000000E+00  0.154865E+05  0.272651E+06
  0.469239E+00  0.282730E+06  0.281178E+06  0.000000E+00  0.000000E+00  0.153043E+05  0.271020E+06
  0.471068E+00  0.281042E+06  0.279498E+06  0.000000E+00  0.000000E+00  0.151245E+05  0.269397E+06
  0.472898E+00  0.279364E+06  0.277829E+06  0.000000E+00  0.000000E+00  0.149471E+05  0.267785E+06
  0.474728E+00  0.277697E+06  0.276170E+06  0.000000E+00  0.000000E+00  0.147721E+05  0.266183E+06
  0.476557E+00  0.276041E+06  0.274522E+06  0.000000E+00  0.000000E+00  0.145994E+05  0.264592E+06
  0.478387E+00  0.274397E+06  0.272885E+06  0.000000E+00  0.000000E+00  0.144291E+05  0.263013E+06
  0.480217E+00  0.272766E+06  0.271262E+06  0.000000E+00  0.000000E+00  0.142612E+05  0.261446E+06
  0.482046E+00  0.271149E+06  0.269652E+06  0.000000E+00  0.000000E+00  0.140957E+05  0.259892E+06
  0.483876E+00  0.269544E+06  0.268055E+06  0.000000E+00  0.000000E+00  0.139325E+05  0.258351E+06
  0.485706E+00  0.267954E+06  0.266472E+06  0.000000E+00  0.000000E+00  0.137717E+05  0.256822E+06
  0.487535E+00  0.266379E+06  0.264904E+06  0.000000E+00  0.000000E+00  0.136133E+05  0.255309E+06
  0.489365E+00  0.264821E+06  0.263353E+06  0.000000E+00  0.000000E+00  0.134573E+05  0.253812E+06
  0.491195E+00  0.263279E+06  0.261819E+06  0.000000E+00  0.000000E+00  0.133036E+05  0.252331E+06
  0.493024E+00  0.261755E+06  0.260302E+06  0.000000E+00  0.000000E+00  0.131524E+05  0.250867E+06
  0.494854E+00  0.260248E+06  0.258803E+06  0.000000E+00  0.000000E+00  0.130035E+05  0.249420E+06
  0.496684E+00  0.258758E+06  0.257321E+06  0.000000E+00  0.000000E+00  0.128570E+05  0.247989E+06
  0.498513E+00  0.257287E+06  0.255857E+06  0.000000E+00  0.000000E+00  0.127128E+05  0.246575E+06
  0.500343E+00  0.255832E+06  0.254411E+06  0.000000E+00  0.000000E+00  0.125708E+05  0.245178E+06
  0.502173E+00  0.254395E+06  0.252981E+06  0.000000E+00  0.000000E+00  0.124310E+05  0.243798E+06
  0.504002E+00  0.252974E+06  0.251569E+06  0.000000E+00  0.000000E+00  0.122934E+05  0.242433E+06
  0.505832E+00  0.251569E+06  0.250172E+06  0.000000E+00  0.000000E+00  0.121580E+05  0.241084E+06
  0.507662E+00  0.250180E+06  0.248791E+06  0.000000E+00  0.000000E+00  0.120245E+05  0.239750E+06
  0.509492E+00  0.248805E+06  0.247425E+06  0.000000E+00  0.000000E+00  0.118931E+05  0.238430E+06
  0.511321E+00  0.247445E+06  0.246073E+06  0.000000E+00  0.000000E+00  0.117636E+05  0.237124E+06
  0.513151E+00  0.246098E+06  0.244735E+06  0.000000E+00  0.000000E+00  0.116359E+05  0.235831E+06
  0.514980E+00  0.244765E+06  0.243409E+06  0.000000E+00  0.000000E+00  0.115101E+05  0.234550E+06
  0.516810E+00  0.243443E+06  0.242096E+06  0.000000E+00  0.000000E+00  0.113861E+05  0.233281E+06
  0.518640E+00  0.242133E+06  0.240794E+06  0.000000E+00  0.000000E+00  0.112638E+05  0.232023E+06
  0.520470E+00  0.240833E+06  0.239502E+06  0.000000E+00  0.000000E+00  0.111431E+05  0.230776E+06
  0.522299E+00  0.239544E+06  0.238221E+06  0.000000E+00  0.000000E+00  0.110240E+05  0.229538E+06
  0.524129E+00  0.238265E+06  0.236950E+06  0.000000E+00  0.000000E+00  0.109065E+05  0.228310E+06
  0.525959E+00  0.236995E+06  0.235687E+06  0.000000E+00  0.000000E+00  0.107905E+05  0.227091E+06
  0.527788E+00  0.235734E+06  0.234434E+06  0.000000E+00  0.000000E+00  0.106760E+05  0.225880E+06
  0.529618E+00  0.234482E+06  0.233189E+06  0.000000E+00  0.000000E+00  0.105630E+05  0.224678E+06
  0.531448E+00  0.233238E+06  0.231952E+06  0.000000E+00  0.000000E+00  0.104514E+05  0.223484E+06
  0.533277E+00  0.232003E+06  0.230724E+06  0.000000E+00  0.000000E+00  0.103412E+05  0.222297E+06
  0.535107E+00  0.230775E+06  0.229503E+06  0.000000E+00  0.000000E+00  0.102324E+05  0.221119E+06
  0.536937E+00  0.229556E+06  0.228290E+06  0.000000E+00  0.000000E+00  0.101249E+05  0.219948E+06
  0.538766E+00  0.228345E+06  0.227086E+06  0.000000E+00  0.000000E+00  0.100188E+05  0.218786E+06
  0.540596E+00  0.227142E+06  0.225889E+06  0.000000E+00  0.000000E+00  0.991398E+04  0.217631E+06
  0.542426E+00  0.225947E+06  0.224700E+06  0.000000E+00  0.000000E+00  0.981050E+04  0.216484E+06
  0.544255E+00  0.224760E+06  0.223520E+06  0.000000E+00  0.000000E+00  0.970833E+04  0.215345E+06
  0.546085E+00  0.223583E+06  0.222348E+06  0.000000E+00  0.000000E+00  0.960745E+04  0.214214E+06
  0.547915E+00  0.222413E+06  0.221185E+06  0.000000E+00  0.000000E+00  0.950787E+04  0.213092E+06
  0.549744E+00  0.221253E+06  0.220031E+06  0.000000E+00  0.000000E+00  0.940956E+04  0.211978E+06
  0.551574E+00  0.220102E+06  0.218886E+06  0.000000E+00  0.000000E+00  0.931252E+04  0.210873E+06
  0.553404E+00  0.218960E+06  0.217749E+06  0.000000E+00  0.000000E+00  0.921674E+04  0.209777E+06
  0.555233E+00  0.217828E+06  0.216623E+06  0.000000E+00  0.000000E+00  0.912222E+04  0.208690E+06
  0.557063E+00  0.216705E+06  0.215506E+06  0.000000E+00  0.000000E+00  0.902895E+04  0.207612E+06
  0.558893E+00  0.215591E+06  0.214398E+06  0.000000E+00  0.000000E+00  0.893691E+04  0.206543E+06
  0.560722E+00  0.214488E+06  0.213300E+06  0.000000E+00  0.000000E+00  0.884608E+04  0.205484E+06
  0.562552E+00  0.213394E+06  0.212212E+06  0.000000E+00  0.000000E+00  0.875647E+04  0.204434E+06
  0.564382E+00  0.212310E+06  0.211134E+06  0.000000E+00  0.000000E+00  0.866805E+04  0.203394E+06
  0.566211E+00  0.211236E+06  0.210066E+06  0.000000E+00  0.000000E+00  0.858082E+04  0.202363E+06
  0.568041E+00  0.210172E+06  0.209008E+06  0.000000E+00  0.000000E+00  0.849475E+04  0.201341E+06
  0.569871E+00  0.209117E+06  0.207959E+06  0.000000E+00  0.000000E+00  0.840983E+04  0.200329E+06
  0.571701E+00  0.208072E+06  0.206920E+06  0.000000E+00  0.000000E+00  0.832605E+04  0.199327E+06
  0.573530E+00  0.207037E+06  0.205890E+06  0.000000E+00  0.000000E+00  0.824337E+04  0.198333E+06
  0.575360E+00  0.206011E+06  0.204870E+06  0.000000E+00  0.000000E+00  0.816178E+04  0.197348E+06
  0.577190E+00  0.204994E+06  0.203859E+06  0.000000E+00  0.000000E+00  0.808127E+04  0.196373E+06
  0.579019E+00  0.203986E+06  0.202857E+06  0.000000E+00  0.000000E+00  0.800180E+04  0.195405E+06
  0.580849E+00  0.202987E+06  0.201864E+06  0.000000E+00  0.000000E+00  0.792336E+04  0.194447E+06
  0.582679E+00  0.201996E+06  0.200879E+06  0.000000E+00  0.000000E+00  0.784593E+04  0.193496E+06
  0.584508E+00  0.201014E+06  0.199902E+06  0.000000E+00  0.000000E+00  0.776948E+04  0.192553E+06
  0.586338E+00  0.200039E+06  0.198933E+06  0.000000E+00  0.000000E+00  0.769399E+04  0.191618E+06
  0.588168E+00  0.199072E+06  0.197971E+06  0.000000E+00  0.000000E+00  0.761944E+04  0.190690E+06
  0.589997E+00  0.198112E+06  0.197017E+06  0.000000E+00  0.000000E+00  0.754581E+04  0.189769E+06
  0.710818E+00  0.147625E+06  0.146809E+06  0.000000E+00  0.000000E+00  0.417420E+04  0.141346E+06
  0.868196E+00  0.107132E+06  0.106540E+06  0.000000E+00  0.000000E+00  0.217643E+04  0.102539E+06
  0.106042E+01  0.773872E+05  0.769594E+05  0.000000E+00  0.000000E+00  0.111820E+04  0.740497E+05
  0.129520E+01  0.556634E+05  0.553556E+05  0.000000E+00  0.000000E+00  0.566899E+03  0.532526E+05
  0.158196E+01  0.398857E+05  0.396650E+05  0.000000E+00  0.000000E+00  0.369157E+03  0.381566E+05
  0.193220E+01  0.284781E+05  0.283204E+05  0.000000E+00  0.000000E+00  0.185177E+03  0.272402E+05
  0.236000E+01  0.202677E+05  0.201554E+05  0.000000E+00  0.000000E+00  0.918951E+02  0.193850E+05
  0.288251E+01  0.143819E+05  0.143020E+05  0.000000E+00  0.000000E+00  0.451655E+02  0.137546E+05
  0.352071E+01  0.101776E+05  0.101209E+05  0.000000E+00  0.000000E+00  0.220081E+02  0.973320E+04
  0.430020E+01  0.718432E+04  0.714412E+04  0.000000E+00  0.000000E+00  0.106425E+02  0.687040E+04
  0.525228E+01  0.505967E+04  0.503118E+04  0.000000E+00  0.000000E+00  0.511207E+01  0.483846E+04
  0.641515E+01  0.355574E+04  0.353552E+04  0.000000E+00  0.000000E+00  0.244123E+01  0.340021E+04
  0.783548E+01  0.249389E+04  0.247951E+04  0.000000E+00  0.000000E+00  0.115991E+01  0.238475E+04
  0.957028E+01  0.174592E+04  0.173564E+04  0.000000E+00  0.000000E+00  0.548715E+00  0.166947E+04
  0.116892E+02  0.122019E+04  0.121278E+04  0.000000E+00  0.000000E+00  0.258610E+00  0.116672E+04
  0.142772E+02  0.851397E+03  0.845994E+03  0.000000E+00  0.000000E+00  0.121493E+00  0.814051E+03
  0.174382E+02  0.593172E+03  0.589167E+03  0.000000E+00  0.000000E+00  0.569194E-01  0.567116E+03
  0.212990E+02  0.412678E+03  0.409641E+03  0.000000E+00  0.000000E+00  0.266035E-01  0.394513E+03
  0.260147E+02  0.286717E+03  0.284347E+03  0.000000E+00  0.000000E+00  0.124083E-01  0.274057E+03
  0.317744E+02  0.198942E+03  0.197030E+03  0.000000E+00  0.000000E+00  0.577658E-02  0.190118E+03
  0.388094E+02  0.137862E+03  0.136260E+03  0.000000E+00  0.000000E+00  0.268458E-02  0.131705E+03
  0.474019E+02  0.954132E+02  0.940193E+02  0.000000E+00  0.000000E+00  0.124553E-02  0.911096E+02
  0.578968E+02  0.659474E+02  0.646913E+02  0.000000E+00  0.000000E+00  0.576875E-03  0.629291E+02
  0.707154E+02  0.455170E+02  0.443507E+02  0.000000E+00  0.000000E+00  0.266686E-03  0.433890E+02
  0.863719E+02  0.313665E+02  0.302579E+02  0.000000E+00  0.000000E+00  0.123023E-03  0.298544E+02
  0.105495E+03  0.215750E+02  0.205043E+02  0.000000E+00  0.000000E+00  0.566010E-04  0.204889E+02
