  0.357574E-05  0.186065E+08  0.186065E+08  0.248073E+08  0.248073E+08  0.186066E+08  0.186065E+08
  0.369673E-05  0.186065E+08  0.186065E+08  0.248072E+08  0.248072E+08  0.186066E+08  0.186065E+08
  0.382181E-05  0.186065E+08  0.186065E+08  0.248071E+08  0.248071E+08  0.186066E+08  0.186065E+08
  0.395112E-05  0.186065E+08  0.186065E+08  0.248070E+08  0.248070E+08  0.186066E+08  0.186065E+08
  0.408481E-05  0.186065E+08  0.186065E+08  0.248069E+08  0.248068E+08  0.186066E+08  0.186065E+08
  0.422302E-05  0.186065E+08  0.186065E+08  0.248068E+08  0.248067E+08  0.186066E+08  0.186065E+08
  0.436590E-05  0.186065E+08  0.186065E+08  0.248066E+08  0.248066E+08  0.186066E+08  0.186065E+08
  0.451363E-05  0.186065E+08  0.186065E+08  0.248065E+08  0.248064E+08  0.186066E+08  0.186065E+08
  0.466635E-05  0.186065E+08  0.186065E+08  0.248063E+08  0.248063E+08  0.186066E+08  0.186065E+08
  0.482423E-05  0.186065E+08  0.186065E+08  0.248062E+08  0.248061E+08  0.186066E+08  0.186065E+08
  0.498746E-05  0.186065E+08  0.186065E+08  0.248060E+08  0.248059E+08  0.186066E+08  0.186065E+08
  0.515621E-05  0.186065E+08  0.186065E+08  0.248058E+08  0.248057E+08  0.186066E+08  0.186065E+08
  0.533068E-05  0.186065E+08  0.186065E+08  0.248056E+08  0.248055E+08  0.186066E+08  0.186065E+08
  0.551104E-05  0.186065E+08  0.186065E+08  0.248054E+08  0.248053E+08  0.186066E+08  0.186065E+08
  0.569751E-05  0.186065E+08  0.186065E+08  0.248052E+08  0.248051E+08  0.186066E+08  0.186065E+08
  0.589029E-05  0.186065E+08  0.186065E+08  0.248049E+08  0.248048E+08  0.186066E+08  0.186065E+08
  0.608959E-05  0.186065E+08  0.186065E+08  0.248047E+08  0.248046E+08  0.186066E+08  0.186065E+08
  0.629563E-05  0.186065E+08  0.186065E+08  0.248044E+08  0.248043E+08  0.186066E+08  0.186065E+08
  0.650864E-05  0.186065E+08  0.186065E+08  0.248041E+08  0.248040E+08  0.186066E+08  0.186065E+08
  0.672887E-05  0.186065E+08  0.186065E+08  0.248038E+08  0.248036E+08  0.186066E+08  0.186065E+08
  0.695654E-05  0.186065E+08  0.186065E+08  0.248035E+08  0.248033E+08  0.186066E+08  0.186065E+08
  0.719192E-05  0.186065E+08  0.186065E+08  0.248031E+08  0.248029E+08  0.186066E+08  0.186065E+08
  0.743526E-05  0.186065E+08  0.186065E+08  0.248027E+08  0.248025E+08  0.186066E+08  0.186065E+08
  0.768683E-05  0.186065E+08  0.186065E+08  0.248023E+08  0.248021E+08  0.186066E+08  0.186065E+08
  0.794692E-05  0.186065E+08  0.186065E+08  0.248019E+08  0.248017E+08  0.186066E+08  0.186065E+08
  0.821580E-05  0.186065E+08  0.186065E+08  0.248014E+08  0.248012E+08  0.186066E+08  0.186065E+08
  0.849379E-05  0.186065E+08  0.186065E+08  0.248009E+08  0.248007E+08  0.186066E+08  0.186065E+08
  0.878118E-05  0.186065E+08  0.186065E+08  0.248004E+08  0.248001E+08  0.186066E+08  0.186065E+08
  0.907829E-05  0.186065E+08  0.186065E+08  0.247998E+08  0.247995E+08  0.186066E+08  0.186065E+08
  0.938546E-05  0.186065E+08  0.186065E+08  0.247992E+08  0.247989E+08  0.186066E+08  0.186065E+08
  0.970302E-05  0.186065E+08  0.186065E+08  0.247985E+08  0.247982E+08  0.186066E+08  0.186065E+08
  0.100313E-04  0.186065E+08  0.186065E+08  0.247978E+08  0.247975E+08  0.186066E+08  0.186065E+08
  0.103707E-04  0.186065E+08  0.186065E+08  0.247971E+08  0.247967E+08  0.186066E+08  0.186065E+08
  0.107216E-04  0.186065E+08  0.186065E+08  0.247963E+08  0.247959E+08  0.186066E+08  0.186065E+08
  0.110844E-04  0.186065E+08  0.186065E+08  0.247954E+08  0.247950E+08  0.186066E+08  0.186065E+08
  0.114594E-04  0.186065E+08  0.186065E+08  0.247945E+08  0.247941E+08  0.186066E+08  0.186065E+08
  0.118472E-04  0.186065E+08  0.186065E+08  0.247935E+08  0.247931E+08  0.186066E+08  0.186065E+08
  0.122480E-04  0.186065E+08  0.186065E+08  0.247925E+08  0.247920E+08  0.186066E+08  0.186065E+08
  0.126624E-04  0.186065E+08  0.186065E+08  0.247914E+08  0.247908E+08  0.186066E+08  0.186065E+08
  0.130909E-04  0.186065E+08  0.186065E+08  0.247902E+08  0.247896E+08  0.186066E+08  0.186065E+08
  0.135338E-04  0.186065E+08  0.186065E+08  0.247889E+08  0.247883E+08  0.186066E+08  0.186065E+08
  0.139917E-04  0.186065E+08  0.186065E+08  0.247875E+08  0.247869E+08  0.186066E+08  0.186065E+08
  0.144652E-04  0.186065E+08  0.186065E+08  0.247861E+08  0.247854E+08  0.186066E+08  0.186065E+08
  0.149546E-04  0.186065E+08  0.186065E+08  0.247845E+08  0.247838E+08  0.186066E+08  0.186065E+08
  0.154606E-04  0.186065E+08  0.186065E+08  0.247829E+08  0.247821E+08  0.186066E+08  0.186065E+08
  0.159837E-04  0.186065E+08  0.186065E+08  0.247811E+08  0.247803E+08  0.186066E+08  0.186065E+08
  0.165245E-04  0.186065E+08  0.186065E+08  0.247792E+08  0.247783E+08  0.186066E+08  0.186065E+08
  0.170836E-04  0.186065E+08  0.186065E+08  0.247772E+08  0.247762E+08  0.186066E+08  0.186065E+08
  0.176617E-04  0.186065E+08  0.186065E+08  0.247750E+08  0.247740E+08  0.186065E+08  0.186065E+08
  0.182592E-04  0.186065E+08  0.186065E+08  0.247727E+08  0.247716E+08  0.186065E+08  0.186065E+08
  0.188770E-04  0.186065E+08  0.186065E+08  0.247702E+08  0.247691E+08  0.186065E+08  0.186065E+08
  0.195158E-04  0.186065E+08  0.186065E+08  0.247675E+08  0.247663E+08  0.186065E+08  0.186065E+08
  0.201761E-04  0.186065E+08  0.186065E+08  0.247647E+08  0.247634E+08  0.186065E+08  0.186065E+08
  0.208587E-04  0.186064E+08  0.186064E+08  0.247617E+08  0.247603E+08  0.186065E+08  0.186065E+08
  0.215645E-04  0.186064E+08  0.186064E+08  0.247585E+08  0.247570E+08  0.186065E+08  0.186064E+08
  0.222941E-04  0.186064E+08  0.186064E+08  0.247550E+08  0.247534E+08  0.186065E+08  0.186064E+08
  0.230485E-04  0.186064E+08  0.186064E+08  0.247513E+08  0.247496E+08  0.186065E+08  0.186064E+08
  0.238283E-04  0.186064E+08  0.186064E+08  0.247474E+08  0.247456E+08  0.186065E+08  0.186064E+08
  0.246346E-04  0.186064E+08  0.186064E+08  0.247432E+08  0.247412E+08  0.186065E+08  0.186064E+08
  0.254681E-04  0.186064E+08  0.186064E+08  0.247387E+08  0.247366E+08  0.186065E+08  0.186064E+08
  0.263298E-04  0.186064E+08  0.186064E+08  0.247338E+08  0.247316E+08  0.186065E+08  0.186064E+08
  0.272207E-04  0.186064E+08  0.186064E+08  0.247287E+08  0.247263E+08  0.186065E+08  0.186064E+08
  0.281417E-04  0.186064E+08  0.186064E+08  0.247232E+08  0.247207E+08  0.186065E+08  0.186064E+08
  0.290939E-04  0.186064E+08  0.186064E+08  0.247173E+08  0.247146E+08  0.186064E+08  0.186064E+08
  0.300783E-04  0.186064E+08  0.186064E+08  0.247111E+08  0.247082E+08  0.186064E+08  0.186064E+08
  0.310960E-04  0.186064E+08  0.186064E+08  0.247043E+08  0.247013E+08  0.186064E+08  0.186064E+08
  0.321481E-04  0.186064E+08  0.186063E+08  0.246972E+08  0.246939E+08  0.186064E+08  0.186064E+08
  0.332359E-04  0.186063E+08  0.186063E+08  0.246895E+08  0.246860E+08  0.186064E+08  0.186063E+08
  0.343604E-04  0.186063E+08  0.186063E+08  0.246813E+08  0.246776E+08  0.186064E+08  0.186063E+08
  0.355230E-04  0.186063E+08  0.186063E+08  0.246726E+08  0.246686E+08  0.186064E+08  0.186063E+08
  0.367249E-04  0.186063E+08  0.186063E+08  0.246633E+08  0.246590E+08  0.186063E+08  0.186063E+08
  0.379675E-04  0.186063E+08  0.186063E+08  0.246533E+08  0.246487E+08  0.186063E+08  0.186063E+08
  0.392522E-04  0.186063E+08  0.186063E+08  0.246426E+08  0.246377E+08  0.186063E+08  0.186063E+08
  0.405803E-04  0.186063E+08  0.186062E+08  0.246312E+08  0.246260E+08  0.186063E+08  0.186063E+08
  0.419533E-04  0.186062E+08  0.186062E+08  0.246191E+08  0.246135E+08  0.186063E+08  0.186062E+08
  0.433728E-04  0.186062E+08  0.186062E+08  0.246061E+08  0.246001E+08  0.186062E+08  0.186062E+08
  0.448404E-04  0.186062E+08  0.186062E+08  0.245922E+08  0.245858E+08  0.186062E+08  0.186062E+08
  0.463576E-04  0.186062E+08  0.186062E+08  0.245773E+08  0.245705E+08  0.186062E+08  0.186062E+08
  0.479261E-04  0.186062E+08  0.186061E+08  0.245615E+08  0.245542E+08  0.186062E+08  0.186062E+08
  0.495477E-04  0.186061E+08  0.186061E+08  0.245446E+08  0.245368E+08  0.186061E+08  0.186061E+08
  0.512241E-04  0.186061E+08  0.186061E+08  0.245265E+08  0.245182E+08  0.186061E+08  0.186061E+08
  0.529573E-04  0.186061E+08  0.186061E+08  0.245072E+08  0.244983E+08  0.186061E+08  0.186061E+08
  0.547492E-04  0.186060E+08  0.186060E+08  0.244866E+08  0.244771E+08  0.186060E+08  0.186060E+08
  0.566016E-04  0.186060E+08  0.186060E+08  0.244645E+08  0.244544E+08  0.186060E+08  0.186060E+08
  0.585167E-04  0.186060E+08  0.186060E+08  0.244410E+08  0.244302E+08  0.186059E+08  0.186060E+08
  0.604967E-04  0.186059E+08  0.186059E+08  0.244159E+08  0.244044E+08  0.186059E+08  0.186059E+08
  0.625436E-04  0.186059E+08  0.186059E+08  0.243891E+08  0.243768E+08  0.186058E+08  0.186059E+08
  0.646598E-04  0.186059E+08  0.186058E+08  0.243605E+08  0.243473E+08  0.186058E+08  0.186058E+08
  0.668476E-04  0.186058E+08  0.186058E+08  0.243299E+08  0.243159E+08  0.186057E+08  0.186058E+08
  0.691094E-04  0.186058E+08  0.186057E+08  0.242973E+08  0.242823E+08  0.186057E+08  0.186058E+08
  0.714477E-04  0.186057E+08  0.186057E+08  0.242624E+08  0.242464E+08  0.186056E+08  0.186057E+08
  0.738652E-04  0.186057E+08  0.186056E+08  0.242252E+08  0.242082E+08  0.186055E+08  0.186056E+08
  0.763644E-04  0.186056E+08  0.186056E+08  0.241856E+08  0.241674E+08  0.186055E+08  0.186056E+08
  0.789482E-04  0.186055E+08  0.186055E+08  0.241432E+08  0.241238E+08  0.186054E+08  0.186055E+08
  0.816195E-04  0.186055E+08  0.186054E+08  0.240980E+08  0.240773E+08  0.186053E+08  0.186055E+08
  0.843811E-04  0.186054E+08  0.186054E+08  0.240498E+08  0.240277E+08  0.186052E+08  0.186054E+08
  0.872361E-04  0.186053E+08  0.186053E+08  0.239984E+08  0.239748E+08  0.186051E+08  0.186053E+08
  0.901878E-04  0.186052E+08  0.186052E+08  0.239436E+08  0.239184E+08  0.186050E+08  0.186052E+08
  0.932393E-04  0.186051E+08  0.186051E+08  0.238851E+08  0.238582E+08  0.186049E+08  0.186051E+08
  0.963941E-04  0.186051E+08  0.186050E+08  0.238227E+08  0.237940E+08  0.186048E+08  0.186050E+08
  0.996556E-04  0.186050E+08  0.186049E+08  0.237562E+08  0.237256E+08  0.186047E+08  0.186049E+08
  0.103028E-03  0.186048E+08  0.186048E+08  0.236853E+08  0.236527E+08  0.186045E+08  0.186048E+08
  0.106513E-03  0.186047E+08  0.186047E+08  0.236098E+08  0.235750E+08  0.186044E+08  0.186047E+08
  0.110117E-03  0.186046E+08  0.186045E+08  0.235293E+08  0.234923E+08  0.186042E+08  0.186046E+08
  0.113843E-03  0.186045E+08  0.186044E+08  0.234435E+08  0.234041E+08  0.186041E+08  0.186044E+08
  0.117695E-03  0.186043E+08  0.186043E+08  0.233522E+08  0.233102E+08  0.186039E+08  0.186043E+08
  0.121677E-03  0.186042E+08  0.186041E+08  0.232549E+08  0.232102E+08  0.186037E+08  0.186042E+08
  0.125794E-03  0.186040E+08  0.186039E+08  0.231514E+08  0.231037E+08  0.186035E+08  0.186040E+08
  0.130051E-03  0.186039E+08  0.186038E+08  0.230412E+08  0.229905E+08  0.186033E+08  0.186038E+08
  0.134451E-03  0.186037E+08  0.186036E+08  0.229240E+08  0.228700E+08  0.186031E+08  0.186036E+08
  0.139000E-03  0.186035E+08  0.186034E+08  0.227993E+08  0.227418E+08  0.186028E+08  0.186034E+08
  0.143703E-03  0.186033E+08  0.186032E+08  0.226667E+08  0.226056E+08  0.186026E+08  0.186032E+08
  0.148566E-03  0.186030E+08  0.186029E+08  0.225258E+08  0.224609E+08  0.186023E+08  0.186030E+08
  0.153592E-03  0.186028E+08  0.186027E+08  0.223762E+08  0.223071E+08  0.186020E+08  0.186028E+08
  0.158789E-03  0.186026E+08  0.186024E+08  0.222172E+08  0.221438E+08  0.186017E+08  0.186025E+08
  0.164162E-03  0.186023E+08  0.186021E+08  0.220484E+08  0.219705E+08  0.186013E+08  0.186022E+08
  0.169716E-03  0.186020E+08  0.186018E+08  0.218694E+08  0.217866E+08  0.186010E+08  0.186019E+08
  0.175459E-03  0.186017E+08  0.186015E+08  0.216795E+08  0.215917E+08  0.186006E+08  0.186016E+08
  0.181395E-03  0.186014E+08  0.186012E+08  0.214783E+08  0.213851E+08  0.186002E+08  0.186013E+08
  0.187533E-03  0.186010E+08  0.186008E+08  0.212651E+08  0.211664E+08  0.185997E+08  0.186009E+08
  0.193878E-03  0.186006E+08  0.186004E+08  0.210395E+08  0.209349E+08  0.185992E+08  0.186005E+08
  0.200438E-03  0.186002E+08  0.186000E+08  0.208008E+08  0.206900E+08  0.185987E+08  0.186001E+08
  0.207220E-03  0.185998E+08  0.185996E+08  0.205484E+08  0.204313E+08  0.185982E+08  0.185997E+08
  0.214231E-03  0.185993E+08  0.185991E+08  0.202819E+08  0.201580E+08  0.185976E+08  0.185992E+08
  0.221480E-03  0.185988E+08  0.185986E+08  0.200006E+08  0.198697E+08  0.185970E+08  0.185987E+08
  0.228974E-03  0.185983E+08  0.185981E+08  0.197039E+08  0.195658E+08  0.185964E+08  0.185982E+08
  0.236721E-03  0.185978E+08  0.185975E+08  0.193914E+08  0.192457E+08  0.185957E+08  0.185976E+08
  0.244731E-03  0.185972E+08  0.185969E+08  0.190626E+08  0.189090E+08  0.185949E+08  0.185970E+08
  0.253011E-03  0.185965E+08  0.185962E+08  0.187169E+08  0.185552E+08  0.185941E+08  0.185964E+08
  0.261572E-03  0.185958E+08  0.185955E+08  0.183539E+08  0.181839E+08  0.185933E+08  0.185957E+08
  0.270422E-03  0.185951E+08  0.185948E+08  0.179732E+08  0.177947E+08  0.185924E+08  0.185950E+08
  0.279572E-03  0.185944E+08  0.185940E+08  0.175746E+08  0.173873E+08  0.185914E+08  0.185942E+08
  0.289032E-03  0.185935E+08  0.185931E+08  0.171577E+08  0.169616E+08  0.185904E+08  0.185933E+08
  0.298811E-03  0.185927E+08  0.185922E+08  0.167225E+08  0.165173E+08  0.185893E+08  0.185924E+08
  0.308921E-03  0.185917E+08  0.185913E+08  0.162689E+08  0.160546E+08  0.185881E+08  0.185915E+08
  0.319374E-03  0.185907E+08  0.185902E+08  0.157969E+08  0.155735E+08  0.185868E+08  0.185905E+08
  0.330180E-03  0.185897E+08  0.185891E+08  0.153069E+08  0.150743E+08  0.185855E+08  0.185894E+08
  0.341352E-03  0.185885E+08  0.185880E+08  0.147991E+08  0.145575E+08  0.185841E+08  0.185882E+08
  0.352902E-03  0.185873E+08  0.185867E+08  0.142741E+08  0.140237E+08  0.185826E+08  0.185870E+08
  0.364842E-03  0.185860E+08  0.185854E+08  0.137327E+08  0.134738E+08  0.185809E+08  0.185857E+08
  0.377187E-03  0.185847E+08  0.185840E+08  0.131759E+08  0.129087E+08  0.185792E+08  0.185843E+08
  0.389949E-03  0.185832E+08  0.185825E+08  0.126048E+08  0.123298E+08  0.185774E+08  0.185828E+08
  0.403143E-03  0.185816E+08  0.185809E+08  0.120208E+08  0.117387E+08  0.185754E+08  0.185813E+08
  0.416783E-03  0.185800E+08  0.185792E+08  0.114258E+08  0.111372E+08  0.185733E+08  0.185796E+08
  0.430885E-03  0.185782E+08  0.185774E+08  0.108215E+08  0.105273E+08  0.185711E+08  0.185778E+08
  0.445464E-03  0.185763E+08  0.185754E+08  0.102104E+08  0.991156E+07  0.185687E+08  0.185759E+08
  0.460537E-03  0.185744E+08  0.185734E+08  0.959493E+07  0.929258E+07  0.185662E+08  0.185739E+08
  0.476119E-03  0.185722E+08  0.185712E+08  0.897794E+07  0.867334E+07  0.185635E+08  0.185717E+08
  0.492229E-03  0.185700E+08  0.185689E+08  0.836252E+07  0.805711E+07  0.185607E+08  0.185694E+08
  0.508884E-03  0.185676E+08  0.185664E+08  0.775203E+07  0.744737E+07  0.185576E+08  0.185670E+08
  0.526102E-03  0.185650E+08  0.185638E+08  0.715004E+07  0.684784E+07  0.185544E+08  0.185644E+08
  0.543903E-03  0.185623E+08  0.185611E+08  0.656029E+07  0.626240E+07  0.185509E+08  0.185616E+08
  0.562306E-03  0.185594E+08  0.185581E+08  0.598666E+07  0.569501E+07  0.185473E+08  0.185587E+08
  0.581332E-03  0.185564E+08  0.185550E+08  0.543307E+07  0.514970E+07  0.185434E+08  0.185556E+08
  0.601001E-03  0.185532E+08  0.185517E+08  0.490342E+07  0.463042E+07  0.185393E+08  0.185523E+08
  0.621336E-03  0.185497E+08  0.185482E+08  0.440147E+07  0.414094E+07  0.185349E+08  0.185488E+08
  0.642359E-03  0.185461E+08  0.185444E+08  0.393076E+07  0.368477E+07  0.185302E+08  0.185451E+08
  0.664094E-03  0.185422E+08  0.185405E+08  0.349446E+07  0.326499E+07  0.185252E+08  0.185412E+08
  0.686563E-03  0.185381E+08  0.185363E+08  0.309524E+07  0.288414E+07  0.185200E+08  0.185371E+08
  0.709794E-03  0.185338E+08  0.185319E+08  0.273517E+07  0.254407E+07  0.185144E+08  0.185326E+08
  0.733810E-03  0.185292E+08  0.185272E+08  0.241554E+07  0.224580E+07  0.185085E+08  0.185280E+08
  0.758638E-03  0.185243E+08  0.185222E+08  0.213679E+07  0.198943E+07  0.185022E+08  0.185230E+08
  0.784307E-03  0.185191E+08  0.185170E+08  0.189841E+07  0.177403E+07  0.184955E+08  0.185178E+08
  0.810844E-03  0.185137E+08  0.185114E+08  0.169882E+07  0.159757E+07  0.184885E+08  0.185123E+08
  0.838279E-03  0.185079E+08  0.185055E+08  0.153544E+07  0.145692E+07  0.184810E+08  0.185064E+08
  0.866643E-03  0.185018E+08  0.184994E+08  0.140465E+07  0.134792E+07  0.184730E+08  0.185002E+08
  0.895966E-03  0.184954E+08  0.184928E+08  0.130191E+07  0.126547E+07  0.184646E+08  0.184937E+08
  0.926281E-03  0.184885E+08  0.184859E+08  0.122195E+07  0.120374E+07  0.184557E+08  0.184867E+08
  0.957622E-03  0.184813E+08  0.184786E+08  0.115898E+07  0.115645E+07  0.184463E+08  0.184794E+08
  0.990024E-03  0.184737E+08  0.184709E+08  0.110703E+07  0.111722E+07  0.184363E+08  0.184717E+08
  0.102352E-02  0.184657E+08  0.184628E+08  0.106032E+07  0.107994E+07  0.184258E+08  0.184636E+08
  0.105815E-02  0.184572E+08  0.184542E+08  0.101362E+07  0.103924E+07  0.184146E+08  0.184550E+08
  0.109396E-02  0.184483E+08  0.184452E+08  0.962704E+06  0.990909E+06  0.184028E+08  0.184459E+08
  0.113097E-02  0.184389E+08  0.184357E+08  0.904694E+06  0.932275E+06  0.183903E+08  0.184363E+08
  0.116924E-02  0.184289E+08  0.184256E+08  0.838316E+06  0.862463E+06  0.183771E+08  0.184262E+08
  0.120880E-02  0.184184E+08  0.184150E+08  0.764045E+06  0.782517E+06  0.183631E+08  0.184155E+08
  0.124970E-02  0.184073E+08  0.184039E+08  0.684036E+06  0.695307E+06  0.183484E+08  0.184043E+08
  0.129198E-02  0.183957E+08  0.183922E+08  0.601851E+06  0.605192E+06  0.183328E+08  0.183924E+08
  0.133570E-02  0.183834E+08  0.183798E+08  0.521960E+06  0.517458E+06  0.183163E+08  0.183800E+08
  0.138089E-02  0.183704E+08  0.183668E+08  0.449059E+06  0.437555E+06  0.182989E+08  0.183668E+08
  0.142761E-02  0.183568E+08  0.183531E+08  0.387276E+06  0.370223E+06  0.182805E+08  0.183529E+08
  0.147592E-02  0.183424E+08  0.183387E+08  0.339383E+06  0.318642E+06  0.182611E+08  0.183383E+08
  0.152586E-02  0.183273E+08  0.183235E+08  0.306173E+06  0.283765E+06  0.182406E+08  0.183230E+08
  0.157748E-02  0.183113E+08  0.183075E+08  0.286147E+06  0.264001E+06  0.182189E+08  0.183068E+08
  0.163086E-02  0.182945E+08  0.182907E+08  0.275653E+06  0.255387E+06  0.181961E+08  0.182897E+08
  0.168604E-02  0.182769E+08  0.182730E+08  0.269528E+06  0.252293E+06  0.181721E+08  0.182718E+08
  0.174309E-02  0.182583E+08  0.182544E+08  0.262183E+06  0.248604E+06  0.181467E+08  0.182529E+08
  0.180206E-02  0.182387E+08  0.182349E+08  0.248942E+06  0.239151E+06  0.181199E+08  0.182331E+08
  0.186304E-02  0.182182E+08  0.182143E+08  0.227315E+06  0.221056E+06  0.180917E+08  0.182122E+08
  0.192607E-02  0.181966E+08  0.181927E+08  0.197797E+06  0.194563E+06  0.180620E+08  0.181902E+08
  0.199124E-02  0.181738E+08  0.181699E+08  0.163871E+06  0.163021E+06  0.180307E+08  0.181671E+08
  0.205862E-02  0.181500E+08  0.181461E+08  0.131029E+06  0.131859E+06  0.179977E+08  0.181428E+08
  0.212827E-02  0.181249E+08  0.181210E+08  0.104980E+06  0.106731E+06  0.179630E+08  0.181173E+08
  0.220028E-02  0.180985E+08  0.180946E+08  0.895497E+05  0.913908E+05  0.179265E+08  0.180905E+08
  0.227473E-02  0.180708E+08  0.180669E+08  0.850532E+05  0.861072E+05  0.178881E+08  0.180624E+08
  0.235169E-02  0.180417E+08  0.180378E+08  0.879364E+05  0.873929E+05  0.178478E+08  0.180328E+08
  0.243127E-02  0.180112E+08  0.180073E+08  0.920748E+05  0.894057E+05  0.178053E+08  0.180018E+08
  0.251353E-02  0.179792E+08  0.179752E+08  0.914279E+05  0.866278E+05  0.177608E+08  0.179692E+08
  0.259857E-02  0.179456E+08  0.179416E+08  0.829380E+05  0.766458E+05  0.177139E+08  0.179350E+08
  0.268650E-02  0.179104E+08  0.179064E+08  0.681490E+05  0.615085E+05  0.176648E+08  0.178992E+08
  0.277740E-02  0.178734E+08  0.178694E+08  0.523882E+05  0.466165E+05  0.176133E+08  0.178617E+08
  0.287137E-02  0.178347E+08  0.178306E+08  0.416070E+05  0.374296E+05  0.175593E+08  0.178223E+08
  0.296852E-02  0.177942E+08  0.177900E+08  0.385568E+05  0.358311E+05  0.175026E+08  0.177810E+08
  0.306896E-02  0.177517E+08  0.177475E+08  0.408538E+05  0.386819E+05  0.174434E+08  0.177379E+08
  0.317280E-02  0.177073E+08  0.177030E+08  0.426521E+05  0.400107E+05  0.173813E+08  0.176927E+08
  0.328016E-02  0.176608E+08  0.176565E+08  0.391402E+05  0.356593E+05  0.173164E+08  0.176454E+08
  0.339114E-02  0.176122E+08  0.176078E+08  0.304890E+05  0.267944E+05  0.172486E+08  0.175959E+08
  0.350588E-02  0.175614E+08  0.175569E+08  0.216369E+05  0.189229E+05  0.171777E+08  0.175443E+08
  0.362450E-02  0.175083E+08  0.175037E+08  0.175474E+05  0.166781E+05  0.171038E+08  0.174903E+08
  0.374714E-02  0.174529E+08  0.174482E+08  0.181701E+05  0.190816E+05  0.170267E+08  0.174339E+08
  0.387393E-02  0.173951E+08  0.173903E+08  0.185681E+05  0.204930E+05  0.169463E+08  0.173751E+08
  0.400500E-02  0.173347E+08  0.173298E+08  0.147956E+05  0.169610E+05  0.168627E+08  0.173137E+08
  0.414051E-02  0.172719E+08  0.172669E+08  0.905159E+04  0.109826E+05  0.167756E+08  0.172498E+08
  0.428061E-02  0.172064E+08  0.172013E+08  0.712885E+04  0.831372E+04  0.166851E+08  0.171832E+08
  0.442544E-02  0.171382E+08  0.171330E+08  0.104092E+05  0.101527E+05  0.165911E+08  0.171139E+08
  0.457518E-02  0.170672E+08  0.170619E+08  0.133131E+05  0.121452E+05  0.164935E+08  0.170418E+08
  0.472998E-02  0.169935E+08  0.169880E+08  0.111617E+05  0.153117E+05  0.163923E+08  0.169669E+08
  0.489002E-02  0.169169E+08  0.169113E+08  0.742701E+04  0.196287E+05  0.162875E+08  0.168890E+08
  0.505548E-02  0.168373E+08  0.168316E+08  0.789006E+04  0.000000E+00  0.161790E+08  0.168082E+08
  0.522653E-02  0.167547E+08  0.167489E+08  0.102404E+05  0.000000E+00  0.160667E+08  0.167243E+08
  0.540337E-02  0.166692E+08  0.166631E+08  0.813384E+04  0.000000E+00  0.159507E+08  0.166374E+08
  0.558620E-02  0.165805E+08  0.165743E+08  0.373258E+04  0.000000E+00  0.158308E+08  0.165474E+08
  0.577521E-02  0.164887E+08  0.164823E+08  0.386385E+04  0.000000E+00  0.157072E+08  0.164542E+08
  0.597061E-02  0.163938E+08  0.163872E+08  0.605562E+04  0.000000E+00  0.155797E+08  0.163579E+08
  0.617263E-02  0.162957E+08  0.162889E+08  0.448175E+04  0.000000E+00  0.154483E+08  0.162583E+08
  0.638148E-02  0.161944E+08  0.161873E+08  0.304747E+04  0.000000E+00  0.153131E+08  0.161555E+08
  0.659740E-02  0.160926E+08  0.160853E+08  0.433093E+04  0.000000E+00  0.151807E+08  0.160524E+08
  0.682063E-02  0.159849E+08  0.159774E+08  0.257347E+04  0.000000E+00  0.150377E+08  0.159431E+08
  0.705141E-02  0.158739E+08  0.158661E+08  0.293072E+03  0.000000E+00  0.148907E+08  0.158306E+08
  0.728999E-02  0.157596E+08  0.157515E+08  0.232857E+04  0.000000E+00  0.147396E+08  0.157146E+08
  0.753665E-02  0.156420E+08  0.156336E+08  0.220124E+04  0.000000E+00  0.145845E+08  0.155954E+08
  0.779166E-02  0.155210E+08  0.155123E+08  0.534820E+03  0.000000E+00  0.144254E+08  0.154727E+08
  0.805529E-02  0.153967E+08  0.153876E+08  0.121976E+04  0.000000E+00  0.142622E+08  0.153466E+08
  0.832784E-02  0.152681E+08  0.152586E+08  0.663033E+03  0.000000E+00  0.140935E+08  0.152163E+08
  0.860962E-02  0.151369E+08  0.151270E+08  0.166394E+04  0.000000E+00  0.139221E+08  0.150833E+08
  0.890093E-02  0.150022E+08  0.149920E+08  0.508854E+03  0.000000E+00  0.137467E+08  0.149468E+08
  0.920209E-02  0.148642E+08  0.148535E+08  0.413956E+03  0.000000E+00  0.135674E+08  0.148069E+08
  0.951345E-02  0.147227E+08  0.147115E+08  0.113627E+04  0.000000E+00  0.133841E+08  0.146635E+08
  0.983534E-02  0.145777E+08  0.145660E+08 -0.515671E+03  0.000000E+00  0.131969E+08  0.145167E+08
  0.101681E-01  0.144293E+08  0.144171E+08  0.620741E+03  0.000000E+00  0.130058E+08  0.143664E+08
  0.105122E-01  0.142778E+08  0.142650E+08 -0.181380E+03  0.000000E+00  0.128115E+08  0.142129E+08
  0.108678E-01  0.141225E+08  0.141091E+08  0.311395E+03  0.000000E+00  0.126130E+08  0.140557E+08
  0.112356E-01  0.139637E+08  0.139498E+08 -0.785287E+01  0.000000E+00  0.124108E+08  0.138950E+08
  0.116157E-01  0.138014E+08  0.137869E+08  0.213812E+03  0.000000E+00  0.122050E+08  0.137307E+08
  0.120087E-01  0.136357E+08  0.136205E+08 -0.138896E+03  0.000000E+00  0.119956E+08  0.135630E+08
  0.124151E-01  0.134664E+08  0.134504E+08 -0.500548E+02  0.000000E+00  0.117826E+08  0.133917E+08
  0.128351E-01  0.132936E+08  0.132769E+08 -0.684291E+01  0.000000E+00  0.115662E+08  0.132170E+08
  0.132694E-01  0.131174E+08  0.130999E+08 -0.294143E+03  0.000000E+00  0.113466E+08  0.130388E+08
  0.137184E-01  0.129376E+08  0.129193E+08 -0.124201E+03  0.000000E+00  0.111238E+08  0.128571E+08
  0.141825E-01  0.127545E+08  0.127353E+08  0.654123E+02  0.000000E+00  0.108980E+08  0.126719E+08
  0.146624E-01  0.125678E+08  0.125477E+08 -0.280500E+03  0.000000E+00  0.106694E+08  0.124833E+08
  0.151585E-01  0.123776E+08  0.123567E+08 -0.147656E+03  0.000000E+00  0.104381E+08  0.122913E+08
  0.156714E-01  0.121841E+08  0.121621E+08 -0.566110E+02  0.000000E+00  0.102043E+08  0.120958E+08
  0.162017E-01  0.119871E+08  0.119642E+08 -0.606807E+02  0.000000E+00  0.996823E+07  0.118971E+08
  0.167499E-01  0.117869E+08  0.117629E+08 -0.294306E+03  0.000000E+00  0.972995E+07  0.116950E+08
  0.173166E-01  0.115833E+08  0.115583E+08 -0.916433E+02  0.000000E+00  0.948960E+07  0.114897E+08
  0.179025E-01  0.113766E+08  0.113504E+08 -0.172538E+03  0.000000E+00  0.924727E+07  0.112813E+08
  0.185082E-01  0.111666E+08  0.111393E+08 -0.557611E+02  0.000000E+00  0.900312E+07  0.110697E+08
  0.191345E-01  0.109536E+08  0.109252E+08  0.228578E+02  0.000000E+00  0.875736E+07  0.108551E+08
  0.197819E-01  0.107376E+08  0.107080E+08 -0.118028E+03  0.000000E+00  0.851027E+07  0.106376E+08
  0.204512E-01  0.105187E+08  0.104879E+08 -0.919193E+02  0.000000E+00  0.826220E+07  0.104172E+08
  0.211432E-01  0.102971E+08  0.102650E+08 -0.481895E+02  0.000000E+00  0.801353E+07  0.101943E+08
  0.218586E-01  0.100729E+08  0.100396E+08  0.171241E+02  0.000000E+00  0.776465E+07  0.996886E+07
  0.225982E-01  0.984637E+07  0.981189E+07  0.428218E+02  0.000000E+00  0.751589E+07  0.974119E+07
  0.233628E-01  0.961773E+07  0.958203E+07 -0.102418E+03  0.000000E+00  0.726757E+07  0.951152E+07
  0.241533E-01  0.938726E+07  0.935034E+07 -0.126943E+02  0.000000E+00  0.702001E+07  0.928013E+07
  0.249705E-01  0.915524E+07  0.911715E+07 -0.109026E+03  0.000000E+00  0.677351E+07  0.904732E+07
  0.258154E-01  0.892203E+07  0.888280E+07 -0.331824E+02  0.000000E+00  0.652846E+07  0.881342E+07
  0.266889E-01  0.868797E+07  0.864764E+07 -0.285559E+02  0.000000E+00  0.628526E+07  0.857881E+07
  0.275919E-01  0.845347E+07  0.841211E+07 -0.670170E+02  0.000000E+00  0.604437E+07  0.834388E+07
  0.285255E-01  0.821896E+07  0.817664E+07 -0.751620E+02  0.000000E+00  0.580625E+07  0.810908E+07
  0.294906E-01  0.798493E+07  0.794173E+07  0.145766E+02  0.000000E+00  0.557139E+07  0.787487E+07
  0.304885E-01  0.775188E+07  0.770791E+07 -0.727698E+02  0.000000E+00  0.534030E+07  0.764180E+07
  0.315201E-01  0.752038E+07  0.747577E+07 -0.254544E+02  0.000000E+00  0.511346E+07  0.741040E+07
  0.325865E-01  0.729103E+07  0.724591E+07 -0.672208E+02  0.000000E+00  0.489131E+07  0.718128E+07
  0.336891E-01  0.706445E+07  0.701897E+07 -0.148245E+02  0.000000E+00  0.467430E+07  0.695506E+07
  0.348290E-01  0.684128E+07  0.679562E+07 -0.261665E+02  0.000000E+00  0.446288E+07  0.673237E+07
  0.360074E-01  0.662219E+07  0.657653E+07 -0.199328E+02  0.000000E+00  0.425754E+07  0.651387E+07
  0.372258E-01  0.640784E+07  0.636238E+07 -0.728576E-01  0.000000E+00  0.405870E+07  0.630021E+07
  0.384853E-01  0.619888E+07  0.615383E+07 -0.240321E+02  0.000000E+00  0.386672E+07  0.609204E+07
  0.397875E-01  0.599593E+07  0.595152E+07 -0.196403E+02  0.000000E+00  0.368188E+07  0.588997E+07
  0.411337E-01  0.579958E+07  0.575603E+07 -0.240184E+02  0.000000E+00  0.350443E+07  0.569456E+07
  0.425255E-01  0.561034E+07  0.556789E+07 -0.196181E+02  0.000000E+00  0.333464E+07  0.550632E+07
  0.439643E-01  0.542865E+07  0.538752E+07 -0.561218E+01  0.000000E+00  0.317264E+07  0.532567E+07
  0.454298E-01  0.525733E+07  0.521773E+07  0.120894E+01  0.000000E+00  0.302066E+07  0.515540E+07
  0.468953E-01  0.509893E+07  0.506101E+07 -0.922752E+01  0.000000E+00  0.288068E+07  0.499805E+07
  0.483608E-01  0.495251E+07  0.491638E+07 -0.122208E+02  0.000000E+00  0.275160E+07  0.485264E+07
  0.498262E-01  0.481707E+07  0.478281E+07 -0.103151E+02  0.000000E+00  0.263242E+07  0.471818E+07
  0.512917E-01  0.469162E+07  0.465928E+07 -0.266949E+02  0.000000E+00  0.252216E+07  0.459366E+07
  0.527572E-01  0.457514E+07  0.454475E+07 -0.872462E+01  0.000000E+00  0.241993E+07  0.447809E+07
  0.542227E-01  0.446666E+07  0.443821E+07 -0.115551E+02  0.000000E+00  0.232483E+07  0.437048E+07
  0.556882E-01  0.436522E+07  0.433867E+07 -0.659589E+01  0.000000E+00  0.223608E+07  0.426986E+07
  0.571536E-01  0.426989E+07  0.424517E+07 -0.952187E+01  0.000000E+00  0.215295E+07  0.417533E+07
  0.586191E-01  0.417980E+07  0.415683E+07 -0.124597E+02  0.000000E+00  0.207477E+07  0.408601E+07
  0.600846E-01  0.409412E+07  0.407281E+07 -0.641813E+01  0.000000E+00  0.200092E+07  0.400109E+07
  0.615501E-01  0.401210E+07  0.399230E+07 -0.896358E+01  0.000000E+00  0.193086E+07  0.391981E+07
  0.630155E-01  0.393304E+07  0.391463E+07 -0.103056E+02  0.000000E+00  0.186411E+07  0.384149E+07
  0.644810E-01  0.385635E+07  0.383918E+07 -0.697812E+01  0.000000E+00  0.180027E+07  0.376553E+07
  0.659465E-01  0.378148E+07  0.376539E+07 -0.101682E+02  0.000000E+00  0.173900E+07  0.369140E+07
  0.674120E-01  0.370797E+07  0.369280E+07  0.517000E+00  0.000000E+00  0.167997E+07  0.361866E+07
  0.688775E-01  0.363545E+07  0.362104E+07 -0.529205E+01  0.000000E+00  0.162293E+07  0.354691E+07
  0.703429E-01  0.356361E+07  0.354980E+07 -0.627346E+01  0.000000E+00  0.156769E+07  0.347588E+07
  0.718084E-01  0.349223E+07  0.347887E+07 -0.423391E+01  0.000000E+00  0.151409E+07  0.340533E+07
  0.732739E-01  0.342115E+07  0.340810E+07 -0.200808E+01  0.000000E+00  0.146200E+07  0.333511E+07
  0.747394E-01  0.335033E+07  0.333745E+07 -0.143406E+02  0.000000E+00  0.141136E+07  0.326518E+07
  0.762048E-01  0.327961E+07  0.326678E+07 -0.663673E+01  0.000000E+00  0.136205E+07  0.319539E+07
  0.776703E-01  0.320912E+07  0.319623E+07 -0.120737E+01  0.000000E+00  0.131409E+07  0.312586E+07
  0.791358E-01  0.313894E+07  0.312589E+07 -0.101747E+02  0.000000E+00  0.126747E+07  0.305666E+07
  0.806013E-01  0.306918E+07  0.305590E+07 -0.347340E+01  0.000000E+00  0.122218E+07  0.298792E+07
  0.820668E-01  0.300001E+07  0.298644E+07  0.319506E+01  0.000000E+00  0.117825E+07  0.291979E+07
  0.835322E-01  0.293160E+07  0.291769E+07 -0.970796E+01  0.000000E+00  0.113570E+07  0.285244E+07
  0.849977E-01  0.286416E+07  0.284987E+07 -0.114490E+02  0.000000E+00  0.109458E+07  0.278607E+07
  0.864632E-01  0.279788E+07  0.278322E+07 -0.199560E+01  0.000000E+00  0.105491E+07  0.272088E+07
  0.879287E-01  0.273300E+07  0.271796E+07 -0.238887E+01  0.000000E+00  0.101673E+07  0.265709E+07
  0.893941E-01  0.266971E+07  0.265432E+07 -0.429794E+01  0.000000E+00  0.980053E+06  0.259489E+07
  0.908596E-01  0.260823E+07  0.259250E+07 -0.291003E+01  0.000000E+00  0.944914E+06  0.253448E+07
  0.923251E-01  0.254872E+07  0.253271E+07 -0.206694E+01  0.000000E+00  0.911328E+06  0.247605E+07
  0.941548E-01  0.247746E+07  0.246116E+07 -0.495313E+01  0.000000E+00  0.871581E+06  0.240610E+07
  0.959845E-01  0.240982E+07  0.239332E+07 -0.133585E+01  0.000000E+00  0.834255E+06  0.233972E+07
  0.978141E-01  0.234599E+07  0.232941E+07 -0.142407E+01  0.000000E+00  0.799318E+06  0.227713E+07
  0.996438E-01  0.228611E+07  0.226956E+07 -0.257757E+01  0.000000E+00  0.766714E+06  0.221842E+07
  0.101473E+00  0.223023E+07  0.221382E+07  0.288226E+01  0.000000E+00  0.736362E+06  0.216365E+07
  0.103303E+00  0.217831E+07  0.216216E+07 -0.164709E+01  0.000000E+00  0.708159E+06  0.211280E+07
  0.105133E+00  0.213028E+07  0.211448E+07 -0.392554E+01  0.000000E+00  0.681986E+06  0.206575E+07
  0.106963E+00  0.208594E+07  0.207060E+07 -0.117534E+01  0.000000E+00  0.657708E+06  0.202235E+07
  0.108792E+00  0.204509E+07  0.203028E+07 -0.413599E+01  0.000000E+00  0.635172E+06  0.198236E+07
  0.110622E+00  0.200743E+07  0.199323E+07 -0.280370E+01  0.000000E+00  0.614222E+06  0.194551E+07
  0.112452E+00  0.197263E+07  0.195910E+07 -0.685412E+00  0.000000E+00  0.594696E+06  0.191147E+07
  0.114281E+00  0.194036E+07  0.192751E+07 -0.255940E+01  0.000000E+00  0.576432E+06  0.187989E+07
  0.116111E+00  0.191022E+07  0.189809E+07 -0.282946E+01  0.000000E+00  0.559270E+06  0.185042E+07
  0.117941E+00  0.188184E+07  0.187043E+07 -0.211663E+01  0.000000E+00  0.543055E+06  0.182267E+07
  0.119770E+00  0.185484E+07  0.184413E+07 -0.188829E+00  0.000000E+00  0.527645E+06  0.179627E+07
  0.121600E+00  0.182886E+07  0.181881E+07 -0.657317E+00  0.000000E+00  0.512905E+06  0.177087E+07
  0.123430E+00  0.180355E+07  0.179413E+07 -0.371508E-01  0.000000E+00  0.498717E+06  0.174614E+07
  0.125259E+00  0.177861E+07  0.176976E+07  0.106172E+01  0.000000E+00  0.484978E+06  0.172176E+07
  0.127089E+00  0.175377E+07  0.174542E+07 -0.233115E+01  0.000000E+00  0.471600E+06  0.169749E+07
  0.128919E+00  0.172880E+07  0.172089E+07 -0.161425E+01  0.000000E+00  0.458511E+06  0.167309E+07
  0.130748E+00  0.170353E+07  0.169597E+07  0.963769E-01  0.000000E+00  0.445656E+06  0.164841E+07
  0.132578E+00  0.167782E+07  0.167054E+07 -0.219124E+01  0.000000E+00  0.432996E+06  0.162330E+07
  0.134408E+00  0.165161E+07  0.164453E+07  0.000000E+00  0.000000E+00  0.420507E+06  0.159771E+07
  0.136237E+00  0.162484E+07  0.161789E+07  0.000000E+00  0.000000E+00  0.408175E+06  0.157158E+07
  0.138067E+00  0.159755E+07  0.159065E+07  0.000000E+00  0.000000E+00  0.396003E+06  0.154495E+07
  0.139897E+00  0.156979E+07  0.156289E+07  0.000000E+00  0.000000E+00  0.384002E+06  0.151787E+07
  0.141726E+00  0.154165E+07  0.153469E+07  0.000000E+00  0.000000E+00  0.372188E+06  0.149042E+07
  0.143556E+00  0.151324E+07  0.150618E+07  0.000000E+00  0.000000E+00  0.360585E+06  0.146271E+07
  0.145386E+00  0.148472E+07  0.147752E+07  0.000000E+00  0.000000E+00  0.349225E+06  0.143491E+07
  0.147215E+00  0.145624E+07  0.144888E+07  0.000000E+00  0.000000E+00  0.338138E+06  0.140715E+07
  0.149045E+00  0.142797E+07  0.142044E+07  0.000000E+00  0.000000E+00  0.327354E+06  0.137961E+07
  0.150875E+00  0.140009E+07  0.139238E+07  0.000000E+00  0.000000E+00  0.316905E+06  0.135245E+07
  0.152704E+00  0.137277E+07  0.136489E+07  0.000000E+00  0.000000E+00  0.306819E+06  0.132584E+07
  0.154534E+00  0.134616E+07  0.133813E+07  0.000000E+00  0.000000E+00  0.297120E+06  0.129994E+07
  0.156364E+00  0.132042E+07  0.131226E+07  0.000000E+00  0.000000E+00  0.287828E+06  0.127488E+07
  0.158193E+00  0.129567E+07  0.128741E+07  0.000000E+00  0.000000E+00  0.278958E+06  0.125079E+07
  0.160023E+00  0.127200E+07  0.126368E+07  0.000000E+00  0.000000E+00  0.270518E+06  0.122777E+07
  0.161853E+00  0.124951E+07  0.124116E+07  0.000000E+00  0.000000E+00  0.262510E+06  0.120590E+07
  0.163683E+00  0.122823E+07  0.121990E+07  0.000000E+00  0.000000E+00  0.254932E+06  0.118521E+07
  0.165512E+00  0.120821E+07  0.119993E+07  0.000000E+00  0.000000E+00  0.247775E+06  0.116575E+07
  0.167342E+00  0.118943E+07  0.118124E+07  0.000000E+00  0.000000E+00  0.241026E+06  0.114750E+07
  0.169172E+00  0.117186E+07  0.116381E+07  0.000000E+00  0.000000E+00  0.234664E+06  0.113043E+07
  0.171001E+00  0.115545E+07  0.114757E+07  0.000000E+00  0.000000E+00  0.228666E+06  0.111450E+07
  0.172831E+00  0.114013E+07  0.113245E+07  0.000000E+00  0.000000E+00  0.223008E+06  0.109962E+07
  0.174661E+00  0.112581E+07  0.111835E+07  0.000000E+00  0.000000E+00  0.217659E+06  0.108571E+07
  0.176490E+00  0.111237E+07  0.110515E+07  0.000000E+00  0.000000E+00  0.212591E+06  0.107267E+07
  0.178320E+00  0.109970E+07  0.109274E+07  0.000000E+00  0.000000E+00  0.207771E+06  0.106038E+07
  0.180150E+00  0.108768E+07  0.108099E+07  0.000000E+00  0.000000E+00  0.203169E+06  0.104871E+07
  0.181979E+00  0.107618E+07  0.106975E+07  0.000000E+00  0.000000E+00  0.198754E+06  0.103756E+07
  0.183809E+00  0.106506E+07  0.105891E+07  0.000000E+00  0.000000E+00  0.194499E+06  0.102678E+07
  0.185639E+00  0.105422E+07  0.104832E+07  0.000000E+00  0.000000E+00  0.190375E+06  0.101626E+07
  0.187468E+00  0.104354E+07  0.103788E+07  0.000000E+00  0.000000E+00  0.186360E+06  0.100590E+07
  0.189298E+00  0.103292E+07  0.102748E+07  0.000000E+00  0.000000E+00  0.182432E+06  0.995598E+06
  0.191128E+00  0.102225E+07  0.101701E+07  0.000000E+00  0.000000E+00  0.178572E+06  0.985258E+06
  0.192957E+00  0.101148E+07  0.100642E+07  0.000000E+00  0.000000E+00  0.174767E+06  0.974813E+06
  0.194787E+00  0.100054E+07  0.995629E+06  0.000000E+00  0.000000E+00  0.171006E+06  0.964204E+06
  0.196617E+00  0.989393E+06  0.984598E+06  0.000000E+00  0.000000E+00  0.167279E+06  0.953390E+06
  0.198446E+00  0.978006E+06  0.973305E+06  0.000000E+00  0.000000E+00  0.163583E+06  0.942347E+06
  0.200276E+00  0.966376E+06  0.961742E+06  0.000000E+00  0.000000E+00  0.159916E+06  0.931069E+06
  0.202106E+00  0.954510E+06  0.949918E+06  0.000000E+00  0.000000E+00  0.156278E+06  0.919562E+06
  0.203935E+00  0.942426E+06  0.937853E+06  0.000000E+00  0.000000E+00  0.152673E+06  0.907845E+06
  0.205765E+00  0.930160E+06  0.925586E+06  0.000000E+00  0.000000E+00  0.149106E+06  0.895953E+06
  0.207595E+00  0.917759E+06  0.913166E+06  0.000000E+00  0.000000E+00  0.145583E+06  0.883930E+06
  0.209424E+00  0.905273E+06  0.900648E+06  0.000000E+00  0.000000E+00  0.142112E+06  0.871826E+06
  0.211254E+00  0.892761E+06  0.888093E+06  0.000000E+00  0.000000E+00  0.138701E+06  0.859698E+06
  0.213084E+00  0.880286E+06  0.875570E+06  0.000000E+00  0.000000E+00  0.135358E+06  0.847608E+06
  0.214913E+00  0.867915E+06  0.863147E+06  0.000000E+00  0.000000E+00  0.132093E+06  0.835620E+06
  0.216743E+00  0.855710E+06  0.850892E+06  0.000000E+00  0.000000E+00  0.128912E+06  0.823794E+06
  0.218573E+00  0.843733E+06  0.838868E+06  0.000000E+00  0.000000E+00  0.125824E+06  0.812192E+06
  0.220402E+00  0.832039E+06  0.827135E+06  0.000000E+00  0.000000E+00  0.122833E+06  0.800865E+06
  0.222232E+00  0.820677E+06  0.815743E+06  0.000000E+00  0.000000E+00  0.119944E+06  0.789863E+06
  0.224062E+00  0.809692E+06  0.804738E+06  0.000000E+00  0.000000E+00  0.117162E+06  0.779227E+06
  0.225892E+00  0.799115E+06  0.794156E+06  0.000000E+00  0.000000E+00  0.114489E+06  0.768989E+06
  0.227721E+00  0.788973E+06  0.784022E+06  0.000000E+00  0.000000E+00  0.111924E+06  0.759173E+06
  0.229551E+00  0.779278E+06  0.774350E+06  0.000000E+00  0.000000E+00  0.109468E+06  0.749792E+06
  0.231381E+00  0.770037E+06  0.765145E+06  0.000000E+00  0.000000E+00  0.107118E+06  0.740852E+06
  0.233210E+00  0.761244E+06  0.756404E+06  0.000000E+00  0.000000E+00  0.104870E+06  0.732348E+06
  0.235040E+00  0.752886E+06  0.748110E+06  0.000000E+00  0.000000E+00  0.102721E+06  0.724266E+06
  0.236870E+00  0.744943E+06  0.740243E+06  0.000000E+00  0.000000E+00  0.100665E+06  0.716587E+06
  0.238699E+00  0.737384E+06  0.732770E+06  0.000000E+00  0.000000E+00  0.986955E+05  0.709281E+06
  0.240529E+00  0.730176E+06  0.725657E+06  0.000000E+00  0.000000E+00  0.968056E+05  0.702316E+06
  0.242359E+00  0.723282E+06  0.718864E+06  0.000000E+00  0.000000E+00  0.949885E+05  0.695655E+06
  0.244188E+00  0.716658E+06  0.712346E+06  0.000000E+00  0.000000E+00  0.932368E+05  0.689256E+06
  0.246018E+00  0.710260E+06  0.706055E+06  0.000000E+00  0.000000E+00  0.915429E+05  0.683075E+06
  0.247848E+00  0.704043E+06  0.699946E+06  0.000000E+00  0.000000E+00  0.899000E+05  0.677071E+06
  0.249677E+00  0.697965E+06  0.693974E+06  0.000000E+00  0.000000E+00  0.883012E+05  0.671200E+06
  0.251507E+00  0.691982E+06  0.688093E+06  0.000000E+00  0.000000E+00  0.867401E+05  0.665423E+06
  0.253337E+00  0.686057E+06  0.682265E+06  0.000000E+00  0.000000E+00  0.852111E+05  0.659701E+06
  0.255166E+00  0.680155E+06  0.676452E+06  0.000000E+00  0.000000E+00  0.837093E+05  0.654001E+06
  0.256996E+00  0.674246E+06  0.670625E+06  0.000000E+00  0.000000E+00  0.822303E+05  0.648294E+06
  0.258826E+00  0.668304E+06  0.664756E+06  0.000000E+00  0.000000E+00  0.807707E+05  0.642555E+06
  0.260655E+00  0.662311E+06  0.658827E+06  0.000000E+00  0.000000E+00  0.793279E+05  0.636768E+06
  0.262485E+00  0.656254E+06  0.652823E+06  0.000000E+00  0.000000E+00  0.779000E+05  0.630917E+06
  0.264315E+00  0.650124E+06  0.646738E+06  0.000000E+00  0.000000E+00  0.764857E+05  0.624996E+06
  0.266144E+00  0.643920E+06  0.640569E+06  0.000000E+00  0.000000E+00  0.750849E+05  0.619004E+06
  0.267974E+00  0.637648E+06  0.634323E+06  0.000000E+00  0.000000E+00  0.736977E+05  0.612945E+06
  0.269804E+00  0.631313E+06  0.628006E+06  0.000000E+00  0.000000E+00  0.723249E+05  0.606826E+06
  0.271633E+00  0.624929E+06  0.621633E+06  0.000000E+00  0.000000E+00  0.709676E+05  0.600659E+06
  0.273463E+00  0.618511E+06  0.615220E+06  0.000000E+00  0.000000E+00  0.696274E+05  0.594460E+06
  0.275293E+00  0.612080E+06  0.608789E+06  0.000000E+00  0.000000E+00  0.683063E+05  0.588248E+06
  0.277122E+00  0.605656E+06  0.602362E+06  0.000000E+00  0.000000E+00  0.670063E+05  0.582044E+06
  0.278952E+00  0.599261E+06  0.595961E+06  0.000000E+00  0.000000E+00  0.657293E+05  0.575868E+06
  0.280782E+00  0.592918E+06  0.589612E+06  0.000000E+00  0.000000E+00  0.644774E+05  0.569742E+06
  0.282612E+00  0.586650E+06  0.583337E+06  0.000000E+00  0.000000E+00  0.632525E+05  0.563689E+06
  0.284441E+00  0.580477E+06  0.577159E+06  0.000000E+00  0.000000E+00  0.620565E+05  0.557729E+06
  0.286271E+00  0.574419E+06  0.571098E+06  0.000000E+00  0.000000E+00  0.608907E+05  0.551881E+06
  0.288101E+00  0.568494E+06  0.565173E+06  0.000000E+00  0.000000E+00  0.597563E+05  0.546161E+06
  0.289930E+00  0.562716E+06  0.559399E+06  0.000000E+00  0.000000E+00  0.586543E+05  0.540585E+06
  0.291760E+00  0.557096E+06  0.553788E+06  0.000000E+00  0.000000E+00  0.575852E+05  0.535162E+06
  0.293590E+00  0.551645E+06  0.548350E+06  0.000000E+00  0.000000E+00  0.565491E+05  0.529902E+06
  0.295419E+00  0.546366E+06  0.543089E+06  0.000000E+00  0.000000E+00  0.555459E+05  0.524810E+06
  0.297249E+00  0.541262E+06  0.538008E+06  0.000000E+00  0.000000E+00  0.545751E+05  0.519887E+06
  0.299079E+00  0.536328E+06  0.533101E+06  0.000000E+00  0.000000E+00  0.536354E+05  0.515128E+06
  0.300908E+00  0.531563E+06  0.528368E+06  0.000000E+00  0.000000E+00  0.527261E+05  0.510533E+06
  0.302738E+00  0.526959E+06  0.523800E+06  0.000000E+00  0.000000E+00  0.518459E+05  0.506094E+06
  0.304568E+00  0.522508E+06  0.519389E+06  0.000000E+00  0.000000E+00  0.509931E+05  0.501804E+06
  0.306397E+00  0.518197E+06  0.515121E+06  0.000000E+00  0.000000E+00  0.501661E+05  0.497649E+06
  0.308227E+00  0.514014E+06  0.510982E+06  0.000000E+00  0.000000E+00  0.493631E+05  0.493617E+06
  0.310057E+00  0.509944E+06  0.506958E+06  0.000000E+00  0.000000E+00  0.485821E+05  0.489695E+06
  0.311886E+00  0.505971E+06  0.503033E+06  0.000000E+00  0.000000E+00  0.478213E+05  0.485867E+06
  0.313716E+00  0.502080E+06  0.499189E+06  0.000000E+00  0.000000E+00  0.470787E+05  0.482118E+06
  0.315546E+00  0.498255E+06  0.495411E+06  0.000000E+00  0.000000E+00  0.463526E+05  0.478434E+06
  0.317375E+00  0.494483E+06  0.491684E+06  0.000000E+00  0.000000E+00  0.456413E+05  0.474799E+06
  0.319205E+00  0.490748E+06  0.487993E+06  0.000000E+00  0.000000E+00  0.449431E+05  0.471202E+06
  0.321035E+00  0.487039E+06  0.484325E+06  0.000000E+00  0.000000E+00  0.442568E+05  0.467629E+06
  0.322864E+00  0.483345E+06  0.480669E+06  0.000000E+00  0.000000E+00  0.435811E+05  0.464070E+06
  0.324694E+00  0.479656E+06  0.477015E+06  0.000000E+00  0.000000E+00  0.429150E+05  0.460515E+06
  0.326524E+00  0.475964E+06  0.473356E+06  0.000000E+00  0.000000E+00  0.422576E+05  0.456959E+06
  0.328353E+00  0.472266E+06  0.469686E+06  0.000000E+00  0.000000E+00  0.416084E+05  0.453396E+06
  0.330183E+00  0.468558E+06  0.466003E+06  0.000000E+00  0.000000E+00  0.409670E+05  0.449823E+06
  0.332013E+00  0.464837E+06  0.462305E+06  0.000000E+00  0.000000E+00  0.403331E+05  0.446238E+06
  0.333842E+00  0.461106E+06  0.458592E+06  0.000000E+00  0.000000E+00  0.397067E+05  0.442643E+06
  0.335672E+00  0.457366E+06  0.454868E+06  0.000000E+00  0.000000E+00  0.390879E+05  0.439040E+06
  0.337502E+00  0.453621E+06  0.451137E+06  0.000000E+00  0.000000E+00  0.384768E+05  0.435431E+06
  0.339332E+00  0.449877E+06  0.447404E+06  0.000000E+00  0.000000E+00  0.378738E+05  0.431824E+06
  0.341161E+00  0.446139E+06  0.443675E+06  0.000000E+00  0.000000E+00  0.372793E+05  0.428222E+06
  0.342991E+00  0.442415E+06  0.439959E+06  0.000000E+00  0.000000E+00  0.366937E+05  0.424634E+06
  0.344821E+00  0.438712E+06  0.436263E+06  0.000000E+00  0.000000E+00  0.361175E+05  0.421066E+06
  0.346650E+00  0.435038E+06  0.432595E+06  0.000000E+00  0.000000E+00  0.355512E+05  0.417527E+06
  0.348480E+00  0.431401E+06  0.428964E+06  0.000000E+00  0.000000E+00  0.349952E+05  0.414022E+06
  0.350310E+00  0.427807E+06  0.425376E+06  0.000000E+00  0.000000E+00  0.344499E+05  0.410560E+06
  0.352139E+00  0.424263E+06  0.421840E+06  0.000000E+00  0.000000E+00  0.339158E+05  0.407147E+06
  0.353969E+00  0.420776E+06  0.418361E+06  0.000000E+00  0.000000E+00  0.333930E+05  0.403788E+06
  0.355799E+00  0.417352E+06  0.414945E+06  0.000000E+00  0.000000E+00  0.328818E+05  0.400490E+06
  0.357628E+00  0.413993E+06  0.411596E+06  0.000000E+00  0.000000E+00  0.323823E+05  0.397255E+06
  0.359458E+00  0.410703E+06  0.408318E+06  0.000000E+00  0.000000E+00  0.318946E+05  0.394088E+06
  0.361288E+00  0.407485E+06  0.405113E+06  0.000000E+00  0.000000E+00  0.314185E+05  0.390989E+06
  0.363117E+00  0.404338E+06  0.401982E+06  0.000000E+00  0.000000E+00  0.309540E+05  0.387960E+06
  0.364947E+00  0.401264E+06  0.398924E+06  0.000000E+00  0.000000E+00  0.305008E+05  0.385000E+06
  0.366777E+00  0.398260E+06  0.395937E+06  0.000000E+00  0.000000E+00  0.300585E+05  0.382109E+06
  0.368606E+00  0.395324E+06  0.393021E+06  0.000000E+00  0.000000E+00  0.296269E+05  0.379283E+06
  0.370436E+00  0.392453E+06  0.390171E+06  0.000000E+00  0.000000E+00  0.292056E+05  0.376521E+06
  0.372266E+00  0.389644E+06  0.387383E+06  0.000000E+00  0.000000E+00  0.287939E+05  0.373818E+06
  0.374095E+00  0.386891E+06  0.384653E+06  0.000000E+00  0.000000E+00  0.283915E+05  0.371169E+06
  0.375925E+00  0.384191E+06  0.381975E+06  0.000000E+00  0.000000E+00  0.279978E+05  0.368571E+06
  0.377755E+00  0.381537E+06  0.379344E+06  0.000000E+00  0.000000E+00  0.276123E+05  0.366018E+06
  0.379584E+00  0.378925E+06  0.376755E+06  0.000000E+00  0.000000E+00  0.272344E+05  0.363505E+06
  0.381414E+00  0.376349E+06  0.374203E+06  0.000000E+00  0.000000E+00  0.268637E+05  0.361028E+06
  0.383244E+00  0.373804E+06  0.371681E+06  0.000000E+00  0.000000E+00  0.264996E+05  0.358580E+06
  0.385073E+00  0.371286E+06  0.369184E+06  0.000000E+00  0.000000E+00  0.261417E+05  0.356158E+06
  0.386903E+00  0.368789E+06  0.366709E+06  0.000000E+00  0.000000E+00  0.257897E+05  0.353756E+06
  0.388733E+00  0.366311E+06  0.364251E+06  0.000000E+00  0.000000E+00  0.254431E+05  0.351373E+06
  0.390562E+00  0.363847E+06  0.361807E+06  0.000000E+00  0.000000E+00  0.251015E+05  0.349003E+06
  0.392392E+00  0.361395E+06  0.359374E+06  0.000000E+00  0.000000E+00  0.247649E+05  0.346644E+06
  0.394222E+00  0.358953E+06  0.356949E+06  0.000000E+00  0.000000E+00  0.244328E+05  0.344295E+06
  0.396051E+00  0.356519E+06  0.354531E+06  0.000000E+00  0.000000E+00  0.241051E+05  0.341954E+06
  0.397881E+00  0.354093E+06  0.352119E+06  0.000000E+00  0.000000E+00  0.237818E+05  0.339620E+06
  0.399711E+00  0.351673E+06  0.349713E+06  0.000000E+00  0.000000E+00  0.234628E+05  0.337293E+06
  0.401541E+00  0.349261E+06  0.347313E+06  0.000000E+00  0.000000E+00  0.231479E+05  0.334973E+06
  0.403370E+00  0.346857E+06  0.344921E+06  0.000000E+00  0.000000E+00  0.228372E+05  0.332661E+06
  0.405200E+00  0.344463E+06  0.342538E+06  0.000000E+00  0.000000E+00  0.225307E+05  0.330358E+06
  0.407030E+00  0.342080E+06  0.340165E+06  0.000000E+00  0.000000E+00  0.222285E+05  0.328065E+06
  0.408859E+00  0.339710E+06  0.337804E+06  0.000000E+00  0.000000E+00  0.219305E+05  0.325786E+06
  0.410689E+00  0.337356E+06  0.335458E+06  0.000000E+00  0.000000E+00  0.216370E+05  0.323521E+06
  0.412519E+00  0.335019E+06  0.333130E+06  0.000000E+00  0.000000E+00  0.213480E+05  0.321273E+06
  0.414348E+00  0.332701E+06  0.330821E+06  0.000000E+00  0.000000E+00  0.210634E+05  0.319044E+06
  0.416178E+00  0.330406E+06  0.328534E+06  0.000000E+00  0.000000E+00  0.207836E+05  0.316837E+06
  0.418008E+00  0.328135E+06  0.326271E+06  0.000000E+00  0.000000E+00  0.205084E+05  0.314653E+06
  0.419837E+00  0.325891E+06  0.324035E+06  0.000000E+00  0.000000E+00  0.202379E+05  0.312494E+06
  0.421667E+00  0.323675E+06  0.321828E+06  0.000000E+00  0.000000E+00  0.199722E+05  0.310363E+06
  0.423497E+00  0.321488E+06  0.319650E+06  0.000000E+00  0.000000E+00  0.197113E+05  0.308260E+06
  0.425326E+00  0.319332E+06  0.317503E+06  0.000000E+00  0.000000E+00  0.194553E+05  0.306187E+06
  0.427156E+00  0.317208E+06  0.315389E+06  0.000000E+00  0.000000E+00  0.192040E+05  0.304145E+06
  0.428986E+00  0.315116E+06  0.313308E+06  0.000000E+00  0.000000E+00  0.189574E+05  0.302134E+06
  0.430815E+00  0.313056E+06  0.311259E+06  0.000000E+00  0.000000E+00  0.187155E+05  0.300154E+06
  0.432645E+00  0.311029E+06  0.309243E+06  0.000000E+00  0.000000E+00  0.184781E+05  0.298205E+06
  0.434475E+00  0.309034E+06  0.307259E+06  0.000000E+00  0.000000E+00  0.182453E+05  0.296287E+06
  0.436304E+00  0.307069E+06  0.305307E+06  0.000000E+00  0.000000E+00  0.180168E+05  0.294399E+06
  0.438134E+00  0.305134E+06  0.303385E+06  0.000000E+00  0.000000E+00  0.177926E+05  0.292540E+06
  0.439964E+00  0.303228E+06  0.301491E+06  0.000000E+00  0.000000E+00  0.175724E+05  0.290708E+06
  0.441793E+00  0.301349E+06  0.299625E+06  0.000000E+00  0.000000E+00  0.173562E+05  0.288902E+06
  0.443623E+00  0.299496E+06  0.297785E+06  0.000000E+00  0.000000E+00  0.171438E+05  0.287121E+06
  0.445453E+00  0.297666E+06  0.295968E+06  0.000000E+00  0.000000E+00  0.169350E+05  0.285362E+06
  0.447282E+00  0.295857E+06  0.294173E+06  0.000000E+00  0.000000E+00  0.167296E+05  0.283625E+06
  0.449112E+00  0.294069E+06  0.292397E+06  0.000000E+00  0.000000E+00  0.165276E+05  0.281907E+06
  0.450942E+00  0.292299E+06  0.290640E+06  0.000000E+00  0.000000E+00  0.163288E+05  0.280206E+06
  0.452771E+00  0.290545E+06  0.288899E+06  0.000000E+00  0.000000E+00  0.161329E+05  0.278521E+06
  0.454601E+00  0.288807E+06  0.287172E+06  0.000000E+00  0.000000E+00  0.159399E+05  0.276851E+06
  0.456431E+00  0.287082E+06  0.285459E+06  0.000000E+00  0.000000E+00  0.157498E+05  0.275193E+06
  0.458261E+00  0.285369E+06  0.283758E+06  0.000000E+00  0.000000E+00  0.155622E+05  0.273547E+06
  0.460090E+00  0.283667E+06  0.282067E+06  0.000000E+00  0.000000E+00  0.153773E+05  0.271913E+06
  0.461920E+00  0.281976E+06  0.280387E+06  0.000000E+00  0.000000E+00  0.151948E+05  0.270288E+06
  0.463750E+00  0.280295E+06  0.278715E+06  0.000000E+00  0.000000E+00  0.150148E+05  0.268672E+06
  0.465579E+00  0.278623E+06  0.277053E+06  0.000000E+00  0.000000E+00  0.148371E+05  0.267066E+06
  0.467409E+00  0.276960E+06  0.275400E+06  0.000000E+00  0.000000E+00  0.146618E+05  0.265469E+06
  0.469239E+00  0.275307E+06  0.273756E+06  0.000000E+00  0.000000E+00  0.144887E+05  0.263880E+06
  0.471068E+00  0.273663E+06  0.272121E+06  0.000000E+00  0.000000E+00  0.143179E+05  0.262301E+06
  0.472898E+00  0.272030E+06  0.270495E+06  0.000000E+00  0.000000E+00  0.141494E+05  0.260732E+06
  0.474728E+00  0.270406E+06  0.268880E+06  0.000000E+00  0.000000E+00  0.139832E+05  0.259172E+06
  0.476557E+00  0.268794E+06  0.267276E+06  0.000000E+00  0.000000E+00  0.138192E+05  0.257623E+06
  0.478387E+00  0.267193E+06  0.265683E+06  0.000000E+00  0.000000E+00  0.136575E+05  0.256085E+06
  0.480217E+00  0.265605E+06  0.264102E+06  0.000000E+00  0.000000E+00  0.134980E+05  0.254560E+06
  0.482046E+00  0.264030E+06  0.262534E+06  0.000000E+00  0.000000E+00  0.133408E+05  0.253047E+06
  0.483876E+00  0.262468E+06  0.260980E+06  0.000000E+00  0.000000E+00  0.131859E+05  0.251546E+06
  0.485706E+00  0.260919E+06  0.259438E+06  0.000000E+00  0.000000E+00  0.130332E+05  0.250058E+06
  0.487535E+00  0.259386E+06  0.257912E+06  0.000000E+00  0.000000E+00  0.128828E+05  0.248585E+06
  0.489365E+00  0.257868E+06  0.256402E+06  0.000000E+00  0.000000E+00  0.127347E+05  0.247128E+06
  0.491195E+00  0.256367E+06  0.254908E+06  0.000000E+00  0.000000E+00  0.125888E+05  0.245686E+06
  0.493024E+00  0.254883E+06  0.253432E+06  0.000000E+00  0.000000E+00  0.124452E+05  0.244260E+06
  0.494854E+00  0.253416E+06  0.251972E+06  0.000000E+00  0.000000E+00  0.123039E+05  0.242851E+06
  0.496684E+00  0.251966E+06  0.250530E+06  0.000000E+00  0.000000E+00  0.121648E+05  0.241458E+06
  0.498513E+00  0.250533E+06  0.249104E+06  0.000000E+00  0.000000E+00  0.120279E+05  0.240082E+06
  0.500343E+00  0.249116E+06  0.247696E+06  0.000000E+00  0.000000E+00  0.118931E+05  0.238722E+06
  0.502173E+00  0.247716E+06  0.246304E+06  0.000000E+00  0.000000E+00  0.117605E+05  0.237378E+06
  0.504002E+00  0.246333E+06  0.244929E+06  0.000000E+00  0.000000E+00  0.116299E+05  0.236049E+06
  0.505832E+00  0.244965E+06  0.243569E+06  0.000000E+00  0.000000E+00  0.115013E+05  0.234736E+06
  0.507662E+00  0.243612E+06  0.242225E+06  0.000000E+00  0.000000E+00  0.113746E+05  0.233437E+06
  0.509492E+00  0.242274E+06  0.240895E+06  0.000000E+00  0.000000E+00  0.112499E+05  0.232152E+06
  0.511321E+00  0.240950E+06  0.239579E+06  0.000000E+00  0.000000E+00  0.111270E+05  0.230880E+06
  0.513151E+00  0.239638E+06  0.238276E+06  0.000000E+00  0.000000E+00  0.110059E+05  0.229621E+06
  0.514980E+00  0.238339E+06  0.236985E+06  0.000000E+00  0.000000E+00  0.108865E+05  0.228374E+06
  0.516810E+00  0.237053E+06  0.235706E+06  0.000000E+00  0.000000E+00  0.107688E+05  0.227139E+06
  0.518640E+00  0.235777E+06  0.234439E+06  0.000000E+00  0.000000E+00  0.106527E+05  0.225914E+06
  0.520470E+00  0.234512E+06  0.233181E+06  0.000000E+00  0.000000E+00  0.105382E+05  0.224699E+06
  0.522299E+00  0.233256E+06  0.231934E+06  0.000000E+00  0.000000E+00  0.104252E+05  0.223495E+06
  0.524129E+00  0.232011E+06  0.230696E+06  0.000000E+00  0.000000E+00  0.103137E+05  0.222299E+06
  0.525959E+00  0.230774E+06  0.229467E+06  0.000000E+00  0.000000E+00  0.102037E+05  0.221112E+06
  0.527788E+00  0.229546E+06  0.228247E+06  0.000000E+00  0.000000E+00  0.100951E+05  0.219933E+06
  0.529618E+00  0.228327E+06  0.227035E+06  0.000000E+00  0.000000E+00  0.998783E+04  0.218762E+06
  0.531448E+00  0.227116E+06  0.225831E+06  0.000000E+00  0.000000E+00  0.988196E+04  0.217600E+06
  0.533277E+00  0.225913E+06  0.224635E+06  0.000000E+00  0.000000E+00  0.977742E+04  0.216445E+06
  0.535107E+00  0.224718E+06  0.223446E+06  0.000000E+00  0.000000E+00  0.967419E+04  0.215298E+06
  0.536937E+00  0.223530E+06  0.222266E+06  0.000000E+00  0.000000E+00  0.957226E+04  0.214158E+06
  0.538766E+00  0.222351E+06  0.221093E+06  0.000000E+00  0.000000E+00  0.947160E+04  0.213026E+06
  0.540596E+00  0.221179E+06  0.219928E+06  0.000000E+00  0.000000E+00  0.937221E+04  0.211901E+06
  0.542426E+00  0.220016E+06  0.218770E+06  0.000000E+00  0.000000E+00  0.927407E+04  0.210785E+06
  0.544255E+00  0.218861E+06  0.217621E+06  0.000000E+00  0.000000E+00  0.917718E+04  0.209676E+06
  0.546085E+00  0.217714E+06  0.216481E+06  0.000000E+00  0.000000E+00  0.908152E+04  0.208575E+06
  0.547915E+00  0.216576E+06  0.215348E+06  0.000000E+00  0.000000E+00  0.898708E+04  0.207482E+06
  0.549744E+00  0.215446E+06  0.214224E+06  0.000000E+00  0.000000E+00  0.889386E+04  0.206398E+06
  0.551574E+00  0.214325E+06  0.213109E+06  0.000000E+00  0.000000E+00  0.880184E+04  0.205322E+06
  0.553404E+00  0.213213E+06  0.212003E+06  0.000000E+00  0.000000E+00  0.871103E+04  0.204255E+06
  0.555233E+00  0.212110E+06  0.210906E+06  0.000000E+00  0.000000E+00  0.862141E+04  0.203196E+06
  0.557063E+00  0.211017E+06  0.209818E+06  0.000000E+00  0.000000E+00  0.853298E+04  0.202147E+06
  0.558893E+00  0.209933E+06  0.208740E+06  0.000000E+00  0.000000E+00  0.844571E+04  0.201106E+06
  0.560722E+00  0.208858E+06  0.207671E+06  0.000000E+00  0.000000E+00  0.835961E+04  0.200075E+06
  0.562552E+00  0.207793E+06  0.206612E+06  0.000000E+00  0.000000E+00  0.827465E+04  0.199053E+06
  0.564382E+00  0.206738E+06  0.205563E+06  0.000000E+00  0.000000E+00  0.819084E+04  0.198040E+06
  0.566211E+00  0.205692E+06  0.204522E+06  0.000000E+00  0.000000E+00  0.810815E+04  0.197036E+06
  0.568041E+00  0.204655E+06  0.203492E+06  0.000000E+00  0.000000E+00  0.802656E+04  0.196042E+06
  0.569871E+00  0.203629E+06  0.202471E+06  0.000000E+00  0.000000E+00  0.794607E+04  0.195057E+06
  0.571701E+00  0.202611E+06  0.201459E+06  0.000000E+00  0.000000E+00  0.786665E+04  0.194080E+06
  0.573530E+00  0.201603E+06  0.200457E+06  0.000000E+00  0.000000E+00  0.778828E+04  0.193113E+06
  0.575360E+00  0.200604E+06  0.199464E+06  0.000000E+00  0.000000E+00  0.771096E+04  0.192154E+06
  0.577190E+00  0.199614E+06  0.198480E+06  0.000000E+00  0.000000E+00  0.763465E+04  0.191204E+06
  0.579019E+00  0.198632E+06  0.197504E+06  0.000000E+00  0.000000E+00  0.755934E+04  0.190262E+06
  0.580849E+00  0.197659E+06  0.196537E+06  0.000000E+00  0.000000E+00  0.748500E+04  0.189329E+06
  0.582679E+00  0.196695E+06  0.195578E+06  0.000000E+00  0.000000E+00  0.741161E+04  0.188403E+06
  0.584508E+00  0.195738E+06  0.194627E+06  0.000000E+00  0.000000E+00  0.733917E+04  0.187485E+06
  0.586338E+00  0.194789E+06  0.193683E+06  0.000000E+00  0.000000E+00  0.726764E+04  0.186575E+06
  0.588168E+00  0.193847E+06  0.192747E+06  0.000000E+00  0.000000E+00  0.719699E+04  0.185671E+06
  0.589997E+00  0.192913E+06  0.191818E+06  0.000000E+00  0.000000E+00  0.712722E+04  0.184775E+06
  0.710818E+00  0.143751E+06  0.142936E+06  0.000000E+00  0.000000E+00  0.393546E+04  0.137628E+06
  0.868196E+00  0.104321E+06  0.103729E+06  0.000000E+00  0.000000E+00  0.204810E+04  0.998431E+05
  0.106042E+01  0.753571E+05  0.749296E+05  0.000000E+00  0.000000E+00  0.105040E+04  0.721039E+05
  0.129520E+01  0.542033E+05  0.538957E+05  0.000000E+00  0.000000E+00  0.531643E+03  0.518537E+05
  0.158196E+01  0.388395E+05  0.386190E+05  0.000000E+00  0.000000E+00  0.346335E+03  0.371543E+05
  0.193220E+01  0.277311E+05  0.275736E+05  0.000000E+00  0.000000E+00  0.173453E+03  0.265248E+05
  0.236000E+01  0.197362E+05  0.196239E+05  0.000000E+00  0.000000E+00  0.859508E+02  0.188760E+05
  0.288251E+01  0.140047E+05  0.139248E+05  0.000000E+00  0.000000E+00  0.421876E+02  0.133934E+05
  0.352071E+01  0.991064E+04  0.985400E+04  0.000000E+00  0.000000E+00  0.205324E+02  0.947768E+04
  0.430020E+01  0.699590E+04  0.695574E+04  0.000000E+00  0.000000E+00  0.991837E+01  0.669004E+04
  0.525228E+01  0.492698E+04  0.489852E+04  0.000000E+00  0.000000E+00  0.475978E+01  0.471145E+04
  0.641515E+01  0.346249E+04  0.344230E+04  0.000000E+00  0.000000E+00  0.227116E+01  0.331095E+04
  0.783548E+01  0.242849E+04  0.241413E+04  0.000000E+00  0.000000E+00  0.107836E+01  0.232215E+04
  0.957028E+01  0.170014E+04  0.168987E+04  0.000000E+00  0.000000E+00  0.509845E+00  0.162565E+04
  0.116892E+02  0.118819E+04  0.118080E+04  0.000000E+00  0.000000E+00  0.240177E+00  0.113610E+04
  0.142772E+02  0.829070E+03  0.823687E+03  0.000000E+00  0.000000E+00  0.112791E+00  0.792685E+03
  0.174382E+02  0.577617E+03  0.573632E+03  0.000000E+00  0.000000E+00  0.528274E-01  0.552232E+03
  0.212990E+02  0.401857E+03  0.398840E+03  0.000000E+00  0.000000E+00  0.246855E-01  0.384159E+03
  0.260147E+02  0.279199E+03  0.276850E+03  0.000000E+00  0.000000E+00  0.115118E-01  0.266865E+03
  0.317744E+02  0.193727E+03  0.191835E+03  0.000000E+00  0.000000E+00  0.535861E-02  0.185129E+03
  0.388094E+02  0.134249E+03  0.132667E+03  0.000000E+00  0.000000E+00  0.249013E-02  0.128250E+03
  0.474019E+02  0.929130E+02  0.915403E+02  0.000000E+00  0.000000E+00  0.115525E-02  0.887198E+02
  0.578968E+02  0.642200E+02  0.629856E+02  0.000000E+00  0.000000E+00  0.535043E-03  0.612790E+02
  0.707154E+02  0.443254E+02  0.431813E+02  0.000000E+00  0.000000E+00  0.247344E-03  0.422519E+02
  0.863719E+02  0.305461E+02  0.294601E+02  0.000000E+00  0.000000E+00  0.114100E-03  0.290726E+02
  0.105495E+03  0.210115E+02  0.199635E+02  0.000000E+00  0.000000E+00  0.524977E-04  0.199529E+02
