  0.357574E-05  0.112323E+08  0.112323E+08  0.149760E+08  0.149760E+08  0.112325E+08  0.112323E+08
  0.369673E-05  0.112323E+08  0.112323E+08  0.149759E+08  0.149759E+08  0.112325E+08  0.112323E+08
  0.382181E-05  0.112323E+08  0.112323E+08  0.149759E+08  0.149759E+08  0.112325E+08  0.112323E+08
  0.395112E-05  0.112323E+08  0.112323E+08  0.149759E+08  0.149758E+08  0.112325E+08  0.112323E+08
  0.408481E-05  0.112323E+08  0.112323E+08  0.149758E+08  0.149758E+08  0.112325E+08  0.112323E+08
  0.422302E-05  0.112323E+08  0.112323E+08  0.149758E+08  0.149758E+08  0.112325E+08  0.112323E+08
  0.436590E-05  0.112323E+08  0.112323E+08  0.149757E+08  0.149757E+08  0.112325E+08  0.112323E+08
  0.451363E-05  0.112323E+08  0.112323E+08  0.149757E+08  0.149757E+08  0.112325E+08  0.112323E+08
  0.466635E-05  0.112323E+08  0.112323E+08  0.149756E+08  0.149756E+08  0.112325E+08  0.112323E+08
  0.482423E-05  0.112323E+08  0.112323E+08  0.149756E+08  0.149756E+08  0.112325E+08  0.112323E+08
  0.498746E-05  0.112323E+08  0.112323E+08  0.149755E+08  0.149755E+08  0.112325E+08  0.112323E+08
  0.515621E-05  0.112323E+08  0.112323E+08  0.149755E+08  0.149754E+08  0.112325E+08  0.112323E+08
  0.533068E-05  0.112323E+08  0.112323E+08  0.149754E+08  0.149754E+08  0.112325E+08  0.112323E+08
  0.551104E-05  0.112323E+08  0.112323E+08  0.149753E+08  0.149753E+08  0.112325E+08  0.112323E+08
  0.569751E-05  0.112323E+08  0.112323E+08  0.149753E+08  0.149752E+08  0.112325E+08  0.112323E+08
  0.589029E-05  0.112323E+08  0.112323E+08  0.149752E+08  0.149751E+08  0.112325E+08  0.112323E+08
  0.608959E-05  0.112323E+08  0.112323E+08  0.149751E+08  0.149750E+08  0.112325E+08  0.112323E+08
  0.629563E-05  0.112323E+08  0.112323E+08  0.149750E+08  0.149749E+08  0.112325E+08  0.112323E+08
  0.650864E-05  0.112323E+08  0.112323E+08  0.149749E+08  0.149748E+08  0.112325E+08  0.112323E+08
  0.672887E-05  0.112323E+08  0.112323E+08  0.149748E+08  0.149747E+08  0.112325E+08  0.112323E+08
  0.695654E-05  0.112323E+08  0.112323E+08  0.149747E+08  0.149746E+08  0.112325E+08  0.112323E+08
  0.719192E-05  0.112323E+08  0.112323E+08  0.149745E+08  0.149745E+08  0.112325E+08  0.112323E+08
  0.743526E-05  0.112323E+08  0.112323E+08  0.149744E+08  0.149743E+08  0.112325E+08  0.112323E+08
  0.768683E-05  0.112323E+08  0.112323E+08  0.149743E+08  0.149742E+08  0.112325E+08  0.112323E+08
  0.794692E-05  0.112323E+08  0.112323E+08  0.149741E+08  0.149740E+08  0.112325E+08  0.112323E+08
  0.821580E-05  0.112323E+08  0.112323E+08  0.149740E+08  0.149739E+08  0.112325E+08  0.112323E+08
  0.849379E-05  0.112323E+08  0.112323E+08  0.149738E+08  0.149737E+08  0.112325E+08  0.112323E+08
  0.878118E-05  0.112323E+08  0.112323E+08  0.149736E+08  0.149735E+08  0.112325E+08  0.112323E+08
  0.907829E-05  0.112323E+08  0.112323E+08  0.149734E+08  0.149733E+08  0.112325E+08  0.112323E+08
  0.938546E-05  0.112323E+08  0.112323E+08  0.149732E+08  0.149731E+08  0.112325E+08  0.112323E+08
  0.970302E-05  0.112323E+08  0.112323E+08  0.149730E+08  0.149729E+08  0.112325E+08  0.112323E+08
  0.100313E-04  0.112323E+08  0.112323E+08  0.149728E+08  0.149726E+08  0.112325E+08  0.112323E+08
  0.103707E-04  0.112323E+08  0.112323E+08  0.149725E+08  0.149724E+08  0.112325E+08  0.112323E+08
  0.107216E-04  0.112323E+08  0.112323E+08  0.149722E+08  0.149721E+08  0.112325E+08  0.112323E+08
  0.110844E-04  0.112323E+08  0.112323E+08  0.149719E+08  0.149718E+08  0.112325E+08  0.112323E+08
  0.114594E-04  0.112323E+08  0.112323E+08  0.149716E+08  0.149715E+08  0.112325E+08  0.112323E+08
  0.118472E-04  0.112323E+08  0.112323E+08  0.149713E+08  0.149711E+08  0.112325E+08  0.112323E+08
  0.122480E-04  0.112323E+08  0.112323E+08  0.149709E+08  0.149707E+08  0.112325E+08  0.112323E+08
  0.126624E-04  0.112323E+08  0.112323E+08  0.149706E+08  0.149704E+08  0.112325E+08  0.112323E+08
  0.130909E-04  0.112323E+08  0.112323E+08  0.149702E+08  0.149699E+08  0.112325E+08  0.112323E+08
  0.135338E-04  0.112323E+08  0.112323E+08  0.149697E+08  0.149695E+08  0.112325E+08  0.112323E+08
  0.139917E-04  0.112323E+08  0.112323E+08  0.149693E+08  0.149690E+08  0.112325E+08  0.112323E+08
  0.144652E-04  0.112323E+08  0.112323E+08  0.149688E+08  0.149685E+08  0.112325E+08  0.112323E+08
  0.149546E-04  0.112323E+08  0.112323E+08  0.149683E+08  0.149679E+08  0.112325E+08  0.112323E+08
  0.154606E-04  0.112323E+08  0.112323E+08  0.149677E+08  0.149674E+08  0.112325E+08  0.112323E+08
  0.159837E-04  0.112323E+08  0.112323E+08  0.149671E+08  0.149667E+08  0.112325E+08  0.112323E+08
  0.165245E-04  0.112323E+08  0.112323E+08  0.149664E+08  0.149661E+08  0.112325E+08  0.112323E+08
  0.170836E-04  0.112323E+08  0.112323E+08  0.149658E+08  0.149654E+08  0.112325E+08  0.112323E+08
  0.176617E-04  0.112323E+08  0.112323E+08  0.149650E+08  0.149646E+08  0.112325E+08  0.112323E+08
  0.182592E-04  0.112323E+08  0.112323E+08  0.149642E+08  0.149638E+08  0.112325E+08  0.112323E+08
  0.188770E-04  0.112323E+08  0.112323E+08  0.149634E+08  0.149629E+08  0.112325E+08  0.112323E+08
  0.195158E-04  0.112323E+08  0.112323E+08  0.149625E+08  0.149620E+08  0.112325E+08  0.112323E+08
  0.201761E-04  0.112323E+08  0.112323E+08  0.149615E+08  0.149610E+08  0.112325E+08  0.112323E+08
  0.208587E-04  0.112323E+08  0.112323E+08  0.149605E+08  0.149599E+08  0.112325E+08  0.112323E+08
  0.215645E-04  0.112323E+08  0.112323E+08  0.149594E+08  0.149588E+08  0.112324E+08  0.112323E+08
  0.222941E-04  0.112323E+08  0.112323E+08  0.149582E+08  0.149576E+08  0.112324E+08  0.112323E+08
  0.230485E-04  0.112323E+08  0.112323E+08  0.149570E+08  0.149563E+08  0.112324E+08  0.112323E+08
  0.238283E-04  0.112323E+08  0.112323E+08  0.149557E+08  0.149549E+08  0.112324E+08  0.112323E+08
  0.246346E-04  0.112323E+08  0.112323E+08  0.149542E+08  0.149534E+08  0.112324E+08  0.112323E+08
  0.254681E-04  0.112323E+08  0.112323E+08  0.149527E+08  0.149518E+08  0.112324E+08  0.112323E+08
  0.263298E-04  0.112323E+08  0.112323E+08  0.149511E+08  0.149501E+08  0.112324E+08  0.112323E+08
  0.272207E-04  0.112323E+08  0.112323E+08  0.149493E+08  0.149483E+08  0.112324E+08  0.112323E+08
  0.281417E-04  0.112323E+08  0.112323E+08  0.149475E+08  0.149464E+08  0.112324E+08  0.112323E+08
  0.290939E-04  0.112323E+08  0.112323E+08  0.149455E+08  0.149443E+08  0.112324E+08  0.112323E+08
  0.300783E-04  0.112323E+08  0.112322E+08  0.149433E+08  0.149421E+08  0.112324E+08  0.112323E+08
  0.310960E-04  0.112322E+08  0.112322E+08  0.149411E+08  0.149397E+08  0.112324E+08  0.112323E+08
  0.321481E-04  0.112322E+08  0.112322E+08  0.149386E+08  0.149372E+08  0.112324E+08  0.112322E+08
  0.332359E-04  0.112322E+08  0.112322E+08  0.149360E+08  0.149345E+08  0.112324E+08  0.112322E+08
  0.343604E-04  0.112322E+08  0.112322E+08  0.149333E+08  0.149316E+08  0.112324E+08  0.112322E+08
  0.355230E-04  0.112322E+08  0.112322E+08  0.149303E+08  0.149286E+08  0.112324E+08  0.112322E+08
  0.367249E-04  0.112322E+08  0.112322E+08  0.149271E+08  0.149253E+08  0.112323E+08  0.112322E+08
  0.379675E-04  0.112322E+08  0.112322E+08  0.149237E+08  0.149218E+08  0.112323E+08  0.112322E+08
  0.392522E-04  0.112322E+08  0.112322E+08  0.149201E+08  0.149180E+08  0.112323E+08  0.112322E+08
  0.405803E-04  0.112322E+08  0.112322E+08  0.149162E+08  0.149140E+08  0.112323E+08  0.112322E+08
  0.419533E-04  0.112322E+08  0.112322E+08  0.149121E+08  0.149097E+08  0.112323E+08  0.112322E+08
  0.433728E-04  0.112322E+08  0.112322E+08  0.149077E+08  0.149051E+08  0.112323E+08  0.112322E+08
  0.448404E-04  0.112322E+08  0.112321E+08  0.149030E+08  0.149002E+08  0.112323E+08  0.112322E+08
  0.463576E-04  0.112321E+08  0.112321E+08  0.148979E+08  0.148950E+08  0.112322E+08  0.112321E+08
  0.479261E-04  0.112321E+08  0.112321E+08  0.148925E+08  0.148894E+08  0.112322E+08  0.112321E+08
  0.495477E-04  0.112321E+08  0.112321E+08  0.148868E+08  0.148834E+08  0.112322E+08  0.112321E+08
  0.512241E-04  0.112321E+08  0.112321E+08  0.148806E+08  0.148771E+08  0.112322E+08  0.112321E+08
  0.529573E-04  0.112321E+08  0.112321E+08  0.148741E+08  0.148702E+08  0.112322E+08  0.112321E+08
  0.547492E-04  0.112321E+08  0.112321E+08  0.148670E+08  0.148630E+08  0.112321E+08  0.112321E+08
  0.566016E-04  0.112321E+08  0.112320E+08  0.148595E+08  0.148552E+08  0.112321E+08  0.112321E+08
  0.585167E-04  0.112320E+08  0.112320E+08  0.148515E+08  0.148469E+08  0.112321E+08  0.112320E+08
  0.604967E-04  0.112320E+08  0.112320E+08  0.148430E+08  0.148380E+08  0.112321E+08  0.112320E+08
  0.625436E-04  0.112320E+08  0.112320E+08  0.148338E+08  0.148285E+08  0.112320E+08  0.112320E+08
  0.646598E-04  0.112320E+08  0.112320E+08  0.148240E+08  0.148184E+08  0.112320E+08  0.112320E+08
  0.668476E-04  0.112319E+08  0.112319E+08  0.148136E+08  0.148076E+08  0.112320E+08  0.112319E+08
  0.691094E-04  0.112319E+08  0.112319E+08  0.148025E+08  0.147960E+08  0.112319E+08  0.112319E+08
  0.714477E-04  0.112319E+08  0.112319E+08  0.147906E+08  0.147837E+08  0.112319E+08  0.112319E+08
  0.738652E-04  0.112319E+08  0.112318E+08  0.147779E+08  0.147705E+08  0.112318E+08  0.112319E+08
  0.763644E-04  0.112318E+08  0.112318E+08  0.147643E+08  0.147564E+08  0.112318E+08  0.112318E+08
  0.789482E-04  0.112318E+08  0.112318E+08  0.147498E+08  0.147414E+08  0.112318E+08  0.112318E+08
  0.816195E-04  0.112318E+08  0.112317E+08  0.147343E+08  0.147253E+08  0.112317E+08  0.112317E+08
  0.843811E-04  0.112317E+08  0.112317E+08  0.147178E+08  0.147082E+08  0.112316E+08  0.112317E+08
  0.872361E-04  0.112317E+08  0.112316E+08  0.147002E+08  0.146899E+08  0.112316E+08  0.112317E+08
  0.901878E-04  0.112316E+08  0.112316E+08  0.146813E+08  0.146704E+08  0.112315E+08  0.112316E+08
  0.932393E-04  0.112316E+08  0.112315E+08  0.146612E+08  0.146495E+08  0.112315E+08  0.112316E+08
  0.963941E-04  0.112315E+08  0.112315E+08  0.146398E+08  0.146273E+08  0.112314E+08  0.112315E+08
  0.996556E-04  0.112315E+08  0.112314E+08  0.146169E+08  0.146036E+08  0.112313E+08  0.112315E+08
  0.103028E-03  0.112314E+08  0.112314E+08  0.145924E+08  0.145782E+08  0.112312E+08  0.112314E+08
  0.106513E-03  0.112313E+08  0.112313E+08  0.145663E+08  0.145512E+08  0.112311E+08  0.112313E+08
  0.110117E-03  0.112313E+08  0.112312E+08  0.145385E+08  0.145223E+08  0.112310E+08  0.112313E+08
  0.113843E-03  0.112312E+08  0.112312E+08  0.145088E+08  0.144916E+08  0.112309E+08  0.112312E+08
  0.117695E-03  0.112311E+08  0.112311E+08  0.144772E+08  0.144588E+08  0.112308E+08  0.112311E+08
  0.121677E-03  0.112310E+08  0.112310E+08  0.144434E+08  0.144238E+08  0.112307E+08  0.112310E+08
  0.125794E-03  0.112310E+08  0.112309E+08  0.144074E+08  0.143864E+08  0.112306E+08  0.112309E+08
  0.130051E-03  0.112309E+08  0.112308E+08  0.143690E+08  0.143467E+08  0.112305E+08  0.112308E+08
  0.134451E-03  0.112308E+08  0.112307E+08  0.143281E+08  0.143043E+08  0.112303E+08  0.112307E+08
  0.139000E-03  0.112306E+08  0.112306E+08  0.142845E+08  0.142591E+08  0.112302E+08  0.112306E+08
  0.143703E-03  0.112305E+08  0.112305E+08  0.142380E+08  0.142109E+08  0.112300E+08  0.112305E+08
  0.148566E-03  0.112304E+08  0.112303E+08  0.141885E+08  0.141596E+08  0.112298E+08  0.112304E+08
  0.153592E-03  0.112303E+08  0.112302E+08  0.141358E+08  0.141050E+08  0.112297E+08  0.112302E+08
  0.158789E-03  0.112301E+08  0.112300E+08  0.140796E+08  0.140468E+08  0.112295E+08  0.112301E+08
  0.164162E-03  0.112300E+08  0.112299E+08  0.140198E+08  0.139849E+08  0.112293E+08  0.112299E+08
  0.169716E-03  0.112298E+08  0.112297E+08  0.139562E+08  0.139190E+08  0.112290E+08  0.112298E+08
  0.175459E-03  0.112297E+08  0.112295E+08  0.138885E+08  0.138488E+08  0.112288E+08  0.112296E+08
  0.181395E-03  0.112295E+08  0.112294E+08  0.138164E+08  0.137743E+08  0.112285E+08  0.112294E+08
  0.187533E-03  0.112293E+08  0.112292E+08  0.137399E+08  0.136950E+08  0.112283E+08  0.112292E+08
  0.193878E-03  0.112291E+08  0.112289E+08  0.136585E+08  0.136107E+08  0.112280E+08  0.112290E+08
  0.200438E-03  0.112288E+08  0.112287E+08  0.135720E+08  0.135212E+08  0.112277E+08  0.112288E+08
  0.207220E-03  0.112286E+08  0.112285E+08  0.134801E+08  0.134261E+08  0.112273E+08  0.112285E+08
  0.214231E-03  0.112283E+08  0.112282E+08  0.133826E+08  0.133252E+08  0.112270E+08  0.112283E+08
  0.221480E-03  0.112281E+08  0.112279E+08  0.132791E+08  0.132182E+08  0.112266E+08  0.112280E+08
  0.228974E-03  0.112278E+08  0.112276E+08  0.131694E+08  0.131047E+08  0.112262E+08  0.112277E+08
  0.236721E-03  0.112275E+08  0.112273E+08  0.130530E+08  0.129843E+08  0.112258E+08  0.112274E+08
  0.244731E-03  0.112271E+08  0.112269E+08  0.129298E+08  0.128569E+08  0.112253E+08  0.112270E+08
  0.253011E-03  0.112268E+08  0.112266E+08  0.127993E+08  0.127220E+08  0.112248E+08  0.112267E+08
  0.261572E-03  0.112264E+08  0.112262E+08  0.126613E+08  0.125794E+08  0.112243E+08  0.112263E+08
  0.270422E-03  0.112260E+08  0.112258E+08  0.125153E+08  0.124286E+08  0.112237E+08  0.112259E+08
  0.279572E-03  0.112256E+08  0.112253E+08  0.123611E+08  0.122693E+08  0.112231E+08  0.112254E+08
  0.289032E-03  0.112251E+08  0.112248E+08  0.121983E+08  0.121012E+08  0.112225E+08  0.112250E+08
  0.298811E-03  0.112246E+08  0.112243E+08  0.120266E+08  0.119240E+08  0.112218E+08  0.112245E+08
  0.308921E-03  0.112241E+08  0.112238E+08  0.118457E+08  0.117373E+08  0.112211E+08  0.112239E+08
  0.319374E-03  0.112235E+08  0.112232E+08  0.116553E+08  0.115409E+08  0.112203E+08  0.112234E+08
  0.330180E-03  0.112230E+08  0.112226E+08  0.114550E+08  0.113344E+08  0.112194E+08  0.112227E+08
  0.341352E-03  0.112223E+08  0.112219E+08  0.112447E+08  0.111177E+08  0.112186E+08  0.112221E+08
  0.352902E-03  0.112216E+08  0.112212E+08  0.110241E+08  0.108904E+08  0.112176E+08  0.112214E+08
  0.364842E-03  0.112209E+08  0.112205E+08  0.107930E+08  0.106525E+08  0.112166E+08  0.112207E+08
  0.377187E-03  0.112201E+08  0.112197E+08  0.105512E+08  0.104037E+08  0.112155E+08  0.112199E+08
  0.389949E-03  0.112193E+08  0.112188E+08  0.102987E+08  0.101441E+08  0.112144E+08  0.112190E+08
  0.403143E-03  0.112184E+08  0.112179E+08  0.100354E+08  0.987350E+07  0.112131E+08  0.112181E+08
  0.416783E-03  0.112175E+08  0.112169E+08  0.976139E+07  0.959207E+07  0.112118E+08  0.112172E+08
  0.430885E-03  0.112165E+08  0.112159E+08  0.947669E+07  0.929993E+07  0.112104E+08  0.112162E+08
  0.445464E-03  0.112155E+08  0.112148E+08  0.918153E+07  0.899732E+07  0.112089E+08  0.112151E+08
  0.460537E-03  0.112143E+08  0.112136E+08  0.887622E+07  0.868458E+07  0.112074E+08  0.112139E+08
  0.476119E-03  0.112131E+08  0.112124E+08  0.856115E+07  0.836218E+07  0.112057E+08  0.112127E+08
  0.492229E-03  0.112118E+08  0.112111E+08  0.823686E+07  0.803071E+07  0.112039E+08  0.112114E+08
  0.508884E-03  0.112105E+08  0.112096E+08  0.790402E+07  0.769090E+07  0.112019E+08  0.112100E+08
  0.526102E-03  0.112090E+08  0.112081E+08  0.756342E+07  0.734363E+07  0.111999E+08  0.112085E+08
  0.543903E-03  0.112075E+08  0.112065E+08  0.721602E+07  0.698994E+07  0.111977E+08  0.112069E+08
  0.562306E-03  0.112058E+08  0.112048E+08  0.686294E+07  0.663103E+07  0.111954E+08  0.112052E+08
  0.581332E-03  0.112041E+08  0.112030E+08  0.650545E+07  0.626827E+07  0.111929E+08  0.112034E+08
  0.601001E-03  0.112022E+08  0.112011E+08  0.614498E+07  0.590321E+07  0.111903E+08  0.112015E+08
  0.621336E-03  0.112002E+08  0.111991E+08  0.578315E+07  0.553755E+07  0.111875E+08  0.111995E+08
  0.642359E-03  0.111981E+08  0.111969E+08  0.542172E+07  0.517318E+07  0.111845E+08  0.111974E+08
  0.664094E-03  0.111959E+08  0.111946E+08  0.506260E+07  0.481210E+07  0.111813E+08  0.111951E+08
  0.686563E-03  0.111935E+08  0.111922E+08  0.470784E+07  0.445646E+07  0.111779E+08  0.111927E+08
  0.709794E-03  0.111910E+08  0.111896E+08  0.435957E+07  0.410853E+07  0.111743E+08  0.111901E+08
  0.733810E-03  0.111883E+08  0.111868E+08  0.402003E+07  0.377063E+07  0.111705E+08  0.111873E+08
  0.758638E-03  0.111855E+08  0.111839E+08  0.369149E+07  0.344509E+07  0.111664E+08  0.111844E+08
  0.784307E-03  0.111825E+08  0.111809E+08  0.337619E+07  0.313424E+07  0.111621E+08  0.111814E+08
  0.810844E-03  0.111793E+08  0.111776E+08  0.307632E+07  0.284032E+07  0.111576E+08  0.111781E+08
  0.838279E-03  0.111759E+08  0.111741E+08  0.279394E+07  0.256540E+07  0.111527E+08  0.111747E+08
  0.866643E-03  0.111723E+08  0.111705E+08  0.253092E+07  0.231134E+07  0.111475E+08  0.111710E+08
  0.895966E-03  0.111685E+08  0.111666E+08  0.228883E+07  0.207969E+07  0.111420E+08  0.111671E+08
  0.926281E-03  0.111645E+08  0.111625E+08  0.206891E+07  0.187159E+07  0.111362E+08  0.111630E+08
  0.957622E-03  0.111603E+08  0.111582E+08  0.187196E+07  0.168773E+07  0.111300E+08  0.111587E+08
  0.990024E-03  0.111558E+08  0.111536E+08  0.169830E+07  0.152827E+07  0.111235E+08  0.111541E+08
  0.102352E-02  0.111510E+08  0.111488E+08  0.154769E+07  0.139275E+07  0.111166E+08  0.111492E+08
  0.105815E-02  0.111460E+08  0.111437E+08  0.141928E+07  0.128009E+07  0.111092E+08  0.111441E+08
  0.109396E-02  0.111407E+08  0.111383E+08  0.131164E+07  0.118856E+07  0.111014E+08  0.111387E+08
  0.113097E-02  0.111351E+08  0.111326E+08  0.122271E+07  0.111581E+07  0.110932E+08  0.111329E+08
  0.116924E-02  0.111292E+08  0.111266E+08  0.114992E+07  0.105893E+07  0.110844E+08  0.111269E+08
  0.120880E-02  0.111229E+08  0.111203E+08  0.109025E+07  0.101456E+07  0.110752E+08  0.111205E+08
  0.124970E-02  0.111163E+08  0.111136E+08  0.104034E+07  0.979041E+06  0.110654E+08  0.111137E+08
  0.129198E-02  0.111094E+08  0.111066E+08  0.996751E+06  0.948612E+06  0.110550E+08  0.111066E+08
  0.133570E-02  0.111020E+08  0.110992E+08  0.956093E+06  0.919649E+06  0.110441E+08  0.110991E+08
  0.138089E-02  0.110943E+08  0.110915E+08  0.915315E+06  0.888912E+06  0.110325E+08  0.110912E+08
  0.142761E-02  0.110862E+08  0.110833E+08  0.871933E+06  0.853807E+06  0.110202E+08  0.110829E+08
  0.147592E-02  0.110776E+08  0.110746E+08  0.824248E+06  0.812612E+06  0.110073E+08  0.110741E+08
  0.152586E-02  0.110685E+08  0.110655E+08  0.771524E+06  0.764652E+06  0.109936E+08  0.110649E+08
  0.157748E-02  0.110590E+08  0.110560E+08  0.714074E+06  0.710387E+06  0.109792E+08  0.110551E+08
  0.163086E-02  0.110490E+08  0.110459E+08  0.653244E+06  0.651375E+06  0.109640E+08  0.110449E+08
  0.168604E-02  0.110384E+08  0.110354E+08  0.591268E+06  0.590104E+06  0.109479E+08  0.110341E+08
  0.174309E-02  0.110273E+08  0.110242E+08  0.530978E+06  0.529681E+06  0.109309E+08  0.110227E+08
  0.180206E-02  0.110156E+08  0.110125E+08  0.475405E+06  0.473396E+06  0.109130E+08  0.110108E+08
  0.186304E-02  0.110033E+08  0.110002E+08  0.427293E+06  0.424210E+06  0.108941E+08  0.109982E+08
  0.192607E-02  0.109904E+08  0.109873E+08  0.388601E+06  0.384240E+06  0.108742E+08  0.109849E+08
  0.199124E-02  0.109768E+08  0.109737E+08  0.360083E+06  0.354335E+06  0.108532E+08  0.109710E+08
  0.205862E-02  0.109625E+08  0.109594E+08  0.341038E+06  0.333839E+06  0.108311E+08  0.109564E+08
  0.212827E-02  0.109475E+08  0.109444E+08  0.329328E+06  0.320635E+06  0.108078E+08  0.109410E+08
  0.220028E-02  0.109317E+08  0.109286E+08  0.321702E+06  0.311507E+06  0.107833E+08  0.109249E+08
  0.227473E-02  0.109152E+08  0.109120E+08  0.314416E+06  0.302798E+06  0.107575E+08  0.109079E+08
  0.235169E-02  0.108978E+08  0.108946E+08  0.304058E+06  0.291252E+06  0.107304E+08  0.108901E+08
  0.243127E-02  0.108795E+08  0.108763E+08  0.288390E+06  0.274844E+06  0.107018E+08  0.108714E+08
  0.251353E-02  0.108603E+08  0.108571E+08  0.266972E+06  0.253361E+06  0.106719E+08  0.108518E+08
  0.259857E-02  0.108402E+08  0.108370E+08  0.241338E+06  0.228504E+06  0.106404E+08  0.108312E+08
  0.268650E-02  0.108191E+08  0.108159E+08  0.214581E+06  0.203383E+06  0.106074E+08  0.108096E+08
  0.277740E-02  0.107970E+08  0.107937E+08  0.190379E+06  0.181488E+06  0.105728E+08  0.107869E+08
  0.287137E-02  0.107739E+08  0.107705E+08  0.171706E+06  0.165405E+06  0.105365E+08  0.107632E+08
  0.296852E-02  0.107496E+08  0.107462E+08  0.159691E+06  0.155755E+06  0.104984E+08  0.107383E+08
  0.306896E-02  0.107242E+08  0.107207E+08  0.153107E+06  0.150842E+06  0.104586E+08  0.107123E+08
  0.317280E-02  0.106976E+08  0.106940E+08  0.148844E+06  0.147300E+06  0.104170E+08  0.106850E+08
  0.328016E-02  0.106698E+08  0.106661E+08  0.143311E+06  0.141597E+06  0.103734E+08  0.106565E+08
  0.339114E-02  0.106407E+08  0.106370E+08  0.134209E+06  0.131777E+06  0.103279E+08  0.106267E+08
  0.350588E-02  0.106102E+08  0.106065E+08  0.121782E+06  0.118536E+06  0.102804E+08  0.105955E+08
  0.362450E-02  0.105785E+08  0.105746E+08  0.108728E+06  0.104870E+06  0.102309E+08  0.105630E+08
  0.374714E-02  0.105453E+08  0.105413E+08  0.985696E+05  0.942961E+05  0.101793E+08  0.105290E+08
  0.387393E-02  0.105106E+08  0.105066E+08  0.932961E+05  0.885529E+05  0.101256E+08  0.104935E+08
  0.400500E-02  0.104745E+08  0.104704E+08  0.917952E+05  0.863276E+05  0.100697E+08  0.104565E+08
  0.414051E-02  0.104369E+08  0.104326E+08  0.903931E+05  0.841168E+05  0.100116E+08  0.104180E+08
  0.428061E-02  0.103976E+08  0.103933E+08  0.854768E+05  0.788895E+05  0.995131E+07  0.103778E+08
  0.442544E-02  0.103568E+08  0.103523E+08  0.763952E+05  0.705959E+05  0.988875E+07  0.103360E+08
  0.457518E-02  0.103143E+08  0.103097E+08  0.661337E+05  0.622492E+05  0.982392E+07  0.102926E+08
  0.472998E-02  0.102701E+08  0.102654E+08  0.587616E+05  0.571280E+05  0.975679E+07  0.102474E+08
  0.489002E-02  0.102242E+08  0.102193E+08  0.556451E+05  0.554831E+05  0.968734E+07  0.102004E+08
  0.505548E-02  0.101765E+08  0.101715E+08  0.541799E+05  0.542005E+05  0.961558E+07  0.101517E+08
  0.522653E-02  0.101270E+08  0.101219E+08  0.507712E+05  0.502315E+05  0.954148E+07  0.101011E+08
  0.540337E-02  0.100757E+08  0.100704E+08  0.450700E+05  0.442020E+05  0.946503E+07  0.100487E+08
  0.558620E-02  0.100226E+08  0.100171E+08  0.402624E+05  0.396297E+05  0.938625E+07  0.999443E+07
  0.577521E-02  0.996754E+07  0.996184E+07  0.385191E+05  0.382176E+05  0.930511E+07  0.993826E+07
  0.597061E-02  0.991062E+07  0.990471E+07  0.375704E+05  0.374462E+05  0.922162E+07  0.988016E+07
  0.617263E-02  0.985178E+07  0.984565E+07  0.339641E+05  0.347931E+05  0.913578E+07  0.982013E+07
  0.638148E-02  0.979100E+07  0.978464E+07  0.288625E+05  0.314095E+05  0.904758E+07  0.975814E+07
  0.659740E-02  0.972990E+07  0.972330E+07  0.267504E+05  0.000000E+00  0.896227E+07  0.969596E+07
  0.682063E-02  0.966529E+07  0.965844E+07  0.278499E+05  0.000000E+00  0.886933E+07  0.963010E+07
  0.705141E-02  0.959870E+07  0.959157E+07  0.273123E+05  0.000000E+00  0.877398E+07  0.956223E+07
  0.728999E-02  0.953011E+07  0.952269E+07  0.239419E+05  0.000000E+00  0.867621E+07  0.949235E+07
  0.753665E-02  0.945951E+07  0.945179E+07  0.223539E+05  0.000000E+00  0.857601E+07  0.942044E+07
  0.779166E-02  0.938690E+07  0.937884E+07  0.231926E+05  0.000000E+00  0.847339E+07  0.934648E+07
  0.805529E-02  0.931226E+07  0.930385E+07  0.215704E+05  0.000000E+00  0.836835E+07  0.927048E+07
  0.832784E-02  0.923509E+07  0.922631E+07  0.179747E+05  0.000000E+00  0.825966E+07  0.919191E+07
  0.860962E-02  0.915630E+07  0.914713E+07  0.166802E+05  0.000000E+00  0.814970E+07  0.911173E+07
  0.890093E-02  0.907546E+07  0.906586E+07  0.150756E+05  0.000000E+00  0.803735E+07  0.902946E+07
  0.920209E-02  0.899255E+07  0.898252E+07  0.134004E+05  0.000000E+00  0.792266E+07  0.894512E+07
  0.951345E-02  0.890756E+07  0.889707E+07  0.136247E+05  0.000000E+00  0.780566E+07  0.885870E+07
  0.983534E-02  0.882050E+07  0.880952E+07  0.131177E+05  0.000000E+00  0.768638E+07  0.877018E+07
  0.101681E-01  0.873136E+07  0.871985E+07  0.114318E+05  0.000000E+00  0.756488E+07  0.867957E+07
  0.105122E-01  0.864032E+07  0.862826E+07  0.114847E+05  0.000000E+00  0.744160E+07  0.858706E+07
  0.108678E-01  0.854702E+07  0.853438E+07  0.972365E+04  0.000000E+00  0.731584E+07  0.849228E+07
  0.112356E-01  0.845162E+07  0.843837E+07  0.832848E+04  0.000000E+00  0.718799E+07  0.839540E+07
  0.116157E-01  0.835412E+07  0.834023E+07  0.868189E+04  0.000000E+00  0.705813E+07  0.829641E+07
  0.120087E-01  0.825451E+07  0.823995E+07  0.761666E+04  0.000000E+00  0.692629E+07  0.819532E+07
  0.124151E-01  0.815273E+07  0.813746E+07  0.753003E+04  0.000000E+00  0.679241E+07  0.809206E+07
  0.128351E-01  0.804888E+07  0.803287E+07  0.661737E+04  0.000000E+00  0.665678E+07  0.798674E+07
  0.132694E-01  0.794292E+07  0.792613E+07  0.622851E+04  0.000000E+00  0.651938E+07  0.787931E+07
  0.137184E-01  0.783485E+07  0.781723E+07  0.529612E+04  0.000000E+00  0.638024E+07  0.776978E+07
  0.141825E-01  0.772468E+07  0.770621E+07  0.536831E+04  0.000000E+00  0.623965E+07  0.765818E+07
  0.146624E-01  0.761239E+07  0.759304E+07  0.466600E+04  0.000000E+00  0.609762E+07  0.754448E+07
  0.151585E-01  0.749801E+07  0.747773E+07  0.465302E+04  0.000000E+00  0.595432E+07  0.742872E+07
  0.156714E-01  0.738155E+07  0.736030E+07  0.388042E+04  0.000000E+00  0.580990E+07  0.731092E+07
  0.162017E-01  0.726303E+07  0.724078E+07  0.377397E+04  0.000000E+00  0.566447E+07  0.719109E+07
  0.167499E-01  0.714249E+07  0.711921E+07  0.336657E+04  0.000000E+00  0.551813E+07  0.706928E+07
  0.173166E-01  0.701995E+07  0.699560E+07  0.312418E+04  0.000000E+00  0.537095E+07  0.694553E+07
  0.179025E-01  0.689544E+07  0.687000E+07  0.311008E+04  0.000000E+00  0.522299E+07  0.681985E+07
  0.185082E-01  0.676902E+07  0.674244E+07  0.235689E+04  0.000000E+00  0.507430E+07  0.669230E+07
  0.191345E-01  0.664071E+07  0.661297E+07  0.241338E+04  0.000000E+00  0.492501E+07  0.656292E+07
  0.197819E-01  0.651058E+07  0.648166E+07  0.234854E+04  0.000000E+00  0.477531E+07  0.643177E+07
  0.204512E-01  0.637868E+07  0.634857E+07  0.206894E+04  0.000000E+00  0.462542E+07  0.629893E+07
  0.211432E-01  0.624512E+07  0.621379E+07  0.161010E+04  0.000000E+00  0.447563E+07  0.616448E+07
  0.218586E-01  0.610998E+07  0.607742E+07  0.161004E+04  0.000000E+00  0.432621E+07  0.602855E+07
  0.225982E-01  0.597339E+07  0.593961E+07  0.159486E+04  0.000000E+00  0.417740E+07  0.589125E+07
  0.233628E-01  0.583549E+07  0.580050E+07  0.136682E+04  0.000000E+00  0.402939E+07  0.575274E+07
  0.241533E-01  0.569646E+07  0.566026E+07  0.125794E+04  0.000000E+00  0.388236E+07  0.561318E+07
  0.249705E-01  0.555647E+07  0.551909E+07  0.106306E+04  0.000000E+00  0.373645E+07  0.547276E+07
  0.258154E-01  0.541572E+07  0.537720E+07  0.960806E+03  0.000000E+00  0.359186E+07  0.533168E+07
  0.266889E-01  0.527443E+07  0.523481E+07  0.923249E+03  0.000000E+00  0.344882E+07  0.519015E+07
  0.275919E-01  0.513284E+07  0.509219E+07  0.807579E+03  0.000000E+00  0.330759E+07  0.504842E+07
  0.285255E-01  0.499121E+07  0.494960E+07  0.761301E+03  0.000000E+00  0.316844E+07  0.490675E+07
  0.294906E-01  0.484984E+07  0.480735E+07  0.749564E+03  0.000000E+00  0.303166E+07  0.476544E+07
  0.304885E-01  0.470902E+07  0.466576E+07  0.624757E+03  0.000000E+00  0.289754E+07  0.462480E+07
  0.315201E-01  0.456911E+07  0.452519E+07  0.572152E+03  0.000000E+00  0.276633E+07  0.448516E+07
  0.325865E-01  0.443046E+07  0.438603E+07  0.538641E+03  0.000000E+00  0.263829E+07  0.434689E+07
  0.336891E-01  0.429345E+07  0.424865E+07  0.493417E+03  0.000000E+00  0.251362E+07  0.421036E+07
  0.348290E-01  0.415847E+07  0.411348E+07  0.408734E+03  0.000000E+00  0.239254E+07  0.407595E+07
  0.360074E-01  0.402592E+07  0.398092E+07  0.393842E+03  0.000000E+00  0.227531E+07  0.394406E+07
  0.372258E-01  0.389621E+07  0.385139E+07  0.374957E+03  0.000000E+00  0.216216E+07  0.381508E+07
  0.384853E-01  0.376973E+07  0.372531E+07  0.324555E+03  0.000000E+00  0.205327E+07  0.368941E+07
  0.397875E-01  0.364686E+07  0.360305E+07  0.304953E+03  0.000000E+00  0.194873E+07  0.356742E+07
  0.411337E-01  0.352795E+07  0.348499E+07  0.260939E+03  0.000000E+00  0.184864E+07  0.344944E+07
  0.425255E-01  0.341331E+07  0.337143E+07  0.237778E+03  0.000000E+00  0.175313E+07  0.333579E+07
  0.439643E-01  0.330323E+07  0.326265E+07  0.197068E+03  0.000000E+00  0.166227E+07  0.322672E+07
  0.454298E-01  0.319939E+07  0.316032E+07  0.203000E+03  0.000000E+00  0.157725E+07  0.312393E+07
  0.468953E-01  0.310338E+07  0.306595E+07  0.173105E+03  0.000000E+00  0.149915E+07  0.302893E+07
  0.483608E-01  0.301460E+07  0.297894E+07  0.163249E+03  0.000000E+00  0.142729E+07  0.294114E+07
  0.498262E-01  0.293246E+07  0.289865E+07  0.146108E+03  0.000000E+00  0.136106E+07  0.285996E+07
  0.512917E-01  0.285636E+07  0.282445E+07  0.140271E+03  0.000000E+00  0.129993E+07  0.278479E+07
  0.527572E-01  0.278570E+07  0.275571E+07  0.134148E+03  0.000000E+00  0.124337E+07  0.271502E+07
  0.542227E-01  0.271988E+07  0.269180E+07  0.106825E+03  0.000000E+00  0.119087E+07  0.265005E+07
  0.556882E-01  0.265832E+07  0.263212E+07  0.101538E+03  0.000000E+00  0.114197E+07  0.258932E+07
  0.571536E-01  0.260046E+07  0.257608E+07  0.963764E+02  0.000000E+00  0.109628E+07  0.253225E+07
  0.586191E-01  0.254578E+07  0.252313E+07  0.828229E+02  0.000000E+00  0.105341E+07  0.247834E+07
  0.600846E-01  0.249377E+07  0.247275E+07  0.100566E+03  0.000000E+00  0.101303E+07  0.242707E+07
  0.615501E-01  0.244398E+07  0.242446E+07  0.738792E+02  0.000000E+00  0.974815E+06  0.237800E+07
  0.630155E-01  0.239598E+07  0.237784E+07  0.780110E+02  0.000000E+00  0.938517E+06  0.233071E+07
  0.644810E-01  0.234942E+07  0.233250E+07  0.728380E+02  0.000000E+00  0.903912E+06  0.228485E+07
  0.659465E-01  0.230396E+07  0.228811E+07  0.616451E+02  0.000000E+00  0.870809E+06  0.224008E+07
  0.674120E-01  0.225933E+07  0.224439E+07  0.530890E+02  0.000000E+00  0.839038E+06  0.219614E+07
  0.688775E-01  0.221530E+07  0.220112E+07  0.555300E+02  0.000000E+00  0.808453E+06  0.215279E+07
  0.703429E-01  0.217168E+07  0.215809E+07  0.547111E+02  0.000000E+00  0.778940E+06  0.210987E+07
  0.718084E-01  0.212834E+07  0.211519E+07  0.532657E+02  0.000000E+00  0.750412E+06  0.206723E+07
  0.732739E-01  0.208518E+07  0.207234E+07  0.486122E+02  0.000000E+00  0.722802E+06  0.202478E+07
  0.747394E-01  0.204217E+07  0.202950E+07  0.539434E+02  0.000000E+00  0.696060E+06  0.198249E+07
  0.762048E-01  0.199922E+07  0.198660E+07  0.426253E+02  0.000000E+00  0.670124E+06  0.194029E+07
  0.776703E-01  0.195641E+07  0.194372E+07  0.350824E+02  0.000000E+00  0.644992E+06  0.189822E+07
  0.791358E-01  0.191378E+07  0.190094E+07  0.408160E+02  0.000000E+00  0.620650E+06  0.185636E+07
  0.806013E-01  0.187141E+07  0.185834E+07  0.393344E+02  0.000000E+00  0.597092E+06  0.181476E+07
  0.820668E-01  0.182938E+07  0.181602E+07  0.343607E+02  0.000000E+00  0.574317E+06  0.177352E+07
  0.835322E-01  0.178782E+07  0.177412E+07  0.392406E+02  0.000000E+00  0.552333E+06  0.173274E+07
  0.849977E-01  0.174684E+07  0.173277E+07  0.247368E+02  0.000000E+00  0.531151E+06  0.169256E+07
  0.864632E-01  0.170657E+07  0.169212E+07  0.302425E+02  0.000000E+00  0.510780E+06  0.165308E+07
  0.879287E-01  0.166713E+07  0.165231E+07  0.325285E+02  0.000000E+00  0.491228E+06  0.161444E+07
  0.893941E-01  0.162866E+07  0.161349E+07  0.288355E+02  0.000000E+00  0.472499E+06  0.157677E+07
  0.908596E-01  0.159128E+07  0.157578E+07  0.233643E+02  0.000000E+00  0.454597E+06  0.154017E+07
  0.923251E-01  0.155510E+07  0.153931E+07  0.209564E+02  0.000000E+00  0.437525E+06  0.150477E+07
  0.941548E-01  0.151177E+07  0.149569E+07  0.186655E+02  0.000000E+00  0.417371E+06  0.146239E+07
  0.959845E-01  0.147062E+07  0.145436E+07  0.182929E+02  0.000000E+00  0.398489E+06  0.142217E+07
  0.978141E-01  0.143179E+07  0.141544E+07  0.156424E+02  0.000000E+00  0.380852E+06  0.138424E+07
  0.996438E-01  0.139536E+07  0.137903E+07  0.186900E+02  0.000000E+00  0.364422E+06  0.134866E+07
  0.101473E+00  0.136134E+07  0.134515E+07  0.173159E+02  0.000000E+00  0.349152E+06  0.131548E+07
  0.103303E+00  0.132974E+07  0.131380E+07  0.107428E+02  0.000000E+00  0.334980E+06  0.128466E+07
  0.105133E+00  0.130049E+07  0.128490E+07  0.120034E+02  0.000000E+00  0.321843E+06  0.125615E+07
  0.106963E+00  0.127349E+07  0.125835E+07  0.122169E+02  0.000000E+00  0.309668E+06  0.122986E+07
  0.108792E+00  0.124860E+07  0.123399E+07  0.101067E+02  0.000000E+00  0.298376E+06  0.120563E+07
  0.110622E+00  0.122565E+07  0.121164E+07  0.145174E+02  0.000000E+00  0.287886E+06  0.118330E+07
  0.112452E+00  0.120444E+07  0.119108E+07  0.137361E+02  0.000000E+00  0.278116E+06  0.116269E+07
  0.114281E+00  0.118476E+07  0.117209E+07  0.768925E+01  0.000000E+00  0.268985E+06  0.114356E+07
  0.116111E+00  0.116639E+07  0.115442E+07  0.854375E+01  0.000000E+00  0.260413E+06  0.112571E+07
  0.117941E+00  0.114908E+07  0.113782E+07  0.107824E+02  0.000000E+00  0.252324E+06  0.110891E+07
  0.119770E+00  0.113262E+07  0.112205E+07  0.960503E+01  0.000000E+00  0.244648E+06  0.109292E+07
  0.121600E+00  0.111677E+07  0.110686E+07  0.775955E+01  0.000000E+00  0.237320E+06  0.107754E+07
  0.123430E+00  0.110133E+07  0.109205E+07  0.719426E+01  0.000000E+00  0.230283E+06  0.106256E+07
  0.125259E+00  0.108612E+07  0.107740E+07  0.839242E+01  0.000000E+00  0.223485E+06  0.104779E+07
  0.127089E+00  0.107098E+07  0.106275E+07  0.686823E+01  0.000000E+00  0.216886E+06  0.103309E+07
  0.128919E+00  0.105575E+07  0.104795E+07  0.580968E+01  0.000000E+00  0.210451E+06  0.101830E+07
  0.130748E+00  0.104035E+07  0.103290E+07  0.996925E+01  0.000000E+00  0.204152E+06  0.100334E+07
  0.132578E+00  0.102468E+07  0.101750E+07  0.892843E+01  0.000000E+00  0.197970E+06  0.988121E+06
  0.134408E+00  0.100870E+07  0.100173E+07  0.000000E+00  0.000000E+00  0.191895E+06  0.972598E+06
  0.136237E+00  0.992389E+06  0.985540E+06  0.000000E+00  0.000000E+00  0.185917E+06  0.956750E+06
  0.138067E+00  0.975759E+06  0.968967E+06  0.000000E+00  0.000000E+00  0.180037E+06  0.940590E+06
  0.139897E+00  0.958846E+06  0.952049E+06  0.000000E+00  0.000000E+00  0.174261E+06  0.924154E+06
  0.141726E+00  0.941700E+06  0.934845E+06  0.000000E+00  0.000000E+00  0.168593E+06  0.907492E+06
  0.143556E+00  0.924392E+06  0.917435E+06  0.000000E+00  0.000000E+00  0.163045E+06  0.890673E+06
  0.145386E+00  0.907013E+06  0.899920E+06  0.000000E+00  0.000000E+00  0.157627E+06  0.873787E+06
  0.147215E+00  0.889661E+06  0.882410E+06  0.000000E+00  0.000000E+00  0.152355E+06  0.856930E+06
  0.149045E+00  0.872437E+06  0.865014E+06  0.000000E+00  0.000000E+00  0.147241E+06  0.840201E+06
  0.150875E+00  0.855448E+06  0.847850E+06  0.000000E+00  0.000000E+00  0.142297E+06  0.823702E+06
  0.152704E+00  0.838798E+06  0.831033E+06  0.000000E+00  0.000000E+00  0.137534E+06  0.807538E+06
  0.154534E+00  0.822583E+06  0.814666E+06  0.000000E+00  0.000000E+00  0.132963E+06  0.791800E+06
  0.156364E+00  0.806892E+06  0.798845E+06  0.000000E+00  0.000000E+00  0.128591E+06  0.776575E+06
  0.158193E+00  0.791802E+06  0.783656E+06  0.000000E+00  0.000000E+00  0.124424E+06  0.761939E+06
  0.160023E+00  0.777376E+06  0.769165E+06  0.000000E+00  0.000000E+00  0.120463E+06  0.747952E+06
  0.161853E+00  0.763658E+06  0.755420E+06  0.000000E+00  0.000000E+00  0.116709E+06  0.734658E+06
  0.163683E+00  0.750684E+06  0.742460E+06  0.000000E+00  0.000000E+00  0.113160E+06  0.722090E+06
  0.165512E+00  0.738469E+06  0.730299E+06  0.000000E+00  0.000000E+00  0.109810E+06  0.710264E+06
  0.167342E+00  0.727011E+06  0.718934E+06  0.000000E+00  0.000000E+00  0.106653E+06  0.699176E+06
  0.169172E+00  0.716290E+06  0.708345E+06  0.000000E+00  0.000000E+00  0.103677E+06  0.688807E+06
  0.171001E+00  0.706274E+06  0.698495E+06  0.000000E+00  0.000000E+00  0.100874E+06  0.679126E+06
  0.172831E+00  0.696920E+06  0.689338E+06  0.000000E+00  0.000000E+00  0.982287E+05  0.670089E+06
  0.174661E+00  0.688172E+06  0.680812E+06  0.000000E+00  0.000000E+00  0.957295E+05  0.661642E+06
  0.176490E+00  0.679964E+06  0.672845E+06  0.000000E+00  0.000000E+00  0.933619E+05  0.653721E+06
  0.178320E+00  0.672224E+06  0.665362E+06  0.000000E+00  0.000000E+00  0.911114E+05  0.646255E+06
  0.180150E+00  0.664878E+06  0.658280E+06  0.000000E+00  0.000000E+00  0.889639E+05  0.639172E+06
  0.181979E+00  0.657849E+06  0.651516E+06  0.000000E+00  0.000000E+00  0.869060E+05  0.632396E+06
  0.183809E+00  0.651060E+06  0.644988E+06  0.000000E+00  0.000000E+00  0.849242E+05  0.625852E+06
  0.185639E+00  0.644435E+06  0.638616E+06  0.000000E+00  0.000000E+00  0.830064E+05  0.619467E+06
  0.187468E+00  0.637907E+06  0.632326E+06  0.000000E+00  0.000000E+00  0.811422E+05  0.613175E+06
  0.189298E+00  0.631414E+06  0.626052E+06  0.000000E+00  0.000000E+00  0.793220E+05  0.606915E+06
  0.191128E+00  0.624900E+06  0.619735E+06  0.000000E+00  0.000000E+00  0.775376E+05  0.600634E+06
  0.192957E+00  0.618321E+06  0.613329E+06  0.000000E+00  0.000000E+00  0.757825E+05  0.594288E+06
  0.194787E+00  0.611640E+06  0.606795E+06  0.000000E+00  0.000000E+00  0.740516E+05  0.587841E+06
  0.196617E+00  0.604830E+06  0.600105E+06  0.000000E+00  0.000000E+00  0.723413E+05  0.581268E+06
  0.198446E+00  0.597878E+06  0.593245E+06  0.000000E+00  0.000000E+00  0.706495E+05  0.574555E+06
  0.200276E+00  0.590778E+06  0.586212E+06  0.000000E+00  0.000000E+00  0.689753E+05  0.567698E+06
  0.202106E+00  0.583535E+06  0.579010E+06  0.000000E+00  0.000000E+00  0.673189E+05  0.560701E+06
  0.203935E+00  0.576159E+06  0.571653E+06  0.000000E+00  0.000000E+00  0.656815E+05  0.553575E+06
  0.205765E+00  0.568674E+06  0.564166E+06  0.000000E+00  0.000000E+00  0.640651E+05  0.546341E+06
  0.207595E+00  0.561106E+06  0.556580E+06  0.000000E+00  0.000000E+00  0.624726E+05  0.539027E+06
  0.209424E+00  0.553487E+06  0.548928E+06  0.000000E+00  0.000000E+00  0.609070E+05  0.531663E+06
  0.211254E+00  0.545852E+06  0.541251E+06  0.000000E+00  0.000000E+00  0.593714E+05  0.524283E+06
  0.213084E+00  0.538240E+06  0.533591E+06  0.000000E+00  0.000000E+00  0.578694E+05  0.516926E+06
  0.214913E+00  0.530690E+06  0.525991E+06  0.000000E+00  0.000000E+00  0.564045E+05  0.509630E+06
  0.216743E+00  0.523243E+06  0.518493E+06  0.000000E+00  0.000000E+00  0.549799E+05  0.502434E+06
  0.218573E+00  0.515933E+06  0.511137E+06  0.000000E+00  0.000000E+00  0.535984E+05  0.495372E+06
  0.220402E+00  0.508796E+06  0.503960E+06  0.000000E+00  0.000000E+00  0.522622E+05  0.488478E+06
  0.222232E+00  0.501862E+06  0.496996E+06  0.000000E+00  0.000000E+00  0.509732E+05  0.481781E+06
  0.224062E+00  0.495156E+06  0.490271E+06  0.000000E+00  0.000000E+00  0.497329E+05  0.475307E+06
  0.225892E+00  0.488699E+06  0.483808E+06  0.000000E+00  0.000000E+00  0.485417E+05  0.469075E+06
  0.227721E+00  0.482506E+06  0.477623E+06  0.000000E+00  0.000000E+00  0.473999E+05  0.463100E+06
  0.229551E+00  0.476586E+06  0.471725E+06  0.000000E+00  0.000000E+00  0.463070E+05  0.457391E+06
  0.231381E+00  0.470941E+06  0.466117E+06  0.000000E+00  0.000000E+00  0.452617E+05  0.451949E+06
  0.233210E+00  0.465570E+06  0.460796E+06  0.000000E+00  0.000000E+00  0.442625E+05  0.446773E+06
  0.235040E+00  0.460464E+06  0.455753E+06  0.000000E+00  0.000000E+00  0.433073E+05  0.441855E+06
  0.236870E+00  0.455610E+06  0.450974E+06  0.000000E+00  0.000000E+00  0.423937E+05  0.437181E+06
  0.238699E+00  0.450990E+06  0.446439E+06  0.000000E+00  0.000000E+00  0.415188E+05  0.432735E+06
  0.240529E+00  0.446585E+06  0.442127E+06  0.000000E+00  0.000000E+00  0.406796E+05  0.428496E+06
  0.242359E+00  0.442370E+06  0.438012E+06  0.000000E+00  0.000000E+00  0.398731E+05  0.424443E+06
  0.244188E+00  0.438320E+06  0.434066E+06  0.000000E+00  0.000000E+00  0.390961E+05  0.420549E+06
  0.246018E+00  0.434408E+06  0.430260E+06  0.000000E+00  0.000000E+00  0.383452E+05  0.416788E+06
  0.247848E+00  0.430606E+06  0.426565E+06  0.000000E+00  0.000000E+00  0.376175E+05  0.413134E+06
  0.249677E+00  0.426889E+06  0.422953E+06  0.000000E+00  0.000000E+00  0.369100E+05  0.409562E+06
  0.251507E+00  0.423231E+06  0.419395E+06  0.000000E+00  0.000000E+00  0.362200E+05  0.406046E+06
  0.253337E+00  0.419608E+06  0.415868E+06  0.000000E+00  0.000000E+00  0.355451E+05  0.402564E+06
  0.255166E+00  0.415999E+06  0.412348E+06  0.000000E+00  0.000000E+00  0.348831E+05  0.399095E+06
  0.256996E+00  0.412386E+06  0.408816E+06  0.000000E+00  0.000000E+00  0.342322E+05  0.395621E+06
  0.258826E+00  0.408753E+06  0.405256E+06  0.000000E+00  0.000000E+00  0.335909E+05  0.392128E+06
  0.260655E+00  0.405090E+06  0.401655E+06  0.000000E+00  0.000000E+00  0.329580E+05  0.388604E+06
  0.262485E+00  0.401388E+06  0.398007E+06  0.000000E+00  0.000000E+00  0.323328E+05  0.385042E+06
  0.264315E+00  0.397642E+06  0.394304E+06  0.000000E+00  0.000000E+00  0.317148E+05  0.381437E+06
  0.266144E+00  0.393852E+06  0.390548E+06  0.000000E+00  0.000000E+00  0.311037E+05  0.377788E+06
  0.267974E+00  0.390019E+06  0.386741E+06  0.000000E+00  0.000000E+00  0.304996E+05  0.374098E+06
  0.269804E+00  0.386149E+06  0.382889E+06  0.000000E+00  0.000000E+00  0.299028E+05  0.370371E+06
  0.271633E+00  0.382249E+06  0.379000E+06  0.000000E+00  0.000000E+00  0.293137E+05  0.366615E+06
  0.273463E+00  0.378329E+06  0.375085E+06  0.000000E+00  0.000000E+00  0.287331E+05  0.362838E+06
  0.275293E+00  0.374400E+06  0.371156E+06  0.000000E+00  0.000000E+00  0.281614E+05  0.359054E+06
  0.277122E+00  0.370476E+06  0.367229E+06  0.000000E+00  0.000000E+00  0.275998E+05  0.355274E+06
  0.278952E+00  0.366570E+06  0.363317E+06  0.000000E+00  0.000000E+00  0.270488E+05  0.351511E+06
  0.280782E+00  0.362696E+06  0.359436E+06  0.000000E+00  0.000000E+00  0.265093E+05  0.347779E+06
  0.282612E+00  0.358867E+06  0.355601E+06  0.000000E+00  0.000000E+00  0.259821E+05  0.344091E+06
  0.284441E+00  0.355096E+06  0.351824E+06  0.000000E+00  0.000000E+00  0.254678E+05  0.340459E+06
  0.286271E+00  0.351396E+06  0.348121E+06  0.000000E+00  0.000000E+00  0.249669E+05  0.336895E+06
  0.288101E+00  0.347776E+06  0.344501E+06  0.000000E+00  0.000000E+00  0.244800E+05  0.333410E+06
  0.289930E+00  0.344246E+06  0.340975E+06  0.000000E+00  0.000000E+00  0.240073E+05  0.330011E+06
  0.291760E+00  0.340812E+06  0.337549E+06  0.000000E+00  0.000000E+00  0.235490E+05  0.326707E+06
  0.293590E+00  0.337481E+06  0.334231E+06  0.000000E+00  0.000000E+00  0.231052E+05  0.323502E+06
  0.295419E+00  0.334255E+06  0.331023E+06  0.000000E+00  0.000000E+00  0.226756E+05  0.320398E+06
  0.297249E+00  0.331136E+06  0.327926E+06  0.000000E+00  0.000000E+00  0.222602E+05  0.317398E+06
  0.299079E+00  0.328120E+06  0.324937E+06  0.000000E+00  0.000000E+00  0.218582E+05  0.314498E+06
  0.300908E+00  0.325206E+06  0.322055E+06  0.000000E+00  0.000000E+00  0.214694E+05  0.311698E+06
  0.302738E+00  0.322392E+06  0.319276E+06  0.000000E+00  0.000000E+00  0.210932E+05  0.308994E+06
  0.304568E+00  0.319670E+06  0.316594E+06  0.000000E+00  0.000000E+00  0.207290E+05  0.306379E+06
  0.306397E+00  0.317034E+06  0.314000E+06  0.000000E+00  0.000000E+00  0.203759E+05  0.303847E+06
  0.308227E+00  0.314476E+06  0.311486E+06  0.000000E+00  0.000000E+00  0.200332E+05  0.301391E+06
  0.310057E+00  0.311987E+06  0.309042E+06  0.000000E+00  0.000000E+00  0.197001E+05  0.299001E+06
  0.311886E+00  0.309557E+06  0.306659E+06  0.000000E+00  0.000000E+00  0.193758E+05  0.296668E+06
  0.313716E+00  0.307177E+06  0.304326E+06  0.000000E+00  0.000000E+00  0.190595E+05  0.294384E+06
  0.315546E+00  0.304838E+06  0.302032E+06  0.000000E+00  0.000000E+00  0.187505E+05  0.292139E+06
  0.317375E+00  0.302530E+06  0.299770E+06  0.000000E+00  0.000000E+00  0.184480E+05  0.289924E+06
  0.319205E+00  0.300246E+06  0.297529E+06  0.000000E+00  0.000000E+00  0.181514E+05  0.287732E+06
  0.321035E+00  0.297977E+06  0.295301E+06  0.000000E+00  0.000000E+00  0.178602E+05  0.285554E+06
  0.322864E+00  0.295718E+06  0.293079E+06  0.000000E+00  0.000000E+00  0.175737E+05  0.283385E+06
  0.324694E+00  0.293462E+06  0.290858E+06  0.000000E+00  0.000000E+00  0.172917E+05  0.281219E+06
  0.326524E+00  0.291205E+06  0.288632E+06  0.000000E+00  0.000000E+00  0.170137E+05  0.279051E+06
  0.328353E+00  0.288943E+06  0.286399E+06  0.000000E+00  0.000000E+00  0.167395E+05  0.276879E+06
  0.330183E+00  0.286676E+06  0.284157E+06  0.000000E+00  0.000000E+00  0.164689E+05  0.274701E+06
  0.332013E+00  0.284401E+06  0.281904E+06  0.000000E+00  0.000000E+00  0.162018E+05  0.272516E+06
  0.333842E+00  0.282120E+06  0.279641E+06  0.000000E+00  0.000000E+00  0.159382E+05  0.270324E+06
  0.335672E+00  0.279833E+06  0.277371E+06  0.000000E+00  0.000000E+00  0.156780E+05  0.268127E+06
  0.337502E+00  0.277544E+06  0.275095E+06  0.000000E+00  0.000000E+00  0.154215E+05  0.265927E+06
  0.339332E+00  0.275256E+06  0.272817E+06  0.000000E+00  0.000000E+00  0.151686E+05  0.263728E+06
  0.341161E+00  0.272971E+06  0.270542E+06  0.000000E+00  0.000000E+00  0.149196E+05  0.261532E+06
  0.342991E+00  0.270694E+06  0.268273E+06  0.000000E+00  0.000000E+00  0.146745E+05  0.259344E+06
  0.344821E+00  0.268431E+06  0.266016E+06  0.000000E+00  0.000000E+00  0.144336E+05  0.257168E+06
  0.346650E+00  0.266185E+06  0.263777E+06  0.000000E+00  0.000000E+00  0.141971E+05  0.255009E+06
  0.348480E+00  0.263962E+06  0.261559E+06  0.000000E+00  0.000000E+00  0.139651E+05  0.252872E+06
  0.350310E+00  0.261765E+06  0.259368E+06  0.000000E+00  0.000000E+00  0.137377E+05  0.250761E+06
  0.352139E+00  0.259599E+06  0.257209E+06  0.000000E+00  0.000000E+00  0.135152E+05  0.248679E+06
  0.353969E+00  0.257468E+06  0.255085E+06  0.000000E+00  0.000000E+00  0.132975E+05  0.246631E+06
  0.355799E+00  0.255374E+06  0.253001E+06  0.000000E+00  0.000000E+00  0.130848E+05  0.244620E+06
  0.357628E+00  0.253321E+06  0.250957E+06  0.000000E+00  0.000000E+00  0.128771E+05  0.242647E+06
  0.359458E+00  0.251309E+06  0.248958E+06  0.000000E+00  0.000000E+00  0.126744E+05  0.240715E+06
  0.361288E+00  0.249341E+06  0.247003E+06  0.000000E+00  0.000000E+00  0.124767E+05  0.238825E+06
  0.363117E+00  0.247418E+06  0.245094E+06  0.000000E+00  0.000000E+00  0.122839E+05  0.236978E+06
  0.364947E+00  0.245538E+06  0.243230E+06  0.000000E+00  0.000000E+00  0.120958E+05  0.235173E+06
  0.366777E+00  0.243700E+06  0.241410E+06  0.000000E+00  0.000000E+00  0.119124E+05  0.233409E+06
  0.368606E+00  0.241905E+06  0.239634E+06  0.000000E+00  0.000000E+00  0.117336E+05  0.231686E+06
  0.370436E+00  0.240149E+06  0.237898E+06  0.000000E+00  0.000000E+00  0.115590E+05  0.230001E+06
  0.372266E+00  0.238431E+06  0.236201E+06  0.000000E+00  0.000000E+00  0.113886E+05  0.228353E+06
  0.374095E+00  0.236747E+06  0.234540E+06  0.000000E+00  0.000000E+00  0.112220E+05  0.226737E+06
  0.375925E+00  0.235095E+06  0.232910E+06  0.000000E+00  0.000000E+00  0.110592E+05  0.225153E+06
  0.377755E+00  0.233472E+06  0.231310E+06  0.000000E+00  0.000000E+00  0.108998E+05  0.223596E+06
  0.379584E+00  0.231874E+06  0.229735E+06  0.000000E+00  0.000000E+00  0.107437E+05  0.222063E+06
  0.381414E+00  0.230298E+06  0.228182E+06  0.000000E+00  0.000000E+00  0.105907E+05  0.220552E+06
  0.383244E+00  0.228742E+06  0.226648E+06  0.000000E+00  0.000000E+00  0.104405E+05  0.219059E+06
  0.385073E+00  0.227201E+06  0.225129E+06  0.000000E+00  0.000000E+00  0.102930E+05  0.217581E+06
  0.386903E+00  0.225674E+06  0.223623E+06  0.000000E+00  0.000000E+00  0.101480E+05  0.216117E+06
  0.388733E+00  0.224158E+06  0.222127E+06  0.000000E+00  0.000000E+00  0.100053E+05  0.214663E+06
  0.390562E+00  0.222651E+06  0.220639E+06  0.000000E+00  0.000000E+00  0.986487E+04  0.213217E+06
  0.392392E+00  0.221151E+06  0.219158E+06  0.000000E+00  0.000000E+00  0.972653E+04  0.211778E+06
  0.394222E+00  0.219657E+06  0.217681E+06  0.000000E+00  0.000000E+00  0.959020E+04  0.210345E+06
  0.396051E+00  0.218169E+06  0.216208E+06  0.000000E+00  0.000000E+00  0.945580E+04  0.208917E+06
  0.397881E+00  0.216685E+06  0.214738E+06  0.000000E+00  0.000000E+00  0.932330E+04  0.207493E+06
  0.399711E+00  0.215205E+06  0.213272E+06  0.000000E+00  0.000000E+00  0.919265E+04  0.206073E+06
  0.401541E+00  0.213730E+06  0.211809E+06  0.000000E+00  0.000000E+00  0.906383E+04  0.204658E+06
  0.403370E+00  0.212260E+06  0.210350E+06  0.000000E+00  0.000000E+00  0.893682E+04  0.203247E+06
  0.405200E+00  0.210795E+06  0.208897E+06  0.000000E+00  0.000000E+00  0.881163E+04  0.201842E+06
  0.407030E+00  0.209338E+06  0.207449E+06  0.000000E+00  0.000000E+00  0.868829E+04  0.200443E+06
  0.408859E+00  0.207889E+06  0.206009E+06  0.000000E+00  0.000000E+00  0.856681E+04  0.199052E+06
  0.410689E+00  0.206449E+06  0.204578E+06  0.000000E+00  0.000000E+00  0.844720E+04  0.197671E+06
  0.412519E+00  0.205020E+06  0.203157E+06  0.000000E+00  0.000000E+00  0.832950E+04  0.196299E+06
  0.414348E+00  0.203603E+06  0.201748E+06  0.000000E+00  0.000000E+00  0.821374E+04  0.194939E+06
  0.416178E+00  0.202199E+06  0.200353E+06  0.000000E+00  0.000000E+00  0.809993E+04  0.193592E+06
  0.418008E+00  0.200810E+06  0.198972E+06  0.000000E+00  0.000000E+00  0.798810E+04  0.192259E+06
  0.419837E+00  0.199438E+06  0.197608E+06  0.000000E+00  0.000000E+00  0.787827E+04  0.190942E+06
  0.421667E+00  0.198082E+06  0.196261E+06  0.000000E+00  0.000000E+00  0.777046E+04  0.189641E+06
  0.423497E+00  0.196745E+06  0.194932E+06  0.000000E+00  0.000000E+00  0.766465E+04  0.188358E+06
  0.425326E+00  0.195426E+06  0.193623E+06  0.000000E+00  0.000000E+00  0.756082E+04  0.187093E+06
  0.427156E+00  0.194127E+06  0.192334E+06  0.000000E+00  0.000000E+00  0.745900E+04  0.185847E+06
  0.428986E+00  0.192848E+06  0.191065E+06  0.000000E+00  0.000000E+00  0.735916E+04  0.184619E+06
  0.430815E+00  0.191588E+06  0.189815E+06  0.000000E+00  0.000000E+00  0.726125E+04  0.183411E+06
  0.432645E+00  0.190348E+06  0.188587E+06  0.000000E+00  0.000000E+00  0.716524E+04  0.182222E+06
  0.434475E+00  0.189127E+06  0.187378E+06  0.000000E+00  0.000000E+00  0.707110E+04  0.181051E+06
  0.436304E+00  0.187926E+06  0.186188E+06  0.000000E+00  0.000000E+00  0.697877E+04  0.179899E+06
  0.438134E+00  0.186742E+06  0.185017E+06  0.000000E+00  0.000000E+00  0.688819E+04  0.178764E+06
  0.439964E+00  0.185576E+06  0.183863E+06  0.000000E+00  0.000000E+00  0.679931E+04  0.177646E+06
  0.441793E+00  0.184426E+06  0.182726E+06  0.000000E+00  0.000000E+00  0.671208E+04  0.176544E+06
  0.443623E+00  0.183292E+06  0.181605E+06  0.000000E+00  0.000000E+00  0.662641E+04  0.175457E+06
  0.445453E+00  0.182173E+06  0.180499E+06  0.000000E+00  0.000000E+00  0.654224E+04  0.174384E+06
  0.447282E+00  0.181067E+06  0.179405E+06  0.000000E+00  0.000000E+00  0.645952E+04  0.173324E+06
  0.449112E+00  0.179973E+06  0.178324E+06  0.000000E+00  0.000000E+00  0.637818E+04  0.172275E+06
  0.450942E+00  0.178890E+06  0.177254E+06  0.000000E+00  0.000000E+00  0.629817E+04  0.171237E+06
  0.452771E+00  0.177817E+06  0.176193E+06  0.000000E+00  0.000000E+00  0.621941E+04  0.170209E+06
  0.454601E+00  0.176753E+06  0.175141E+06  0.000000E+00  0.000000E+00  0.614186E+04  0.169189E+06
  0.456431E+00  0.175698E+06  0.174098E+06  0.000000E+00  0.000000E+00  0.606548E+04  0.168177E+06
  0.458261E+00  0.174650E+06  0.173061E+06  0.000000E+00  0.000000E+00  0.599021E+04  0.167173E+06
  0.460090E+00  0.173609E+06  0.172031E+06  0.000000E+00  0.000000E+00  0.591601E+04  0.166175E+06
  0.461920E+00  0.172574E+06  0.171007E+06  0.000000E+00  0.000000E+00  0.584287E+04  0.165183E+06
  0.463750E+00  0.171545E+06  0.169988E+06  0.000000E+00  0.000000E+00  0.577075E+04  0.164197E+06
  0.465579E+00  0.170523E+06  0.168975E+06  0.000000E+00  0.000000E+00  0.569962E+04  0.163217E+06
  0.467409E+00  0.169506E+06  0.167967E+06  0.000000E+00  0.000000E+00  0.562946E+04  0.162242E+06
  0.469239E+00  0.168494E+06  0.166965E+06  0.000000E+00  0.000000E+00  0.556027E+04  0.161272E+06
  0.471068E+00  0.167489E+06  0.165968E+06  0.000000E+00  0.000000E+00  0.549204E+04  0.160308E+06
  0.472898E+00  0.166489E+06  0.164977E+06  0.000000E+00  0.000000E+00  0.542475E+04  0.159350E+06
  0.474728E+00  0.165496E+06  0.163992E+06  0.000000E+00  0.000000E+00  0.535840E+04  0.158398E+06
  0.476557E+00  0.164510E+06  0.163013E+06  0.000000E+00  0.000000E+00  0.529300E+04  0.157452E+06
  0.478387E+00  0.163531E+06  0.162041E+06  0.000000E+00  0.000000E+00  0.522854E+04  0.156513E+06
  0.480217E+00  0.162559E+06  0.161077E+06  0.000000E+00  0.000000E+00  0.516502E+04  0.155582E+06
  0.482046E+00  0.161596E+06  0.160121E+06  0.000000E+00  0.000000E+00  0.510245E+04  0.154658E+06
  0.483876E+00  0.160640E+06  0.159173E+06  0.000000E+00  0.000000E+00  0.504080E+04  0.153742E+06
  0.485706E+00  0.159693E+06  0.158232E+06  0.000000E+00  0.000000E+00  0.498007E+04  0.152834E+06
  0.487535E+00  0.158755E+06  0.157302E+06  0.000000E+00  0.000000E+00  0.492028E+04  0.151935E+06
  0.489365E+00  0.157827E+06  0.156380E+06  0.000000E+00  0.000000E+00  0.486143E+04  0.151045E+06
  0.491195E+00  0.156908E+06  0.155470E+06  0.000000E+00  0.000000E+00  0.480352E+04  0.150165E+06
  0.493024E+00  0.156000E+06  0.154569E+06  0.000000E+00  0.000000E+00  0.474654E+04  0.149294E+06
  0.494854E+00  0.155103E+06  0.153679E+06  0.000000E+00  0.000000E+00  0.469048E+04  0.148434E+06
  0.496684E+00  0.154215E+06  0.152799E+06  0.000000E+00  0.000000E+00  0.463532E+04  0.147583E+06
  0.498513E+00  0.153339E+06  0.151930E+06  0.000000E+00  0.000000E+00  0.458106E+04  0.146743E+06
  0.500343E+00  0.152472E+06  0.151072E+06  0.000000E+00  0.000000E+00  0.452768E+04  0.145913E+06
  0.502173E+00  0.151616E+06  0.150223E+06  0.000000E+00  0.000000E+00  0.447515E+04  0.145092E+06
  0.504002E+00  0.150769E+06  0.149385E+06  0.000000E+00  0.000000E+00  0.442347E+04  0.144281E+06
  0.505832E+00  0.149932E+06  0.148556E+06  0.000000E+00  0.000000E+00  0.437260E+04  0.143479E+06
  0.507662E+00  0.149105E+06  0.147736E+06  0.000000E+00  0.000000E+00  0.432252E+04  0.142686E+06
  0.509492E+00  0.148286E+06  0.146926E+06  0.000000E+00  0.000000E+00  0.427322E+04  0.141901E+06
  0.511321E+00  0.147475E+06  0.146124E+06  0.000000E+00  0.000000E+00  0.422468E+04  0.141125E+06
  0.513151E+00  0.146673E+06  0.145329E+06  0.000000E+00  0.000000E+00  0.417686E+04  0.140356E+06
  0.514980E+00  0.145878E+06  0.144543E+06  0.000000E+00  0.000000E+00  0.412975E+04  0.139595E+06
  0.516810E+00  0.145091E+06  0.143764E+06  0.000000E+00  0.000000E+00  0.408332E+04  0.138840E+06
  0.518640E+00  0.144310E+06  0.142991E+06  0.000000E+00  0.000000E+00  0.403755E+04  0.138092E+06
  0.520470E+00  0.143536E+06  0.142225E+06  0.000000E+00  0.000000E+00  0.399243E+04  0.137351E+06
  0.522299E+00  0.142768E+06  0.141464E+06  0.000000E+00  0.000000E+00  0.394794E+04  0.136615E+06
  0.524129E+00  0.142006E+06  0.140710E+06  0.000000E+00  0.000000E+00  0.390405E+04  0.135885E+06
  0.525959E+00  0.141250E+06  0.139961E+06  0.000000E+00  0.000000E+00  0.386076E+04  0.135160E+06
  0.527788E+00  0.140498E+06  0.139217E+06  0.000000E+00  0.000000E+00  0.381805E+04  0.134440E+06
  0.529618E+00  0.139752E+06  0.138478E+06  0.000000E+00  0.000000E+00  0.377590E+04  0.133725E+06
  0.531448E+00  0.139011E+06  0.137744E+06  0.000000E+00  0.000000E+00  0.373431E+04  0.133015E+06
  0.533277E+00  0.138275E+06  0.137015E+06  0.000000E+00  0.000000E+00  0.369327E+04  0.132310E+06
  0.535107E+00  0.137544E+06  0.136290E+06  0.000000E+00  0.000000E+00  0.365276E+04  0.131609E+06
  0.536937E+00  0.136817E+06  0.135570E+06  0.000000E+00  0.000000E+00  0.361278E+04  0.130913E+06
  0.538766E+00  0.136096E+06  0.134855E+06  0.000000E+00  0.000000E+00  0.357332E+04  0.130222E+06
  0.540596E+00  0.135379E+06  0.134144E+06  0.000000E+00  0.000000E+00  0.353437E+04  0.129535E+06
  0.542426E+00  0.134667E+06  0.133439E+06  0.000000E+00  0.000000E+00  0.349594E+04  0.128853E+06
  0.544255E+00  0.133960E+06  0.132738E+06  0.000000E+00  0.000000E+00  0.345801E+04  0.128176E+06
  0.546085E+00  0.133259E+06  0.132042E+06  0.000000E+00  0.000000E+00  0.342058E+04  0.127504E+06
  0.547915E+00  0.132562E+06  0.131352E+06  0.000000E+00  0.000000E+00  0.338365E+04  0.126836E+06
  0.549744E+00  0.131871E+06  0.130666E+06  0.000000E+00  0.000000E+00  0.334721E+04  0.126174E+06
  0.551574E+00  0.131185E+06  0.129986E+06  0.000000E+00  0.000000E+00  0.331126E+04  0.125517E+06
  0.553404E+00  0.130505E+06  0.129312E+06  0.000000E+00  0.000000E+00  0.327580E+04  0.124865E+06
  0.555233E+00  0.129830E+06  0.128643E+06  0.000000E+00  0.000000E+00  0.324082E+04  0.124219E+06
  0.557063E+00  0.129161E+06  0.127979E+06  0.000000E+00  0.000000E+00  0.320631E+04  0.123578E+06
  0.558893E+00  0.128497E+06  0.127322E+06  0.000000E+00  0.000000E+00  0.317228E+04  0.122942E+06
  0.560722E+00  0.127840E+06  0.126670E+06  0.000000E+00  0.000000E+00  0.313871E+04  0.122313E+06
  0.562552E+00  0.127188E+06  0.126024E+06  0.000000E+00  0.000000E+00  0.310561E+04  0.121688E+06
  0.564382E+00  0.126542E+06  0.125384E+06  0.000000E+00  0.000000E+00  0.307297E+04  0.121070E+06
  0.566211E+00  0.125903E+06  0.124750E+06  0.000000E+00  0.000000E+00  0.304077E+04  0.120457E+06
  0.568041E+00  0.125268E+06  0.124121E+06  0.000000E+00  0.000000E+00  0.300902E+04  0.119849E+06
  0.569871E+00  0.124640E+06  0.123499E+06  0.000000E+00  0.000000E+00  0.297771E+04  0.119247E+06
  0.571701E+00  0.124018E+06  0.122882E+06  0.000000E+00  0.000000E+00  0.294683E+04  0.118651E+06
  0.573530E+00  0.123401E+06  0.122271E+06  0.000000E+00  0.000000E+00  0.291638E+04  0.118060E+06
  0.575360E+00  0.122789E+06  0.121665E+06  0.000000E+00  0.000000E+00  0.288633E+04  0.117475E+06
  0.577190E+00  0.122183E+06  0.121065E+06  0.000000E+00  0.000000E+00  0.285670E+04  0.116894E+06
  0.579019E+00  0.121583E+06  0.120470E+06  0.000000E+00  0.000000E+00  0.282746E+04  0.116319E+06
  0.580849E+00  0.120987E+06  0.119881E+06  0.000000E+00  0.000000E+00  0.279862E+04  0.115749E+06
  0.582679E+00  0.120397E+06  0.119296E+06  0.000000E+00  0.000000E+00  0.277016E+04  0.115184E+06
  0.584508E+00  0.119812E+06  0.118716E+06  0.000000E+00  0.000000E+00  0.274207E+04  0.114623E+06
  0.586338E+00  0.119231E+06  0.118141E+06  0.000000E+00  0.000000E+00  0.271435E+04  0.114067E+06
  0.588168E+00  0.118655E+06  0.117570E+06  0.000000E+00  0.000000E+00  0.268698E+04  0.113515E+06
  0.589997E+00  0.118083E+06  0.117004E+06  0.000000E+00  0.000000E+00  0.265996E+04  0.112967E+06
  0.710818E+00  0.879977E+05  0.871934E+05  0.000000E+00  0.000000E+00  0.143821E+04  0.841622E+05
  0.868196E+00  0.638644E+05  0.632809E+05  0.000000E+00  0.000000E+00  0.733078E+03  0.610675E+05
  0.106042E+01  0.461349E+05  0.457134E+05  0.000000E+00  0.000000E+00  0.368930E+03  0.441075E+05
  0.129520E+01  0.331852E+05  0.328820E+05  0.000000E+00  0.000000E+00  0.183572E+03  0.317234E+05
  0.158196E+01  0.237790E+05  0.235617E+05  0.000000E+00  0.000000E+00  0.120229E+03  0.227311E+05
  0.193220E+01  0.169784E+05  0.168232E+05  0.000000E+00  0.000000E+00  0.592487E+02  0.162290E+05
  0.236000E+01  0.120836E+05  0.119731E+05  0.000000E+00  0.000000E+00  0.289385E+02  0.115497E+05
  0.288251E+01  0.857457E+04  0.849606E+04  0.000000E+00  0.000000E+00  0.140236E+02  0.819540E+04
  0.352071E+01  0.606799E+04  0.601233E+04  0.000000E+00  0.000000E+00  0.674920E+01  0.579951E+04
  0.430020E+01  0.428340E+04  0.424401E+04  0.000000E+00  0.000000E+00  0.322886E+01  0.409380E+04
  0.525228E+01  0.301667E+04  0.298883E+04  0.000000E+00  0.000000E+00  0.153681E+01  0.288309E+04
  0.641515E+01  0.212001E+04  0.210033E+04  0.000000E+00  0.000000E+00  0.728289E+00  0.202610E+04
  0.783548E+01  0.148692E+04  0.147300E+04  0.000000E+00  0.000000E+00  0.343867E+00  0.142103E+04
  0.957028E+01  0.104097E+04  0.103110E+04  0.000000E+00  0.000000E+00  0.161855E+00  0.994820E+03
  0.116892E+02  0.727518E+03  0.720495E+03  0.000000E+00  0.000000E+00  0.759836E-01  0.695244E+03
  0.142772E+02  0.507637E+03  0.502604E+03  0.000000E+00  0.000000E+00  0.355900E-01  0.485098E+03
  0.174382E+02  0.353680E+03  0.350035E+03  0.000000E+00  0.000000E+00  0.166368E-01  0.337955E+03
  0.212990E+02  0.246067E+03  0.243387E+03  0.000000E+00  0.000000E+00  0.776327E-02  0.235105E+03
  0.260147E+02  0.170967E+03  0.168956E+03  0.000000E+00  0.000000E+00  0.361686E-02  0.163328E+03
  0.317744E+02  0.118635E+03  0.117086E+03  0.000000E+00  0.000000E+00  0.168252E-02  0.113311E+03
  0.388094E+02  0.822181E+02  0.809862E+02  0.000000E+00  0.000000E+00  0.781536E-03  0.785049E+02
  0.474019E+02  0.569099E+02  0.558938E+02  0.000000E+00  0.000000E+00  0.362516E-03  0.543153E+02
  0.578968E+02  0.393425E+02  0.384721E+02  0.000000E+00  0.000000E+00  0.167892E-03  0.375237E+02
  0.707154E+02  0.271621E+02  0.263893E+02  0.000000E+00  0.000000E+00  0.776256E-04  0.258807E+02
  0.863719E+02  0.187258E+02  0.180177E+02  0.000000E+00  0.000000E+00  0.358223E-04  0.178162E+02
  0.105495E+03  0.128884E+02  0.122232E+02  0.000000E+00  0.000000E+00  0.164913E-04  0.122358E+02
