    0.10000E-03    0.14253E+03
    0.10202E-03    0.14530E+03
    0.10408E-03    0.14812E+03
    0.10618E-03    0.15100E+03
    0.10833E-03    0.15393E+03
    0.11052E-03    0.15692E+03
    0.11275E-03    0.15997E+03
    0.11503E-03    0.16308E+03
    0.11735E-03    0.16624E+03
    0.11972E-03    0.16947E+03
    0.12214E-03    0.17276E+03
    0.12461E-03    0.17612E+03
    0.12712E-03    0.17954E+03
    0.12969E-03    0.18303E+03
    0.13231E-03    0.18658E+03
    0.13499E-03    0.19021E+03
    0.13771E-03    0.19390E+03
    0.14049E-03    0.19767E+03
    0.14333E-03    0.20151E+03
    0.14623E-03    0.20542E+03
    0.14918E-03    0.20941E+03
    0.15220E-03    0.21348E+03
    0.15527E-03    0.21762E+03
    0.15841E-03    0.22185E+03
    0.16161E-03    0.22616E+03
    0.16487E-03    0.23055E+03
    0.16820E-03    0.23502E+03
    0.17160E-03    0.23959E+03
    0.17507E-03    0.24424E+03
    0.17860E-03    0.24898E+03
    0.18221E-03    0.25381E+03
    0.18589E-03    0.25874E+03
    0.18965E-03    0.26376E+03
    0.19348E-03    0.26888E+03
    0.19739E-03    0.27410E+03
    0.20138E-03    0.27942E+03
    0.20544E-03    0.28485E+03
    0.20959E-03    0.29037E+03
    0.21383E-03    0.29601E+03
    0.21815E-03    0.30175E+03
    0.22255E-03    0.30761E+03
    0.22705E-03    0.31358E+03
    0.23164E-03    0.31966E+03
    0.23632E-03    0.32586E+03
    0.24109E-03    0.33218E+03
    0.24596E-03    0.33862E+03
    0.25093E-03    0.34519E+03
    0.25600E-03    0.35189E+03
    0.26117E-03    0.35871E+03
    0.26645E-03    0.36567E+03
    0.27183E-03    0.37276E+03
    0.27732E-03    0.37998E+03
    0.28292E-03    0.38735E+03
    0.28864E-03    0.39486E+03
    0.29447E-03    0.40251E+03
    0.30042E-03    0.41031E+03
    0.30649E-03    0.41826E+03
    0.31268E-03    0.42636E+03
    0.31899E-03    0.43462E+03
    0.32544E-03    0.44304E+03
    0.33201E-03    0.45162E+03
    0.33872E-03    0.46036E+03
    0.34556E-03    0.46928E+03
    0.35254E-03    0.47836E+03
    0.35966E-03    0.48762E+03
    0.36693E-03    0.49706E+03
    0.37434E-03    0.50667E+03
    0.38190E-03    0.51647E+03
    0.38962E-03    0.52646E+03
    0.39749E-03    0.53664E+03
    0.40552E-03    0.54702E+03
    0.41371E-03    0.55759E+03
    0.42207E-03    0.56837E+03
    0.43060E-03    0.57935E+03
    0.43929E-03    0.59054E+03
    0.44817E-03    0.60195E+03
    0.45722E-03    0.61357E+03
    0.46646E-03    0.62542E+03
    0.47588E-03    0.63748E+03
    0.48550E-03    0.64978E+03
    0.49530E-03    0.66232E+03
    0.50531E-03    0.67509E+03
    0.51552E-03    0.68810E+03
    0.52593E-03    0.70136E+03
    0.53656E-03    0.71487E+03
    0.54739E-03    0.72864E+03
    0.55845E-03    0.74266E+03
    0.56973E-03    0.75696E+03
    0.58124E-03    0.77152E+03
    0.59299E-03    0.78635E+03
    0.60496E-03    0.80147E+03
    0.61719E-03    0.81687E+03
    0.62965E-03    0.83255E+03
    0.64237E-03    0.84853E+03
    0.65535E-03    0.86482E+03
    0.66859E-03    0.88140E+03
    0.68210E-03    0.89830E+03
    0.69588E-03    0.91551E+03
    0.70993E-03    0.93304E+03
    0.72427E-03    0.95090E+03
    0.73891E-03    0.96908E+03
    0.75383E-03    0.98761E+03
    0.76906E-03    0.10065E+04
    0.78460E-03    0.10257E+04
    0.80045E-03    0.10453E+04
    0.81662E-03    0.10652E+04
    0.83311E-03    0.10855E+04
    0.84994E-03    0.11062E+04
    0.86711E-03    0.11272E+04
    0.88463E-03    0.11486E+04
    0.90250E-03    0.11705E+04
    0.92073E-03    0.11927E+04
    0.93933E-03    0.12153E+04
    0.95831E-03    0.12383E+04
    0.97767E-03    0.12618E+04
    0.99742E-03    0.12857E+04
    0.10176E-02    0.13100E+04
    0.10381E-02    0.13347E+04
    0.10591E-02    0.13599E+04
    0.10805E-02    0.13855E+04
    0.11023E-02    0.14116E+04
    0.11246E-02    0.14381E+04
    0.11473E-02    0.14651E+04
    0.11705E-02    0.14926E+04
    0.11941E-02    0.15206E+04
    0.12182E-02    0.15490E+04
    0.12429E-02    0.15780E+04
    0.12680E-02    0.16074E+04
    0.12936E-02    0.16374E+04
    0.13197E-02    0.16679E+04
    0.13464E-02    0.16989E+04
    0.13736E-02    0.17304E+04
    0.14013E-02    0.17625E+04
    0.14296E-02    0.17951E+04
    0.14585E-02    0.18283E+04
    0.14880E-02    0.18620E+04
    0.15180E-02    0.18963E+04
    0.15487E-02    0.19311E+04
    0.15800E-02    0.19665E+04
    0.16119E-02    0.20025E+04
    0.16445E-02    0.20391E+04
    0.16777E-02    0.20763E+04
    0.17116E-02    0.21141E+04
    0.17462E-02    0.21524E+04
    0.17814E-02    0.21914E+04
    0.18174E-02    0.22310E+04
    0.18541E-02    0.22713E+04
    0.18916E-02    0.23121E+04
    0.19298E-02    0.23536E+04
    0.19688E-02    0.23957E+04
    0.20086E-02    0.24385E+04
    0.20491E-02    0.24819E+04
    0.20905E-02    0.25259E+04
    0.21328E-02    0.25706E+04
    0.21758E-02    0.26159E+04
    0.22198E-02    0.26619E+04
    0.22646E-02    0.27086E+04
    0.23104E-02    0.27559E+04
    0.23571E-02    0.28039E+04
    0.24047E-02    0.28525E+04
    0.24533E-02    0.29018E+04
    0.25028E-02    0.29517E+04
    0.25534E-02    0.30023E+04
    0.26050E-02    0.30536E+04
    0.26576E-02    0.31055E+04
    0.27113E-02    0.31581E+04
    0.27660E-02    0.32114E+04
    0.28219E-02    0.32653E+04
    0.28789E-02    0.33198E+04
    0.29371E-02    0.33750E+04
    0.29964E-02    0.34308E+04
    0.30569E-02    0.34872E+04
    0.31187E-02    0.35443E+04
    0.31817E-02    0.36020E+04
    0.32460E-02    0.36603E+04
    0.33115E-02    0.37192E+04
    0.33784E-02    0.37786E+04
    0.34467E-02    0.38387E+04
    0.35163E-02    0.38993E+04
    0.35874E-02    0.39605E+04
    0.36598E-02    0.40222E+04
    0.37338E-02    0.40845E+04
    0.38092E-02    0.41472E+04
    0.38861E-02    0.42105E+04
    0.39646E-02    0.42742E+04
    0.40447E-02    0.43384E+04
    0.41264E-02    0.44031E+04
    0.42098E-02    0.44681E+04
    0.42948E-02    0.45336E+04
    0.43816E-02    0.45994E+04
    0.44701E-02    0.46656E+04
    0.45604E-02    0.47322E+04
    0.46525E-02    0.47989E+04
    0.47465E-02    0.48662E+04
    0.48424E-02    0.49340E+04
    0.49402E-02    0.49997E+04
    0.50400E-02    0.50643E+04
    0.51419E-02    0.51313E+04
    0.52457E-02    0.51998E+04
    0.53517E-02    0.52678E+04
    0.54598E-02    0.53358E+04
    0.55701E-02    0.54040E+04
    0.56826E-02    0.54721E+04
    0.57974E-02    0.55402E+04
    0.59145E-02    0.56082E+04
    0.60340E-02    0.56762E+04
    0.61559E-02    0.57439E+04
    0.62803E-02    0.58112E+04
    0.64072E-02    0.58790E+04
    0.65366E-02    0.59475E+04
    0.66686E-02    0.60151E+04
    0.68033E-02    0.60814E+04
    0.69408E-02    0.61474E+04
    0.70810E-02    0.62131E+04
    0.72240E-02    0.62782E+04
    0.73700E-02    0.63428E+04
    0.75189E-02    0.64067E+04
    0.76708E-02    0.64701E+04
    0.78257E-02    0.65328E+04
    0.79838E-02    0.65947E+04
    0.81451E-02    0.66555E+04
    0.83096E-02    0.67152E+04
    0.84775E-02    0.67744E+04
    0.86488E-02    0.68327E+04
    0.88235E-02    0.68899E+04
    0.90017E-02    0.69460E+04
    0.91836E-02    0.70010E+04
    0.93691E-02    0.70548E+04
    0.95583E-02    0.71072E+04
    0.97514E-02    0.71584E+04
    0.99484E-02    0.72080E+04
    0.10149E-01    0.72563E+04
    0.10354E-01    0.73032E+04
    0.10564E-01    0.73484E+04
    0.10777E-01    0.73919E+04
    0.10995E-01    0.74336E+04
    0.11217E-01    0.74734E+04
    0.11443E-01    0.75114E+04
    0.11675E-01    0.75475E+04
    0.11910E-01    0.75815E+04
    0.12151E-01    0.76134E+04
    0.12397E-01    0.76430E+04
    0.12647E-01    0.76705E+04
    0.12902E-01    0.76956E+04
    0.13163E-01    0.77184E+04
    0.13429E-01    0.77387E+04
    0.13700E-01    0.77564E+04
    0.13977E-01    0.77716E+04
    0.14259E-01    0.77841E+04
    0.14547E-01    0.77938E+04
    0.14841E-01    0.78007E+04
    0.15141E-01    0.78047E+04
    0.15447E-01    0.78058E+04
    0.15759E-01    0.78038E+04
    0.16077E-01    0.77988E+04
    0.16402E-01    0.77907E+04
    0.16734E-01    0.77795E+04
    0.17072E-01    0.77650E+04
    0.17416E-01    0.77472E+04
    0.17768E-01    0.77261E+04
    0.18127E-01    0.77016E+04
    0.18493E-01    0.76738E+04
    0.18867E-01    0.76424E+04
    0.19248E-01    0.76077E+04
    0.19637E-01    0.75694E+04
    0.20034E-01    0.75276E+04
    0.20438E-01    0.74823E+04
    0.20851E-01    0.74335E+04
    0.21272E-01    0.73812E+04
    0.21702E-01    0.73254E+04
    0.22141E-01    0.72662E+04
    0.22588E-01    0.72036E+04
    0.23044E-01    0.71377E+04
    0.23510E-01    0.70685E+04
    0.23985E-01    0.69961E+04
    0.24469E-01    0.69205E+04
    0.24964E-01    0.68419E+04
    0.25468E-01    0.67605E+04
    0.25982E-01    0.66762E+04
    0.26507E-01    0.65892E+04
    0.27043E-01    0.64997E+04
    0.27589E-01    0.64078E+04
    0.28146E-01    0.63137E+04
    0.28715E-01    0.62176E+04
    0.29295E-01    0.61196E+04
    0.29887E-01    0.60199E+04
    0.30490E-01    0.59188E+04
    0.31106E-01    0.58165E+04
    0.31735E-01    0.57132E+04
    0.32376E-01    0.56091E+04
    0.33030E-01    0.55045E+04
    0.33697E-01    0.53997E+04
    0.34378E-01    0.52949E+04
    0.35072E-01    0.51903E+04
    0.35781E-01    0.50863E+04
    0.36504E-01    0.49830E+04
    0.37241E-01    0.48808E+04
    0.37993E-01    0.47799E+04
    0.38761E-01    0.46804E+04
    0.39544E-01    0.45828E+04
    0.40343E-01    0.44871E+04
    0.41158E-01    0.43936E+04
    0.41989E-01    0.43026E+04
    0.42838E-01    0.42140E+04
    0.43703E-01    0.41282E+04
    0.44586E-01    0.40453E+04
    0.45486E-01    0.39653E+04
    0.46405E-01    0.38883E+04
    0.47343E-01    0.38145E+04
    0.48299E-01    0.37437E+04
    0.49275E-01    0.36761E+04
    0.50270E-01    0.36115E+04
    0.51286E-01    0.35499E+04
    0.52322E-01    0.34911E+04
    0.53379E-01    0.34350E+04
    0.54457E-01    0.33814E+04
    0.55557E-01    0.33300E+04
    0.56680E-01    0.32806E+04
    0.57825E-01    0.32328E+04
    0.58993E-01    0.31864E+04
    0.60184E-01    0.31409E+04
    0.61400E-01    0.30959E+04
    0.62641E-01    0.30510E+04
    0.63906E-01    0.30058E+04
    0.65197E-01    0.29599E+04
    0.66514E-01    0.29128E+04
    0.67858E-01    0.28641E+04
    0.69229E-01    0.28136E+04
    0.70627E-01    0.27608E+04
    0.72054E-01    0.27055E+04
    0.73510E-01    0.26476E+04
    0.74994E-01    0.25870E+04
    0.76509E-01    0.25234E+04
    0.78055E-01    0.24573E+04
    0.79632E-01    0.23887E+04
    0.81241E-01    0.23179E+04
    0.82882E-01    0.22455E+04
    0.84556E-01    0.21720E+04
    0.86264E-01    0.20979E+04
    0.88007E-01    0.20239E+04
    0.89785E-01    0.19507E+04
    0.91598E-01    0.18790E+04
    0.93449E-01    0.18095E+04
    0.95337E-01    0.17429E+04
    0.97263E-01    0.16799E+04
    0.99227E-01    0.16208E+04
    0.10123E+00    0.15660E+04
    0.10328E+00    0.15159E+04
    0.10536E+00    0.14706E+04
    0.10749E+00    0.14299E+04
    0.10966E+00    0.13938E+04
    0.11188E+00    0.13617E+04
    0.11414E+00    0.13333E+04
    0.11644E+00    0.13078E+04
    0.11880E+00    0.12844E+04
    0.12120E+00    0.12624E+04
    0.12365E+00    0.12407E+04
    0.12614E+00    0.12184E+04
    0.12869E+00    0.11949E+04
    0.13129E+00    0.11692E+04
    0.13394E+00    0.11410E+04
    0.13665E+00    0.11099E+04
    0.13941E+00    0.10759E+04
    0.14223E+00    0.10395E+04
    0.14510E+00    0.10011E+04
    0.14803E+00    0.96149E+03
    0.15102E+00    0.92171E+03
    0.15407E+00    0.88275E+03
    0.15718E+00    0.84557E+03
    0.16036E+00    0.81104E+03
    0.16360E+00    0.77980E+03
    0.16690E+00    0.75223E+03
    0.17028E+00    0.72841E+03
    0.17371E+00    0.70811E+03
    0.17722E+00    0.69083E+03
    0.18080E+00    0.67580E+03
    0.18446E+00    0.66211E+03
    0.18818E+00    0.64874E+03
    0.19198E+00    0.63477E+03
    0.19586E+00    0.61943E+03
    0.19982E+00    0.60225E+03
    0.20386E+00    0.58312E+03
    0.20797E+00    0.56234E+03
    0.21218E+00    0.54052E+03
    0.21646E+00    0.51850E+03
    0.22083E+00    0.49718E+03
    0.22530E+00    0.47738E+03
    0.22985E+00    0.45966E+03
    0.23449E+00    0.44428E+03
    0.23923E+00    0.43113E+03
    0.24406E+00    0.41978E+03
    0.24899E+00    0.40957E+03
    0.25402E+00    0.39973E+03
    0.25915E+00    0.38956E+03
    0.26439E+00    0.37857E+03
    0.26973E+00    0.36660E+03
    0.27518E+00    0.35383E+03
    0.28074E+00    0.34075E+03
    0.28641E+00    0.32796E+03
    0.29219E+00    0.31600E+03
    0.29810E+00    0.30524E+03
    0.30412E+00    0.29575E+03
    0.31026E+00    0.28734E+03
    0.31653E+00    0.27958E+03
    0.32292E+00    0.27200E+03
    0.32945E+00    0.26422E+03
    0.33610E+00    0.25606E+03
    0.34289E+00    0.24761E+03
    0.34982E+00    0.23917E+03
    0.35689E+00    0.23108E+03
    0.36409E+00    0.22358E+03
    0.37145E+00    0.21676E+03
    0.37895E+00    0.21049E+03
    0.38661E+00    0.20453E+03
    0.39442E+00    0.19864E+03
    0.40239E+00    0.19269E+03
    0.41052E+00    0.18671E+03
    0.41881E+00    0.18082E+03
    0.42727E+00    0.17518E+03
    0.43590E+00    0.16989E+03
    0.44471E+00    0.16494E+03
    0.45369E+00    0.16023E+03
    0.46286E+00    0.15563E+03
    0.47221E+00    0.15107E+03
    0.48174E+00    0.14658E+03
    0.49148E+00    0.14223E+03
    0.50141E+00    0.13807E+03
    0.51153E+00    0.13413E+03
    0.52187E+00    0.13035E+03
    0.53241E+00    0.12668E+03
    0.54317E+00    0.12308E+03
    0.55414E+00    0.11957E+03
    0.56533E+00    0.11619E+03
    0.57675E+00    0.11294E+03
    0.58840E+00    0.10983E+03
    0.60029E+00    0.10681E+03
    0.61242E+00    0.10388E+03
    0.62479E+00    0.10105E+03
    0.63741E+00    0.98296E+02
    0.65029E+00    0.95631E+02
    0.66342E+00    0.93048E+02
    0.67683E+00    0.90546E+02
    0.69050E+00    0.88123E+02
    0.70445E+00    0.85777E+02
    0.71868E+00    0.83506E+02
    0.73320E+00    0.81307E+02
    0.74801E+00    0.79178E+02
    0.76312E+00    0.77115E+02
    0.77854E+00    0.75116E+02
    0.79426E+00    0.73178E+02
    0.81031E+00    0.71299E+02
    0.82668E+00    0.69475E+02
    0.84338E+00    0.67706E+02
    0.86041E+00    0.65989E+02
    0.87780E+00    0.64322E+02
    0.89553E+00    0.62702E+02
    0.91362E+00    0.61129E+02
    0.93208E+00    0.59601E+02
    0.95091E+00    0.58115E+02
    0.97011E+00    0.56671E+02
    0.98971E+00    0.55266E+02
    0.10097E+01    0.53901E+02
    0.10301E+01    0.52572E+02
    0.10509E+01    0.51280E+02
    0.10721E+01    0.50022E+02
    0.10938E+01    0.48798E+02
    0.11159E+01    0.47607E+02
    0.11384E+01    0.46446E+02
    0.11614E+01    0.45316E+02
    0.11849E+01    0.44215E+02
    0.12088E+01    0.43142E+02
    0.12333E+01    0.42097E+02
    0.12582E+01    0.41077E+02
    0.12836E+01    0.40083E+02
    0.13095E+01    0.39114E+02
    0.13360E+01    0.38168E+02
    0.13630E+01    0.37245E+02
    0.13905E+01    0.36345E+02
    0.14186E+01    0.35466E+02
    0.14472E+01    0.34608E+02
    0.14765E+01    0.33770E+02
    0.15063E+01    0.32952E+02
    0.15367E+01    0.32153E+02
    0.15678E+01    0.31372E+02
    0.15994E+01    0.30609E+02
    0.16318E+01    0.29864E+02
    0.16647E+01    0.29135E+02
    0.16984E+01    0.28423E+02
    0.17327E+01    0.27727E+02
    0.17677E+01    0.27046E+02
    0.18034E+01    0.26381E+02
    0.18398E+01    0.25730E+02
    0.18770E+01    0.25093E+02
    0.19149E+01    0.24471E+02
    0.19536E+01    0.23861E+02
    0.19930E+01    0.23266E+02
    0.20333E+01    0.22683E+02
    0.20744E+01    0.22112E+02
    0.21163E+01    0.21554E+02
    0.21590E+01    0.21008E+02
    0.22026E+01    0.20474E+02
    0.22471E+01    0.19951E+02
    0.22925E+01    0.19439E+02
    0.23388E+01    0.18939E+02
    0.23861E+01    0.18449E+02
    0.24343E+01    0.17969E+02
    0.24835E+01    0.17500E+02
    0.25336E+01    0.17041E+02
    0.25848E+01    0.16591E+02
    0.26370E+01    0.16152E+02
    0.26903E+01    0.15721E+02
    0.27447E+01    0.15301E+02
    0.28001E+01    0.14889E+02
    0.28567E+01    0.14486E+02
    0.29144E+01    0.14092E+02
    0.29733E+01    0.13706E+02
    0.30333E+01    0.13329E+02
    0.30946E+01    0.12960E+02
    0.31571E+01    0.12599E+02
    0.32209E+01    0.12246E+02
    0.32860E+01    0.11902E+02
    0.33523E+01    0.11564E+02
    0.34201E+01    0.11235E+02
    0.34892E+01    0.10913E+02
    0.35596E+01    0.10598E+02
    0.36316E+01    0.10290E+02
    0.37049E+01    0.99897E+01
    0.37798E+01    0.96961E+01
    0.38561E+01    0.94093E+01
    0.39340E+01    0.91293E+01
    0.40135E+01    0.88558E+01
    0.40946E+01    0.85889E+01
    0.41773E+01    0.83283E+01
    0.42617E+01    0.80741E+01
    0.43478E+01    0.78259E+01
    0.44356E+01    0.75839E+01
    0.45252E+01    0.73478E+01
    0.46166E+01    0.71176E+01
    0.47099E+01    0.68931E+01
    0.48050E+01    0.66743E+01
    0.49021E+01    0.64611E+01
    0.50011E+01    0.62533E+01
    0.51021E+01    0.60509E+01
    0.52052E+01    0.58538E+01
    0.53104E+01    0.56618E+01
    0.54176E+01    0.54749E+01
    0.55271E+01    0.52930E+01
    0.56387E+01    0.51161E+01
    0.57526E+01    0.49439E+01
    0.58689E+01    0.47765E+01
    0.59874E+01    0.46137E+01
    0.61084E+01    0.44555E+01
    0.62318E+01    0.43017E+01
    0.63577E+01    0.41523E+01
    0.64861E+01    0.40072E+01
    0.66171E+01    0.38663E+01
    0.67508E+01    0.37295E+01
    0.68872E+01    0.35968E+01
    0.70263E+01    0.34680E+01
    0.71682E+01    0.33431E+01
    0.73130E+01    0.32220E+01
    0.74608E+01    0.31046E+01
    0.76115E+01    0.29909E+01
    0.77653E+01    0.28807E+01
    0.79221E+01    0.27739E+01
    0.80822E+01    0.26706E+01
    0.82454E+01    0.25706E+01
    0.84120E+01    0.24738E+01
    0.85819E+01    0.23801E+01
    0.87553E+01    0.22896E+01
    0.89322E+01    0.22021E+01
    0.91126E+01    0.21174E+01
    0.92967E+01    0.20357E+01
    0.94845E+01    0.19567E+01
    0.96761E+01    0.18805E+01
    0.98716E+01    0.18068E+01
    0.10071E+02    0.17358E+01
    0.10274E+02    0.16672E+01
    0.10482E+02    0.16010E+01
    0.10694E+02    0.15372E+01
    0.10910E+02    0.14757E+01
    0.11130E+02    0.14164E+01
    0.11355E+02    0.13593E+01
    0.11584E+02    0.13043E+01
    0.11818E+02    0.12513E+01
    0.12057E+02    0.12002E+01
    0.12301E+02    0.11511E+01
    0.12549E+02    0.11038E+01
    0.12803E+02    0.10582E+01
    0.13061E+02    0.10144E+01
    0.13325E+02    0.97232E+00
    0.13594E+02    0.93181E+00
    0.13869E+02    0.89287E+00
    0.14149E+02    0.85544E+00
    0.14435E+02    0.81946E+00
    0.14727E+02    0.78490E+00
    0.15024E+02    0.75170E+00
    0.15328E+02    0.71981E+00
    0.15637E+02    0.68918E+00
    0.15953E+02    0.65978E+00
    0.16275E+02    0.63156E+00
    0.16604E+02    0.60448E+00
    0.16940E+02    0.57849E+00
    0.17282E+02    0.55356E+00
    0.17631E+02    0.52964E+00
    0.17987E+02    0.50671E+00
    0.18351E+02    0.48471E+00
    0.18721E+02    0.46362E+00
    0.19099E+02    0.44341E+00
    0.19485E+02    0.42404E+00
    0.19879E+02    0.40547E+00
    0.20280E+02    0.38768E+00
    0.20690E+02    0.37064E+00
    0.21108E+02    0.35431E+00
    0.21535E+02    0.33867E+00
    0.21970E+02    0.32370E+00
    0.22413E+02    0.30936E+00
    0.22866E+02    0.29564E+00
    0.23328E+02    0.28250E+00
    0.23799E+02    0.26992E+00
    0.24280E+02    0.25789E+00
    0.24771E+02    0.24637E+00
    0.25271E+02    0.23535E+00
    0.25782E+02    0.22481E+00
    0.26302E+02    0.21472E+00
    0.26834E+02    0.20507E+00
    0.27376E+02    0.19585E+00
    0.27929E+02    0.18702E+00
    0.28493E+02    0.17859E+00
    0.29069E+02    0.17052E+00
    0.29656E+02    0.16281E+00
    0.30255E+02    0.15544E+00
    0.30866E+02    0.14839E+00
    0.31490E+02    0.14166E+00
    0.32126E+02    0.13522E+00
    0.32775E+02    0.12907E+00
    0.33437E+02    0.12319E+00
    0.34112E+02    0.11758E+00
    0.34801E+02    0.11221E+00
    0.35504E+02    0.10709E+00
    0.36222E+02    0.10219E+00
    0.36953E+02    0.97517E-01
    0.37700E+02    0.93050E-01
    0.38462E+02    0.88785E-01
    0.39239E+02    0.84712E-01
    0.40031E+02    0.80822E-01
    0.40840E+02    0.77108E-01
    0.41665E+02    0.73562E-01
    0.42507E+02    0.70176E-01
    0.43365E+02    0.66944E-01
    0.44241E+02    0.63858E-01
    0.45135E+02    0.60913E-01
    0.46047E+02    0.58101E-01
    0.46977E+02    0.55418E-01
    0.47926E+02    0.52856E-01
    0.48894E+02    0.50412E-01
    0.49882E+02    0.48079E-01
    0.50890E+02    0.45853E-01
    0.51918E+02    0.43728E-01
    0.52966E+02    0.41701E-01
    0.54036E+02    0.39767E-01
    0.55128E+02    0.37922E-01
    0.56242E+02    0.36161E-01
    0.57378E+02    0.34481E-01
    0.58537E+02    0.32878E-01
    0.59720E+02    0.31349E-01
    0.60926E+02    0.29891E-01
    0.62157E+02    0.28500E-01
    0.63412E+02    0.27173E-01
    0.64693E+02    0.25907E-01
    0.66000E+02    0.24700E-01
    0.67334E+02    0.23548E-01
    0.68694E+02    0.22450E-01
    0.70082E+02    0.21402E-01
    0.71497E+02    0.20403E-01
    0.72942E+02    0.19451E-01
    0.74415E+02    0.18542E-01
    0.75918E+02    0.17676E-01
    0.77452E+02    0.16850E-01
    0.79017E+02    0.16062E-01
    0.80613E+02    0.15311E-01
    0.82241E+02    0.14595E-01
    0.83903E+02    0.13912E-01
    0.85598E+02    0.13260E-01
    0.87327E+02    0.12639E-01
    0.89091E+02    0.12047E-01
    0.90891E+02    0.11483E-01
    0.92727E+02    0.10944E-01
    0.94600E+02    0.10431E-01
    0.96511E+02    0.99422E-02
    0.98461E+02    0.94759E-02
    0.10045E+03    0.90315E-02
    0.10248E+03    0.86078E-02
    0.10455E+03    0.82041E-02
