    0.10000E-03    0.58928E-01
    0.10202E-03    0.60073E-01
    0.10408E-03    0.61240E-01
    0.10618E-03    0.62430E-01
    0.10833E-03    0.63643E-01
    0.11052E-03    0.64880E-01
    0.11275E-03    0.66141E-01
    0.11503E-03    0.67426E-01
    0.11735E-03    0.68736E-01
    0.11972E-03    0.70072E-01
    0.12214E-03    0.71434E-01
    0.12461E-03    0.72822E-01
    0.12712E-03    0.74237E-01
    0.12969E-03    0.75679E-01
    0.13231E-03    0.77150E-01
    0.13499E-03    0.78649E-01
    0.13771E-03    0.80177E-01
    0.14049E-03    0.81735E-01
    0.14333E-03    0.83323E-01
    0.14623E-03    0.84942E-01
    0.14918E-03    0.86592E-01
    0.15220E-03    0.88274E-01
    0.15527E-03    0.89990E-01
    0.15841E-03    0.91738E-01
    0.16161E-03    0.93520E-01
    0.16487E-03    0.95337E-01
    0.16820E-03    0.97189E-01
    0.17160E-03    0.99078E-01
    0.17507E-03    0.10100E+00
    0.17860E-03    0.10296E+00
    0.18221E-03    0.10497E+00
    0.18589E-03    0.10700E+00
    0.18965E-03    0.10908E+00
    0.19348E-03    0.11120E+00
    0.19739E-03    0.11336E+00
    0.20138E-03    0.11556E+00
    0.20544E-03    0.11781E+00
    0.20959E-03    0.12010E+00
    0.21383E-03    0.12243E+00
    0.21815E-03    0.12481E+00
    0.22255E-03    0.12723E+00
    0.22705E-03    0.12970E+00
    0.23164E-03    0.13222E+00
    0.23632E-03    0.13479E+00
    0.24109E-03    0.13741E+00
    0.24596E-03    0.14008E+00
    0.25093E-03    0.14280E+00
    0.25600E-03    0.14557E+00
    0.26117E-03    0.14840E+00
    0.26645E-03    0.15128E+00
    0.27183E-03    0.15422E+00
    0.27732E-03    0.15721E+00
    0.28292E-03    0.16026E+00
    0.28864E-03    0.16338E+00
    0.29447E-03    0.16655E+00
    0.30042E-03    0.16978E+00
    0.30649E-03    0.17308E+00
    0.31268E-03    0.17644E+00
    0.31899E-03    0.17986E+00
    0.32544E-03    0.18335E+00
    0.33201E-03    0.18691E+00
    0.33872E-03    0.19054E+00
    0.34556E-03    0.19424E+00
    0.35254E-03    0.19801E+00
    0.35966E-03    0.20185E+00
    0.36693E-03    0.20577E+00
    0.37434E-03    0.20976E+00
    0.38190E-03    0.21383E+00
    0.38962E-03    0.21798E+00
    0.39749E-03    0.22221E+00
    0.40552E-03    0.22652E+00
    0.41371E-03    0.23091E+00
    0.42207E-03    0.23539E+00
    0.43060E-03    0.23996E+00
    0.43929E-03    0.24461E+00
    0.44817E-03    0.24935E+00
    0.45722E-03    0.25419E+00
    0.46646E-03    0.25912E+00
    0.47588E-03    0.26414E+00
    0.48550E-03    0.26926E+00
    0.49530E-03    0.27448E+00
    0.50531E-03    0.27980E+00
    0.51552E-03    0.28522E+00
    0.52593E-03    0.29074E+00
    0.53656E-03    0.29638E+00
    0.54739E-03    0.30212E+00
    0.55845E-03    0.30797E+00
    0.56973E-03    0.31393E+00
    0.58124E-03    0.32001E+00
    0.59299E-03    0.32620E+00
    0.60496E-03    0.33252E+00
    0.61719E-03    0.33895E+00
    0.62965E-03    0.34551E+00
    0.64237E-03    0.35220E+00
    0.65535E-03    0.35901E+00
    0.66859E-03    0.36595E+00
    0.68210E-03    0.37302E+00
    0.69588E-03    0.38023E+00
    0.70993E-03    0.38758E+00
    0.72427E-03    0.39507E+00
    0.73891E-03    0.40270E+00
    0.75383E-03    0.41048E+00
    0.76906E-03    0.41840E+00
    0.78460E-03    0.42648E+00
    0.80045E-03    0.43471E+00
    0.81662E-03    0.44309E+00
    0.83311E-03    0.45164E+00
    0.84994E-03    0.46034E+00
    0.86711E-03    0.46922E+00
    0.88463E-03    0.47826E+00
    0.90250E-03    0.48747E+00
    0.92073E-03    0.49685E+00
    0.93933E-03    0.50641E+00
    0.95831E-03    0.51615E+00
    0.97767E-03    0.52608E+00
    0.99742E-03    0.53619E+00
    0.10176E-02    0.54649E+00
    0.10381E-02    0.55698E+00
    0.10591E-02    0.56767E+00
    0.10805E-02    0.57856E+00
    0.11023E-02    0.58965E+00
    0.11246E-02    0.60095E+00
    0.11473E-02    0.61246E+00
    0.11705E-02    0.62418E+00
    0.11941E-02    0.63612E+00
    0.12182E-02    0.64828E+00
    0.12429E-02    0.66066E+00
    0.12680E-02    0.67327E+00
    0.12936E-02    0.68612E+00
    0.13197E-02    0.69919E+00
    0.13464E-02    0.71251E+00
    0.13736E-02    0.72607E+00
    0.14013E-02    0.73987E+00
    0.14296E-02    0.75393E+00
    0.14585E-02    0.76823E+00
    0.14880E-02    0.78280E+00
    0.15180E-02    0.79763E+00
    0.15487E-02    0.81272E+00
    0.15800E-02    0.82808E+00
    0.16119E-02    0.84372E+00
    0.16445E-02    0.85963E+00
    0.16777E-02    0.87582E+00
    0.17116E-02    0.89229E+00
    0.17462E-02    0.90905E+00
    0.17814E-02    0.92611E+00
    0.18174E-02    0.94346E+00
    0.18541E-02    0.96110E+00
    0.18916E-02    0.97905E+00
    0.19298E-02    0.99731E+00
    0.19688E-02    0.10159E+01
    0.20086E-02    0.10348E+01
    0.20491E-02    0.10539E+01
    0.20905E-02    0.10735E+01
    0.21328E-02    0.10933E+01
    0.21758E-02    0.11135E+01
    0.22198E-02    0.11339E+01
    0.22646E-02    0.11548E+01
    0.23104E-02    0.11759E+01
    0.23571E-02    0.11974E+01
    0.24047E-02    0.12192E+01
    0.24533E-02    0.12414E+01
    0.25028E-02    0.12639E+01
    0.25534E-02    0.12868E+01
    0.26050E-02    0.13100E+01
    0.26576E-02    0.13336E+01
    0.27113E-02    0.13575E+01
    0.27660E-02    0.13817E+01
    0.28219E-02    0.14063E+01
    0.28789E-02    0.14313E+01
    0.29371E-02    0.14566E+01
    0.29964E-02    0.14822E+01
    0.30569E-02    0.15082E+01
    0.31187E-02    0.15346E+01
    0.31817E-02    0.15613E+01
    0.32460E-02    0.15883E+01
    0.33115E-02    0.16157E+01
    0.33784E-02    0.16435E+01
    0.34467E-02    0.16715E+01
    0.35163E-02    0.16999E+01
    0.35874E-02    0.17287E+01
    0.36598E-02    0.17577E+01
    0.37338E-02    0.17871E+01
    0.38092E-02    0.18168E+01
    0.38861E-02    0.18468E+01
    0.39646E-02    0.18771E+01
    0.40447E-02    0.19077E+01
    0.41264E-02    0.19386E+01
    0.42098E-02    0.19698E+01
    0.42948E-02    0.20013E+01
    0.43816E-02    0.20330E+01
    0.44701E-02    0.20649E+01
    0.45604E-02    0.20971E+01
    0.46525E-02    0.21295E+01
    0.47465E-02    0.21621E+01
    0.48424E-02    0.21950E+01
    0.49402E-02    0.22280E+01
    0.50400E-02    0.22612E+01
    0.51419E-02    0.22945E+01
    0.52457E-02    0.23280E+01
    0.53517E-02    0.23616E+01
    0.54598E-02    0.23954E+01
    0.55701E-02    0.24292E+01
    0.56826E-02    0.24631E+01
    0.57974E-02    0.24970E+01
    0.59145E-02    0.25310E+01
    0.60340E-02    0.25650E+01
    0.61559E-02    0.25990E+01
    0.62803E-02    0.26329E+01
    0.64072E-02    0.26669E+01
    0.65366E-02    0.27010E+01
    0.66686E-02    0.27350E+01
    0.68033E-02    0.27686E+01
    0.69408E-02    0.28021E+01
    0.70810E-02    0.28355E+01
    0.72240E-02    0.28687E+01
    0.73700E-02    0.29018E+01
    0.75189E-02    0.29345E+01
    0.76708E-02    0.29671E+01
    0.78257E-02    0.29993E+01
    0.79838E-02    0.30313E+01
    0.81451E-02    0.30629E+01
    0.83096E-02    0.30941E+01
    0.84775E-02    0.31250E+01
    0.86488E-02    0.31556E+01
    0.88235E-02    0.31857E+01
    0.90017E-02    0.32153E+01
    0.91836E-02    0.32445E+01
    0.93691E-02    0.32732E+01
    0.95583E-02    0.33014E+01
    0.97514E-02    0.33291E+01
    0.99484E-02    0.33561E+01
    0.10149E-01    0.33826E+01
    0.10354E-01    0.34085E+01
    0.10564E-01    0.34337E+01
    0.10777E-01    0.34582E+01
    0.10995E-01    0.34820E+01
    0.11217E-01    0.35050E+01
    0.11443E-01    0.35272E+01
    0.11675E-01    0.35486E+01
    0.11910E-01    0.35692E+01
    0.12151E-01    0.35888E+01
    0.12397E-01    0.36075E+01
    0.12647E-01    0.36252E+01
    0.12902E-01    0.36419E+01
    0.13163E-01    0.36575E+01
    0.13429E-01    0.36721E+01
    0.13700E-01    0.36854E+01
    0.13977E-01    0.36976E+01
    0.14259E-01    0.37086E+01
    0.14547E-01    0.37182E+01
    0.14841E-01    0.37265E+01
    0.15141E-01    0.37335E+01
    0.15447E-01    0.37391E+01
    0.15759E-01    0.37432E+01
    0.16077E-01    0.37458E+01
    0.16402E-01    0.37469E+01
    0.16734E-01    0.37465E+01
    0.17072E-01    0.37445E+01
    0.17416E-01    0.37409E+01
    0.17768E-01    0.37356E+01
    0.18127E-01    0.37287E+01
    0.18493E-01    0.37202E+01
    0.18867E-01    0.37099E+01
    0.19248E-01    0.36980E+01
    0.19637E-01    0.36843E+01
    0.20034E-01    0.36690E+01
    0.20438E-01    0.36519E+01
    0.20851E-01    0.36330E+01
    0.21272E-01    0.36124E+01
    0.21702E-01    0.35901E+01
    0.22141E-01    0.35661E+01
    0.22588E-01    0.35403E+01
    0.23044E-01    0.35128E+01
    0.23510E-01    0.34836E+01
    0.23985E-01    0.34527E+01
    0.24469E-01    0.34201E+01
    0.24964E-01    0.33860E+01
    0.25468E-01    0.33503E+01
    0.25982E-01    0.33130E+01
    0.26507E-01    0.32743E+01
    0.27043E-01    0.32342E+01
    0.27589E-01    0.31928E+01
    0.28146E-01    0.31502E+01
    0.28715E-01    0.31063E+01
    0.29295E-01    0.30615E+01
    0.29887E-01    0.30156E+01
    0.30490E-01    0.29689E+01
    0.31106E-01    0.29214E+01
    0.31735E-01    0.28733E+01
    0.32376E-01    0.28247E+01
    0.33030E-01    0.27756E+01
    0.33697E-01    0.27263E+01
    0.34378E-01    0.26769E+01
    0.35072E-01    0.26274E+01
    0.35781E-01    0.25780E+01
    0.36504E-01    0.25289E+01
    0.37241E-01    0.24801E+01
    0.37993E-01    0.24317E+01
    0.38761E-01    0.23840E+01
    0.39544E-01    0.23370E+01
    0.40343E-01    0.22908E+01
    0.41158E-01    0.22456E+01
    0.41989E-01    0.22015E+01
    0.42838E-01    0.21586E+01
    0.43703E-01    0.21170E+01
    0.44586E-01    0.20768E+01
    0.45486E-01    0.20380E+01
    0.46405E-01    0.20006E+01
    0.47343E-01    0.19647E+01
    0.48299E-01    0.19302E+01
    0.49275E-01    0.18972E+01
    0.50270E-01    0.18657E+01
    0.51286E-01    0.18356E+01
    0.52322E-01    0.18069E+01
    0.53379E-01    0.17796E+01
    0.54457E-01    0.17535E+01
    0.55557E-01    0.17285E+01
    0.56680E-01    0.17044E+01
    0.57825E-01    0.16811E+01
    0.58993E-01    0.16584E+01
    0.60184E-01    0.16362E+01
    0.61400E-01    0.16141E+01
    0.62641E-01    0.15920E+01
    0.63906E-01    0.15697E+01
    0.65197E-01    0.15470E+01
    0.66514E-01    0.15236E+01
    0.67858E-01    0.14992E+01
    0.69229E-01    0.14738E+01
    0.70627E-01    0.14471E+01
    0.72054E-01    0.14191E+01
    0.73510E-01    0.13895E+01
    0.74994E-01    0.13584E+01
    0.76509E-01    0.13257E+01
    0.78055E-01    0.12915E+01
    0.79632E-01    0.12558E+01
    0.81241E-01    0.12190E+01
    0.82882E-01    0.11811E+01
    0.84556E-01    0.11425E+01
    0.86264E-01    0.11035E+01
    0.88007E-01    0.10645E+01
    0.89785E-01    0.10258E+01
    0.91598E-01    0.98776E+00
    0.93449E-01    0.95086E+00
    0.95337E-01    0.91545E+00
    0.97263E-01    0.88184E+00
    0.99227E-01    0.85032E+00
    0.10123E+00    0.82110E+00
    0.10328E+00    0.79434E+00
    0.10536E+00    0.77011E+00
    0.10749E+00    0.74841E+00
    0.10966E+00    0.72911E+00
    0.11188E+00    0.71203E+00
    0.11414E+00    0.69690E+00
    0.11644E+00    0.68337E+00
    0.11880E+00    0.67099E+00
    0.12120E+00    0.65930E+00
    0.12365E+00    0.64781E+00
    0.12614E+00    0.63601E+00
    0.12869E+00    0.62344E+00
    0.13129E+00    0.60971E+00
    0.13394E+00    0.59453E+00
    0.13665E+00    0.57774E+00
    0.13941E+00    0.55936E+00
    0.14223E+00    0.53953E+00
    0.14510E+00    0.51859E+00
    0.14803E+00    0.49696E+00
    0.15102E+00    0.47517E+00
    0.15407E+00    0.45379E+00
    0.15718E+00    0.43338E+00
    0.16036E+00    0.41440E+00
    0.16360E+00    0.39723E+00
    0.16690E+00    0.38208E+00
    0.17028E+00    0.36902E+00
    0.17371E+00    0.35792E+00
    0.17722E+00    0.34850E+00
    0.18080E+00    0.34035E+00
    0.18446E+00    0.33293E+00
    0.18818E+00    0.32570E+00
    0.19198E+00    0.31812E+00
    0.19586E+00    0.30976E+00
    0.19982E+00    0.30036E+00
    0.20386E+00    0.28985E+00
    0.20797E+00    0.27839E+00
    0.21218E+00    0.26633E+00
    0.21646E+00    0.25414E+00
    0.22083E+00    0.24234E+00
    0.22530E+00    0.23137E+00
    0.22985E+00    0.22157E+00
    0.23449E+00    0.21310E+00
    0.23923E+00    0.20588E+00
    0.24406E+00    0.19969E+00
    0.24899E+00    0.19414E+00
    0.25402E+00    0.18881E+00
    0.25915E+00    0.18328E+00
    0.26439E+00    0.17728E+00
    0.26973E+00    0.17072E+00
    0.27518E+00    0.16370E+00
    0.28074E+00    0.15649E+00
    0.28641E+00    0.14944E+00
    0.29219E+00    0.14286E+00
    0.29810E+00    0.13697E+00
    0.30412E+00    0.13180E+00
    0.31026E+00    0.12725E+00
    0.31653E+00    0.12307E+00
    0.32292E+00    0.11899E+00
    0.32945E+00    0.11480E+00
    0.33610E+00    0.11039E+00
    0.34289E+00    0.10581E+00
    0.34982E+00    0.10123E+00
    0.35689E+00    0.96849E-01
    0.36409E+00    0.92812E-01
    0.37145E+00    0.89163E-01
    0.37895E+00    0.85831E-01
    0.38661E+00    0.82678E-01
    0.39442E+00    0.79568E-01
    0.40239E+00    0.76424E-01
    0.41052E+00    0.73257E-01
    0.41881E+00    0.70143E-01
    0.42727E+00    0.67177E-01
    0.43590E+00    0.64413E-01
    0.44471E+00    0.61845E-01
    0.45369E+00    0.59414E-01
    0.46286E+00    0.57048E-01
    0.47221E+00    0.54710E-01
    0.48174E+00    0.52410E-01
    0.49148E+00    0.50187E-01
    0.50141E+00    0.48083E-01
    0.51153E+00    0.46102E-01
    0.52187E+00    0.44215E-01
    0.53241E+00    0.42390E-01
    0.54317E+00    0.40610E-01
    0.55414E+00    0.38885E-01
    0.56533E+00    0.37230E-01
    0.57675E+00    0.35656E-01
    0.58840E+00    0.34157E-01
    0.60029E+00    0.32718E-01
    0.61242E+00    0.31332E-01
    0.62479E+00    0.29998E-01
    0.63741E+00    0.28715E-01
    0.65029E+00    0.27482E-01
    0.66342E+00    0.26298E-01
    0.67683E+00    0.25161E-01
    0.69050E+00    0.24070E-01
    0.70445E+00    0.23025E-01
    0.71868E+00    0.22024E-01
    0.73320E+00    0.21064E-01
    0.74801E+00    0.20145E-01
    0.76312E+00    0.19265E-01
    0.77854E+00    0.18422E-01
    0.79426E+00    0.17615E-01
    0.81031E+00    0.16841E-01
    0.82668E+00    0.16100E-01
    0.84338E+00    0.15390E-01
    0.86041E+00    0.14710E-01
    0.87780E+00    0.14059E-01
    0.89553E+00    0.13435E-01
    0.91362E+00    0.12837E-01
    0.93208E+00    0.12265E-01
    0.95091E+00    0.11717E-01
    0.97011E+00    0.11193E-01
    0.98971E+00    0.10691E-01
    0.10097E+01    0.10210E-01
    0.10301E+01    0.97506E-02
    0.10509E+01    0.93109E-02
    0.10721E+01    0.88902E-02
    0.10938E+01    0.84879E-02
    0.11159E+01    0.81030E-02
    0.11384E+01    0.77350E-02
    0.11614E+01    0.73831E-02
    0.11849E+01    0.70467E-02
    0.12088E+01    0.67250E-02
    0.12333E+01    0.64175E-02
    0.12582E+01    0.61236E-02
    0.12836E+01    0.58427E-02
    0.13095E+01    0.55742E-02
    0.13360E+01    0.53177E-02
    0.13630E+01    0.50726E-02
    0.13905E+01    0.48384E-02
    0.14186E+01    0.46147E-02
    0.14472E+01    0.44010E-02
    0.14765E+01    0.41968E-02
    0.15063E+01    0.40019E-02
    0.15367E+01    0.38157E-02
    0.15678E+01    0.36380E-02
    0.15994E+01    0.34682E-02
    0.16318E+01    0.33062E-02
    0.16647E+01    0.31515E-02
    0.16984E+01    0.30038E-02
    0.17327E+01    0.28629E-02
    0.17677E+01    0.27284E-02
    0.18034E+01    0.26000E-02
    0.18398E+01    0.24775E-02
    0.18770E+01    0.23607E-02
    0.19149E+01    0.22491E-02
    0.19536E+01    0.21428E-02
    0.19930E+01    0.20413E-02
    0.20333E+01    0.19445E-02
    0.20744E+01    0.18522E-02
    0.21163E+01    0.17641E-02
    0.21590E+01    0.16801E-02
    0.22026E+01    0.16001E-02
    0.22471E+01    0.15237E-02
    0.22925E+01    0.14509E-02
    0.23388E+01    0.13815E-02
    0.23861E+01    0.13154E-02
    0.24343E+01    0.12523E-02
    0.24835E+01    0.11922E-02
    0.25336E+01    0.11349E-02
    0.25848E+01    0.10803E-02
    0.26370E+01    0.10283E-02
    0.26903E+01    0.97867E-03
    0.27447E+01    0.93143E-03
    0.28001E+01    0.88641E-03
    0.28567E+01    0.84353E-03
    0.29144E+01    0.80268E-03
    0.29733E+01    0.76376E-03
    0.30333E+01    0.72670E-03
    0.30946E+01    0.69139E-03
    0.31571E+01    0.65776E-03
    0.32209E+01    0.62574E-03
    0.32860E+01    0.59525E-03
    0.33523E+01    0.56621E-03
    0.34201E+01    0.53856E-03
    0.34892E+01    0.51224E-03
    0.35596E+01    0.48717E-03
    0.36316E+01    0.46332E-03
    0.37049E+01    0.44060E-03
    0.37798E+01    0.41898E-03
    0.38561E+01    0.39841E-03
    0.39340E+01    0.37882E-03
    0.40135E+01    0.36018E-03
    0.40946E+01    0.34244E-03
    0.41773E+01    0.32556E-03
    0.42617E+01    0.30950E-03
    0.43478E+01    0.29421E-03
    0.44356E+01    0.27967E-03
    0.45252E+01    0.26583E-03
    0.46166E+01    0.25267E-03
    0.47099E+01    0.24015E-03
    0.48050E+01    0.22824E-03
    0.49021E+01    0.21691E-03
    0.50011E+01    0.20613E-03
    0.51021E+01    0.19588E-03
    0.52052E+01    0.18613E-03
    0.53104E+01    0.17686E-03
    0.54176E+01    0.16804E-03
    0.55271E+01    0.15966E-03
    0.56387E+01    0.15169E-03
    0.57526E+01    0.14411E-03
    0.58689E+01    0.13690E-03
    0.59874E+01    0.13005E-03
    0.61084E+01    0.12354E-03
    0.62318E+01    0.11735E-03
    0.63577E+01    0.11146E-03
    0.64861E+01    0.10587E-03
    0.66171E+01    0.10055E-03
    0.67508E+01    0.95493E-04
    0.68872E+01    0.90689E-04
    0.70263E+01    0.86123E-04
    0.71682E+01    0.81784E-04
    0.73130E+01    0.77660E-04
    0.74608E+01    0.73742E-04
    0.76115E+01    0.70019E-04
    0.77653E+01    0.66481E-04
    0.79221E+01    0.63120E-04
    0.80822E+01    0.59926E-04
    0.82454E+01    0.56892E-04
    0.84120E+01    0.54010E-04
    0.85819E+01    0.51272E-04
    0.87553E+01    0.48671E-04
    0.89322E+01    0.46200E-04
    0.91126E+01    0.43853E-04
    0.92967E+01    0.41624E-04
    0.94845E+01    0.39507E-04
    0.96761E+01    0.37496E-04
    0.98716E+01    0.35587E-04
    0.10071E+02    0.33773E-04
    0.10274E+02    0.32051E-04
    0.10482E+02    0.30416E-04
    0.10694E+02    0.28863E-04
    0.10910E+02    0.27388E-04
    0.11130E+02    0.25988E-04
    0.11355E+02    0.24659E-04
    0.11584E+02    0.23397E-04
    0.11818E+02    0.22199E-04
    0.12057E+02    0.21062E-04
    0.12301E+02    0.19982E-04
    0.12549E+02    0.18957E-04
    0.12803E+02    0.17984E-04
    0.13061E+02    0.17060E-04
    0.13325E+02    0.16183E-04
    0.13594E+02    0.15351E-04
    0.13869E+02    0.14562E-04
    0.14149E+02    0.13812E-04
    0.14435E+02    0.13101E-04
    0.14727E+02    0.12426E-04
    0.15024E+02    0.11785E-04
    0.15328E+02    0.11177E-04
    0.15637E+02    0.10600E-04
    0.15953E+02    0.10053E-04
    0.16275E+02    0.95336E-05
    0.16604E+02    0.90407E-05
    0.16940E+02    0.85732E-05
    0.17282E+02    0.81295E-05
    0.17631E+02    0.77086E-05
    0.17987E+02    0.73093E-05
    0.18351E+02    0.69305E-05
    0.18721E+02    0.65712E-05
    0.19099E+02    0.62303E-05
    0.19485E+02    0.59069E-05
    0.19879E+02    0.56002E-05
    0.20280E+02    0.53092E-05
    0.20690E+02    0.50332E-05
    0.21108E+02    0.47715E-05
    0.21535E+02    0.45232E-05
    0.21970E+02    0.42878E-05
    0.22413E+02    0.40645E-05
    0.22866E+02    0.38527E-05
    0.23328E+02    0.36519E-05
    0.23799E+02    0.34614E-05
    0.24280E+02    0.32808E-05
    0.24771E+02    0.31096E-05
    0.25271E+02    0.29472E-05
    0.25782E+02    0.27932E-05
    0.26302E+02    0.26472E-05
    0.26834E+02    0.25087E-05
    0.27376E+02    0.23775E-05
    0.27929E+02    0.22531E-05
    0.28493E+02    0.21351E-05
    0.29069E+02    0.20232E-05
    0.29656E+02    0.19172E-05
    0.30255E+02    0.18167E-05
    0.30866E+02    0.17214E-05
    0.31490E+02    0.16310E-05
    0.32126E+02    0.15454E-05
    0.32775E+02    0.14642E-05
    0.33437E+02    0.13873E-05
    0.34112E+02    0.13144E-05
    0.34801E+02    0.12453E-05
    0.35504E+02    0.11797E-05
    0.36222E+02    0.11177E-05
    0.36953E+02    0.10588E-05
    0.37700E+02    0.10030E-05
    0.38462E+02    0.95018E-06
    0.39239E+02    0.90009E-06
    0.40031E+02    0.85262E-06
    0.40840E+02    0.80763E-06
    0.41665E+02    0.76501E-06
    0.42507E+02    0.72461E-06
    0.43365E+02    0.68633E-06
    0.44241E+02    0.65006E-06
    0.45135E+02    0.61570E-06
    0.46047E+02    0.58314E-06
    0.46977E+02    0.55228E-06
    0.47926E+02    0.52305E-06
    0.48894E+02    0.49536E-06
    0.49882E+02    0.46912E-06
    0.50890E+02    0.44426E-06
    0.51918E+02    0.42071E-06
    0.52966E+02    0.39840E-06
    0.54036E+02    0.37726E-06
    0.55128E+02    0.35724E-06
    0.56242E+02    0.33827E-06
    0.57378E+02    0.32031E-06
    0.58537E+02    0.30329E-06
    0.59720E+02    0.28716E-06
    0.60926E+02    0.27189E-06
    0.62157E+02    0.25743E-06
    0.63412E+02    0.24373E-06
    0.64693E+02    0.23075E-06
    0.66000E+02    0.21847E-06
    0.67334E+02    0.20683E-06
    0.68694E+02    0.19580E-06
    0.70082E+02    0.18536E-06
    0.71497E+02    0.17548E-06
    0.72942E+02    0.16611E-06
    0.74415E+02    0.15725E-06
    0.75918E+02    0.14885E-06
    0.77452E+02    0.14090E-06
    0.79017E+02    0.13337E-06
    0.80613E+02    0.12624E-06
    0.82241E+02    0.11949E-06
    0.83903E+02    0.11309E-06
    0.85598E+02    0.10704E-06
    0.87327E+02    0.10130E-06
    0.89091E+02    0.95875E-07
    0.90891E+02    0.90734E-07
    0.92727E+02    0.85867E-07
    0.94600E+02    0.81260E-07
    0.96511E+02    0.76899E-07
    0.98461E+02    0.72770E-07
    0.10045E+03    0.68863E-07
    0.10248E+03    0.65165E-07
    0.10455E+03    0.61665E-07
