  0.357574E-05  0.214917E+07  0.214917E+07  0.286555E+07  0.286555E+07  0.215000E+07  0.214921E+07
  0.369673E-05  0.214917E+07  0.214917E+07  0.286555E+07  0.286555E+07  0.215000E+07  0.214921E+07
  0.382181E-05  0.214917E+07  0.214917E+07  0.286554E+07  0.286554E+07  0.215000E+07  0.214921E+07
  0.395112E-05  0.214917E+07  0.214917E+07  0.286554E+07  0.286554E+07  0.215000E+07  0.214921E+07
  0.408481E-05  0.214917E+07  0.214917E+07  0.286554E+07  0.286554E+07  0.215000E+07  0.214921E+07
  0.422302E-05  0.214917E+07  0.214917E+07  0.286554E+07  0.286554E+07  0.215000E+07  0.214921E+07
  0.436590E-05  0.214917E+07  0.214917E+07  0.286554E+07  0.286554E+07  0.215000E+07  0.214921E+07
  0.451363E-05  0.214917E+07  0.214917E+07  0.286554E+07  0.286554E+07  0.215000E+07  0.214921E+07
  0.466635E-05  0.214917E+07  0.214917E+07  0.286554E+07  0.286553E+07  0.215000E+07  0.214921E+07
  0.482423E-05  0.214917E+07  0.214917E+07  0.286553E+07  0.286553E+07  0.215000E+07  0.214921E+07
  0.498746E-05  0.214917E+07  0.214917E+07  0.286553E+07  0.286553E+07  0.215000E+07  0.214921E+07
  0.515621E-05  0.214917E+07  0.214917E+07  0.286553E+07  0.286553E+07  0.215000E+07  0.214921E+07
  0.533068E-05  0.214917E+07  0.214917E+07  0.286553E+07  0.286553E+07  0.215000E+07  0.214921E+07
  0.551104E-05  0.214917E+07  0.214917E+07  0.286552E+07  0.286552E+07  0.215000E+07  0.214921E+07
  0.569751E-05  0.214917E+07  0.214917E+07  0.286552E+07  0.286552E+07  0.215000E+07  0.214921E+07
  0.589029E-05  0.214917E+07  0.214917E+07  0.286552E+07  0.286552E+07  0.215000E+07  0.214921E+07
  0.608959E-05  0.214917E+07  0.214917E+07  0.286551E+07  0.286551E+07  0.215000E+07  0.214921E+07
  0.629563E-05  0.214917E+07  0.214917E+07  0.286551E+07  0.286551E+07  0.215000E+07  0.214921E+07
  0.650864E-05  0.214917E+07  0.214917E+07  0.286551E+07  0.286551E+07  0.215000E+07  0.214921E+07
  0.672887E-05  0.214917E+07  0.214917E+07  0.286550E+07  0.286550E+07  0.215000E+07  0.214921E+07
  0.695654E-05  0.214917E+07  0.214917E+07  0.286550E+07  0.286550E+07  0.215000E+07  0.214921E+07
  0.719192E-05  0.214917E+07  0.214917E+07  0.286550E+07  0.286549E+07  0.215000E+07  0.214921E+07
  0.743526E-05  0.214917E+07  0.214917E+07  0.286549E+07  0.286549E+07  0.215000E+07  0.214921E+07
  0.768683E-05  0.214917E+07  0.214917E+07  0.286549E+07  0.286548E+07  0.215000E+07  0.214921E+07
  0.794692E-05  0.214917E+07  0.214917E+07  0.286548E+07  0.286548E+07  0.215000E+07  0.214921E+07
  0.821580E-05  0.214917E+07  0.214917E+07  0.286547E+07  0.286547E+07  0.215000E+07  0.214921E+07
  0.849379E-05  0.214917E+07  0.214917E+07  0.286547E+07  0.286547E+07  0.215000E+07  0.214921E+07
  0.878118E-05  0.214917E+07  0.214917E+07  0.286546E+07  0.286546E+07  0.215000E+07  0.214921E+07
  0.907829E-05  0.214917E+07  0.214917E+07  0.286546E+07  0.286545E+07  0.215000E+07  0.214921E+07
  0.938546E-05  0.214917E+07  0.214917E+07  0.286545E+07  0.286545E+07  0.215000E+07  0.214921E+07
  0.970302E-05  0.214917E+07  0.214917E+07  0.286544E+07  0.286544E+07  0.215000E+07  0.214921E+07
  0.100313E-04  0.214917E+07  0.214917E+07  0.286543E+07  0.286543E+07  0.215000E+07  0.214921E+07
  0.103707E-04  0.214917E+07  0.214917E+07  0.286542E+07  0.286542E+07  0.215000E+07  0.214921E+07
  0.107216E-04  0.214917E+07  0.214917E+07  0.286541E+07  0.286541E+07  0.215000E+07  0.214921E+07
  0.110844E-04  0.214917E+07  0.214917E+07  0.286540E+07  0.286540E+07  0.215000E+07  0.214921E+07
  0.114594E-04  0.214917E+07  0.214917E+07  0.286539E+07  0.286539E+07  0.215000E+07  0.214921E+07
  0.118472E-04  0.214917E+07  0.214917E+07  0.286538E+07  0.286538E+07  0.215000E+07  0.214921E+07
  0.122480E-04  0.214917E+07  0.214917E+07  0.286537E+07  0.286536E+07  0.215000E+07  0.214921E+07
  0.126624E-04  0.214917E+07  0.214917E+07  0.286535E+07  0.286535E+07  0.215000E+07  0.214921E+07
  0.130909E-04  0.214917E+07  0.214917E+07  0.286534E+07  0.286533E+07  0.215000E+07  0.214921E+07
  0.135338E-04  0.214917E+07  0.214917E+07  0.286532E+07  0.286532E+07  0.215000E+07  0.214921E+07
  0.139917E-04  0.214917E+07  0.214917E+07  0.286531E+07  0.286530E+07  0.215000E+07  0.214921E+07
  0.144652E-04  0.214917E+07  0.214917E+07  0.286529E+07  0.286528E+07  0.215000E+07  0.214921E+07
  0.149546E-04  0.214917E+07  0.214917E+07  0.286527E+07  0.286526E+07  0.215000E+07  0.214921E+07
  0.154606E-04  0.214917E+07  0.214917E+07  0.286525E+07  0.286524E+07  0.215000E+07  0.214921E+07
  0.159837E-04  0.214917E+07  0.214917E+07  0.286523E+07  0.286522E+07  0.215000E+07  0.214921E+07
  0.165245E-04  0.214917E+07  0.214917E+07  0.286520E+07  0.286520E+07  0.215000E+07  0.214920E+07
  0.170836E-04  0.214917E+07  0.214917E+07  0.286518E+07  0.286517E+07  0.214999E+07  0.214920E+07
  0.176617E-04  0.214917E+07  0.214917E+07  0.286515E+07  0.286515E+07  0.214999E+07  0.214920E+07
  0.182592E-04  0.214917E+07  0.214917E+07  0.286513E+07  0.286512E+07  0.214999E+07  0.214920E+07
  0.188770E-04  0.214917E+07  0.214917E+07  0.286510E+07  0.286509E+07  0.214999E+07  0.214920E+07
  0.195158E-04  0.214917E+07  0.214917E+07  0.286506E+07  0.286506E+07  0.214999E+07  0.214920E+07
  0.201761E-04  0.214917E+07  0.214917E+07  0.286503E+07  0.286502E+07  0.214999E+07  0.214920E+07
  0.208587E-04  0.214917E+07  0.214917E+07  0.286499E+07  0.286498E+07  0.214999E+07  0.214920E+07
  0.215645E-04  0.214917E+07  0.214917E+07  0.286495E+07  0.286494E+07  0.214999E+07  0.214920E+07
  0.222941E-04  0.214917E+07  0.214917E+07  0.286491E+07  0.286490E+07  0.214999E+07  0.214920E+07
  0.230485E-04  0.214917E+07  0.214917E+07  0.286486E+07  0.286485E+07  0.214999E+07  0.214920E+07
  0.238283E-04  0.214917E+07  0.214917E+07  0.286482E+07  0.286481E+07  0.214999E+07  0.214920E+07
  0.246346E-04  0.214917E+07  0.214917E+07  0.286477E+07  0.286475E+07  0.214999E+07  0.214920E+07
  0.254681E-04  0.214917E+07  0.214917E+07  0.286471E+07  0.286470E+07  0.214998E+07  0.214920E+07
  0.263298E-04  0.214916E+07  0.214916E+07  0.286465E+07  0.286464E+07  0.214998E+07  0.214920E+07
  0.272207E-04  0.214916E+07  0.214916E+07  0.286459E+07  0.286457E+07  0.214998E+07  0.214920E+07
  0.281417E-04  0.214916E+07  0.214916E+07  0.286452E+07  0.286451E+07  0.214998E+07  0.214920E+07
  0.290939E-04  0.214916E+07  0.214916E+07  0.286445E+07  0.286443E+07  0.214998E+07  0.214920E+07
  0.300783E-04  0.214916E+07  0.214916E+07  0.286437E+07  0.286436E+07  0.214998E+07  0.214920E+07
  0.310960E-04  0.214916E+07  0.214916E+07  0.286429E+07  0.286427E+07  0.214998E+07  0.214920E+07
  0.321481E-04  0.214916E+07  0.214916E+07  0.286420E+07  0.286418E+07  0.214997E+07  0.214920E+07
  0.332359E-04  0.214916E+07  0.214916E+07  0.286411E+07  0.286409E+07  0.214997E+07  0.214920E+07
  0.343604E-04  0.214916E+07  0.214916E+07  0.286401E+07  0.286399E+07  0.214997E+07  0.214919E+07
  0.355230E-04  0.214916E+07  0.214916E+07  0.286390E+07  0.286388E+07  0.214997E+07  0.214919E+07
  0.367249E-04  0.214916E+07  0.214916E+07  0.286379E+07  0.286376E+07  0.214996E+07  0.214919E+07
  0.379675E-04  0.214916E+07  0.214916E+07  0.286367E+07  0.286364E+07  0.214996E+07  0.214919E+07
  0.392522E-04  0.214916E+07  0.214916E+07  0.286354E+07  0.286351E+07  0.214996E+07  0.214919E+07
  0.405803E-04  0.214915E+07  0.214915E+07  0.286340E+07  0.286337E+07  0.214996E+07  0.214919E+07
  0.419533E-04  0.214915E+07  0.214915E+07  0.286325E+07  0.286321E+07  0.214995E+07  0.214919E+07
  0.433728E-04  0.214915E+07  0.214915E+07  0.286309E+07  0.286305E+07  0.214995E+07  0.214919E+07
  0.448404E-04  0.214915E+07  0.214915E+07  0.286292E+07  0.286288E+07  0.214994E+07  0.214918E+07
  0.463576E-04  0.214915E+07  0.214915E+07  0.286274E+07  0.286270E+07  0.214994E+07  0.214918E+07
  0.479261E-04  0.214915E+07  0.214915E+07  0.286254E+07  0.286250E+07  0.214994E+07  0.214918E+07
  0.495477E-04  0.214914E+07  0.214914E+07  0.286234E+07  0.286229E+07  0.214993E+07  0.214918E+07
  0.512241E-04  0.214914E+07  0.214914E+07  0.286212E+07  0.286206E+07  0.214993E+07  0.214918E+07
  0.529573E-04  0.214914E+07  0.214914E+07  0.286188E+07  0.286182E+07  0.214992E+07  0.214917E+07
  0.547492E-04  0.214914E+07  0.214914E+07  0.286162E+07  0.286156E+07  0.214992E+07  0.214917E+07
  0.566016E-04  0.214914E+07  0.214914E+07  0.286135E+07  0.286129E+07  0.214991E+07  0.214917E+07
  0.585167E-04  0.214913E+07  0.214913E+07  0.286106E+07  0.286099E+07  0.214990E+07  0.214917E+07
  0.604967E-04  0.214913E+07  0.214913E+07  0.286075E+07  0.286068E+07  0.214990E+07  0.214916E+07
  0.625436E-04  0.214913E+07  0.214913E+07  0.286042E+07  0.286034E+07  0.214989E+07  0.214916E+07
  0.646598E-04  0.214913E+07  0.214912E+07  0.286007E+07  0.285999E+07  0.214988E+07  0.214916E+07
  0.668476E-04  0.214912E+07  0.214912E+07  0.285969E+07  0.285960E+07  0.214987E+07  0.214915E+07
  0.691094E-04  0.214912E+07  0.214912E+07  0.285929E+07  0.285919E+07  0.214986E+07  0.214915E+07
  0.714477E-04  0.214911E+07  0.214911E+07  0.285886E+07  0.285875E+07  0.214985E+07  0.214915E+07
  0.738652E-04  0.214911E+07  0.214911E+07  0.285840E+07  0.285829E+07  0.214984E+07  0.214914E+07
  0.763644E-04  0.214911E+07  0.214911E+07  0.285790E+07  0.285779E+07  0.214983E+07  0.214914E+07
  0.789482E-04  0.214910E+07  0.214910E+07  0.285738E+07  0.285725E+07  0.214982E+07  0.214913E+07
  0.816195E-04  0.214910E+07  0.214910E+07  0.285682E+07  0.285668E+07  0.214981E+07  0.214913E+07
  0.843811E-04  0.214909E+07  0.214909E+07  0.285621E+07  0.285607E+07  0.214980E+07  0.214912E+07
  0.872361E-04  0.214909E+07  0.214909E+07  0.285557E+07  0.285542E+07  0.214978E+07  0.214912E+07
  0.901878E-04  0.214908E+07  0.214908E+07  0.285489E+07  0.285472E+07  0.214977E+07  0.214911E+07
  0.932393E-04  0.214907E+07  0.214907E+07  0.285415E+07  0.285398E+07  0.214975E+07  0.214910E+07
  0.963941E-04  0.214907E+07  0.214907E+07  0.285337E+07  0.285318E+07  0.214973E+07  0.214910E+07
  0.996556E-04  0.214906E+07  0.214906E+07  0.285253E+07  0.285233E+07  0.214971E+07  0.214909E+07
  0.103028E-03  0.214905E+07  0.214905E+07  0.285164E+07  0.285142E+07  0.214969E+07  0.214908E+07
  0.106513E-03  0.214904E+07  0.214904E+07  0.285068E+07  0.285045E+07  0.214967E+07  0.214907E+07
  0.110117E-03  0.214904E+07  0.214903E+07  0.284966E+07  0.284941E+07  0.214965E+07  0.214906E+07
  0.113843E-03  0.214903E+07  0.214902E+07  0.284857E+07  0.284830E+07  0.214963E+07  0.214905E+07
  0.117695E-03  0.214902E+07  0.214901E+07  0.284740E+07  0.284712E+07  0.214960E+07  0.214904E+07
  0.121677E-03  0.214900E+07  0.214900E+07  0.284616E+07  0.284586E+07  0.214957E+07  0.214903E+07
  0.125794E-03  0.214899E+07  0.214899E+07  0.284482E+07  0.284450E+07  0.214954E+07  0.214902E+07
  0.130051E-03  0.214898E+07  0.214898E+07  0.284340E+07  0.284306E+07  0.214951E+07  0.214900E+07
  0.134451E-03  0.214897E+07  0.214896E+07  0.284188E+07  0.284152E+07  0.214948E+07  0.214899E+07
  0.139000E-03  0.214895E+07  0.214895E+07  0.284026E+07  0.283987E+07  0.214944E+07  0.214897E+07
  0.143703E-03  0.214894E+07  0.214894E+07  0.283853E+07  0.283811E+07  0.214940E+07  0.214896E+07
  0.148566E-03  0.214892E+07  0.214892E+07  0.283667E+07  0.283623E+07  0.214936E+07  0.214894E+07
  0.153592E-03  0.214890E+07  0.214890E+07  0.283470E+07  0.283422E+07  0.214932E+07  0.214892E+07
  0.158789E-03  0.214889E+07  0.214888E+07  0.283258E+07  0.283208E+07  0.214927E+07  0.214890E+07
  0.164162E-03  0.214887E+07  0.214886E+07  0.283033E+07  0.282979E+07  0.214922E+07  0.214888E+07
  0.169716E-03  0.214885E+07  0.214884E+07  0.282792E+07  0.282734E+07  0.214917E+07  0.214886E+07
  0.175459E-03  0.214882E+07  0.214882E+07  0.282534E+07  0.282473E+07  0.214911E+07  0.214884E+07
  0.181395E-03  0.214880E+07  0.214880E+07  0.282259E+07  0.282194E+07  0.214905E+07  0.214881E+07
  0.187533E-03  0.214877E+07  0.214877E+07  0.281966E+07  0.281896E+07  0.214898E+07  0.214878E+07
  0.193878E-03  0.214875E+07  0.214874E+07  0.281653E+07  0.281578E+07  0.214891E+07  0.214875E+07
  0.200438E-03  0.214872E+07  0.214871E+07  0.281318E+07  0.281238E+07  0.214884E+07  0.214872E+07
  0.207220E-03  0.214869E+07  0.214868E+07  0.280961E+07  0.280875E+07  0.214876E+07  0.214869E+07
  0.214231E-03  0.214865E+07  0.214865E+07  0.280580E+07  0.280488E+07  0.214867E+07  0.214865E+07
  0.221480E-03  0.214862E+07  0.214861E+07  0.280173E+07  0.280075E+07  0.214858E+07  0.214861E+07
  0.228974E-03  0.214858E+07  0.214857E+07  0.279738E+07  0.279634E+07  0.214848E+07  0.214857E+07
  0.236721E-03  0.214854E+07  0.214853E+07  0.279275E+07  0.279164E+07  0.214838E+07  0.214853E+07
  0.244731E-03  0.214849E+07  0.214849E+07  0.278780E+07  0.278662E+07  0.214826E+07  0.214848E+07
  0.253011E-03  0.214845E+07  0.214844E+07  0.278252E+07  0.278126E+07  0.214814E+07  0.214843E+07
  0.261572E-03  0.214840E+07  0.214839E+07  0.277689E+07  0.277554E+07  0.214802E+07  0.214838E+07
  0.270422E-03  0.214834E+07  0.214833E+07  0.277088E+07  0.276945E+07  0.214788E+07  0.214832E+07
  0.279572E-03  0.214829E+07  0.214828E+07  0.276447E+07  0.276295E+07  0.214773E+07  0.214826E+07
  0.289032E-03  0.214823E+07  0.214822E+07  0.275764E+07  0.275601E+07  0.214758E+07  0.214820E+07
  0.298811E-03  0.214816E+07  0.214815E+07  0.275035E+07  0.274862E+07  0.214741E+07  0.214813E+07
  0.308921E-03  0.214809E+07  0.214808E+07  0.274259E+07  0.274074E+07  0.214723E+07  0.214805E+07
  0.319374E-03  0.214802E+07  0.214800E+07  0.273431E+07  0.273234E+07  0.214704E+07  0.214797E+07
  0.330180E-03  0.214794E+07  0.214792E+07  0.272548E+07  0.272339E+07  0.214684E+07  0.214789E+07
  0.341352E-03  0.214785E+07  0.214784E+07  0.271608E+07  0.271385E+07  0.214662E+07  0.214780E+07
  0.352902E-03  0.214776E+07  0.214775E+07  0.270606E+07  0.270369E+07  0.214639E+07  0.214770E+07
  0.364842E-03  0.214767E+07  0.214765E+07  0.269540E+07  0.269288E+07  0.214615E+07  0.214760E+07
  0.377187E-03  0.214756E+07  0.214754E+07  0.268404E+07  0.268136E+07  0.214588E+07  0.214749E+07
  0.389949E-03  0.214745E+07  0.214743E+07  0.267195E+07  0.266910E+07  0.214560E+07  0.214737E+07
  0.403143E-03  0.214734E+07  0.214731E+07  0.265909E+07  0.265606E+07  0.214530E+07  0.214725E+07
  0.416783E-03  0.214721E+07  0.214719E+07  0.264540E+07  0.264218E+07  0.214497E+07  0.214711E+07
  0.430885E-03  0.214708E+07  0.214705E+07  0.263084E+07  0.262742E+07  0.214463E+07  0.214697E+07
  0.445464E-03  0.214693E+07  0.214691E+07  0.261537E+07  0.261174E+07  0.214426E+07  0.214681E+07
  0.460537E-03  0.214678E+07  0.214675E+07  0.259892E+07  0.259507E+07  0.214387E+07  0.214665E+07
  0.476119E-03  0.214662E+07  0.214659E+07  0.258145E+07  0.257737E+07  0.214345E+07  0.214648E+07
  0.492229E-03  0.214644E+07  0.214641E+07  0.256290E+07  0.255857E+07  0.214300E+07  0.214629E+07
  0.508884E-03  0.214626E+07  0.214622E+07  0.254321E+07  0.253863E+07  0.214252E+07  0.214609E+07
  0.526102E-03  0.214606E+07  0.214602E+07  0.252232E+07  0.251747E+07  0.214201E+07  0.214588E+07
  0.543903E-03  0.214584E+07  0.214580E+07  0.250017E+07  0.249504E+07  0.214146E+07  0.214565E+07
  0.562306E-03  0.214562E+07  0.214558E+07  0.247669E+07  0.247128E+07  0.214088E+07  0.214541E+07
  0.581332E-03  0.214537E+07  0.214533E+07  0.245183E+07  0.244611E+07  0.214026E+07  0.214515E+07
  0.601001E-03  0.214512E+07  0.214507E+07  0.242552E+07  0.241949E+07  0.213959E+07  0.214487E+07
  0.621336E-03  0.214484E+07  0.214479E+07  0.239769E+07  0.239133E+07  0.213888E+07  0.214458E+07
  0.642359E-03  0.214455E+07  0.214449E+07  0.236828E+07  0.236158E+07  0.213813E+07  0.214426E+07
  0.664094E-03  0.214423E+07  0.214417E+07  0.233721E+07  0.233017E+07  0.213732E+07  0.214393E+07
  0.686563E-03  0.214390E+07  0.214384E+07  0.230443E+07  0.229704E+07  0.213646E+07  0.214357E+07
  0.709794E-03  0.214354E+07  0.214347E+07  0.226988E+07  0.226212E+07  0.213553E+07  0.214319E+07
  0.733810E-03  0.214316E+07  0.214309E+07  0.223349E+07  0.222535E+07  0.213455E+07  0.214278E+07
  0.758638E-03  0.214275E+07  0.214268E+07  0.219520E+07  0.218669E+07  0.213350E+07  0.214234E+07
  0.784307E-03  0.214232E+07  0.214224E+07  0.215496E+07  0.214607E+07  0.213238E+07  0.214188E+07
  0.810844E-03  0.214186E+07  0.214177E+07  0.211273E+07  0.210345E+07  0.213119E+07  0.214139E+07
  0.838279E-03  0.214136E+07  0.214127E+07  0.206845E+07  0.205880E+07  0.212992E+07  0.214086E+07
  0.866643E-03  0.214084E+07  0.214074E+07  0.202211E+07  0.201207E+07  0.212856E+07  0.214030E+07
  0.895966E-03  0.214028E+07  0.214018E+07  0.197366E+07  0.196326E+07  0.212712E+07  0.213970E+07
  0.926281E-03  0.213968E+07  0.213957E+07  0.192311E+07  0.191235E+07  0.212557E+07  0.213906E+07
  0.957622E-03  0.213905E+07  0.213893E+07  0.187045E+07  0.185934E+07  0.212393E+07  0.213838E+07
  0.990024E-03  0.213837E+07  0.213825E+07  0.181569E+07  0.180426E+07  0.212218E+07  0.213766E+07
  0.102352E-02  0.213765E+07  0.213752E+07  0.175887E+07  0.174714E+07  0.212031E+07  0.213689E+07
  0.105815E-02  0.213688E+07  0.213675E+07  0.170003E+07  0.168804E+07  0.211832E+07  0.213607E+07
  0.109396E-02  0.213607E+07  0.213592E+07  0.163925E+07  0.162702E+07  0.211620E+07  0.213519E+07
  0.113097E-02  0.213520E+07  0.213504E+07  0.157662E+07  0.156421E+07  0.211395E+07  0.213427E+07
  0.116924E-02  0.213428E+07  0.213411E+07  0.151226E+07  0.149971E+07  0.211155E+07  0.213328E+07
  0.120880E-02  0.213330E+07  0.213312E+07  0.144633E+07  0.143369E+07  0.210899E+07  0.213223E+07
  0.124970E-02  0.213225E+07  0.213206E+07  0.137899E+07  0.136634E+07  0.210627E+07  0.213111E+07
  0.129198E-02  0.213115E+07  0.213094E+07  0.131045E+07  0.129786E+07  0.210338E+07  0.212992E+07
  0.133570E-02  0.212997E+07  0.212975E+07  0.124097E+07  0.122850E+07  0.210030E+07  0.212866E+07
  0.138089E-02  0.212872E+07  0.212849E+07  0.117081E+07  0.115855E+07  0.209703E+07  0.212732E+07
  0.142761E-02  0.212739E+07  0.212715E+07  0.110028E+07  0.108833E+07  0.209356E+07  0.212590E+07
  0.147592E-02  0.212598E+07  0.212573E+07  0.102972E+07  0.101817E+07  0.208987E+07  0.212439E+07
  0.152586E-02  0.212449E+07  0.212422E+07  0.959516E+06  0.948452E+06  0.208595E+07  0.212279E+07
  0.157748E-02  0.212291E+07  0.212262E+07  0.890062E+06  0.879586E+06  0.208179E+07  0.212110E+07
  0.163086E-02  0.212123E+07  0.212092E+07  0.821789E+06  0.811997E+06  0.207738E+07  0.211930E+07
  0.168604E-02  0.211945E+07  0.211913E+07  0.755144E+06  0.746129E+06  0.207270E+07  0.211740E+07
  0.174309E-02  0.211757E+07  0.211723E+07  0.690591E+06  0.682437E+06  0.206775E+07  0.211538E+07
  0.180206E-02  0.211558E+07  0.211521E+07  0.628594E+06  0.621377E+06  0.206249E+07  0.211325E+07
  0.186304E-02  0.211348E+07  0.211309E+07  0.569615E+06  0.563394E+06  0.205693E+07  0.211099E+07
  0.192607E-02  0.211125E+07  0.211084E+07  0.514093E+06  0.508912E+06  0.205104E+07  0.210861E+07
  0.199124E-02  0.210890E+07  0.210846E+07  0.462439E+06  0.458316E+06  0.204482E+07  0.210609E+07
  0.205862E-02  0.210642E+07  0.210596E+07  0.415013E+06  0.411944E+06  0.203824E+07  0.210342E+07
  0.212827E-02  0.210380E+07  0.210331E+07  0.372114E+06  0.370060E+06  0.203129E+07  0.210062E+07
  0.220028E-02  0.210104E+07  0.210052E+07  0.333958E+06  0.332852E+06  0.202395E+07  0.209765E+07
  0.227473E-02  0.209813E+07  0.209757E+07  0.300667E+06  0.300403E+06  0.201622E+07  0.209453E+07
  0.235169E-02  0.209506E+07  0.209447E+07  0.272250E+06  0.272690E+06  0.200806E+07  0.209124E+07
  0.243127E-02  0.209184E+07  0.209121E+07  0.248593E+06  0.249564E+06  0.199947E+07  0.208777E+07
  0.251353E-02  0.208844E+07  0.208777E+07  0.229453E+06  0.230752E+06  0.199043E+07  0.208413E+07
  0.259857E-02  0.208487E+07  0.208416E+07  0.214450E+06  0.215853E+06  0.198092E+07  0.208030E+07
  0.268650E-02  0.208111E+07  0.208036E+07  0.203077E+06  0.204347E+06  0.197094E+07  0.207627E+07
  0.277740E-02  0.207717E+07  0.207637E+07  0.194713E+06  0.195610E+06  0.196045E+07  0.207203E+07
  0.287137E-02  0.207303E+07  0.207218E+07  0.188642E+06  0.188941E+06  0.194946E+07  0.206759E+07
  0.296852E-02  0.206868E+07  0.206778E+07  0.184086E+06  0.183595E+06  0.193795E+07  0.206293E+07
  0.306896E-02  0.206413E+07  0.206316E+07  0.180251E+06  0.178824E+06  0.192591E+07  0.205805E+07
  0.317280E-02  0.205935E+07  0.205833E+07  0.176370E+06  0.173929E+06  0.191332E+07  0.205293E+07
  0.328016E-02  0.205435E+07  0.205326E+07  0.171763E+06  0.168309E+06  0.190017E+07  0.204756E+07
  0.339114E-02  0.204911E+07  0.204795E+07  0.165891E+06  0.161513E+06  0.188646E+07  0.204195E+07
  0.350588E-02  0.204363E+07  0.204240E+07  0.158405E+06  0.153283E+06  0.187219E+07  0.203608E+07
  0.362450E-02  0.203790E+07  0.203659E+07  0.149186E+06  0.143581E+06  0.185733E+07  0.202995E+07
  0.374714E-02  0.203191E+07  0.203051E+07  0.138367E+06  0.132604E+06  0.184191E+07  0.202354E+07
  0.387393E-02  0.202565E+07  0.202416E+07  0.126329E+06  0.120761E+06  0.182590E+07  0.201685E+07
  0.400500E-02  0.201911E+07  0.201752E+07  0.113661E+06  0.108632E+06  0.180932E+07  0.200986E+07
  0.414051E-02  0.201229E+07  0.201060E+07  0.101096E+06  0.968946E+05  0.179217E+07  0.200258E+07
  0.428061E-02  0.200517E+07  0.200337E+07  0.894176E+05  0.862256E+05  0.177446E+07  0.199500E+07
  0.442544E-02  0.199775E+07  0.199584E+07  0.793379E+05  0.771951E+05  0.175620E+07  0.198709E+07
  0.457518E-02  0.199003E+07  0.198799E+07  0.713813E+05  0.701632E+05  0.173739E+07  0.197887E+07
  0.472998E-02  0.198198E+07  0.197981E+07  0.657789E+05  0.652025E+05  0.171806E+07  0.197032E+07
  0.489002E-02  0.197361E+07  0.197130E+07  0.624049E+05  0.620663E+05  0.169822E+07  0.196144E+07
  0.505548E-02  0.196490E+07  0.196244E+07  0.607741E+05  0.602182E+05  0.167790E+07  0.195221E+07
  0.522653E-02  0.195586E+07  0.195324E+07  0.601151E+05  0.589289E+05  0.165711E+07  0.194264E+07
  0.540337E-02  0.194647E+07  0.194369E+07  0.595175E+05  0.574296E+05  0.163588E+07  0.193272E+07
  0.558620E-02  0.193673E+07  0.193376E+07  0.581327E+05  0.550942E+05  0.161423E+07  0.192244E+07
  0.577521E-02  0.192663E+07  0.192348E+07  0.553859E+05  0.516044E+05  0.159219E+07  0.191180E+07
  0.597061E-02  0.191617E+07  0.191281E+07  0.511419E+05  0.470481E+05  0.156978E+07  0.190079E+07
  0.617263E-02  0.190534E+07  0.190177E+07  0.457654E+05  0.419048E+05  0.154703E+07  0.188942E+07
  0.638148E-02  0.189414E+07  0.189034E+07  0.400346E+05  0.369041E+05  0.152397E+07  0.187768E+07
  0.659740E-02  0.188281E+07  0.187876E+07  0.349141E+05  0.327878E+05  0.150309E+07  0.186589E+07
  0.682063E-02  0.187087E+07  0.186656E+07  0.311968E+05  0.300073E+05  0.147946E+07  0.185342E+07
  0.705141E-02  0.185855E+07  0.185397E+07  0.292353E+05  0.285690E+05  0.145555E+07  0.184056E+07
  0.728999E-02  0.184585E+07  0.184097E+07  0.287439E+05  0.279818E+05  0.143136E+07  0.182732E+07
  0.753665E-02  0.183276E+07  0.182758E+07  0.288882E+05  0.274587E+05  0.140691E+07  0.181369E+07
  0.779166E-02  0.181928E+07  0.181377E+07  0.286286E+05  0.262744E+05  0.138219E+07  0.179968E+07
  0.805529E-02  0.180540E+07  0.179955E+07  0.272096E+05  0.241294E+05  0.135721E+07  0.178528E+07
  0.832784E-02  0.179107E+07  0.178485E+07  0.245632E+05  0.213215E+05  0.133124E+07  0.177039E+07
  0.860962E-02  0.177640E+07  0.176980E+07  0.213900E+05  0.185945E+05  0.130568E+07  0.175520E+07
  0.890093E-02  0.176134E+07  0.175432E+07  0.181026E+05  0.166866E+05  0.127987E+07  0.173961E+07
  0.920209E-02  0.174587E+07  0.173842E+07  0.165528E+05  0.158479E+05  0.125381E+07  0.172363E+07
  0.951345E-02  0.173001E+07  0.172210E+07  0.163433E+05  0.156451E+05  0.122751E+07  0.170725E+07
  0.983534E-02  0.171374E+07  0.170535E+07  0.166196E+05  0.152576E+05  0.120098E+07  0.169047E+07
  0.101681E-01  0.169707E+07  0.168817E+07  0.162486E+05  0.141063E+05  0.117423E+07  0.167329E+07
  0.105122E-01  0.168002E+07  0.167059E+07  0.147044E+05  0.123398E+05  0.114755E+07  0.165575E+07
  0.108678E-01  0.166255E+07  0.165254E+07  0.125396E+05  0.107134E+05  0.112047E+07  0.163777E+07
  0.112356E-01  0.164466E+07  0.163406E+07  0.107152E+05  0.988604E+04  0.109323E+07  0.161940E+07
  0.116157E-01  0.162637E+07  0.161514E+07  0.102394E+05  0.975268E+04  0.106586E+07  0.160062E+07
  0.120087E-01  0.160766E+07  0.159578E+07  0.105144E+05  0.953973E+04  0.103839E+07  0.158144E+07
  0.124151E-01  0.158854E+07  0.157596E+07  0.103350E+05  0.866337E+04  0.101076E+07  0.156184E+07
  0.128351E-01  0.156900E+07  0.155570E+07  0.911476E+04  0.742435E+04  0.983124E+06  0.154185E+07
  0.132694E-01  0.154906E+07  0.153499E+07  0.760665E+04  0.662844E+04  0.955446E+06  0.152146E+07
  0.137184E-01  0.152869E+07  0.151383E+07  0.686989E+04  0.650465E+04  0.927745E+06  0.150066E+07
  0.141825E-01  0.150792E+07  0.149222E+07  0.706644E+04  0.637714E+04  0.900065E+06  0.147947E+07
  0.146624E-01  0.148672E+07  0.147016E+07  0.698150E+04  0.567807E+04  0.872401E+06  0.145787E+07
  0.151585E-01  0.146511E+07  0.144765E+07  0.599414E+04  0.483888E+04  0.844810E+06  0.143586E+07
  0.156714E-01  0.144309E+07  0.142469E+07  0.500729E+04  0.000000E+00  0.817339E+06  0.141347E+07
  0.162017E-01  0.142066E+07  0.140128E+07  0.488204E+04  0.000000E+00  0.790034E+06  0.139068E+07
  0.167499E-01  0.139781E+07  0.137744E+07  0.501370E+04  0.000000E+00  0.762954E+06  0.136750E+07
  0.173166E-01  0.137457E+07  0.135315E+07  0.438308E+04  0.000000E+00  0.736128E+06  0.134395E+07
  0.179025E-01  0.135093E+07  0.132844E+07  0.360949E+04  0.000000E+00  0.709576E+06  0.132003E+07
  0.185082E-01  0.132690E+07  0.130332E+07  0.361450E+04  0.000000E+00  0.683288E+06  0.129574E+07
  0.191345E-01  0.130249E+07  0.127778E+07  0.358937E+04  0.000000E+00  0.657244E+06  0.127109E+07
  0.197819E-01  0.127771E+07  0.125185E+07  0.295031E+04  0.000000E+00  0.631420E+06  0.124609E+07
  0.204512E-01  0.125258E+07  0.122555E+07  0.263233E+04  0.000000E+00  0.605809E+06  0.122076E+07
  0.211432E-01  0.122710E+07  0.119889E+07  0.276236E+04  0.000000E+00  0.580442E+06  0.119511E+07
  0.218586E-01  0.120129E+07  0.117189E+07  0.239410E+04  0.000000E+00  0.555392E+06  0.116916E+07
  0.225982E-01  0.117518E+07  0.114459E+07  0.212674E+04  0.000000E+00  0.530759E+06  0.114293E+07
  0.233628E-01  0.114879E+07  0.111701E+07  0.232243E+04  0.000000E+00  0.506647E+06  0.111646E+07
  0.241533E-01  0.112214E+07  0.108919E+07  0.209826E+04  0.000000E+00  0.483128E+06  0.108977E+07
  0.249705E-01  0.109529E+07  0.106118E+07  0.195447E+04  0.000000E+00  0.460224E+06  0.106291E+07
  0.258154E-01  0.106825E+07  0.103302E+07  0.183251E+04  0.000000E+00  0.437913E+06  0.103591E+07
  0.266889E-01  0.104108E+07  0.100477E+07  0.125408E+04  0.000000E+00  0.416152E+06  0.100881E+07
  0.275919E-01  0.101382E+07  0.976485E+06  0.114175E+04  0.000000E+00  0.394917E+06  0.981657E+06
  0.285255E-01  0.986517E+06  0.948231E+06  0.109859E+04  0.000000E+00  0.374223E+06  0.954498E+06
  0.294906E-01  0.959233E+06  0.920075E+06  0.113791E+04  0.000000E+00  0.354118E+06  0.927391E+06
  0.304885E-01  0.932022E+06  0.892089E+06  0.955264E+03  0.000000E+00  0.334664E+06  0.900398E+06
  0.315201E-01  0.904950E+06  0.864354E+06  0.756776E+03  0.000000E+00  0.315911E+06  0.873583E+06
  0.325865E-01  0.878084E+06  0.836953E+06  0.855804E+03  0.000000E+00  0.297888E+06  0.847017E+06
  0.336891E-01  0.851498E+06  0.809975E+06  0.665571E+03  0.000000E+00  0.280608E+06  0.820772E+06
  0.348290E-01  0.825267E+06  0.783512E+06  0.631660E+03  0.000000E+00  0.264071E+06  0.794924E+06
  0.360074E-01  0.799471E+06  0.757657E+06  0.597368E+03  0.000000E+00  0.248266E+06  0.769547E+06
  0.372258E-01  0.774186E+06  0.732501E+06  0.484498E+03  0.000000E+00  0.233181E+06  0.744720E+06
  0.384853E-01  0.749491E+06  0.708133E+06  0.514972E+03  0.000000E+00  0.218824E+06  0.720518E+06
  0.397875E-01  0.725460E+06  0.684639E+06  0.374688E+03  0.000000E+00  0.205223E+06  0.697015E+06
  0.411337E-01  0.702163E+06  0.662095E+06  0.432655E+03  0.000000E+00  0.192379E+06  0.674279E+06
  0.425255E-01  0.679663E+06  0.640567E+06  0.317785E+03  0.000000E+00  0.180257E+06  0.652370E+06
  0.439643E-01  0.658014E+06  0.620108E+06  0.324429E+03  0.000000E+00  0.168819E+06  0.631338E+06
  0.454298E-01  0.637556E+06  0.601029E+06  0.298976E+03  0.000000E+00  0.158222E+06  0.611510E+06
  0.468953E-01  0.618600E+06  0.583594E+06  0.256903E+03  0.000000E+00  0.148616E+06  0.593183E+06
  0.483608E-01  0.601040E+06  0.567666E+06  0.221114E+03  0.000000E+00  0.139899E+06  0.576246E+06
  0.498262E-01  0.584763E+06  0.553105E+06  0.203007E+03  0.000000E+00  0.131946E+06  0.560584E+06
  0.512917E-01  0.569658E+06  0.539767E+06  0.215178E+03  0.000000E+00  0.124659E+06  0.546078E+06
  0.527572E-01  0.555610E+06  0.527511E+06  0.191815E+03  0.000000E+00  0.117969E+06  0.532614E+06
  0.542227E-01  0.542507E+06  0.516195E+06  0.168703E+03  0.000000E+00  0.111819E+06  0.520077E+06
  0.556882E-01  0.530239E+06  0.505684E+06  0.157219E+03  0.000000E+00  0.106152E+06  0.508355E+06
  0.571536E-01  0.518698E+06  0.495846E+06  0.149860E+03  0.000000E+00  0.100914E+06  0.497340E+06
  0.586191E-01  0.507786E+06  0.486558E+06  0.135797E+03  0.000000E+00  0.960467E+05  0.486930E+06
  0.600846E-01  0.497405E+06  0.477707E+06  0.134613E+03  0.000000E+00  0.915025E+05  0.477028E+06
  0.615501E-01  0.487468E+06  0.469186E+06  0.106776E+03  0.000000E+00  0.872484E+05  0.467547E+06
  0.630155E-01  0.477894E+06  0.460903E+06  0.125829E+03  0.000000E+00  0.832557E+05  0.458406E+06
  0.644810E-01  0.468614E+06  0.452776E+06  0.967750E+02  0.000000E+00  0.794898E+05  0.449535E+06
  0.659465E-01  0.459562E+06  0.444735E+06  0.967474E+02  0.000000E+00  0.759194E+05  0.440870E+06
  0.674120E-01  0.450685E+06  0.436721E+06  0.962882E+02  0.000000E+00  0.725275E+05  0.432358E+06
  0.688775E-01  0.441939E+06  0.428689E+06  0.774823E+02  0.000000E+00  0.693050E+05  0.423955E+06
  0.703429E-01  0.433285E+06  0.420603E+06  0.749126E+02  0.000000E+00  0.662375E+05  0.415626E+06
  0.718084E-01  0.424698E+06  0.412441E+06  0.745959E+02  0.000000E+00  0.633071E+05  0.407346E+06
  0.732739E-01  0.416158E+06  0.404191E+06  0.755800E+02  0.000000E+00  0.605020E+05  0.399095E+06
  0.747394E-01  0.407658E+06  0.395855E+06  0.595208E+02  0.000000E+00  0.578171E+05  0.390870E+06
  0.762048E-01  0.399180E+06  0.387426E+06  0.723579E+02  0.000000E+00  0.552459E+05  0.382652E+06
  0.776703E-01  0.390735E+06  0.378928E+06  0.428212E+02  0.000000E+00  0.527852E+05  0.374457E+06
  0.791358E-01  0.382333E+06  0.370385E+06  0.503451E+02  0.000000E+00  0.504304E+05  0.366293E+06
  0.806013E-01  0.373985E+06  0.361823E+06  0.691068E+02  0.000000E+00  0.481760E+05  0.358175E+06
  0.820668E-01  0.365711E+06  0.353275E+06  0.478754E+02  0.000000E+00  0.460176E+05  0.350122E+06
  0.835322E-01  0.357529E+06  0.344778E+06  0.558736E+02  0.000000E+00  0.439549E+05  0.342156E+06
  0.849977E-01  0.349462E+06  0.336368E+06  0.484637E+02  0.000000E+00  0.419882E+05  0.334300E+06
  0.864632E-01  0.341534E+06  0.328084E+06  0.712554E+02  0.000000E+00  0.401143E+05  0.326578E+06
  0.879287E-01  0.333769E+06  0.319966E+06  0.146660E+02  0.000000E+00  0.383294E+05  0.319017E+06
  0.893941E-01  0.326191E+06  0.312050E+06  0.392069E+02  0.000000E+00  0.366329E+05  0.311641E+06
  0.908596E-01  0.318823E+06  0.304371E+06  0.325213E+02  0.000000E+00  0.350261E+05  0.304475E+06
  0.923251E-01  0.311687E+06  0.296962E+06  0.195866E+02  0.000000E+00  0.335068E+05  0.297539E+06
  0.941548E-01  0.303131E+06  0.288132E+06  0.257245E+02  0.000000E+00  0.317257E+05  0.289233E+06
  0.959845E-01  0.294997E+06  0.279811E+06  0.380554E+02  0.000000E+00  0.300676E+05  0.281349E+06
  0.978141E-01  0.287309E+06  0.272035E+06  0.313627E+02  0.000000E+00  0.285291E+05  0.273912E+06
  0.996438E-01  0.280081E+06  0.264822E+06  0.317374E+02  0.000000E+00  0.271061E+05  0.266936E+06
  0.101473E+00  0.273321E+06  0.258183E+06  0.265349E+02  0.000000E+00  0.257926E+05  0.260427E+06
  0.103303E+00  0.267025E+06  0.252113E+06  0.237641E+02  0.000000E+00  0.245793E+05  0.254384E+06
  0.105133E+00  0.261184E+06  0.246596E+06  0.170336E+02  0.000000E+00  0.234584E+05  0.248794E+06
  0.106963E+00  0.255778E+06  0.241604E+06  0.276842E+02  0.000000E+00  0.224247E+05  0.243637E+06
  0.108792E+00  0.250781E+06  0.237100E+06  0.878799E+01  0.000000E+00  0.214700E+05  0.238887E+06
  0.110622E+00  0.246161E+06  0.233037E+06  0.236895E+02  0.000000E+00  0.205851E+05  0.234511E+06
  0.112452E+00  0.241881E+06  0.229366E+06  0.214635E+02  0.000000E+00  0.197643E+05  0.230471E+06
  0.114281E+00  0.237900E+06  0.226027E+06  0.125389E+02  0.000000E+00  0.190012E+05  0.226724E+06
  0.116111E+00  0.234175E+06  0.222962E+06  0.129895E+02  0.000000E+00  0.182874E+05  0.223227E+06
  0.117941E+00  0.230661E+06  0.220112E+06  0.164029E+02  0.000000E+00  0.176161E+05  0.219935E+06
  0.119770E+00  0.227316E+06  0.217415E+06  0.915491E+01  0.000000E+00  0.169824E+05  0.216803E+06
  0.121600E+00  0.224097E+06  0.214817E+06  0.164464E+02  0.000000E+00  0.163816E+05  0.213789E+06
  0.123430E+00  0.220964E+06  0.212264E+06  0.219204E+02  0.000000E+00  0.158092E+05  0.210853E+06
  0.125259E+00  0.217881E+06  0.209710E+06  0.763001E+01  0.000000E+00  0.152601E+05  0.207958E+06
  0.127089E+00  0.214816E+06  0.207115E+06  0.166267E+02  0.000000E+00  0.147304E+05  0.205072E+06
  0.128919E+00  0.211744E+06  0.204445E+06  0.119973E+02  0.000000E+00  0.142187E+05  0.202170E+06
  0.130748E+00  0.208642E+06  0.201676E+06  0.105065E+02  0.000000E+00  0.137228E+05  0.199230E+06
  0.132578E+00  0.205497E+06  0.198791E+06  0.669513E+01  0.000000E+00  0.132399E+05  0.196238E+06
  0.134408E+00  0.202297E+06  0.195780E+06  0.000000E+00  0.000000E+00  0.127698E+05  0.193183E+06
  0.136237E+00  0.199039E+06  0.192641E+06  0.000000E+00  0.000000E+00  0.123121E+05  0.190063E+06
  0.138067E+00  0.195723E+06  0.189381E+06  0.000000E+00  0.000000E+00  0.118657E+05  0.186879E+06
  0.139897E+00  0.192358E+06  0.186013E+06  0.000000E+00  0.000000E+00  0.114305E+05  0.183639E+06
  0.141726E+00  0.188951E+06  0.182554E+06  0.000000E+00  0.000000E+00  0.110071E+05  0.180353E+06
  0.143556E+00  0.185516E+06  0.179025E+06  0.000000E+00  0.000000E+00  0.105963E+05  0.177034E+06
  0.145386E+00  0.182071E+06  0.175453E+06  0.000000E+00  0.000000E+00  0.101987E+05  0.173700E+06
  0.147215E+00  0.178632E+06  0.171866E+06  0.000000E+00  0.000000E+00  0.981410E+04  0.170371E+06
  0.149045E+00  0.175221E+06  0.168293E+06  0.000000E+00  0.000000E+00  0.944297E+04  0.167065E+06
  0.150875E+00  0.171855E+06  0.164763E+06  0.000000E+00  0.000000E+00  0.908671E+04  0.163805E+06
  0.152704E+00  0.168557E+06  0.161306E+06  0.000000E+00  0.000000E+00  0.874577E+04  0.160609E+06
  0.154534E+00  0.165342E+06  0.157948E+06  0.000000E+00  0.000000E+00  0.841985E+04  0.157498E+06
  0.156364E+00  0.162230E+06  0.154713E+06  0.000000E+00  0.000000E+00  0.810955E+04  0.154487E+06
  0.158193E+00  0.159233E+06  0.151621E+06  0.000000E+00  0.000000E+00  0.781528E+04  0.151592E+06
  0.160023E+00  0.156365E+06  0.148690E+06  0.000000E+00  0.000000E+00  0.753650E+04  0.148826E+06
  0.161853E+00  0.153633E+06  0.145932E+06  0.000000E+00  0.000000E+00  0.727290E+04  0.146196E+06
  0.163683E+00  0.151046E+06  0.143354E+06  0.000000E+00  0.000000E+00  0.702437E+04  0.143711E+06
  0.165512E+00  0.148605E+06  0.140962E+06  0.000000E+00  0.000000E+00  0.679058E+04  0.141372E+06
  0.167342E+00  0.146310E+06  0.138753E+06  0.000000E+00  0.000000E+00  0.657085E+04  0.139179E+06
  0.169172E+00  0.144157E+06  0.136722E+06  0.000000E+00  0.000000E+00  0.636401E+04  0.137128E+06
  0.171001E+00  0.142142E+06  0.134861E+06  0.000000E+00  0.000000E+00  0.616908E+04  0.135214E+06
  0.172831E+00  0.140255E+06  0.133157E+06  0.000000E+00  0.000000E+00  0.598573E+04  0.133427E+06
  0.174661E+00  0.138486E+06  0.131594E+06  0.000000E+00  0.000000E+00  0.581299E+04  0.131758E+06
  0.176490E+00  0.136822E+06  0.130156E+06  0.000000E+00  0.000000E+00  0.564940E+04  0.130192E+06
  0.178320E+00  0.135250E+06  0.128824E+06  0.000000E+00  0.000000E+00  0.549416E+04  0.128717E+06
  0.180150E+00  0.133756E+06  0.127576E+06  0.000000E+00  0.000000E+00  0.534654E+04  0.127317E+06
  0.181979E+00  0.132324E+06  0.126393E+06  0.000000E+00  0.000000E+00  0.520540E+04  0.125979E+06
  0.183809E+00  0.130941E+06  0.125255E+06  0.000000E+00  0.000000E+00  0.506980E+04  0.124685E+06
  0.185639E+00  0.129592E+06  0.124142E+06  0.000000E+00  0.000000E+00  0.493911E+04  0.123424E+06
  0.187468E+00  0.128263E+06  0.123037E+06  0.000000E+00  0.000000E+00  0.481269E+04  0.122180E+06
  0.189298E+00  0.126943E+06  0.121923E+06  0.000000E+00  0.000000E+00  0.468995E+04  0.120942E+06
  0.191128E+00  0.125621E+06  0.120787E+06  0.000000E+00  0.000000E+00  0.457011E+04  0.119700E+06
  0.192957E+00  0.124289E+06  0.119618E+06  0.000000E+00  0.000000E+00  0.445267E+04  0.118444E+06
  0.194787E+00  0.122939E+06  0.118407E+06  0.000000E+00  0.000000E+00  0.433769E+04  0.117168E+06
  0.196617E+00  0.121567E+06  0.117148E+06  0.000000E+00  0.000000E+00  0.422491E+04  0.115867E+06
  0.198446E+00  0.120169E+06  0.115837E+06  0.000000E+00  0.000000E+00  0.411383E+04  0.114537E+06
  0.200276E+00  0.118744E+06  0.114476E+06  0.000000E+00  0.000000E+00  0.400449E+04  0.113178E+06
  0.202106E+00  0.117293E+06  0.113064E+06  0.000000E+00  0.000000E+00  0.389704E+04  0.111791E+06
  0.203935E+00  0.115819E+06  0.111608E+06  0.000000E+00  0.000000E+00  0.379140E+04  0.110378E+06
  0.205765E+00  0.114324E+06  0.110112E+06  0.000000E+00  0.000000E+00  0.368761E+04  0.108943E+06
  0.207595E+00  0.112815E+06  0.108586E+06  0.000000E+00  0.000000E+00  0.358589E+04  0.107492E+06
  0.209424E+00  0.111297E+06  0.107038E+06  0.000000E+00  0.000000E+00  0.348641E+04  0.106030E+06
  0.211254E+00  0.109777E+06  0.105479E+06  0.000000E+00  0.000000E+00  0.338936E+04  0.104565E+06
  0.213084E+00  0.108262E+06  0.103919E+06  0.000000E+00  0.000000E+00  0.329475E+04  0.103105E+06
  0.214913E+00  0.106760E+06  0.102368E+06  0.000000E+00  0.000000E+00  0.320270E+04  0.101656E+06
  0.216743E+00  0.105277E+06  0.100839E+06  0.000000E+00  0.000000E+00  0.311362E+04  0.100226E+06
  0.218573E+00  0.103822E+06  0.993400E+05  0.000000E+00  0.000000E+00  0.302764E+04  0.988236E+05
  0.220402E+00  0.102401E+06  0.978811E+05  0.000000E+00  0.000000E+00  0.294460E+04  0.974541E+05
  0.222232E+00  0.101019E+06  0.964701E+05  0.000000E+00  0.000000E+00  0.286465E+04  0.961237E+05
  0.224062E+00  0.996814E+05  0.951140E+05  0.000000E+00  0.000000E+00  0.278796E+04  0.948374E+05
  0.225892E+00  0.983920E+05  0.938182E+05  0.000000E+00  0.000000E+00  0.271447E+04  0.935993E+05
  0.227721E+00  0.971538E+05  0.925865E+05  0.000000E+00  0.000000E+00  0.264415E+04  0.924122E+05
  0.229551E+00  0.959684E+05  0.914210E+05  0.000000E+00  0.000000E+00  0.257694E+04  0.912778E+05
  0.231381E+00  0.948365E+05  0.903224E+05  0.000000E+00  0.000000E+00  0.251277E+04  0.901967E+05
  0.233210E+00  0.937576E+05  0.892899E+05  0.000000E+00  0.000000E+00  0.245156E+04  0.891684E+05
  0.235040E+00  0.927301E+05  0.883211E+05  0.000000E+00  0.000000E+00  0.239306E+04  0.881914E+05
  0.236870E+00  0.917517E+05  0.874124E+05  0.000000E+00  0.000000E+00  0.233707E+04  0.872630E+05
  0.238699E+00  0.908190E+05  0.865590E+05  0.000000E+00  0.000000E+00  0.228363E+04  0.863799E+05
  0.240529E+00  0.899280E+05  0.857553E+05  0.000000E+00  0.000000E+00  0.223254E+04  0.855380E+05
  0.242359E+00  0.890745E+05  0.849951E+05  0.000000E+00  0.000000E+00  0.218339E+04  0.847330E+05
  0.244188E+00  0.882533E+05  0.842714E+05  0.000000E+00  0.000000E+00  0.213606E+04  0.839597E+05
  0.246018E+00  0.874594E+05  0.835771E+05  0.000000E+00  0.000000E+00  0.209047E+04  0.832128E+05
  0.247848E+00  0.866876E+05  0.829051E+05  0.000000E+00  0.000000E+00  0.204640E+04  0.824872E+05
  0.249677E+00  0.859329E+05  0.822485E+05  0.000000E+00  0.000000E+00  0.200364E+04  0.817777E+05
  0.251507E+00  0.851902E+05  0.816006E+05  0.000000E+00  0.000000E+00  0.196203E+04  0.810793E+05
  0.253337E+00  0.844552E+05  0.809554E+05  0.000000E+00  0.000000E+00  0.192145E+04  0.803875E+05
  0.255166E+00  0.837238E+05  0.803074E+05  0.000000E+00  0.000000E+00  0.188180E+04  0.796983E+05
  0.256996E+00  0.829924E+05  0.796521E+05  0.000000E+00  0.000000E+00  0.184292E+04  0.790080E+05
  0.258826E+00  0.822580E+05  0.789857E+05  0.000000E+00  0.000000E+00  0.180467E+04  0.783137E+05
  0.260655E+00  0.815186E+05  0.783054E+05  0.000000E+00  0.000000E+00  0.176714E+04  0.776132E+05
  0.262485E+00  0.807723E+05  0.776095E+05  0.000000E+00  0.000000E+00  0.173028E+04  0.769050E+05
  0.264315E+00  0.800184E+05  0.768968E+05  0.000000E+00  0.000000E+00  0.169388E+04  0.761880E+05
  0.266144E+00  0.792565E+05  0.761675E+05  0.000000E+00  0.000000E+00  0.165797E+04  0.754622E+05
  0.267974E+00  0.784872E+05  0.754226E+05  0.000000E+00  0.000000E+00  0.162264E+04  0.747281E+05
  0.269804E+00  0.777112E+05  0.746635E+05  0.000000E+00  0.000000E+00  0.158789E+04  0.739865E+05
  0.271633E+00  0.769301E+05  0.738926E+05  0.000000E+00  0.000000E+00  0.155370E+04  0.732389E+05
  0.273463E+00  0.761455E+05  0.731127E+05  0.000000E+00  0.000000E+00  0.152009E+04  0.724873E+05
  0.275293E+00  0.753598E+05  0.723271E+05  0.000000E+00  0.000000E+00  0.148710E+04  0.717339E+05
  0.277122E+00  0.745754E+05  0.715395E+05  0.000000E+00  0.000000E+00  0.145481E+04  0.709813E+05
  0.278952E+00  0.737948E+05  0.707535E+05  0.000000E+00  0.000000E+00  0.142320E+04  0.702321E+05
  0.280782E+00  0.730206E+05  0.699729E+05  0.000000E+00  0.000000E+00  0.139228E+04  0.694888E+05
  0.282612E+00  0.722554E+05  0.692014E+05  0.000000E+00  0.000000E+00  0.136219E+04  0.687543E+05
  0.284441E+00  0.715018E+05  0.684426E+05  0.000000E+00  0.000000E+00  0.133295E+04  0.680310E+05
  0.286271E+00  0.707619E+05  0.676996E+05  0.000000E+00  0.000000E+00  0.130447E+04  0.673212E+05
  0.288101E+00  0.700378E+05  0.669753E+05  0.000000E+00  0.000000E+00  0.127679E+04  0.666270E+05
  0.289930E+00  0.693312E+05  0.662720E+05  0.000000E+00  0.000000E+00  0.125000E+04  0.659500E+05
  0.291760E+00  0.686434E+05  0.655916E+05  0.000000E+00  0.000000E+00  0.122409E+04  0.652918E+05
  0.293590E+00  0.679756E+05  0.649355E+05  0.000000E+00  0.000000E+00  0.119903E+04  0.646533E+05
  0.295419E+00  0.673282E+05  0.643044E+05  0.000000E+00  0.000000E+00  0.117480E+04  0.640352E+05
  0.297249E+00  0.667016E+05  0.636986E+05  0.000000E+00  0.000000E+00  0.115138E+04  0.634376E+05
  0.299079E+00  0.660952E+05  0.631174E+05  0.000000E+00  0.000000E+00  0.112878E+04  0.628600E+05
  0.300908E+00  0.655087E+05  0.625604E+05  0.000000E+00  0.000000E+00  0.110692E+04  0.623022E+05
  0.302738E+00  0.649416E+05  0.620265E+05  0.000000E+00  0.000000E+00  0.108576E+04  0.617635E+05
  0.304568E+00  0.643927E+05  0.615141E+05  0.000000E+00  0.000000E+00  0.106534E+04  0.612427E+05
  0.306397E+00  0.638605E+05  0.610212E+05  0.000000E+00  0.000000E+00  0.104560E+04  0.607384E+05
  0.308227E+00  0.633436E+05  0.605456E+05  0.000000E+00  0.000000E+00  0.102642E+04  0.602491E+05
  0.310057E+00  0.628404E+05  0.600852E+05  0.000000E+00  0.000000E+00  0.100777E+04  0.597730E+05
  0.311886E+00  0.623489E+05  0.596373E+05  0.000000E+00  0.000000E+00  0.989683E+03  0.593084E+05
  0.313716E+00  0.618674E+05  0.591994E+05  0.000000E+00  0.000000E+00  0.972094E+03  0.588534E+05
  0.315546E+00  0.613941E+05  0.587693E+05  0.000000E+00  0.000000E+00  0.954916E+03  0.584061E+05
  0.317375E+00  0.609273E+05  0.583445E+05  0.000000E+00  0.000000E+00  0.938109E+03  0.579649E+05
  0.319205E+00  0.604654E+05  0.579228E+05  0.000000E+00  0.000000E+00  0.921671E+03  0.575281E+05
  0.321035E+00  0.600068E+05  0.575024E+05  0.000000E+00  0.000000E+00  0.905589E+03  0.570943E+05
  0.322864E+00  0.595503E+05  0.570816E+05  0.000000E+00  0.000000E+00  0.889791E+03  0.566621E+05
  0.324694E+00  0.590949E+05  0.566589E+05  0.000000E+00  0.000000E+00  0.874237E+03  0.562304E+05
  0.326524E+00  0.586395E+05  0.562334E+05  0.000000E+00  0.000000E+00  0.858969E+03  0.557984E+05
  0.328353E+00  0.581837E+05  0.558043E+05  0.000000E+00  0.000000E+00  0.843981E+03  0.553655E+05
  0.330183E+00  0.577270E+05  0.553711E+05  0.000000E+00  0.000000E+00  0.829191E+03  0.549313E+05
  0.332013E+00  0.572693E+05  0.549339E+05  0.000000E+00  0.000000E+00  0.814590E+03  0.544957E+05
  0.333842E+00  0.568106E+05  0.544927E+05  0.000000E+00  0.000000E+00  0.800239E+03  0.540587E+05
  0.335672E+00  0.563512E+05  0.540481E+05  0.000000E+00  0.000000E+00  0.786138E+03  0.536206E+05
  0.337502E+00  0.558916E+05  0.536008E+05  0.000000E+00  0.000000E+00  0.772249E+03  0.531820E+05
  0.339332E+00  0.554322E+05  0.531518E+05  0.000000E+00  0.000000E+00  0.758561E+03  0.527433E+05
  0.341161E+00  0.549738E+05  0.527020E+05  0.000000E+00  0.000000E+00  0.745108E+03  0.523053E+05
  0.342991E+00  0.545173E+05  0.522527E+05  0.000000E+00  0.000000E+00  0.731928E+03  0.518689E+05
  0.344821E+00  0.540635E+05  0.518051E+05  0.000000E+00  0.000000E+00  0.718999E+03  0.514350E+05
  0.346650E+00  0.536132E+05  0.513606E+05  0.000000E+00  0.000000E+00  0.706295E+03  0.510044E+05
  0.348480E+00  0.531675E+05  0.509204E+05  0.000000E+00  0.000000E+00  0.693858E+03  0.505780E+05
  0.350310E+00  0.527270E+05  0.504856E+05  0.000000E+00  0.000000E+00  0.681720E+03  0.501568E+05
  0.352139E+00  0.522926E+05  0.500575E+05  0.000000E+00  0.000000E+00  0.669843E+03  0.497415E+05
  0.353969E+00  0.518651E+05  0.496371E+05  0.000000E+00  0.000000E+00  0.658219E+03  0.493329E+05
  0.355799E+00  0.514450E+05  0.492250E+05  0.000000E+00  0.000000E+00  0.646886E+03  0.489315E+05
  0.357628E+00  0.510328E+05  0.488222E+05  0.000000E+00  0.000000E+00  0.635856E+03  0.485379E+05
  0.359458E+00  0.506288E+05  0.484289E+05  0.000000E+00  0.000000E+00  0.625104E+03  0.481525E+05
  0.361288E+00  0.502334E+05  0.480456E+05  0.000000E+00  0.000000E+00  0.614607E+03  0.477754E+05
  0.363117E+00  0.498466E+05  0.476725E+05  0.000000E+00  0.000000E+00  0.604373E+03  0.474068E+05
  0.364947E+00  0.494683E+05  0.473093E+05  0.000000E+00  0.000000E+00  0.594426E+03  0.470466E+05
  0.366777E+00  0.490985E+05  0.469560E+05  0.000000E+00  0.000000E+00  0.584745E+03  0.466948E+05
  0.368606E+00  0.487369E+05  0.466121E+05  0.000000E+00  0.000000E+00  0.575288E+03  0.463509E+05
  0.370436E+00  0.483831E+05  0.462772E+05  0.000000E+00  0.000000E+00  0.566067E+03  0.460147E+05
  0.372266E+00  0.480367E+05  0.459505E+05  0.000000E+00  0.000000E+00  0.557089E+03  0.456858E+05
  0.374095E+00  0.476971E+05  0.456315E+05  0.000000E+00  0.000000E+00  0.548322E+03  0.453635E+05
  0.375925E+00  0.473638E+05  0.453193E+05  0.000000E+00  0.000000E+00  0.539751E+03  0.450472E+05
  0.377755E+00  0.470361E+05  0.450131E+05  0.000000E+00  0.000000E+00  0.531381E+03  0.447365E+05
  0.379584E+00  0.467136E+05  0.447120E+05  0.000000E+00  0.000000E+00  0.523197E+03  0.444307E+05
  0.381414E+00  0.463955E+05  0.444153E+05  0.000000E+00  0.000000E+00  0.515180E+03  0.441291E+05
  0.383244E+00  0.460812E+05  0.441221E+05  0.000000E+00  0.000000E+00  0.507315E+03  0.438311E+05
  0.385073E+00  0.457703E+05  0.438316E+05  0.000000E+00  0.000000E+00  0.499597E+03  0.435363E+05
  0.386903E+00  0.454621E+05  0.435432E+05  0.000000E+00  0.000000E+00  0.492033E+03  0.432440E+05
  0.388733E+00  0.451562E+05  0.432563E+05  0.000000E+00  0.000000E+00  0.484607E+03  0.429537E+05
  0.390562E+00  0.448522E+05  0.429703E+05  0.000000E+00  0.000000E+00  0.477294E+03  0.426652E+05
  0.392392E+00  0.445499E+05  0.426849E+05  0.000000E+00  0.000000E+00  0.470102E+03  0.423780E+05
  0.394222E+00  0.442488E+05  0.423998E+05  0.000000E+00  0.000000E+00  0.463036E+03  0.420920E+05
  0.396051E+00  0.439489E+05  0.421146E+05  0.000000E+00  0.000000E+00  0.456074E+03  0.418069E+05
  0.397881E+00  0.436500E+05  0.418295E+05  0.000000E+00  0.000000E+00  0.449215E+03  0.415226E+05
  0.399711E+00  0.433522E+05  0.415442E+05  0.000000E+00  0.000000E+00  0.442473E+03  0.412391E+05
  0.401541E+00  0.430554E+05  0.412590E+05  0.000000E+00  0.000000E+00  0.435839E+03  0.409565E+05
  0.403370E+00  0.427597E+05  0.409740E+05  0.000000E+00  0.000000E+00  0.429297E+03  0.406748E+05
  0.405200E+00  0.424652E+05  0.406894E+05  0.000000E+00  0.000000E+00  0.422852E+03  0.403942E+05
  0.407030E+00  0.421723E+05  0.404056E+05  0.000000E+00  0.000000E+00  0.416517E+03  0.401149E+05
  0.408859E+00  0.418810E+05  0.401229E+05  0.000000E+00  0.000000E+00  0.410302E+03  0.398372E+05
  0.410689E+00  0.415916E+05  0.398417E+05  0.000000E+00  0.000000E+00  0.404190E+03  0.395612E+05
  0.412519E+00  0.413045E+05  0.395623E+05  0.000000E+00  0.000000E+00  0.398163E+03  0.392873E+05
  0.414348E+00  0.410197E+05  0.392852E+05  0.000000E+00  0.000000E+00  0.392245E+03  0.390156E+05
  0.416178E+00  0.407377E+05  0.390107E+05  0.000000E+00  0.000000E+00  0.386449E+03  0.387466E+05
  0.418008E+00  0.404587E+05  0.387393E+05  0.000000E+00  0.000000E+00  0.380755E+03  0.384804E+05
  0.419837E+00  0.401828E+05  0.384711E+05  0.000000E+00  0.000000E+00  0.375160E+03  0.382174E+05
  0.421667E+00  0.399104E+05  0.382067E+05  0.000000E+00  0.000000E+00  0.369681E+03  0.379576E+05
  0.423497E+00  0.396415E+05  0.379461E+05  0.000000E+00  0.000000E+00  0.364317E+03  0.377013E+05
  0.425326E+00  0.393763E+05  0.376897E+05  0.000000E+00  0.000000E+00  0.359053E+03  0.374486E+05
  0.427156E+00  0.391150E+05  0.374375E+05  0.000000E+00  0.000000E+00  0.353883E+03  0.371996E+05
  0.428986E+00  0.388576E+05  0.371896E+05  0.000000E+00  0.000000E+00  0.348822E+03  0.369544E+05
  0.430815E+00  0.386040E+05  0.369460E+05  0.000000E+00  0.000000E+00  0.343883E+03  0.367131E+05
  0.432645E+00  0.383544E+05  0.367068E+05  0.000000E+00  0.000000E+00  0.339045E+03  0.364755E+05
  0.434475E+00  0.381086E+05  0.364718E+05  0.000000E+00  0.000000E+00  0.334282E+03  0.362417E+05
  0.436304E+00  0.378665E+05  0.362409E+05  0.000000E+00  0.000000E+00  0.329613E+03  0.360115E+05
  0.438134E+00  0.376281E+05  0.360140E+05  0.000000E+00  0.000000E+00  0.325055E+03  0.357848E+05
  0.439964E+00  0.373931E+05  0.357907E+05  0.000000E+00  0.000000E+00  0.320589E+03  0.355615E+05
  0.441793E+00  0.371614E+05  0.355709E+05  0.000000E+00  0.000000E+00  0.316198E+03  0.353413E+05
  0.443623E+00  0.369328E+05  0.353544E+05  0.000000E+00  0.000000E+00  0.311892E+03  0.351241E+05
  0.445453E+00  0.367071E+05  0.351407E+05  0.000000E+00  0.000000E+00  0.307673E+03  0.349097E+05
  0.447282E+00  0.364840E+05  0.349297E+05  0.000000E+00  0.000000E+00  0.303528E+03  0.346978E+05
  0.449112E+00  0.362634E+05  0.347210E+05  0.000000E+00  0.000000E+00  0.299447E+03  0.344883E+05
  0.450942E+00  0.360450E+05  0.345145E+05  0.000000E+00  0.000000E+00  0.295434E+03  0.342809E+05
  0.452771E+00  0.358287E+05  0.343097E+05  0.000000E+00  0.000000E+00  0.291505E+03  0.340754E+05
  0.454601E+00  0.356142E+05  0.341065E+05  0.000000E+00  0.000000E+00  0.287646E+03  0.338717E+05
  0.456431E+00  0.354015E+05  0.339047E+05  0.000000E+00  0.000000E+00  0.283832E+03  0.336696E+05
  0.458261E+00  0.351903E+05  0.337041E+05  0.000000E+00  0.000000E+00  0.280069E+03  0.334689E+05
  0.460090E+00  0.349805E+05  0.335046E+05  0.000000E+00  0.000000E+00  0.276378E+03  0.332695E+05
  0.461920E+00  0.347720E+05  0.333060E+05  0.000000E+00  0.000000E+00  0.272751E+03  0.330713E+05
  0.463750E+00  0.345648E+05  0.331082E+05  0.000000E+00  0.000000E+00  0.269170E+03  0.328742E+05
  0.465579E+00  0.343588E+05  0.329113E+05  0.000000E+00  0.000000E+00  0.265638E+03  0.326783E+05
  0.467409E+00  0.341540E+05  0.327151E+05  0.000000E+00  0.000000E+00  0.262160E+03  0.324834E+05
  0.469239E+00  0.339504E+05  0.325198E+05  0.000000E+00  0.000000E+00  0.258737E+03  0.322896E+05
  0.471068E+00  0.337480E+05  0.323254E+05  0.000000E+00  0.000000E+00  0.255361E+03  0.320970E+05
  0.472898E+00  0.335469E+05  0.321319E+05  0.000000E+00  0.000000E+00  0.252032E+03  0.319055E+05
  0.474728E+00  0.333470E+05  0.319395E+05  0.000000E+00  0.000000E+00  0.248762E+03  0.317152E+05
  0.476557E+00  0.331486E+05  0.317482E+05  0.000000E+00  0.000000E+00  0.245548E+03  0.315262E+05
  0.478387E+00  0.329515E+05  0.315582E+05  0.000000E+00  0.000000E+00  0.242371E+03  0.313385E+05
  0.480217E+00  0.327561E+05  0.313696E+05  0.000000E+00  0.000000E+00  0.239237E+03  0.311524E+05
  0.482046E+00  0.325622E+05  0.311826E+05  0.000000E+00  0.000000E+00  0.236161E+03  0.309677E+05
  0.483876E+00  0.323700E+05  0.309971E+05  0.000000E+00  0.000000E+00  0.233131E+03  0.307846E+05
  0.485706E+00  0.321794E+05  0.308131E+05  0.000000E+00  0.000000E+00  0.230158E+03  0.306030E+05
  0.487535E+00  0.319906E+05  0.306311E+05  0.000000E+00  0.000000E+00  0.227233E+03  0.304233E+05
  0.489365E+00  0.318038E+05  0.304511E+05  0.000000E+00  0.000000E+00  0.224349E+03  0.302454E+05
  0.491195E+00  0.316190E+05  0.302731E+05  0.000000E+00  0.000000E+00  0.221510E+03  0.300694E+05
  0.493024E+00  0.314362E+05  0.300973E+05  0.000000E+00  0.000000E+00  0.218721E+03  0.298954E+05
  0.494854E+00  0.312555E+05  0.299236E+05  0.000000E+00  0.000000E+00  0.215983E+03  0.297234E+05
  0.496684E+00  0.310769E+05  0.297521E+05  0.000000E+00  0.000000E+00  0.213296E+03  0.295534E+05
  0.498513E+00  0.309003E+05  0.295828E+05  0.000000E+00  0.000000E+00  0.210656E+03  0.293854E+05
  0.500343E+00  0.307258E+05  0.294157E+05  0.000000E+00  0.000000E+00  0.208051E+03  0.292194E+05
  0.502173E+00  0.305533E+05  0.292506E+05  0.000000E+00  0.000000E+00  0.205487E+03  0.290553E+05
  0.504002E+00  0.303828E+05  0.290876E+05  0.000000E+00  0.000000E+00  0.202971E+03  0.288931E+05
  0.505832E+00  0.302142E+05  0.289266E+05  0.000000E+00  0.000000E+00  0.200501E+03  0.287328E+05
  0.507662E+00  0.300474E+05  0.287674E+05  0.000000E+00  0.000000E+00  0.198074E+03  0.285742E+05
  0.509492E+00  0.298825E+05  0.286101E+05  0.000000E+00  0.000000E+00  0.195685E+03  0.284173E+05
  0.511321E+00  0.297192E+05  0.284545E+05  0.000000E+00  0.000000E+00  0.193329E+03  0.282621E+05
  0.513151E+00  0.295575E+05  0.283005E+05  0.000000E+00  0.000000E+00  0.191006E+03  0.281084E+05
  0.514980E+00  0.293973E+05  0.281479E+05  0.000000E+00  0.000000E+00  0.188722E+03  0.279562E+05
  0.516810E+00  0.292386E+05  0.279968E+05  0.000000E+00  0.000000E+00  0.186477E+03  0.278053E+05
  0.518640E+00  0.290813E+05  0.278469E+05  0.000000E+00  0.000000E+00  0.184271E+03  0.276558E+05
  0.520470E+00  0.289253E+05  0.276983E+05  0.000000E+00  0.000000E+00  0.182096E+03  0.275075E+05
  0.522299E+00  0.287705E+05  0.275508E+05  0.000000E+00  0.000000E+00  0.179943E+03  0.273603E+05
  0.524129E+00  0.286169E+05  0.274044E+05  0.000000E+00  0.000000E+00  0.177821E+03  0.272143E+05
  0.525959E+00  0.284645E+05  0.272589E+05  0.000000E+00  0.000000E+00  0.175738E+03  0.270694E+05
  0.527788E+00  0.283131E+05  0.271144E+05  0.000000E+00  0.000000E+00  0.173686E+03  0.269254E+05
  0.529618E+00  0.281628E+05  0.269708E+05  0.000000E+00  0.000000E+00  0.171659E+03  0.267825E+05
  0.531448E+00  0.280135E+05  0.268281E+05  0.000000E+00  0.000000E+00  0.169658E+03  0.266405E+05
  0.533277E+00  0.278652E+05  0.266862E+05  0.000000E+00  0.000000E+00  0.167686E+03  0.264995E+05
  0.535107E+00  0.277179E+05  0.265452E+05  0.000000E+00  0.000000E+00  0.165742E+03  0.263593E+05
  0.536937E+00  0.275716E+05  0.264050E+05  0.000000E+00  0.000000E+00  0.163824E+03  0.262202E+05
  0.538766E+00  0.274263E+05  0.262657E+05  0.000000E+00  0.000000E+00  0.161933E+03  0.260819E+05
  0.540596E+00  0.272819E+05  0.261272E+05  0.000000E+00  0.000000E+00  0.160073E+03  0.259445E+05
  0.542426E+00  0.271386E+05  0.259896E+05  0.000000E+00  0.000000E+00  0.158240E+03  0.258081E+05
  0.544255E+00  0.269963E+05  0.258530E+05  0.000000E+00  0.000000E+00  0.156423E+03  0.256727E+05
  0.546085E+00  0.268550E+05  0.257173E+05  0.000000E+00  0.000000E+00  0.154628E+03  0.255382E+05
  0.547915E+00  0.267147E+05  0.255825E+05  0.000000E+00  0.000000E+00  0.152867E+03  0.254047E+05
  0.549744E+00  0.265755E+05  0.254488E+05  0.000000E+00  0.000000E+00  0.151136E+03  0.252723E+05
  0.551574E+00  0.264374E+05  0.253161E+05  0.000000E+00  0.000000E+00  0.149426E+03  0.251409E+05
  0.553404E+00  0.263005E+05  0.251845E+05  0.000000E+00  0.000000E+00  0.147734E+03  0.250105E+05
  0.555233E+00  0.261646E+05  0.250540E+05  0.000000E+00  0.000000E+00  0.146065E+03  0.248812E+05
  0.557063E+00  0.260299E+05  0.249246E+05  0.000000E+00  0.000000E+00  0.144425E+03  0.247530E+05
  0.558893E+00  0.258963E+05  0.247964E+05  0.000000E+00  0.000000E+00  0.142811E+03  0.246259E+05
  0.560722E+00  0.257639E+05  0.246694E+05  0.000000E+00  0.000000E+00  0.141217E+03  0.244999E+05
  0.562552E+00  0.256326E+05  0.245435E+05  0.000000E+00  0.000000E+00  0.139648E+03  0.243750E+05
  0.564382E+00  0.255026E+05  0.244188E+05  0.000000E+00  0.000000E+00  0.138102E+03  0.242512E+05
  0.566211E+00  0.253737E+05  0.242952E+05  0.000000E+00  0.000000E+00  0.136573E+03  0.241286E+05
  0.568041E+00  0.252459E+05  0.241729E+05  0.000000E+00  0.000000E+00  0.135065E+03  0.240071E+05
  0.569871E+00  0.251193E+05  0.240517E+05  0.000000E+00  0.000000E+00  0.133585E+03  0.238867E+05
  0.571701E+00  0.249939E+05  0.239317E+05  0.000000E+00  0.000000E+00  0.132131E+03  0.237674E+05
  0.573530E+00  0.248696E+05  0.238128E+05  0.000000E+00  0.000000E+00  0.130695E+03  0.236492E+05
  0.575360E+00  0.247465E+05  0.236950E+05  0.000000E+00  0.000000E+00  0.129272E+03  0.235321E+05
  0.577190E+00  0.246244E+05  0.235783E+05  0.000000E+00  0.000000E+00  0.127868E+03  0.234160E+05
  0.579019E+00  0.245034E+05  0.234627E+05  0.000000E+00  0.000000E+00  0.126490E+03  0.233009E+05
  0.580849E+00  0.243834E+05  0.233480E+05  0.000000E+00  0.000000E+00  0.125136E+03  0.231868E+05
  0.582679E+00  0.242645E+05  0.232344E+05  0.000000E+00  0.000000E+00  0.123797E+03  0.230737E+05
  0.584508E+00  0.241465E+05  0.231217E+05  0.000000E+00  0.000000E+00  0.122473E+03  0.229616E+05
  0.586338E+00  0.240295E+05  0.230099E+05  0.000000E+00  0.000000E+00  0.121169E+03  0.228503E+05
  0.588168E+00  0.239134E+05  0.228989E+05  0.000000E+00  0.000000E+00  0.119882E+03  0.227399E+05
  0.589997E+00  0.237981E+05  0.227888E+05  0.000000E+00  0.000000E+00  0.118612E+03  0.226303E+05
  0.710818E+00  0.177367E+05  0.169844E+05  0.000000E+00  0.000000E+00  0.622276E+02  0.168652E+05
  0.868196E+00  0.128735E+05  0.123277E+05  0.000000E+00  0.000000E+00  0.308301E+02  0.122404E+05
  0.106042E+01  0.930016E+04  0.890600E+04  0.000000E+00  0.000000E+00  0.151386E+02  0.884249E+04
  0.129520E+01  0.668994E+04  0.640646E+04  0.000000E+00  0.000000E+00  0.737575E+01  0.636058E+04
  0.158196E+01  0.479374E+04  0.459065E+04  0.000000E+00  0.000000E+00  0.487917E+01  0.455772E+04
  0.193220E+01  0.342286E+04  0.327785E+04  0.000000E+00  0.000000E+00  0.235820E+01  0.325428E+04
  0.236000E+01  0.243611E+04  0.233292E+04  0.000000E+00  0.000000E+00  0.113303E+01  0.231611E+04
  0.288251E+01  0.172869E+04  0.165546E+04  0.000000E+00  0.000000E+00  0.541731E+00  0.164352E+04
  0.352071E+01  0.122336E+04  0.117153E+04  0.000000E+00  0.000000E+00  0.257892E+00  0.116308E+04
  0.430020E+01  0.863574E+03  0.826987E+03  0.000000E+00  0.000000E+00  0.122339E+00  0.821023E+03
  0.525228E+01  0.608193E+03  0.582419E+03  0.000000E+00  0.000000E+00  0.578603E-01  0.578223E+03
  0.641515E+01  0.427419E+03  0.409299E+03  0.000000E+00  0.000000E+00  0.272892E-01  0.406355E+03
  0.783548E+01  0.299783E+03  0.287065E+03  0.000000E+00  0.000000E+00  0.128403E-01  0.285008E+03
  0.957028E+01  0.209876E+03  0.200963E+03  0.000000E+00  0.000000E+00  0.602845E-02  0.199530E+03
  0.116892E+02  0.146681E+03  0.140442E+03  0.000000E+00  0.000000E+00  0.282526E-02  0.139449E+03
  0.142772E+02  0.102351E+03  0.979876E+02  0.000000E+00  0.000000E+00  0.132210E-02  0.973036E+02
  0.174382E+02  0.713123E+02  0.682610E+02  0.000000E+00  0.000000E+00  0.617343E-03  0.677937E+02
  0.212990E+02  0.496167E+02  0.474824E+02  0.000000E+00  0.000000E+00  0.288007E-03  0.471668E+02
  0.260147E+02  0.344761E+02  0.329812E+02  0.000000E+00  0.000000E+00  0.134158E-03  0.327720E+02
  0.317744E+02  0.239257E+02  0.228760E+02  0.000000E+00  0.000000E+00  0.623650E-04  0.227413E+02
  0.388094E+02  0.165840E+02  0.158438E+02  0.000000E+00  0.000000E+00  0.289875E-04  0.157611E+02
  0.474019E+02  0.114819E+02  0.109564E+02  0.000000E+00  0.000000E+00  0.134603E-04  0.109102E+02
  0.578968E+02  0.794035E+01  0.756352E+01  0.000000E+00  0.000000E+00  0.623540E-05  0.754301E+01
  0.707154E+02  0.548490E+01  0.521082E+01  0.000000E+00  0.000000E+00  0.288394E-05  0.520837E+01
  0.863719E+02  0.378429E+01  0.358109E+01  0.000000E+00  0.000000E+00  0.133348E-05  0.359139E+01
  0.105495E+03  0.260761E+01  0.245324E+01  0.000000E+00  0.000000E+00  0.615927E-06  0.247254E+01
