  0.357574E-05  0.216877E+07  0.216877E+07  0.289168E+07  0.289168E+07  0.216959E+07  0.216881E+07
  0.369673E-05  0.216877E+07  0.216877E+07  0.289168E+07  0.289168E+07  0.216959E+07  0.216881E+07
  0.382181E-05  0.216877E+07  0.216877E+07  0.289167E+07  0.289167E+07  0.216959E+07  0.216881E+07
  0.395112E-05  0.216877E+07  0.216877E+07  0.289167E+07  0.289167E+07  0.216959E+07  0.216881E+07
  0.408481E-05  0.216877E+07  0.216877E+07  0.289167E+07  0.289167E+07  0.216959E+07  0.216881E+07
  0.422302E-05  0.216877E+07  0.216877E+07  0.289167E+07  0.289167E+07  0.216959E+07  0.216881E+07
  0.436590E-05  0.216877E+07  0.216877E+07  0.289167E+07  0.289167E+07  0.216959E+07  0.216881E+07
  0.451363E-05  0.216877E+07  0.216877E+07  0.289167E+07  0.289167E+07  0.216959E+07  0.216881E+07
  0.466635E-05  0.216877E+07  0.216877E+07  0.289166E+07  0.289166E+07  0.216959E+07  0.216881E+07
  0.482423E-05  0.216877E+07  0.216877E+07  0.289166E+07  0.289166E+07  0.216959E+07  0.216881E+07
  0.498746E-05  0.216877E+07  0.216877E+07  0.289166E+07  0.289166E+07  0.216959E+07  0.216881E+07
  0.515621E-05  0.216877E+07  0.216877E+07  0.289166E+07  0.289166E+07  0.216959E+07  0.216881E+07
  0.533068E-05  0.216877E+07  0.216877E+07  0.289166E+07  0.289166E+07  0.216959E+07  0.216881E+07
  0.551104E-05  0.216877E+07  0.216877E+07  0.289165E+07  0.289165E+07  0.216959E+07  0.216881E+07
  0.569751E-05  0.216877E+07  0.216877E+07  0.289165E+07  0.289165E+07  0.216959E+07  0.216881E+07
  0.589029E-05  0.216877E+07  0.216877E+07  0.289165E+07  0.289165E+07  0.216959E+07  0.216881E+07
  0.608959E-05  0.216877E+07  0.216877E+07  0.289164E+07  0.289164E+07  0.216959E+07  0.216881E+07
  0.629563E-05  0.216877E+07  0.216877E+07  0.289164E+07  0.289164E+07  0.216959E+07  0.216881E+07
  0.650864E-05  0.216877E+07  0.216877E+07  0.289164E+07  0.289164E+07  0.216959E+07  0.216881E+07
  0.672887E-05  0.216877E+07  0.216877E+07  0.289163E+07  0.289163E+07  0.216959E+07  0.216881E+07
  0.695654E-05  0.216877E+07  0.216877E+07  0.289163E+07  0.289163E+07  0.216959E+07  0.216881E+07
  0.719192E-05  0.216877E+07  0.216877E+07  0.289162E+07  0.289162E+07  0.216959E+07  0.216881E+07
  0.743526E-05  0.216877E+07  0.216877E+07  0.289162E+07  0.289162E+07  0.216959E+07  0.216881E+07
  0.768683E-05  0.216877E+07  0.216877E+07  0.289162E+07  0.289161E+07  0.216959E+07  0.216881E+07
  0.794692E-05  0.216877E+07  0.216877E+07  0.289161E+07  0.289161E+07  0.216959E+07  0.216881E+07
  0.821580E-05  0.216877E+07  0.216877E+07  0.289160E+07  0.289160E+07  0.216959E+07  0.216881E+07
  0.849379E-05  0.216877E+07  0.216877E+07  0.289160E+07  0.289160E+07  0.216959E+07  0.216880E+07
  0.878118E-05  0.216877E+07  0.216877E+07  0.289159E+07  0.289159E+07  0.216959E+07  0.216880E+07
  0.907829E-05  0.216877E+07  0.216877E+07  0.289158E+07  0.289158E+07  0.216959E+07  0.216880E+07
  0.938546E-05  0.216877E+07  0.216877E+07  0.289158E+07  0.289157E+07  0.216959E+07  0.216880E+07
  0.970302E-05  0.216877E+07  0.216877E+07  0.289157E+07  0.289157E+07  0.216959E+07  0.216880E+07
  0.100313E-04  0.216877E+07  0.216877E+07  0.289156E+07  0.289156E+07  0.216959E+07  0.216880E+07
  0.103707E-04  0.216877E+07  0.216877E+07  0.289155E+07  0.289155E+07  0.216959E+07  0.216880E+07
  0.107216E-04  0.216877E+07  0.216877E+07  0.289154E+07  0.289154E+07  0.216959E+07  0.216880E+07
  0.110844E-04  0.216877E+07  0.216877E+07  0.289153E+07  0.289153E+07  0.216959E+07  0.216880E+07
  0.114594E-04  0.216877E+07  0.216877E+07  0.289152E+07  0.289152E+07  0.216959E+07  0.216880E+07
  0.118472E-04  0.216877E+07  0.216877E+07  0.289151E+07  0.289150E+07  0.216959E+07  0.216880E+07
  0.122480E-04  0.216877E+07  0.216877E+07  0.289149E+07  0.289149E+07  0.216959E+07  0.216880E+07
  0.126624E-04  0.216877E+07  0.216877E+07  0.289148E+07  0.289148E+07  0.216959E+07  0.216880E+07
  0.130909E-04  0.216877E+07  0.216877E+07  0.289146E+07  0.289146E+07  0.216959E+07  0.216880E+07
  0.135338E-04  0.216877E+07  0.216877E+07  0.289145E+07  0.289144E+07  0.216959E+07  0.216880E+07
  0.139917E-04  0.216877E+07  0.216877E+07  0.289143E+07  0.289143E+07  0.216959E+07  0.216880E+07
  0.144652E-04  0.216877E+07  0.216877E+07  0.289141E+07  0.289141E+07  0.216959E+07  0.216880E+07
  0.149546E-04  0.216877E+07  0.216877E+07  0.289139E+07  0.289139E+07  0.216959E+07  0.216880E+07
  0.154606E-04  0.216877E+07  0.216877E+07  0.289137E+07  0.289137E+07  0.216959E+07  0.216880E+07
  0.159837E-04  0.216877E+07  0.216877E+07  0.289135E+07  0.289135E+07  0.216959E+07  0.216880E+07
  0.165245E-04  0.216877E+07  0.216877E+07  0.289133E+07  0.289132E+07  0.216959E+07  0.216880E+07
  0.170836E-04  0.216877E+07  0.216877E+07  0.289130E+07  0.289130E+07  0.216959E+07  0.216880E+07
  0.176617E-04  0.216877E+07  0.216877E+07  0.289128E+07  0.289127E+07  0.216958E+07  0.216880E+07
  0.182592E-04  0.216877E+07  0.216877E+07  0.289125E+07  0.289124E+07  0.216958E+07  0.216880E+07
  0.188770E-04  0.216877E+07  0.216877E+07  0.289122E+07  0.289121E+07  0.216958E+07  0.216880E+07
  0.195158E-04  0.216877E+07  0.216877E+07  0.289118E+07  0.289118E+07  0.216958E+07  0.216880E+07
  0.201761E-04  0.216877E+07  0.216877E+07  0.289115E+07  0.289114E+07  0.216958E+07  0.216880E+07
  0.208587E-04  0.216877E+07  0.216877E+07  0.289111E+07  0.289110E+07  0.216958E+07  0.216880E+07
  0.215645E-04  0.216877E+07  0.216877E+07  0.289107E+07  0.289106E+07  0.216958E+07  0.216880E+07
  0.222941E-04  0.216876E+07  0.216876E+07  0.289103E+07  0.289102E+07  0.216958E+07  0.216880E+07
  0.230485E-04  0.216876E+07  0.216876E+07  0.289098E+07  0.289097E+07  0.216958E+07  0.216880E+07
  0.238283E-04  0.216876E+07  0.216876E+07  0.289093E+07  0.289092E+07  0.216958E+07  0.216880E+07
  0.246346E-04  0.216876E+07  0.216876E+07  0.289088E+07  0.289087E+07  0.216958E+07  0.216880E+07
  0.254681E-04  0.216876E+07  0.216876E+07  0.289083E+07  0.289081E+07  0.216958E+07  0.216880E+07
  0.263298E-04  0.216876E+07  0.216876E+07  0.289077E+07  0.289075E+07  0.216957E+07  0.216880E+07
  0.272207E-04  0.216876E+07  0.216876E+07  0.289070E+07  0.289069E+07  0.216957E+07  0.216880E+07
  0.281417E-04  0.216876E+07  0.216876E+07  0.289063E+07  0.289062E+07  0.216957E+07  0.216880E+07
  0.290939E-04  0.216876E+07  0.216876E+07  0.289056E+07  0.289054E+07  0.216957E+07  0.216880E+07
  0.300783E-04  0.216876E+07  0.216876E+07  0.289048E+07  0.289046E+07  0.216957E+07  0.216880E+07
  0.310960E-04  0.216876E+07  0.216876E+07  0.289040E+07  0.289038E+07  0.216957E+07  0.216879E+07
  0.321481E-04  0.216876E+07  0.216876E+07  0.289031E+07  0.289029E+07  0.216956E+07  0.216879E+07
  0.332359E-04  0.216876E+07  0.216876E+07  0.289022E+07  0.289019E+07  0.216956E+07  0.216879E+07
  0.343604E-04  0.216876E+07  0.216876E+07  0.289011E+07  0.289009E+07  0.216956E+07  0.216879E+07
  0.355230E-04  0.216876E+07  0.216876E+07  0.289000E+07  0.288998E+07  0.216956E+07  0.216879E+07
  0.367249E-04  0.216876E+07  0.216876E+07  0.288989E+07  0.288986E+07  0.216955E+07  0.216879E+07
  0.379675E-04  0.216875E+07  0.216875E+07  0.288976E+07  0.288973E+07  0.216955E+07  0.216879E+07
  0.392522E-04  0.216875E+07  0.216875E+07  0.288963E+07  0.288960E+07  0.216955E+07  0.216879E+07
  0.405803E-04  0.216875E+07  0.216875E+07  0.288949E+07  0.288946E+07  0.216955E+07  0.216879E+07
  0.419533E-04  0.216875E+07  0.216875E+07  0.288934E+07  0.288930E+07  0.216954E+07  0.216878E+07
  0.433728E-04  0.216875E+07  0.216875E+07  0.288918E+07  0.288914E+07  0.216954E+07  0.216878E+07
  0.448404E-04  0.216875E+07  0.216875E+07  0.288900E+07  0.288896E+07  0.216954E+07  0.216878E+07
  0.463576E-04  0.216875E+07  0.216875E+07  0.288882E+07  0.288877E+07  0.216953E+07  0.216878E+07
  0.479261E-04  0.216874E+07  0.216874E+07  0.288862E+07  0.288857E+07  0.216953E+07  0.216878E+07
  0.495477E-04  0.216874E+07  0.216874E+07  0.288841E+07  0.288836E+07  0.216952E+07  0.216878E+07
  0.512241E-04  0.216874E+07  0.216874E+07  0.288818E+07  0.288813E+07  0.216952E+07  0.216877E+07
  0.529573E-04  0.216874E+07  0.216874E+07  0.288794E+07  0.288788E+07  0.216951E+07  0.216877E+07
  0.547492E-04  0.216874E+07  0.216874E+07  0.288768E+07  0.288762E+07  0.216951E+07  0.216877E+07
  0.566016E-04  0.216873E+07  0.216873E+07  0.288741E+07  0.288734E+07  0.216950E+07  0.216877E+07
  0.585167E-04  0.216873E+07  0.216873E+07  0.288711E+07  0.288704E+07  0.216949E+07  0.216876E+07
  0.604967E-04  0.216873E+07  0.216873E+07  0.288680E+07  0.288672E+07  0.216949E+07  0.216876E+07
  0.625436E-04  0.216873E+07  0.216873E+07  0.288646E+07  0.288638E+07  0.216948E+07  0.216876E+07
  0.646598E-04  0.216872E+07  0.216872E+07  0.288610E+07  0.288601E+07  0.216947E+07  0.216875E+07
  0.668476E-04  0.216872E+07  0.216872E+07  0.288571E+07  0.288562E+07  0.216946E+07  0.216875E+07
  0.691094E-04  0.216872E+07  0.216872E+07  0.288530E+07  0.288520E+07  0.216945E+07  0.216875E+07
  0.714477E-04  0.216871E+07  0.216871E+07  0.288486E+07  0.288476E+07  0.216944E+07  0.216874E+07
  0.738652E-04  0.216871E+07  0.216871E+07  0.288440E+07  0.288428E+07  0.216943E+07  0.216874E+07
  0.763644E-04  0.216870E+07  0.216870E+07  0.288389E+07  0.288377E+07  0.216942E+07  0.216873E+07
  0.789482E-04  0.216870E+07  0.216870E+07  0.288336E+07  0.288323E+07  0.216941E+07  0.216873E+07
  0.816195E-04  0.216869E+07  0.216869E+07  0.288278E+07  0.288265E+07  0.216940E+07  0.216872E+07
  0.843811E-04  0.216869E+07  0.216869E+07  0.288217E+07  0.288202E+07  0.216939E+07  0.216872E+07
  0.872361E-04  0.216868E+07  0.216868E+07  0.288152E+07  0.288136E+07  0.216937E+07  0.216871E+07
  0.901878E-04  0.216868E+07  0.216868E+07  0.288082E+07  0.288065E+07  0.216936E+07  0.216871E+07
  0.932393E-04  0.216867E+07  0.216867E+07  0.288007E+07  0.287989E+07  0.216934E+07  0.216870E+07
  0.963941E-04  0.216866E+07  0.216866E+07  0.287927E+07  0.287908E+07  0.216932E+07  0.216869E+07
  0.996556E-04  0.216866E+07  0.216866E+07  0.287842E+07  0.287822E+07  0.216930E+07  0.216868E+07
  0.103028E-03  0.216865E+07  0.216865E+07  0.287751E+07  0.287729E+07  0.216928E+07  0.216868E+07
  0.106513E-03  0.216864E+07  0.216864E+07  0.287654E+07  0.287630E+07  0.216926E+07  0.216867E+07
  0.110117E-03  0.216863E+07  0.216863E+07  0.287550E+07  0.287524E+07  0.216924E+07  0.216866E+07
  0.113843E-03  0.216862E+07  0.216862E+07  0.287438E+07  0.287412E+07  0.216921E+07  0.216865E+07
  0.117695E-03  0.216861E+07  0.216861E+07  0.287320E+07  0.287291E+07  0.216919E+07  0.216864E+07
  0.121677E-03  0.216860E+07  0.216860E+07  0.287193E+07  0.287162E+07  0.216916E+07  0.216862E+07
  0.125794E-03  0.216859E+07  0.216859E+07  0.287057E+07  0.287024E+07  0.216913E+07  0.216861E+07
  0.130051E-03  0.216858E+07  0.216857E+07  0.286912E+07  0.286877E+07  0.216910E+07  0.216860E+07
  0.134451E-03  0.216856E+07  0.216856E+07  0.286758E+07  0.286720E+07  0.216906E+07  0.216858E+07
  0.139000E-03  0.216855E+07  0.216855E+07  0.286592E+07  0.286552E+07  0.216903E+07  0.216857E+07
  0.143703E-03  0.216853E+07  0.216853E+07  0.286416E+07  0.286373E+07  0.216899E+07  0.216855E+07
  0.148566E-03  0.216852E+07  0.216851E+07  0.286227E+07  0.286182E+07  0.216895E+07  0.216854E+07
  0.153592E-03  0.216850E+07  0.216850E+07  0.286026E+07  0.285977E+07  0.216890E+07  0.216852E+07
  0.158789E-03  0.216848E+07  0.216848E+07  0.285811E+07  0.285759E+07  0.216886E+07  0.216850E+07
  0.164162E-03  0.216846E+07  0.216846E+07  0.285581E+07  0.285525E+07  0.216880E+07  0.216848E+07
  0.169716E-03  0.216844E+07  0.216844E+07  0.285335E+07  0.285276E+07  0.216875E+07  0.216845E+07
  0.175459E-03  0.216842E+07  0.216841E+07  0.285073E+07  0.285010E+07  0.216869E+07  0.216843E+07
  0.181395E-03  0.216839E+07  0.216839E+07  0.284793E+07  0.284726E+07  0.216863E+07  0.216840E+07
  0.187533E-03  0.216837E+07  0.216836E+07  0.284495E+07  0.284423E+07  0.216856E+07  0.216837E+07
  0.193878E-03  0.216834E+07  0.216833E+07  0.284175E+07  0.284099E+07  0.216849E+07  0.216834E+07
  0.200438E-03  0.216831E+07  0.216830E+07  0.283835E+07  0.283753E+07  0.216842E+07  0.216831E+07
  0.207220E-03  0.216828E+07  0.216827E+07  0.283471E+07  0.283383E+07  0.216834E+07  0.216828E+07
  0.214231E-03  0.216824E+07  0.216824E+07  0.283083E+07  0.282989E+07  0.216825E+07  0.216824E+07
  0.221480E-03  0.216821E+07  0.216820E+07  0.282668E+07  0.282569E+07  0.216816E+07  0.216820E+07
  0.228974E-03  0.216817E+07  0.216816E+07  0.282226E+07  0.282120E+07  0.216806E+07  0.216816E+07
  0.236721E-03  0.216813E+07  0.216812E+07  0.281754E+07  0.281640E+07  0.216795E+07  0.216812E+07
  0.244731E-03  0.216808E+07  0.216808E+07  0.281250E+07  0.281129E+07  0.216784E+07  0.216807E+07
  0.253011E-03  0.216804E+07  0.216803E+07  0.280713E+07  0.280584E+07  0.216772E+07  0.216802E+07
  0.261572E-03  0.216799E+07  0.216798E+07  0.280139E+07  0.280002E+07  0.216759E+07  0.216797E+07
  0.270422E-03  0.216793E+07  0.216792E+07  0.279527E+07  0.279381E+07  0.216746E+07  0.216791E+07
  0.279572E-03  0.216787E+07  0.216786E+07  0.278875E+07  0.278719E+07  0.216731E+07  0.216785E+07
  0.289032E-03  0.216781E+07  0.216780E+07  0.278179E+07  0.278013E+07  0.216715E+07  0.216778E+07
  0.298811E-03  0.216775E+07  0.216774E+07  0.277438E+07  0.277260E+07  0.216698E+07  0.216771E+07
  0.308921E-03  0.216768E+07  0.216766E+07  0.276647E+07  0.276458E+07  0.216681E+07  0.216764E+07
  0.319374E-03  0.216760E+07  0.216759E+07  0.275804E+07  0.275602E+07  0.216661E+07  0.216756E+07
  0.330180E-03  0.216752E+07  0.216751E+07  0.274905E+07  0.274691E+07  0.216641E+07  0.216747E+07
  0.341352E-03  0.216744E+07  0.216742E+07  0.273948E+07  0.273720E+07  0.216619E+07  0.216738E+07
  0.352902E-03  0.216734E+07  0.216733E+07  0.272929E+07  0.272686E+07  0.216596E+07  0.216728E+07
  0.364842E-03  0.216725E+07  0.216723E+07  0.271843E+07  0.271585E+07  0.216571E+07  0.216718E+07
  0.377187E-03  0.216714E+07  0.216712E+07  0.270687E+07  0.270412E+07  0.216544E+07  0.216707E+07
  0.389949E-03  0.216703E+07  0.216701E+07  0.269456E+07  0.269164E+07  0.216516E+07  0.216695E+07
  0.403143E-03  0.216691E+07  0.216689E+07  0.268147E+07  0.267837E+07  0.216485E+07  0.216682E+07
  0.416783E-03  0.216679E+07  0.216676E+07  0.266754E+07  0.266424E+07  0.216453E+07  0.216668E+07
  0.430885E-03  0.216665E+07  0.216662E+07  0.265272E+07  0.264922E+07  0.216418E+07  0.216654E+07
  0.445464E-03  0.216650E+07  0.216648E+07  0.263697E+07  0.263326E+07  0.216381E+07  0.216638E+07
  0.460537E-03  0.216635E+07  0.216632E+07  0.262024E+07  0.261630E+07  0.216341E+07  0.216622E+07
  0.476119E-03  0.216618E+07  0.216615E+07  0.260246E+07  0.259828E+07  0.216299E+07  0.216604E+07
  0.492229E-03  0.216601E+07  0.216597E+07  0.258358E+07  0.257916E+07  0.216254E+07  0.216585E+07
  0.508884E-03  0.216582E+07  0.216578E+07  0.256355E+07  0.255886E+07  0.216206E+07  0.216565E+07
  0.526102E-03  0.216562E+07  0.216558E+07  0.254230E+07  0.253734E+07  0.216154E+07  0.216544E+07
  0.543903E-03  0.216540E+07  0.216536E+07  0.251976E+07  0.251452E+07  0.216099E+07  0.216521E+07
  0.562306E-03  0.216517E+07  0.216513E+07  0.249589E+07  0.249034E+07  0.216040E+07  0.216496E+07
  0.581332E-03  0.216493E+07  0.216488E+07  0.247060E+07  0.246475E+07  0.215978E+07  0.216470E+07
  0.601001E-03  0.216467E+07  0.216462E+07  0.244384E+07  0.243767E+07  0.215911E+07  0.216442E+07
  0.621336E-03  0.216439E+07  0.216434E+07  0.241554E+07  0.240903E+07  0.215839E+07  0.216412E+07
  0.642359E-03  0.216409E+07  0.216403E+07  0.238563E+07  0.237878E+07  0.215763E+07  0.216380E+07
  0.664094E-03  0.216377E+07  0.216371E+07  0.235405E+07  0.234684E+07  0.215682E+07  0.216346E+07
  0.686563E-03  0.216343E+07  0.216337E+07  0.232073E+07  0.231316E+07  0.215595E+07  0.216310E+07
  0.709794E-03  0.216307E+07  0.216300E+07  0.228561E+07  0.227767E+07  0.215502E+07  0.216272E+07
  0.733810E-03  0.216269E+07  0.216262E+07  0.224862E+07  0.224030E+07  0.215403E+07  0.216230E+07
  0.758638E-03  0.216228E+07  0.216220E+07  0.220972E+07  0.220101E+07  0.215297E+07  0.216186E+07
  0.784307E-03  0.216184E+07  0.216176E+07  0.216884E+07  0.215974E+07  0.215185E+07  0.216140E+07
  0.810844E-03  0.216137E+07  0.216128E+07  0.212594E+07  0.211645E+07  0.215065E+07  0.216090E+07
  0.838279E-03  0.216087E+07  0.216078E+07  0.208098E+07  0.207110E+07  0.214936E+07  0.216036E+07
  0.866643E-03  0.216034E+07  0.216024E+07  0.203392E+07  0.202366E+07  0.214800E+07  0.215980E+07
  0.895966E-03  0.215977E+07  0.215967E+07  0.198475E+07  0.197411E+07  0.214654E+07  0.215919E+07
  0.926281E-03  0.215917E+07  0.215906E+07  0.193344E+07  0.192244E+07  0.214499E+07  0.215855E+07
  0.957622E-03  0.215853E+07  0.215841E+07  0.188001E+07  0.186866E+07  0.214333E+07  0.215786E+07
  0.990024E-03  0.215784E+07  0.215772E+07  0.182446E+07  0.181278E+07  0.214157E+07  0.215713E+07
  0.102352E-02  0.215712E+07  0.215698E+07  0.176684E+07  0.175486E+07  0.213969E+07  0.215635E+07
  0.105815E-02  0.215634E+07  0.215620E+07  0.170720E+07  0.169494E+07  0.213768E+07  0.215552E+07
  0.109396E-02  0.215552E+07  0.215536E+07  0.164561E+07  0.163312E+07  0.213555E+07  0.215464E+07
  0.113097E-02  0.215464E+07  0.215448E+07  0.158217E+07  0.156948E+07  0.213328E+07  0.215370E+07
  0.116924E-02  0.215371E+07  0.215353E+07  0.151700E+07  0.150418E+07  0.213086E+07  0.215270E+07
  0.120880E-02  0.215271E+07  0.215253E+07  0.145027E+07  0.143736E+07  0.212829E+07  0.215164E+07
  0.124970E-02  0.215166E+07  0.215147E+07  0.138215E+07  0.136922E+07  0.212555E+07  0.215051E+07
  0.129198E-02  0.215054E+07  0.215033E+07  0.131285E+07  0.129998E+07  0.212264E+07  0.214931E+07
  0.133570E-02  0.214935E+07  0.214913E+07  0.124264E+07  0.122990E+07  0.211954E+07  0.214804E+07
  0.138089E-02  0.214808E+07  0.214785E+07  0.117178E+07  0.115926E+07  0.211625E+07  0.214668E+07
  0.142761E-02  0.214674E+07  0.214650E+07  0.110060E+07  0.108838E+07  0.211275E+07  0.214525E+07
  0.147592E-02  0.214532E+07  0.214506E+07  0.102945E+07  0.101763E+07  0.210903E+07  0.214372E+07
  0.152586E-02  0.214381E+07  0.214353E+07  0.958698E+06  0.947381E+06  0.210509E+07  0.214211E+07
  0.157748E-02  0.214221E+07  0.214192E+07  0.888769E+06  0.878047E+06  0.210090E+07  0.214039E+07
  0.163086E-02  0.214051E+07  0.214020E+07  0.820094E+06  0.810064E+06  0.209646E+07  0.213858E+07
  0.168604E-02  0.213872E+07  0.213839E+07  0.753128E+06  0.743882E+06  0.209175E+07  0.213665E+07
  0.174309E-02  0.213682E+07  0.213647E+07  0.688338E+06  0.679961E+06  0.208676E+07  0.213462E+07
  0.180206E-02  0.213481E+07  0.213443E+07  0.626193E+06  0.618759E+06  0.208147E+07  0.213246E+07
  0.186304E-02  0.213268E+07  0.213229E+07  0.567156E+06  0.560724E+06  0.207587E+07  0.213018E+07
  0.192607E-02  0.213043E+07  0.213001E+07  0.511667E+06  0.506279E+06  0.206994E+07  0.212777E+07
  0.199124E-02  0.212806E+07  0.212761E+07  0.460134E+06  0.455806E+06  0.206368E+07  0.212523E+07
  0.205862E-02  0.212555E+07  0.212508E+07  0.412913E+06  0.409636E+06  0.205705E+07  0.212254E+07
  0.212827E-02  0.212291E+07  0.212241E+07  0.370294E+06  0.368028E+06  0.205006E+07  0.211970E+07
  0.220028E-02  0.212012E+07  0.211959E+07  0.332482E+06  0.331154E+06  0.204267E+07  0.211671E+07
  0.227473E-02  0.211717E+07  0.211661E+07  0.299585E+06  0.299086E+06  0.203488E+07  0.211356E+07
  0.235169E-02  0.211408E+07  0.211348E+07  0.271594E+06  0.271781E+06  0.202667E+07  0.211023E+07
  0.243127E-02  0.211082E+07  0.211018E+07  0.248378E+06  0.249074E+06  0.201803E+07  0.210674E+07
  0.251353E-02  0.210738E+07  0.210671E+07  0.229670E+06  0.230669E+06  0.200893E+07  0.210306E+07
  0.259857E-02  0.210378E+07  0.210306E+07  0.215069E+06  0.216145E+06  0.199936E+07  0.209919E+07
  0.268650E-02  0.209998E+07  0.209923E+07  0.204048E+06  0.204961E+06  0.198931E+07  0.209512E+07
  0.277740E-02  0.209600E+07  0.209520E+07  0.195962E+06  0.196475E+06  0.197876E+07  0.209085E+07
  0.287137E-02  0.209182E+07  0.209097E+07  0.190080E+06  0.189971E+06  0.196770E+07  0.208636E+07
  0.296852E-02  0.208743E+07  0.208653E+07  0.185613E+06  0.184693E+06  0.195612E+07  0.208166E+07
  0.306896E-02  0.208283E+07  0.208187E+07  0.181760E+06  0.179893E+06  0.194399E+07  0.207673E+07
  0.317280E-02  0.207801E+07  0.207698E+07  0.177758E+06  0.174875E+06  0.193132E+07  0.207156E+07
  0.328016E-02  0.207296E+07  0.207187E+07  0.172938E+06  0.169051E+06  0.191809E+07  0.206615E+07
  0.339114E-02  0.206767E+07  0.206651E+07  0.166782E+06  0.161992E+06  0.190430E+07  0.206048E+07
  0.350588E-02  0.206214E+07  0.206090E+07  0.158967E+06  0.153468E+06  0.188993E+07  0.205456E+07
  0.362450E-02  0.205635E+07  0.205503E+07  0.149413E+06  0.143475E+06  0.187498E+07  0.204837E+07
  0.374714E-02  0.205030E+07  0.204890E+07  0.138288E+06  0.132241E+06  0.185946E+07  0.204190E+07
  0.387393E-02  0.204398E+07  0.204249E+07  0.126008E+06  0.120210E+06  0.184335E+07  0.203514E+07
  0.400500E-02  0.203738E+07  0.203579E+07  0.113195E+06  0.107984E+06  0.182666E+07  0.202809E+07
  0.414051E-02  0.203049E+07  0.202880E+07  0.100600E+06  0.962520E+05  0.180940E+07  0.202075E+07
  0.428061E-02  0.202331E+07  0.202150E+07  0.890096E+05  0.856891E+05  0.179158E+07  0.201309E+07
  0.442544E-02  0.201582E+07  0.201390E+07  0.791208E+05  0.768457E+05  0.177320E+07  0.200511E+07
  0.457518E-02  0.200802E+07  0.200597E+07  0.714250E+05  0.700476E+05  0.175427E+07  0.199681E+07
  0.472998E-02  0.199989E+07  0.199772E+07  0.661054E+05  0.653227E+05  0.173481E+07  0.198819E+07
  0.489002E-02  0.199144E+07  0.198913E+07  0.629812E+05  0.623771E+05  0.171484E+07  0.197922E+07
  0.505548E-02  0.198266E+07  0.198019E+07  0.615153E+05  0.606348E+05  0.169438E+07  0.196991E+07
  0.522653E-02  0.197353E+07  0.197090E+07  0.608997E+05  0.593441E+05  0.167345E+07  0.196025E+07
  0.540337E-02  0.196405E+07  0.196126E+07  0.602131E+05  0.577390E+05  0.165208E+07  0.195023E+07
  0.558620E-02  0.195422E+07  0.195124E+07  0.586286E+05  0.552229E+05  0.163028E+07  0.193986E+07
  0.577521E-02  0.194402E+07  0.194086E+07  0.556232E+05  0.515299E+05  0.160809E+07  0.192912E+07
  0.597061E-02  0.193346E+07  0.193010E+07  0.511338E+05  0.468085E+05  0.158553E+07  0.191802E+07
  0.617263E-02  0.192253E+07  0.191895E+07  0.455976E+05  0.415902E+05  0.156262E+07  0.190654E+07
  0.638148E-02  0.191122E+07  0.190741E+07  0.398424E+05  0.366280E+05  0.153939E+07  0.189469E+07
  0.659740E-02  0.189978E+07  0.189572E+07  0.348387E+05  0.326474E+05  0.151835E+07  0.188279E+07
  0.682063E-02  0.188773E+07  0.188342E+07  0.313341E+05  0.300453E+05  0.149455E+07  0.187020E+07
  0.705141E-02  0.187530E+07  0.187071E+07  0.295956E+05  0.287541E+05  0.147046E+07  0.185723E+07
  0.728999E-02  0.186247E+07  0.185760E+07  0.292427E+05  0.282189E+05  0.144608E+07  0.184386E+07
  0.753665E-02  0.184926E+07  0.184408E+07  0.293778E+05  0.276306E+05  0.142144E+07  0.183011E+07
  0.779166E-02  0.183565E+07  0.183014E+07  0.289648E+05  0.262992E+05  0.139652E+07  0.181597E+07
  0.805529E-02  0.182165E+07  0.181580E+07  0.273255E+05  0.240055E+05  0.137135E+07  0.180144E+07
  0.832784E-02  0.180719E+07  0.180096E+07  0.245102E+05  0.211312E+05  0.134517E+07  0.178641E+07
  0.860962E-02  0.179238E+07  0.178577E+07  0.213168E+05  0.184582E+05  0.131940E+07  0.177108E+07
  0.890093E-02  0.177717E+07  0.177015E+07  0.181222E+05  0.166869E+05  0.129337E+07  0.175535E+07
  0.920209E-02  0.176157E+07  0.175411E+07  0.167725E+05  0.159719E+05  0.126710E+07  0.173922E+07
  0.951345E-02  0.174555E+07  0.173764E+07  0.166923E+05  0.157909E+05  0.124057E+07  0.172269E+07
  0.983534E-02  0.172914E+07  0.172074E+07  0.169289E+05  0.153093E+05  0.121381E+07  0.170575E+07
  0.101681E-01  0.171231E+07  0.170341E+07  0.163776E+05  0.140289E+05  0.118684E+07  0.168842E+07
  0.105122E-01  0.169511E+07  0.168566E+07  0.146594E+05  0.122120E+05  0.115993E+07  0.167071E+07
  0.108678E-01  0.167747E+07  0.166746E+07  0.124768E+05  0.106579E+05  0.113260E+07  0.165257E+07
  0.112356E-01  0.165942E+07  0.164881E+07  0.107823E+05  0.995020E+04  0.110512E+07  0.163403E+07
  0.116157E-01  0.164096E+07  0.162972E+07  0.104661E+05  0.985738E+04  0.107751E+07  0.161508E+07
  0.120087E-01  0.162208E+07  0.161018E+07  0.107434E+05  0.956417E+04  0.104979E+07  0.159573E+07
  0.124151E-01  0.160278E+07  0.159019E+07  0.104036E+05  0.858588E+04  0.102190E+07  0.157595E+07
  0.128351E-01  0.158306E+07  0.156975E+07  0.904691E+04  0.735087E+04  0.994017E+06  0.155578E+07
  0.132694E-01  0.156293E+07  0.154885E+07  0.759078E+04  0.665481E+04  0.966083E+06  0.153520E+07
  0.137184E-01  0.154238E+07  0.152751E+07  0.700499E+04  0.658316E+04  0.938122E+06  0.151421E+07
  0.141825E-01  0.152141E+07  0.150571E+07  0.723819E+04  0.638597E+04  0.910181E+06  0.149282E+07
  0.146624E-01  0.150003E+07  0.148345E+07  0.701234E+04  0.561055E+04  0.882253E+06  0.147102E+07
  0.151585E-01  0.147822E+07  0.146074E+07  0.592603E+04  0.000000E+00  0.854398E+06  0.144882E+07
  0.156714E-01  0.145599E+07  0.143758E+07  0.503673E+04  0.000000E+00  0.826661E+06  0.142621E+07
  0.162017E-01  0.143335E+07  0.141397E+07  0.501617E+04  0.000000E+00  0.799091E+06  0.140322E+07
  0.167499E-01  0.141030E+07  0.138991E+07  0.506484E+04  0.000000E+00  0.771745E+06  0.137983E+07
  0.173166E-01  0.138684E+07  0.136541E+07  0.432367E+04  0.000000E+00  0.744654E+06  0.135606E+07
  0.179025E-01  0.136299E+07  0.134049E+07  0.362993E+04  0.000000E+00  0.717835E+06  0.133192E+07
  0.185082E-01  0.133874E+07  0.131514E+07  0.371929E+04  0.000000E+00  0.691281E+06  0.130741E+07
  0.191345E-01  0.131411E+07  0.128938E+07  0.358823E+04  0.000000E+00  0.664969E+06  0.128253E+07
  0.197819E-01  0.128910E+07  0.126323E+07  0.290969E+04  0.000000E+00  0.638877E+06  0.125731E+07
  0.204512E-01  0.126374E+07  0.123669E+07  0.269888E+04  0.000000E+00  0.612998E+06  0.123175E+07
  0.211432E-01  0.123802E+07  0.120980E+07  0.279556E+04  0.000000E+00  0.587366E+06  0.120586E+07
  0.218586E-01  0.121198E+07  0.118257E+07  0.235908E+04  0.000000E+00  0.562053E+06  0.117967E+07
  0.225982E-01  0.118563E+07  0.115502E+07  0.218564E+04  0.000000E+00  0.537161E+06  0.115321E+07
  0.233628E-01  0.115900E+07  0.112720E+07  0.236147E+04  0.000000E+00  0.512794E+06  0.112650E+07
  0.241533E-01  0.113212E+07  0.109914E+07  0.208183E+04  0.000000E+00  0.489023E+06  0.109957E+07
  0.249705E-01  0.110501E+07  0.107089E+07  0.199423E+04  0.000000E+00  0.465871E+06  0.107246E+07
  0.258154E-01  0.107773E+07  0.104248E+07  0.178695E+04  0.000000E+00  0.443313E+06  0.104522E+07
  0.266889E-01  0.105031E+07  0.101399E+07  0.122064E+04  0.000000E+00  0.421310E+06  0.101787E+07
  0.275919E-01  0.102281E+07  0.985456E+06  0.117065E+04  0.000000E+00  0.399837E+06  0.990469E+06
  0.285255E-01  0.995260E+06  0.956954E+06  0.110715E+04  0.000000E+00  0.378909E+06  0.963064E+06
  0.294906E-01  0.967729E+06  0.928551E+06  0.116675E+04  0.000000E+00  0.358576E+06  0.935711E+06
  0.304885E-01  0.940273E+06  0.900320E+06  0.909667E+03  0.000000E+00  0.338901E+06  0.908473E+06
  0.315201E-01  0.912956E+06  0.872340E+06  0.796181E+03  0.000000E+00  0.319933E+06  0.881416E+06
  0.325865E-01  0.885848E+06  0.844697E+06  0.844415E+03  0.000000E+00  0.301702E+06  0.854609E+06
  0.336891E-01  0.859023E+06  0.817480E+06  0.671154E+03  0.000000E+00  0.284220E+06  0.828127E+06
  0.348290E-01  0.832557E+06  0.790782E+06  0.629581E+03  0.000000E+00  0.267488E+06  0.802044E+06
  0.360074E-01  0.806529E+06  0.764695E+06  0.608351E+03  0.000000E+00  0.251495E+06  0.776438E+06
  0.372258E-01  0.781018E+06  0.739313E+06  0.474341E+03  0.000000E+00  0.236229E+06  0.751387E+06
  0.384853E-01  0.756103E+06  0.714726E+06  0.525896E+03  0.000000E+00  0.221700E+06  0.726966E+06
  0.397875E-01  0.731857E+06  0.691017E+06  0.374585E+03  0.000000E+00  0.207934E+06  0.703251E+06
  0.411337E-01  0.708352E+06  0.668266E+06  0.424410E+03  0.000000E+00  0.194935E+06  0.680310E+06
  0.425255E-01  0.685652E+06  0.646539E+06  0.336176E+03  0.000000E+00  0.182664E+06  0.658203E+06
  0.439643E-01  0.663812E+06  0.625888E+06  0.310838E+03  0.000000E+00  0.171085E+06  0.636981E+06
  0.454298E-01  0.643172E+06  0.606629E+06  0.305185E+03  0.000000E+00  0.160357E+06  0.616974E+06
  0.468953E-01  0.624049E+06  0.589028E+06  0.259315E+03  0.000000E+00  0.150633E+06  0.598482E+06
  0.483608E-01  0.606334E+06  0.572946E+06  0.219618E+03  0.000000E+00  0.141807E+06  0.581392E+06
  0.498262E-01  0.589914E+06  0.558242E+06  0.200405E+03  0.000000E+00  0.133753E+06  0.565589E+06
  0.512917E-01  0.574676E+06  0.544773E+06  0.228938E+03  0.000000E+00  0.126374E+06  0.550953E+06
  0.527572E-01  0.560505E+06  0.532395E+06  0.186313E+03  0.000000E+00  0.119600E+06  0.537368E+06
  0.542227E-01  0.547287E+06  0.520965E+06  0.158032E+03  0.000000E+00  0.113371E+06  0.524717E+06
  0.556882E-01  0.534911E+06  0.510347E+06  0.176368E+03  0.000000E+00  0.107632E+06  0.512889E+06
  0.571536E-01  0.523270E+06  0.500409E+06  0.138543E+03  0.000000E+00  0.102326E+06  0.501775E+06
  0.586191E-01  0.512262E+06  0.491027E+06  0.134530E+03  0.000000E+00  0.973959E+05  0.491271E+06
  0.600846E-01  0.501791E+06  0.482086E+06  0.144792E+03  0.000000E+00  0.927925E+05  0.481281E+06
  0.615501E-01  0.491767E+06  0.473479E+06  0.984081E+02  0.000000E+00  0.884829E+05  0.471714E+06
  0.630155E-01  0.482110E+06  0.465113E+06  0.128526E+03  0.000000E+00  0.844378E+05  0.462491E+06
  0.644810E-01  0.472748E+06  0.456905E+06  0.983290E+02  0.000000E+00  0.806221E+05  0.453540E+06
  0.659465E-01  0.463617E+06  0.448785E+06  0.976763E+02  0.000000E+00  0.770042E+05  0.444796E+06
  0.674120E-01  0.454662E+06  0.440694E+06  0.897550E+02  0.000000E+00  0.735673E+05  0.436208E+06
  0.688775E-01  0.445839E+06  0.432584E+06  0.862798E+02  0.000000E+00  0.703019E+05  0.427730E+06
  0.703429E-01  0.437109E+06  0.424423E+06  0.663239E+02  0.000000E+00  0.671931E+05  0.419327E+06
  0.718084E-01  0.428446E+06  0.416185E+06  0.810355E+02  0.000000E+00  0.642231E+05  0.410972E+06
  0.732739E-01  0.419831E+06  0.407859E+06  0.746213E+02  0.000000E+00  0.613800E+05  0.402647E+06
  0.747394E-01  0.411255E+06  0.399448E+06  0.758151E+02  0.000000E+00  0.586587E+05  0.394348E+06
  0.762048E-01  0.402701E+06  0.390944E+06  0.569429E+02  0.000000E+00  0.560523E+05  0.386057E+06
  0.776703E-01  0.394181E+06  0.382371E+06  0.476763E+02  0.000000E+00  0.535578E+05  0.377788E+06
  0.791358E-01  0.385704E+06  0.373752E+06  0.601130E+02  0.000000E+00  0.511705E+05  0.369551E+06
  0.806013E-01  0.377282E+06  0.365116E+06  0.592301E+02  0.000000E+00  0.488847E+05  0.361361E+06
  0.820668E-01  0.368934E+06  0.356494E+06  0.540046E+02  0.000000E+00  0.466962E+05  0.353236E+06
  0.835322E-01  0.360679E+06  0.347923E+06  0.548373E+02  0.000000E+00  0.446048E+05  0.345198E+06
  0.849977E-01  0.352540E+06  0.339441E+06  0.521473E+02  0.000000E+00  0.426105E+05  0.337271E+06
  0.864632E-01  0.344541E+06  0.331086E+06  0.630888E+02  0.000000E+00  0.407102E+05  0.329481E+06
  0.879287E-01  0.336706E+06  0.322898E+06  0.175534E+02  0.000000E+00  0.388999E+05  0.321853E+06
  0.893941E-01  0.329061E+06  0.314914E+06  0.345734E+02  0.000000E+00  0.371795E+05  0.314411E+06
  0.908596E-01  0.321627E+06  0.307169E+06  0.378051E+02  0.000000E+00  0.355499E+05  0.307180E+06
  0.923251E-01  0.314428E+06  0.299696E+06  0.167510E+02  0.000000E+00  0.340089E+05  0.300183E+06
  0.941548E-01  0.305796E+06  0.290790E+06  0.182380E+02  0.000000E+00  0.322023E+05  0.291803E+06
  0.959845E-01  0.297589E+06  0.282397E+06  0.474817E+02  0.000000E+00  0.305204E+05  0.283849E+06
  0.978141E-01  0.289832E+06  0.274552E+06  0.248728E+02  0.000000E+00  0.289598E+05  0.276345E+06
  0.996438E-01  0.282541E+06  0.267275E+06  0.371913E+02  0.000000E+00  0.275164E+05  0.269306E+06
  0.101473E+00  0.275720E+06  0.260577E+06  0.296674E+02  0.000000E+00  0.261839E+05  0.262740E+06
  0.103303E+00  0.269369E+06  0.254451E+06  0.186441E+02  0.000000E+00  0.249530E+05  0.256642E+06
  0.105133E+00  0.263476E+06  0.248883E+06  0.142575E+02  0.000000E+00  0.238159E+05  0.251002E+06
  0.106963E+00  0.258023E+06  0.243843E+06  0.290194E+02  0.000000E+00  0.227671E+05  0.245800E+06
  0.108792E+00  0.252982E+06  0.239295E+06  0.133963E+02  0.000000E+00  0.217985E+05  0.241008E+06
  0.110622E+00  0.248322E+06  0.235193E+06  0.183252E+02  0.000000E+00  0.209008E+05  0.236592E+06
  0.112452E+00  0.244005E+06  0.231485E+06  0.233477E+02  0.000000E+00  0.200680E+05  0.232516E+06
  0.114281E+00  0.239989E+06  0.228112E+06  0.121808E+02  0.000000E+00  0.192937E+05  0.228736E+06
  0.116111E+00  0.236232E+06  0.225016E+06  0.164682E+02  0.000000E+00  0.185694E+05  0.225208E+06
  0.117941E+00  0.232689E+06  0.222135E+06  0.106973E+02  0.000000E+00  0.178883E+05  0.221886E+06
  0.119770E+00  0.229315E+06  0.219410E+06  0.141424E+02  0.000000E+00  0.172453E+05  0.218727E+06
  0.121600E+00  0.226068E+06  0.216784E+06  0.138358E+02  0.000000E+00  0.166357E+05  0.215686E+06
  0.123430E+00  0.222907E+06  0.214205E+06  0.210942E+02  0.000000E+00  0.160548E+05  0.212723E+06
  0.125259E+00  0.219798E+06  0.211624E+06  0.134818E+02  0.000000E+00  0.154975E+05  0.209802E+06
  0.127089E+00  0.216706E+06  0.209003E+06  0.159413E+02  0.000000E+00  0.149600E+05  0.206891E+06
  0.128919E+00  0.213607E+06  0.206306E+06  0.524393E+01  0.000000E+00  0.144407E+05  0.203963E+06
  0.130748E+00  0.210479E+06  0.203510E+06  0.104720E+02  0.000000E+00  0.139374E+05  0.200997E+06
  0.132578E+00  0.207306E+06  0.200598E+06  0.115814E+02  0.000000E+00  0.134473E+05  0.197978E+06
  0.134408E+00  0.204078E+06  0.197559E+06  0.000000E+00  0.000000E+00  0.129701E+05  0.194896E+06
  0.136237E+00  0.200791E+06  0.194391E+06  0.000000E+00  0.000000E+00  0.125055E+05  0.191748E+06
  0.138067E+00  0.197446E+06  0.191102E+06  0.000000E+00  0.000000E+00  0.120523E+05  0.188536E+06
  0.139897E+00  0.194051E+06  0.187704E+06  0.000000E+00  0.000000E+00  0.116106E+05  0.185267E+06
  0.141726E+00  0.190614E+06  0.184215E+06  0.000000E+00  0.000000E+00  0.111808E+05  0.181952E+06
  0.143556E+00  0.187149E+06  0.180655E+06  0.000000E+00  0.000000E+00  0.107637E+05  0.178603E+06
  0.145386E+00  0.183672E+06  0.177052E+06  0.000000E+00  0.000000E+00  0.103600E+05  0.175240E+06
  0.147215E+00  0.180203E+06  0.173434E+06  0.000000E+00  0.000000E+00  0.996954E+04  0.171881E+06
  0.149045E+00  0.176761E+06  0.169831E+06  0.000000E+00  0.000000E+00  0.959273E+04  0.168546E+06
  0.150875E+00  0.173366E+06  0.166271E+06  0.000000E+00  0.000000E+00  0.923103E+04  0.165256E+06
  0.152704E+00  0.170038E+06  0.162784E+06  0.000000E+00  0.000000E+00  0.888483E+04  0.162033E+06
  0.154534E+00  0.166795E+06  0.159398E+06  0.000000E+00  0.000000E+00  0.855387E+04  0.158893E+06
  0.156364E+00  0.163654E+06  0.156134E+06  0.000000E+00  0.000000E+00  0.823882E+04  0.155856E+06
  0.158193E+00  0.160631E+06  0.153016E+06  0.000000E+00  0.000000E+00  0.794000E+04  0.152936E+06
  0.160023E+00  0.157738E+06  0.150060E+06  0.000000E+00  0.000000E+00  0.765690E+04  0.150144E+06
  0.161853E+00  0.154982E+06  0.147277E+06  0.000000E+00  0.000000E+00  0.738922E+04  0.147492E+06
  0.163683E+00  0.152371E+06  0.144677E+06  0.000000E+00  0.000000E+00  0.713685E+04  0.144984E+06
  0.165512E+00  0.149909E+06  0.142263E+06  0.000000E+00  0.000000E+00  0.689943E+04  0.142624E+06
  0.167342E+00  0.147593E+06  0.140033E+06  0.000000E+00  0.000000E+00  0.667630E+04  0.140411E+06
  0.169172E+00  0.145422E+06  0.137984E+06  0.000000E+00  0.000000E+00  0.646622E+04  0.138343E+06
  0.171001E+00  0.143389E+06  0.136105E+06  0.000000E+00  0.000000E+00  0.626827E+04  0.136411E+06
  0.172831E+00  0.141486E+06  0.134385E+06  0.000000E+00  0.000000E+00  0.608210E+04  0.134609E+06
  0.174661E+00  0.139701E+06  0.132807E+06  0.000000E+00  0.000000E+00  0.590665E+04  0.132925E+06
  0.176490E+00  0.138023E+06  0.131355E+06  0.000000E+00  0.000000E+00  0.574050E+04  0.131345E+06
  0.178320E+00  0.136438E+06  0.130009E+06  0.000000E+00  0.000000E+00  0.558286E+04  0.129857E+06
  0.180150E+00  0.134930E+06  0.128748E+06  0.000000E+00  0.000000E+00  0.543294E+04  0.128445E+06
  0.181979E+00  0.133487E+06  0.127553E+06  0.000000E+00  0.000000E+00  0.528958E+04  0.127094E+06
  0.183809E+00  0.132091E+06  0.126403E+06  0.000000E+00  0.000000E+00  0.515187E+04  0.125790E+06
  0.185639E+00  0.130730E+06  0.125279E+06  0.000000E+00  0.000000E+00  0.501914E+04  0.124517E+06
  0.187468E+00  0.129390E+06  0.124162E+06  0.000000E+00  0.000000E+00  0.489074E+04  0.123262E+06
  0.189298E+00  0.128059E+06  0.123037E+06  0.000000E+00  0.000000E+00  0.476608E+04  0.122013E+06
  0.191128E+00  0.126726E+06  0.121890E+06  0.000000E+00  0.000000E+00  0.464434E+04  0.120760E+06
  0.192957E+00  0.125382E+06  0.120709E+06  0.000000E+00  0.000000E+00  0.452506E+04  0.119493E+06
  0.194787E+00  0.124020E+06  0.119486E+06  0.000000E+00  0.000000E+00  0.440829E+04  0.118206E+06
  0.196617E+00  0.122636E+06  0.118215E+06  0.000000E+00  0.000000E+00  0.429372E+04  0.116893E+06
  0.198446E+00  0.121225E+06  0.116892E+06  0.000000E+00  0.000000E+00  0.418087E+04  0.115551E+06
  0.200276E+00  0.119788E+06  0.115518E+06  0.000000E+00  0.000000E+00  0.406981E+04  0.114180E+06
  0.202106E+00  0.118325E+06  0.114094E+06  0.000000E+00  0.000000E+00  0.396067E+04  0.112781E+06
  0.203935E+00  0.116837E+06  0.112625E+06  0.000000E+00  0.000000E+00  0.385333E+04  0.111355E+06
  0.205765E+00  0.115329E+06  0.111116E+06  0.000000E+00  0.000000E+00  0.374790E+04  0.109908E+06
  0.207595E+00  0.113807E+06  0.109576E+06  0.000000E+00  0.000000E+00  0.364456E+04  0.108443E+06
  0.209424E+00  0.112275E+06  0.108015E+06  0.000000E+00  0.000000E+00  0.354350E+04  0.106969E+06
  0.211254E+00  0.110742E+06  0.106442E+06  0.000000E+00  0.000000E+00  0.344490E+04  0.105491E+06
  0.213084E+00  0.109213E+06  0.104868E+06  0.000000E+00  0.000000E+00  0.334877E+04  0.104017E+06
  0.214913E+00  0.107698E+06  0.103305E+06  0.000000E+00  0.000000E+00  0.325524E+04  0.102556E+06
  0.216743E+00  0.106202E+06  0.101762E+06  0.000000E+00  0.000000E+00  0.316475E+04  0.101113E+06
  0.218573E+00  0.104734E+06  0.100250E+06  0.000000E+00  0.000000E+00  0.307739E+04  0.996983E+05
  0.220402E+00  0.103300E+06  0.987785E+05  0.000000E+00  0.000000E+00  0.299301E+04  0.983166E+05
  0.222232E+00  0.101906E+06  0.973553E+05  0.000000E+00  0.000000E+00  0.291178E+04  0.969744E+05
  0.224062E+00  0.100557E+06  0.959873E+05  0.000000E+00  0.000000E+00  0.283386E+04  0.956767E+05
  0.225892E+00  0.992557E+05  0.946801E+05  0.000000E+00  0.000000E+00  0.275919E+04  0.944276E+05
  0.227721E+00  0.980066E+05  0.934375E+05  0.000000E+00  0.000000E+00  0.268774E+04  0.932300E+05
  0.229551E+00  0.968107E+05  0.922615E+05  0.000000E+00  0.000000E+00  0.261944E+04  0.920856E+05
  0.231381E+00  0.956688E+05  0.911530E+05  0.000000E+00  0.000000E+00  0.255424E+04  0.909949E+05
  0.233210E+00  0.945804E+05  0.901110E+05  0.000000E+00  0.000000E+00  0.249205E+04  0.899575E+05
  0.235040E+00  0.935440E+05  0.891332E+05  0.000000E+00  0.000000E+00  0.243259E+04  0.889718E+05
  0.236870E+00  0.925570E+05  0.882160E+05  0.000000E+00  0.000000E+00  0.237571E+04  0.880352E+05
  0.238699E+00  0.916161E+05  0.873545E+05  0.000000E+00  0.000000E+00  0.232142E+04  0.871442E+05
  0.240529E+00  0.907174E+05  0.865430E+05  0.000000E+00  0.000000E+00  0.226950E+04  0.862949E+05
  0.242359E+00  0.898564E+05  0.857755E+05  0.000000E+00  0.000000E+00  0.221955E+04  0.854827E+05
  0.244188E+00  0.890282E+05  0.850447E+05  0.000000E+00  0.000000E+00  0.217146E+04  0.847026E+05
  0.246018E+00  0.882273E+05  0.843436E+05  0.000000E+00  0.000000E+00  0.212514E+04  0.839490E+05
  0.247848E+00  0.874488E+05  0.836649E+05  0.000000E+00  0.000000E+00  0.208035E+04  0.832170E+05
  0.249677E+00  0.866875E+05  0.830018E+05  0.000000E+00  0.000000E+00  0.203690E+04  0.825012E+05
  0.251507E+00  0.859385E+05  0.823475E+05  0.000000E+00  0.000000E+00  0.199462E+04  0.817966E+05
  0.253337E+00  0.851971E+05  0.816959E+05  0.000000E+00  0.000000E+00  0.195338E+04  0.810987E+05
  0.255166E+00  0.844593E+05  0.810417E+05  0.000000E+00  0.000000E+00  0.191310E+04  0.804034E+05
  0.256996E+00  0.837215E+05  0.803800E+05  0.000000E+00  0.000000E+00  0.187357E+04  0.797070E+05
  0.258826E+00  0.829808E+05  0.797072E+05  0.000000E+00  0.000000E+00  0.183470E+04  0.790065E+05
  0.260655E+00  0.822348E+05  0.790205E+05  0.000000E+00  0.000000E+00  0.179657E+04  0.782999E+05
  0.262485E+00  0.814821E+05  0.783180E+05  0.000000E+00  0.000000E+00  0.175910E+04  0.775854E+05
  0.264315E+00  0.807215E+05  0.775988E+05  0.000000E+00  0.000000E+00  0.172211E+04  0.768620E+05
  0.266144E+00  0.799530E+05  0.768628E+05  0.000000E+00  0.000000E+00  0.168562E+04  0.761298E+05
  0.267974E+00  0.791768E+05  0.761111E+05  0.000000E+00  0.000000E+00  0.164972E+04  0.753891E+05
  0.269804E+00  0.783941E+05  0.753452E+05  0.000000E+00  0.000000E+00  0.161440E+04  0.746410E+05
  0.271633E+00  0.776060E+05  0.745674E+05  0.000000E+00  0.000000E+00  0.157965E+04  0.738868E+05
  0.273463E+00  0.768145E+05  0.737806E+05  0.000000E+00  0.000000E+00  0.154549E+04  0.731285E+05
  0.275293E+00  0.760218E+05  0.729880E+05  0.000000E+00  0.000000E+00  0.151196E+04  0.723685E+05
  0.277122E+00  0.752305E+05  0.721934E+05  0.000000E+00  0.000000E+00  0.147914E+04  0.716092E+05
  0.278952E+00  0.744430E+05  0.714005E+05  0.000000E+00  0.000000E+00  0.144701E+04  0.708533E+05
  0.280782E+00  0.736619E+05  0.706131E+05  0.000000E+00  0.000000E+00  0.141558E+04  0.701035E+05
  0.282612E+00  0.728900E+05  0.698348E+05  0.000000E+00  0.000000E+00  0.138500E+04  0.693625E+05
  0.284441E+00  0.721297E+05  0.690694E+05  0.000000E+00  0.000000E+00  0.135528E+04  0.686328E+05
  0.286271E+00  0.713832E+05  0.683198E+05  0.000000E+00  0.000000E+00  0.132632E+04  0.679167E+05
  0.288101E+00  0.706527E+05  0.675891E+05  0.000000E+00  0.000000E+00  0.129819E+04  0.672163E+05
  0.289930E+00  0.699399E+05  0.668796E+05  0.000000E+00  0.000000E+00  0.127097E+04  0.665334E+05
  0.291760E+00  0.692461E+05  0.661931E+05  0.000000E+00  0.000000E+00  0.124463E+04  0.658693E+05
  0.293590E+00  0.685723E+05  0.655311E+05  0.000000E+00  0.000000E+00  0.121916E+04  0.652252E+05
  0.295419E+00  0.679193E+05  0.648943E+05  0.000000E+00  0.000000E+00  0.119453E+04  0.646016E+05
  0.297249E+00  0.672872E+05  0.642830E+05  0.000000E+00  0.000000E+00  0.117072E+04  0.639987E+05
  0.299079E+00  0.666754E+05  0.636965E+05  0.000000E+00  0.000000E+00  0.114775E+04  0.634159E+05
  0.300908E+00  0.660838E+05  0.631343E+05  0.000000E+00  0.000000E+00  0.112552E+04  0.628532E+05
  0.302738E+00  0.655117E+05  0.625955E+05  0.000000E+00  0.000000E+00  0.110402E+04  0.623097E+05
  0.304568E+00  0.649579E+05  0.620783E+05  0.000000E+00  0.000000E+00  0.108327E+04  0.617843E+05
  0.306397E+00  0.644211E+05  0.615807E+05  0.000000E+00  0.000000E+00  0.106321E+04  0.612756E+05
  0.308227E+00  0.638997E+05  0.611007E+05  0.000000E+00  0.000000E+00  0.104370E+04  0.607819E+05
  0.310057E+00  0.633921E+05  0.606358E+05  0.000000E+00  0.000000E+00  0.102475E+04  0.603016E+05
  0.311886E+00  0.628963E+05  0.601837E+05  0.000000E+00  0.000000E+00  0.100636E+04  0.598329E+05
  0.313716E+00  0.624106E+05  0.597417E+05  0.000000E+00  0.000000E+00  0.988482E+03  0.593738E+05
  0.315546E+00  0.619332E+05  0.593074E+05  0.000000E+00  0.000000E+00  0.971017E+03  0.589226E+05
  0.317375E+00  0.614623E+05  0.588785E+05  0.000000E+00  0.000000E+00  0.953932E+03  0.584775E+05
  0.319205E+00  0.609964E+05  0.584529E+05  0.000000E+00  0.000000E+00  0.937226E+03  0.580369E+05
  0.321035E+00  0.605338E+05  0.580285E+05  0.000000E+00  0.000000E+00  0.920878E+03  0.575992E+05
  0.322864E+00  0.600733E+05  0.576037E+05  0.000000E+00  0.000000E+00  0.904814E+03  0.571631E+05
  0.324694E+00  0.596139E+05  0.571771E+05  0.000000E+00  0.000000E+00  0.889002E+03  0.567276E+05
  0.326524E+00  0.591546E+05  0.567475E+05  0.000000E+00  0.000000E+00  0.873488E+03  0.562918E+05
  0.328353E+00  0.586947E+05  0.563144E+05  0.000000E+00  0.000000E+00  0.858250E+03  0.558551E+05
  0.330183E+00  0.582341E+05  0.558773E+05  0.000000E+00  0.000000E+00  0.843207E+03  0.554171E+05
  0.332013E+00  0.577724E+05  0.554360E+05  0.000000E+00  0.000000E+00  0.828366E+03  0.549776E+05
  0.333842E+00  0.573096E+05  0.549908E+05  0.000000E+00  0.000000E+00  0.813781E+03  0.545368E+05
  0.335672E+00  0.568462E+05  0.545422E+05  0.000000E+00  0.000000E+00  0.799446E+03  0.540948E+05
  0.337502E+00  0.563824E+05  0.540909E+05  0.000000E+00  0.000000E+00  0.785323E+03  0.536522E+05
  0.339332E+00  0.559190E+05  0.536378E+05  0.000000E+00  0.000000E+00  0.771405E+03  0.532097E+05
  0.341161E+00  0.554566E+05  0.531839E+05  0.000000E+00  0.000000E+00  0.757732E+03  0.527678E+05
  0.342991E+00  0.549961E+05  0.527306E+05  0.000000E+00  0.000000E+00  0.744335E+03  0.523275E+05
  0.344821E+00  0.545383E+05  0.522790E+05  0.000000E+00  0.000000E+00  0.731187E+03  0.518898E+05
  0.346650E+00  0.540841E+05  0.518306E+05  0.000000E+00  0.000000E+00  0.718268E+03  0.514554E+05
  0.348480E+00  0.536343E+05  0.513864E+05  0.000000E+00  0.000000E+00  0.705629E+03  0.510252E+05
  0.350310E+00  0.531900E+05  0.509478E+05  0.000000E+00  0.000000E+00  0.693290E+03  0.506003E+05
  0.352139E+00  0.527518E+05  0.505159E+05  0.000000E+00  0.000000E+00  0.681210E+03  0.501813E+05
  0.353969E+00  0.523205E+05  0.500916E+05  0.000000E+00  0.000000E+00  0.669391E+03  0.497691E+05
  0.355799E+00  0.518966E+05  0.496759E+05  0.000000E+00  0.000000E+00  0.657872E+03  0.493642E+05
  0.357628E+00  0.514808E+05  0.492694E+05  0.000000E+00  0.000000E+00  0.646659E+03  0.489671E+05
  0.359458E+00  0.510733E+05  0.488726E+05  0.000000E+00  0.000000E+00  0.635726E+03  0.485783E+05
  0.361288E+00  0.506744E+05  0.484858E+05  0.000000E+00  0.000000E+00  0.625051E+03  0.481978E+05
  0.363117E+00  0.502842E+05  0.481092E+05  0.000000E+00  0.000000E+00  0.614647E+03  0.478260E+05
  0.364947E+00  0.499026E+05  0.477428E+05  0.000000E+00  0.000000E+00  0.604537E+03  0.474626E+05
  0.366777E+00  0.495296E+05  0.473862E+05  0.000000E+00  0.000000E+00  0.594692E+03  0.471076E+05
  0.368606E+00  0.491648E+05  0.470392E+05  0.000000E+00  0.000000E+00  0.585075E+03  0.467607E+05
  0.370436E+00  0.488079E+05  0.467011E+05  0.000000E+00  0.000000E+00  0.575701E+03  0.464216E+05
  0.372266E+00  0.484584E+05  0.463715E+05  0.000000E+00  0.000000E+00  0.566574E+03  0.460897E+05
  0.374095E+00  0.481159E+05  0.460495E+05  0.000000E+00  0.000000E+00  0.557659E+03  0.457645E+05
  0.375925E+00  0.477796E+05  0.457344E+05  0.000000E+00  0.000000E+00  0.548945E+03  0.454455E+05
  0.377755E+00  0.474491E+05  0.454253E+05  0.000000E+00  0.000000E+00  0.540435E+03  0.451321E+05
  0.379584E+00  0.471237E+05  0.451214E+05  0.000000E+00  0.000000E+00  0.532114E+03  0.448235E+05
  0.381414E+00  0.468029E+05  0.448219E+05  0.000000E+00  0.000000E+00  0.523962E+03  0.445193E+05
  0.383244E+00  0.464859E+05  0.445259E+05  0.000000E+00  0.000000E+00  0.515964E+03  0.442187E+05
  0.385073E+00  0.461722E+05  0.442328E+05  0.000000E+00  0.000000E+00  0.508117E+03  0.439212E+05
  0.386903E+00  0.458613E+05  0.439417E+05  0.000000E+00  0.000000E+00  0.500428E+03  0.436263E+05
  0.388733E+00  0.455527E+05  0.436521E+05  0.000000E+00  0.000000E+00  0.492876E+03  0.433335E+05
  0.390562E+00  0.452461E+05  0.433635E+05  0.000000E+00  0.000000E+00  0.485439E+03  0.430424E+05
  0.392392E+00  0.449411E+05  0.430754E+05  0.000000E+00  0.000000E+00  0.478128E+03  0.427527E+05
  0.394222E+00  0.446374E+05  0.427876E+05  0.000000E+00  0.000000E+00  0.470943E+03  0.424641E+05
  0.396051E+00  0.443348E+05  0.424999E+05  0.000000E+00  0.000000E+00  0.463863E+03  0.421765E+05
  0.397881E+00  0.440333E+05  0.422121E+05  0.000000E+00  0.000000E+00  0.456890E+03  0.418897E+05
  0.399711E+00  0.437329E+05  0.419242E+05  0.000000E+00  0.000000E+00  0.450036E+03  0.416037E+05
  0.401541E+00  0.434334E+05  0.416364E+05  0.000000E+00  0.000000E+00  0.443288E+03  0.413186E+05
  0.403370E+00  0.431351E+05  0.413488E+05  0.000000E+00  0.000000E+00  0.436635E+03  0.410344E+05
  0.405200E+00  0.428381E+05  0.410617E+05  0.000000E+00  0.000000E+00  0.430082E+03  0.407513E+05
  0.407030E+00  0.425426E+05  0.407753E+05  0.000000E+00  0.000000E+00  0.423642E+03  0.404696E+05
  0.408859E+00  0.422488E+05  0.404900E+05  0.000000E+00  0.000000E+00  0.417323E+03  0.401894E+05
  0.410689E+00  0.419568E+05  0.402062E+05  0.000000E+00  0.000000E+00  0.411105E+03  0.399109E+05
  0.412519E+00  0.416671E+05  0.399243E+05  0.000000E+00  0.000000E+00  0.404976E+03  0.396346E+05
  0.414348E+00  0.413799E+05  0.396447E+05  0.000000E+00  0.000000E+00  0.398961E+03  0.393606E+05
  0.416178E+00  0.410954E+05  0.393678E+05  0.000000E+00  0.000000E+00  0.393068E+03  0.390892E+05
  0.418008E+00  0.408139E+05  0.390938E+05  0.000000E+00  0.000000E+00  0.387275E+03  0.388206E+05
  0.419837E+00  0.405356E+05  0.388233E+05  0.000000E+00  0.000000E+00  0.381586E+03  0.385552E+05
  0.421667E+00  0.402608E+05  0.385565E+05  0.000000E+00  0.000000E+00  0.376016E+03  0.382931E+05
  0.423497E+00  0.399895E+05  0.382935E+05  0.000000E+00  0.000000E+00  0.370561E+03  0.380345E+05
  0.425326E+00  0.397221E+05  0.380348E+05  0.000000E+00  0.000000E+00  0.365207E+03  0.377796E+05
  0.427156E+00  0.394584E+05  0.377802E+05  0.000000E+00  0.000000E+00  0.359949E+03  0.375285E+05
  0.428986E+00  0.391987E+05  0.375301E+05  0.000000E+00  0.000000E+00  0.354805E+03  0.372811E+05
  0.430815E+00  0.389430E+05  0.372843E+05  0.000000E+00  0.000000E+00  0.349784E+03  0.370376E+05
  0.432645E+00  0.386911E+05  0.370429E+05  0.000000E+00  0.000000E+00  0.344861E+03  0.367980E+05
  0.434475E+00  0.384432E+05  0.368058E+05  0.000000E+00  0.000000E+00  0.340015E+03  0.365621E+05
  0.436304E+00  0.381990E+05  0.365728E+05  0.000000E+00  0.000000E+00  0.335270E+03  0.363298E+05
  0.438134E+00  0.379585E+05  0.363437E+05  0.000000E+00  0.000000E+00  0.330637E+03  0.361011E+05
  0.439964E+00  0.377214E+05  0.361184E+05  0.000000E+00  0.000000E+00  0.326093E+03  0.358758E+05
  0.441793E+00  0.374877E+05  0.358966E+05  0.000000E+00  0.000000E+00  0.321628E+03  0.356537E+05
  0.443623E+00  0.372570E+05  0.356780E+05  0.000000E+00  0.000000E+00  0.317250E+03  0.354346E+05
  0.445453E+00  0.370293E+05  0.354624E+05  0.000000E+00  0.000000E+00  0.312959E+03  0.352183E+05
  0.447282E+00  0.368043E+05  0.352494E+05  0.000000E+00  0.000000E+00  0.308744E+03  0.350046E+05
  0.449112E+00  0.365818E+05  0.350388E+05  0.000000E+00  0.000000E+00  0.304592E+03  0.347932E+05
  0.450942E+00  0.363615E+05  0.348304E+05  0.000000E+00  0.000000E+00  0.300512E+03  0.345839E+05
  0.452771E+00  0.361433E+05  0.346237E+05  0.000000E+00  0.000000E+00  0.296519E+03  0.343767E+05
  0.454601E+00  0.359269E+05  0.344187E+05  0.000000E+00  0.000000E+00  0.292593E+03  0.341711E+05
  0.456431E+00  0.357123E+05  0.342150E+05  0.000000E+00  0.000000E+00  0.288711E+03  0.339672E+05
  0.458261E+00  0.354993E+05  0.340126E+05  0.000000E+00  0.000000E+00  0.284886E+03  0.337647E+05
  0.460090E+00  0.352876E+05  0.338112E+05  0.000000E+00  0.000000E+00  0.281135E+03  0.335636E+05
  0.461920E+00  0.350774E+05  0.336107E+05  0.000000E+00  0.000000E+00  0.277445E+03  0.333636E+05
  0.463750E+00  0.348683E+05  0.334112E+05  0.000000E+00  0.000000E+00  0.273802E+03  0.331648E+05
  0.465579E+00  0.346605E+05  0.332124E+05  0.000000E+00  0.000000E+00  0.270210E+03  0.329671E+05
  0.467409E+00  0.344539E+05  0.330145E+05  0.000000E+00  0.000000E+00  0.266674E+03  0.327706E+05
  0.469239E+00  0.342485E+05  0.328174E+05  0.000000E+00  0.000000E+00  0.263193E+03  0.325751E+05
  0.471068E+00  0.340443E+05  0.326212E+05  0.000000E+00  0.000000E+00  0.259759E+03  0.323807E+05
  0.472898E+00  0.338414E+05  0.324259E+05  0.000000E+00  0.000000E+00  0.256374E+03  0.321875E+05
  0.474728E+00  0.336398E+05  0.322318E+05  0.000000E+00  0.000000E+00  0.253050E+03  0.319955E+05
  0.476557E+00  0.334396E+05  0.320387E+05  0.000000E+00  0.000000E+00  0.249780E+03  0.318048E+05
  0.478387E+00  0.332409E+05  0.318470E+05  0.000000E+00  0.000000E+00  0.246548E+03  0.316155E+05
  0.480217E+00  0.330437E+05  0.316567E+05  0.000000E+00  0.000000E+00  0.243361E+03  0.314277E+05
  0.482046E+00  0.328481E+05  0.314679E+05  0.000000E+00  0.000000E+00  0.240233E+03  0.312415E+05
  0.483876E+00  0.326542E+05  0.312807E+05  0.000000E+00  0.000000E+00  0.237152E+03  0.310567E+05
  0.485706E+00  0.324619E+05  0.310952E+05  0.000000E+00  0.000000E+00  0.234129E+03  0.308735E+05
  0.487535E+00  0.322715E+05  0.309115E+05  0.000000E+00  0.000000E+00  0.231153E+03  0.306922E+05
  0.489365E+00  0.320830E+05  0.307298E+05  0.000000E+00  0.000000E+00  0.228219E+03  0.305127E+05
  0.491195E+00  0.318966E+05  0.305502E+05  0.000000E+00  0.000000E+00  0.225332E+03  0.303352E+05
  0.493024E+00  0.317122E+05  0.303728E+05  0.000000E+00  0.000000E+00  0.222496E+03  0.301596E+05
  0.494854E+00  0.315299E+05  0.301975E+05  0.000000E+00  0.000000E+00  0.219712E+03  0.299861E+05
  0.496684E+00  0.313497E+05  0.300245E+05  0.000000E+00  0.000000E+00  0.216980E+03  0.298146E+05
  0.498513E+00  0.311716E+05  0.298536E+05  0.000000E+00  0.000000E+00  0.214294E+03  0.296451E+05
  0.500343E+00  0.309956E+05  0.296849E+05  0.000000E+00  0.000000E+00  0.211643E+03  0.294776E+05
  0.502173E+00  0.308216E+05  0.295184E+05  0.000000E+00  0.000000E+00  0.209036E+03  0.293121E+05
  0.504002E+00  0.306496E+05  0.293539E+05  0.000000E+00  0.000000E+00  0.206478E+03  0.291485E+05
  0.505832E+00  0.304795E+05  0.291914E+05  0.000000E+00  0.000000E+00  0.203966E+03  0.289867E+05
  0.507662E+00  0.303113E+05  0.290308E+05  0.000000E+00  0.000000E+00  0.201498E+03  0.288268E+05
  0.509492E+00  0.301448E+05  0.288720E+05  0.000000E+00  0.000000E+00  0.199068E+03  0.286685E+05
  0.511321E+00  0.299801E+05  0.287149E+05  0.000000E+00  0.000000E+00  0.196670E+03  0.285119E+05
  0.513151E+00  0.298170E+05  0.285595E+05  0.000000E+00  0.000000E+00  0.194308E+03  0.283568E+05
  0.514980E+00  0.296554E+05  0.284056E+05  0.000000E+00  0.000000E+00  0.191985E+03  0.282032E+05
  0.516810E+00  0.294953E+05  0.282530E+05  0.000000E+00  0.000000E+00  0.189703E+03  0.280511E+05
  0.518640E+00  0.293366E+05  0.281018E+05  0.000000E+00  0.000000E+00  0.187459E+03  0.279002E+05
  0.520470E+00  0.291792E+05  0.279518E+05  0.000000E+00  0.000000E+00  0.185246E+03  0.277506E+05
  0.522299E+00  0.290231E+05  0.278030E+05  0.000000E+00  0.000000E+00  0.183055E+03  0.276022E+05
  0.524129E+00  0.288682E+05  0.276552E+05  0.000000E+00  0.000000E+00  0.180898E+03  0.274549E+05
  0.525959E+00  0.287144E+05  0.275084E+05  0.000000E+00  0.000000E+00  0.178780E+03  0.273086E+05
  0.527788E+00  0.285617E+05  0.273626E+05  0.000000E+00  0.000000E+00  0.176693E+03  0.271634E+05
  0.529618E+00  0.284101E+05  0.272177E+05  0.000000E+00  0.000000E+00  0.174631E+03  0.270192E+05
  0.531448E+00  0.282594E+05  0.270736E+05  0.000000E+00  0.000000E+00  0.172596E+03  0.268760E+05
  0.533277E+00  0.281099E+05  0.269304E+05  0.000000E+00  0.000000E+00  0.170590E+03  0.267337E+05
  0.535107E+00  0.279613E+05  0.267881E+05  0.000000E+00  0.000000E+00  0.168612E+03  0.265923E+05
  0.536937E+00  0.278137E+05  0.266466E+05  0.000000E+00  0.000000E+00  0.166662E+03  0.264519E+05
  0.538766E+00  0.276671E+05  0.265060E+05  0.000000E+00  0.000000E+00  0.164739E+03  0.263124E+05
  0.540596E+00  0.275215E+05  0.263663E+05  0.000000E+00  0.000000E+00  0.162848E+03  0.261738E+05
  0.542426E+00  0.273769E+05  0.262275E+05  0.000000E+00  0.000000E+00  0.160982E+03  0.260362E+05
  0.544255E+00  0.272333E+05  0.260896E+05  0.000000E+00  0.000000E+00  0.159132E+03  0.258996E+05
  0.546085E+00  0.270908E+05  0.259526E+05  0.000000E+00  0.000000E+00  0.157307E+03  0.257639E+05
  0.547915E+00  0.269493E+05  0.258167E+05  0.000000E+00  0.000000E+00  0.155518E+03  0.256293E+05
  0.549744E+00  0.268089E+05  0.256817E+05  0.000000E+00  0.000000E+00  0.153758E+03  0.254957E+05
  0.551574E+00  0.266696E+05  0.255478E+05  0.000000E+00  0.000000E+00  0.152017E+03  0.253631E+05
  0.553404E+00  0.265314E+05  0.254150E+05  0.000000E+00  0.000000E+00  0.150295E+03  0.252315E+05
  0.555233E+00  0.263943E+05  0.252833E+05  0.000000E+00  0.000000E+00  0.148598E+03  0.251011E+05
  0.557063E+00  0.262584E+05  0.251528E+05  0.000000E+00  0.000000E+00  0.146931E+03  0.249717E+05
  0.558893E+00  0.261236E+05  0.250234E+05  0.000000E+00  0.000000E+00  0.145289E+03  0.248435E+05
  0.560722E+00  0.259901E+05  0.248951E+05  0.000000E+00  0.000000E+00  0.143668E+03  0.247164E+05
  0.562552E+00  0.258577E+05  0.247681E+05  0.000000E+00  0.000000E+00  0.142072E+03  0.245904E+05
  0.564382E+00  0.257265E+05  0.246423E+05  0.000000E+00  0.000000E+00  0.140499E+03  0.244656E+05
  0.566211E+00  0.255964E+05  0.245176E+05  0.000000E+00  0.000000E+00  0.138943E+03  0.243419E+05
  0.568041E+00  0.254676E+05  0.243941E+05  0.000000E+00  0.000000E+00  0.137409E+03  0.242193E+05
  0.569871E+00  0.253399E+05  0.242718E+05  0.000000E+00  0.000000E+00  0.135906E+03  0.240978E+05
  0.571701E+00  0.252134E+05  0.241507E+05  0.000000E+00  0.000000E+00  0.134427E+03  0.239775E+05
  0.573530E+00  0.250880E+05  0.240307E+05  0.000000E+00  0.000000E+00  0.132964E+03  0.238582E+05
  0.575360E+00  0.249637E+05  0.239119E+05  0.000000E+00  0.000000E+00  0.131516E+03  0.237401E+05
  0.577190E+00  0.248406E+05  0.237941E+05  0.000000E+00  0.000000E+00  0.130089E+03  0.236229E+05
  0.579019E+00  0.247185E+05  0.236774E+05  0.000000E+00  0.000000E+00  0.128689E+03  0.235069E+05
  0.580849E+00  0.245975E+05  0.235617E+05  0.000000E+00  0.000000E+00  0.127311E+03  0.233918E+05
  0.582679E+00  0.244775E+05  0.234470E+05  0.000000E+00  0.000000E+00  0.125948E+03  0.232777E+05
  0.584508E+00  0.243585E+05  0.233333E+05  0.000000E+00  0.000000E+00  0.124602E+03  0.231645E+05
  0.586338E+00  0.242404E+05  0.232205E+05  0.000000E+00  0.000000E+00  0.123275E+03  0.230522E+05
  0.588168E+00  0.241233E+05  0.231085E+05  0.000000E+00  0.000000E+00  0.121966E+03  0.229409E+05
  0.589997E+00  0.240071E+05  0.229974E+05  0.000000E+00  0.000000E+00  0.120675E+03  0.228303E+05
  0.710818E+00  0.178925E+05  0.171399E+05  0.000000E+00  0.000000E+00  0.633171E+02  0.170143E+05
  0.868196E+00  0.129865E+05  0.124406E+05  0.000000E+00  0.000000E+00  0.313727E+02  0.123485E+05
  0.106042E+01  0.938181E+04  0.898750E+04  0.000000E+00  0.000000E+00  0.154065E+02  0.892062E+04
  0.129520E+01  0.674867E+04  0.646509E+04  0.000000E+00  0.000000E+00  0.750678E+01  0.641678E+04
  0.158196E+01  0.483583E+04  0.463265E+04  0.000000E+00  0.000000E+00  0.496558E+01  0.459799E+04
  0.193220E+01  0.345291E+04  0.330785E+04  0.000000E+00  0.000000E+00  0.240023E+01  0.328304E+04
  0.236000E+01  0.245750E+04  0.235426E+04  0.000000E+00  0.000000E+00  0.115330E+01  0.233658E+04
  0.288251E+01  0.174386E+04  0.167061E+04  0.000000E+00  0.000000E+00  0.551437E+00  0.165805E+04
  0.352071E+01  0.123409E+04  0.118225E+04  0.000000E+00  0.000000E+00  0.262520E+00  0.117336E+04
  0.430020E+01  0.871155E+03  0.834555E+03  0.000000E+00  0.000000E+00  0.124547E+00  0.828277E+03
  0.525228E+01  0.613532E+03  0.587749E+03  0.000000E+00  0.000000E+00  0.588978E-01  0.583332E+03
  0.641515E+01  0.431171E+03  0.413044E+03  0.000000E+00  0.000000E+00  0.277790E-01  0.409946E+03
  0.783548E+01  0.302415E+03  0.289692E+03  0.000000E+00  0.000000E+00  0.130701E-01  0.287526E+03
  0.957028E+01  0.211718E+03  0.202802E+03  0.000000E+00  0.000000E+00  0.613687E-02  0.201293E+03
  0.116892E+02  0.147969E+03  0.141727E+03  0.000000E+00  0.000000E+00  0.287604E-02  0.140681E+03
  0.142772E+02  0.103250E+03  0.988843E+02  0.000000E+00  0.000000E+00  0.134540E-02  0.981633E+02
  0.174382E+02  0.719384E+02  0.688857E+02  0.000000E+00  0.000000E+00  0.628553E-03  0.683926E+02
  0.212990E+02  0.500523E+02  0.479170E+02  0.000000E+00  0.000000E+00  0.293185E-03  0.475836E+02
  0.260147E+02  0.347787E+02  0.332832E+02  0.000000E+00  0.000000E+00  0.136573E-03  0.330616E+02
  0.317744E+02  0.241357E+02  0.230855E+02  0.000000E+00  0.000000E+00  0.635414E-04  0.229422E+02
  0.388094E+02  0.167296E+02  0.159889E+02  0.000000E+00  0.000000E+00  0.295144E-04  0.159004E+02
  0.474019E+02  0.115826E+02  0.110568E+02  0.000000E+00  0.000000E+00  0.136943E-04  0.110066E+02
  0.578968E+02  0.801002E+01  0.763289E+01  0.000000E+00  0.000000E+00  0.634849E-05  0.760965E+01
  0.707154E+02  0.553301E+01  0.525867E+01  0.000000E+00  0.000000E+00  0.294045E-05  0.525438E+01
  0.863719E+02  0.381747E+01  0.361403E+01  0.000000E+00  0.000000E+00  0.135718E-05  0.362311E+01
  0.105495E+03  0.263046E+01  0.247586E+01  0.000000E+00  0.000000E+00  0.626346E-06  0.249438E+01
