  0.357574E-05  0.114818E+08  0.114818E+08  0.153086E+08  0.153086E+08  0.114820E+08  0.114818E+08
  0.369673E-05  0.114818E+08  0.114818E+08  0.153086E+08  0.153086E+08  0.114820E+08  0.114818E+08
  0.382181E-05  0.114818E+08  0.114818E+08  0.153085E+08  0.153085E+08  0.114820E+08  0.114818E+08
  0.395112E-05  0.114818E+08  0.114818E+08  0.153085E+08  0.153085E+08  0.114820E+08  0.114818E+08
  0.408481E-05  0.114818E+08  0.114818E+08  0.153085E+08  0.153084E+08  0.114820E+08  0.114818E+08
  0.422302E-05  0.114818E+08  0.114818E+08  0.153084E+08  0.153084E+08  0.114820E+08  0.114818E+08
  0.436590E-05  0.114818E+08  0.114818E+08  0.153084E+08  0.153083E+08  0.114820E+08  0.114818E+08
  0.451363E-05  0.114818E+08  0.114818E+08  0.153083E+08  0.153083E+08  0.114820E+08  0.114818E+08
  0.466635E-05  0.114818E+08  0.114818E+08  0.153083E+08  0.153082E+08  0.114820E+08  0.114818E+08
  0.482423E-05  0.114818E+08  0.114818E+08  0.153082E+08  0.153082E+08  0.114820E+08  0.114818E+08
  0.498746E-05  0.114818E+08  0.114818E+08  0.153081E+08  0.153081E+08  0.114820E+08  0.114818E+08
  0.515621E-05  0.114818E+08  0.114818E+08  0.153081E+08  0.153080E+08  0.114820E+08  0.114818E+08
  0.533068E-05  0.114818E+08  0.114818E+08  0.153080E+08  0.153080E+08  0.114820E+08  0.114818E+08
  0.551104E-05  0.114818E+08  0.114818E+08  0.153079E+08  0.153079E+08  0.114820E+08  0.114818E+08
  0.569751E-05  0.114818E+08  0.114818E+08  0.153079E+08  0.153078E+08  0.114820E+08  0.114818E+08
  0.589029E-05  0.114818E+08  0.114818E+08  0.153078E+08  0.153077E+08  0.114820E+08  0.114818E+08
  0.608959E-05  0.114818E+08  0.114818E+08  0.153077E+08  0.153076E+08  0.114820E+08  0.114818E+08
  0.629563E-05  0.114818E+08  0.114818E+08  0.153076E+08  0.153075E+08  0.114820E+08  0.114818E+08
  0.650864E-05  0.114818E+08  0.114818E+08  0.153075E+08  0.153074E+08  0.114820E+08  0.114818E+08
  0.672887E-05  0.114818E+08  0.114818E+08  0.153074E+08  0.153073E+08  0.114820E+08  0.114818E+08
  0.695654E-05  0.114818E+08  0.114818E+08  0.153072E+08  0.153072E+08  0.114820E+08  0.114818E+08
  0.719192E-05  0.114818E+08  0.114818E+08  0.153071E+08  0.153070E+08  0.114820E+08  0.114818E+08
  0.743526E-05  0.114818E+08  0.114818E+08  0.153070E+08  0.153069E+08  0.114820E+08  0.114818E+08
  0.768683E-05  0.114818E+08  0.114818E+08  0.153068E+08  0.153068E+08  0.114820E+08  0.114818E+08
  0.794692E-05  0.114818E+08  0.114818E+08  0.153067E+08  0.153066E+08  0.114820E+08  0.114818E+08
  0.821580E-05  0.114818E+08  0.114818E+08  0.153065E+08  0.153064E+08  0.114820E+08  0.114818E+08
  0.849379E-05  0.114818E+08  0.114818E+08  0.153063E+08  0.153062E+08  0.114820E+08  0.114818E+08
  0.878118E-05  0.114818E+08  0.114818E+08  0.153061E+08  0.153060E+08  0.114820E+08  0.114818E+08
  0.907829E-05  0.114818E+08  0.114818E+08  0.153059E+08  0.153058E+08  0.114820E+08  0.114818E+08
  0.938546E-05  0.114818E+08  0.114818E+08  0.153057E+08  0.153056E+08  0.114820E+08  0.114818E+08
  0.970302E-05  0.114818E+08  0.114818E+08  0.153055E+08  0.153054E+08  0.114820E+08  0.114818E+08
  0.100313E-04  0.114818E+08  0.114818E+08  0.153052E+08  0.153051E+08  0.114820E+08  0.114818E+08
  0.103707E-04  0.114818E+08  0.114818E+08  0.153050E+08  0.153048E+08  0.114820E+08  0.114818E+08
  0.107216E-04  0.114818E+08  0.114818E+08  0.153047E+08  0.153045E+08  0.114820E+08  0.114818E+08
  0.110844E-04  0.114818E+08  0.114818E+08  0.153044E+08  0.153042E+08  0.114820E+08  0.114818E+08
  0.114594E-04  0.114818E+08  0.114818E+08  0.153041E+08  0.153039E+08  0.114820E+08  0.114818E+08
  0.118472E-04  0.114818E+08  0.114818E+08  0.153037E+08  0.153035E+08  0.114820E+08  0.114818E+08
  0.122480E-04  0.114818E+08  0.114818E+08  0.153034E+08  0.153031E+08  0.114820E+08  0.114818E+08
  0.126624E-04  0.114818E+08  0.114818E+08  0.153030E+08  0.153027E+08  0.114820E+08  0.114818E+08
  0.130909E-04  0.114818E+08  0.114818E+08  0.153025E+08  0.153023E+08  0.114820E+08  0.114818E+08
  0.135338E-04  0.114818E+08  0.114818E+08  0.153021E+08  0.153018E+08  0.114820E+08  0.114818E+08
  0.139917E-04  0.114818E+08  0.114818E+08  0.153016E+08  0.153013E+08  0.114820E+08  0.114818E+08
  0.144652E-04  0.114818E+08  0.114818E+08  0.153011E+08  0.153008E+08  0.114820E+08  0.114818E+08
  0.149546E-04  0.114818E+08  0.114818E+08  0.153005E+08  0.153002E+08  0.114820E+08  0.114818E+08
  0.154606E-04  0.114818E+08  0.114818E+08  0.152999E+08  0.152996E+08  0.114820E+08  0.114818E+08
  0.159837E-04  0.114818E+08  0.114818E+08  0.152993E+08  0.152989E+08  0.114820E+08  0.114818E+08
  0.165245E-04  0.114818E+08  0.114818E+08  0.152986E+08  0.152982E+08  0.114820E+08  0.114818E+08
  0.170836E-04  0.114818E+08  0.114818E+08  0.152979E+08  0.152975E+08  0.114820E+08  0.114818E+08
  0.176617E-04  0.114818E+08  0.114818E+08  0.152971E+08  0.152967E+08  0.114820E+08  0.114818E+08
  0.182592E-04  0.114818E+08  0.114818E+08  0.152963E+08  0.152959E+08  0.114820E+08  0.114818E+08
  0.188770E-04  0.114818E+08  0.114818E+08  0.152954E+08  0.152949E+08  0.114820E+08  0.114818E+08
  0.195158E-04  0.114818E+08  0.114818E+08  0.152945E+08  0.152940E+08  0.114819E+08  0.114818E+08
  0.201761E-04  0.114818E+08  0.114818E+08  0.152935E+08  0.152929E+08  0.114819E+08  0.114818E+08
  0.208587E-04  0.114818E+08  0.114818E+08  0.152924E+08  0.152918E+08  0.114819E+08  0.114818E+08
  0.215645E-04  0.114818E+08  0.114818E+08  0.152913E+08  0.152906E+08  0.114819E+08  0.114818E+08
  0.222941E-04  0.114818E+08  0.114818E+08  0.152901E+08  0.152894E+08  0.114819E+08  0.114818E+08
  0.230485E-04  0.114818E+08  0.114818E+08  0.152887E+08  0.152880E+08  0.114819E+08  0.114818E+08
  0.238283E-04  0.114818E+08  0.114818E+08  0.152874E+08  0.152865E+08  0.114819E+08  0.114818E+08
  0.246346E-04  0.114818E+08  0.114818E+08  0.152859E+08  0.152850E+08  0.114819E+08  0.114818E+08
  0.254681E-04  0.114818E+08  0.114818E+08  0.152843E+08  0.152833E+08  0.114819E+08  0.114818E+08
  0.263298E-04  0.114818E+08  0.114818E+08  0.152825E+08  0.152816E+08  0.114819E+08  0.114818E+08
  0.272207E-04  0.114818E+08  0.114818E+08  0.152807E+08  0.152797E+08  0.114819E+08  0.114818E+08
  0.281417E-04  0.114818E+08  0.114818E+08  0.152788E+08  0.152776E+08  0.114819E+08  0.114818E+08
  0.290939E-04  0.114817E+08  0.114817E+08  0.152767E+08  0.152755E+08  0.114819E+08  0.114818E+08
  0.300783E-04  0.114817E+08  0.114817E+08  0.152745E+08  0.152732E+08  0.114819E+08  0.114817E+08
  0.310960E-04  0.114817E+08  0.114817E+08  0.152721E+08  0.152707E+08  0.114819E+08  0.114817E+08
  0.321481E-04  0.114817E+08  0.114817E+08  0.152695E+08  0.152681E+08  0.114819E+08  0.114817E+08
  0.332359E-04  0.114817E+08  0.114817E+08  0.152668E+08  0.152652E+08  0.114819E+08  0.114817E+08
  0.343604E-04  0.114817E+08  0.114817E+08  0.152639E+08  0.152622E+08  0.114818E+08  0.114817E+08
  0.355230E-04  0.114817E+08  0.114817E+08  0.152608E+08  0.152590E+08  0.114818E+08  0.114817E+08
  0.367249E-04  0.114817E+08  0.114817E+08  0.152575E+08  0.152556E+08  0.114818E+08  0.114817E+08
  0.379675E-04  0.114817E+08  0.114817E+08  0.152539E+08  0.152519E+08  0.114818E+08  0.114817E+08
  0.392522E-04  0.114817E+08  0.114817E+08  0.152502E+08  0.152480E+08  0.114818E+08  0.114817E+08
  0.405803E-04  0.114817E+08  0.114817E+08  0.152461E+08  0.152438E+08  0.114818E+08  0.114817E+08
  0.419533E-04  0.114817E+08  0.114817E+08  0.152418E+08  0.152393E+08  0.114818E+08  0.114817E+08
  0.433728E-04  0.114817E+08  0.114816E+08  0.152372E+08  0.152345E+08  0.114818E+08  0.114817E+08
  0.448404E-04  0.114816E+08  0.114816E+08  0.152322E+08  0.152294E+08  0.114817E+08  0.114816E+08
  0.463576E-04  0.114816E+08  0.114816E+08  0.152269E+08  0.152239E+08  0.114817E+08  0.114816E+08
  0.479261E-04  0.114816E+08  0.114816E+08  0.152213E+08  0.152181E+08  0.114817E+08  0.114816E+08
  0.495477E-04  0.114816E+08  0.114816E+08  0.152153E+08  0.152118E+08  0.114817E+08  0.114816E+08
  0.512241E-04  0.114816E+08  0.114816E+08  0.152088E+08  0.152051E+08  0.114817E+08  0.114816E+08
  0.529573E-04  0.114816E+08  0.114816E+08  0.152020E+08  0.151980E+08  0.114816E+08  0.114816E+08
  0.547492E-04  0.114816E+08  0.114815E+08  0.151946E+08  0.151904E+08  0.114816E+08  0.114816E+08
  0.566016E-04  0.114815E+08  0.114815E+08  0.151868E+08  0.151822E+08  0.114816E+08  0.114815E+08
  0.585167E-04  0.114815E+08  0.114815E+08  0.151784E+08  0.151736E+08  0.114816E+08  0.114815E+08
  0.604967E-04  0.114815E+08  0.114815E+08  0.151694E+08  0.151643E+08  0.114815E+08  0.114815E+08
  0.625436E-04  0.114815E+08  0.114815E+08  0.151599E+08  0.151544E+08  0.114815E+08  0.114815E+08
  0.646598E-04  0.114814E+08  0.114814E+08  0.151496E+08  0.151438E+08  0.114815E+08  0.114814E+08
  0.668476E-04  0.114814E+08  0.114814E+08  0.151387E+08  0.151324E+08  0.114814E+08  0.114814E+08
  0.691094E-04  0.114814E+08  0.114814E+08  0.151271E+08  0.151204E+08  0.114814E+08  0.114814E+08
  0.714477E-04  0.114814E+08  0.114813E+08  0.151146E+08  0.151074E+08  0.114814E+08  0.114814E+08
  0.738652E-04  0.114813E+08  0.114813E+08  0.151013E+08  0.150937E+08  0.114813E+08  0.114813E+08
  0.763644E-04  0.114813E+08  0.114813E+08  0.150871E+08  0.150789E+08  0.114813E+08  0.114813E+08
  0.789482E-04  0.114813E+08  0.114812E+08  0.150720E+08  0.150632E+08  0.114812E+08  0.114813E+08
  0.816195E-04  0.114812E+08  0.114812E+08  0.150558E+08  0.150464E+08  0.114812E+08  0.114812E+08
  0.843811E-04  0.114812E+08  0.114812E+08  0.150385E+08  0.150285E+08  0.114811E+08  0.114812E+08
  0.872361E-04  0.114811E+08  0.114811E+08  0.150200E+08  0.150094E+08  0.114811E+08  0.114811E+08
  0.901878E-04  0.114811E+08  0.114811E+08  0.150003E+08  0.149890E+08  0.114810E+08  0.114811E+08
  0.932393E-04  0.114810E+08  0.114810E+08  0.149793E+08  0.149672E+08  0.114809E+08  0.114810E+08
  0.963941E-04  0.114810E+08  0.114810E+08  0.149569E+08  0.149439E+08  0.114808E+08  0.114810E+08
  0.996556E-04  0.114809E+08  0.114809E+08  0.149329E+08  0.149191E+08  0.114808E+08  0.114809E+08
  0.103028E-03  0.114809E+08  0.114808E+08  0.149073E+08  0.148926E+08  0.114807E+08  0.114809E+08
  0.106513E-03  0.114808E+08  0.114808E+08  0.148801E+08  0.148643E+08  0.114806E+08  0.114808E+08
  0.110117E-03  0.114807E+08  0.114807E+08  0.148510E+08  0.148342E+08  0.114805E+08  0.114807E+08
  0.113843E-03  0.114807E+08  0.114806E+08  0.148199E+08  0.148020E+08  0.114804E+08  0.114806E+08
  0.117695E-03  0.114806E+08  0.114805E+08  0.147868E+08  0.147677E+08  0.114803E+08  0.114806E+08
  0.121677E-03  0.114805E+08  0.114804E+08  0.147515E+08  0.147311E+08  0.114802E+08  0.114805E+08
  0.125794E-03  0.114804E+08  0.114804E+08  0.147139E+08  0.146921E+08  0.114800E+08  0.114804E+08
  0.130051E-03  0.114803E+08  0.114802E+08  0.146737E+08  0.146505E+08  0.114799E+08  0.114803E+08
  0.134451E-03  0.114802E+08  0.114801E+08  0.146309E+08  0.146062E+08  0.114798E+08  0.114802E+08
  0.139000E-03  0.114801E+08  0.114800E+08  0.145853E+08  0.145590E+08  0.114796E+08  0.114801E+08
  0.143703E-03  0.114800E+08  0.114799E+08  0.145368E+08  0.145086E+08  0.114794E+08  0.114799E+08
  0.148566E-03  0.114799E+08  0.114798E+08  0.144850E+08  0.144550E+08  0.114793E+08  0.114798E+08
  0.153592E-03  0.114797E+08  0.114796E+08  0.144299E+08  0.143979E+08  0.114791E+08  0.114797E+08
  0.158789E-03  0.114796E+08  0.114795E+08  0.143712E+08  0.143372E+08  0.114789E+08  0.114795E+08
  0.164162E-03  0.114794E+08  0.114793E+08  0.143087E+08  0.142725E+08  0.114787E+08  0.114794E+08
  0.169716E-03  0.114793E+08  0.114791E+08  0.142422E+08  0.142036E+08  0.114784E+08  0.114792E+08
  0.175459E-03  0.114791E+08  0.114790E+08  0.141715E+08  0.141304E+08  0.114782E+08  0.114790E+08
  0.181395E-03  0.114789E+08  0.114788E+08  0.140962E+08  0.140525E+08  0.114779E+08  0.114788E+08
  0.187533E-03  0.114787E+08  0.114786E+08  0.140163E+08  0.139697E+08  0.114777E+08  0.114786E+08
  0.193878E-03  0.114785E+08  0.114783E+08  0.139312E+08  0.138817E+08  0.114774E+08  0.114784E+08
  0.200438E-03  0.114782E+08  0.114781E+08  0.138409E+08  0.137883E+08  0.114770E+08  0.114782E+08
  0.207220E-03  0.114780E+08  0.114778E+08  0.137450E+08  0.136890E+08  0.114767E+08  0.114779E+08
  0.214231E-03  0.114777E+08  0.114776E+08  0.136432E+08  0.135837E+08  0.114763E+08  0.114777E+08
  0.221480E-03  0.114775E+08  0.114773E+08  0.135352E+08  0.134720E+08  0.114760E+08  0.114774E+08
  0.228974E-03  0.114772E+08  0.114770E+08  0.134207E+08  0.133536E+08  0.114755E+08  0.114771E+08
  0.236721E-03  0.114768E+08  0.114766E+08  0.132993E+08  0.132281E+08  0.114751E+08  0.114767E+08
  0.244731E-03  0.114765E+08  0.114763E+08  0.131707E+08  0.130952E+08  0.114746E+08  0.114764E+08
  0.253011E-03  0.114761E+08  0.114759E+08  0.130347E+08  0.129546E+08  0.114741E+08  0.114760E+08
  0.261572E-03  0.114758E+08  0.114755E+08  0.128907E+08  0.128059E+08  0.114736E+08  0.114756E+08
  0.270422E-03  0.114753E+08  0.114751E+08  0.127386E+08  0.126488E+08  0.114730E+08  0.114752E+08
  0.279572E-03  0.114749E+08  0.114746E+08  0.125778E+08  0.124828E+08  0.114724E+08  0.114747E+08
  0.289032E-03  0.114744E+08  0.114741E+08  0.124083E+08  0.123078E+08  0.114718E+08  0.114743E+08
  0.298811E-03  0.114739E+08  0.114736E+08  0.122294E+08  0.121233E+08  0.114711E+08  0.114738E+08
  0.308921E-03  0.114734E+08  0.114730E+08  0.120411E+08  0.119290E+08  0.114703E+08  0.114732E+08
  0.319374E-03  0.114728E+08  0.114725E+08  0.118429E+08  0.117246E+08  0.114695E+08  0.114726E+08
  0.330180E-03  0.114722E+08  0.114718E+08  0.116346E+08  0.115099E+08  0.114687E+08  0.114720E+08
  0.341352E-03  0.114715E+08  0.114711E+08  0.114159E+08  0.112846E+08  0.114678E+08  0.114713E+08
  0.352902E-03  0.114708E+08  0.114704E+08  0.111865E+08  0.110485E+08  0.114668E+08  0.114706E+08
  0.364842E-03  0.114701E+08  0.114696E+08  0.109464E+08  0.108014E+08  0.114658E+08  0.114699E+08
  0.377187E-03  0.114693E+08  0.114688E+08  0.106954E+08  0.105432E+08  0.114647E+08  0.114690E+08
  0.389949E-03  0.114685E+08  0.114680E+08  0.104333E+08  0.102739E+08  0.114635E+08  0.114682E+08
  0.403143E-03  0.114676E+08  0.114670E+08  0.101602E+08  0.999339E+07  0.114622E+08  0.114673E+08
  0.416783E-03  0.114666E+08  0.114660E+08  0.987615E+07  0.970182E+07  0.114609E+08  0.114663E+08
  0.430885E-03  0.114656E+08  0.114650E+08  0.958124E+07  0.939938E+07  0.114595E+08  0.114652E+08
  0.445464E-03  0.114645E+08  0.114638E+08  0.927573E+07  0.908634E+07  0.114580E+08  0.114641E+08
  0.460537E-03  0.114633E+08  0.114626E+08  0.895996E+07  0.876309E+07  0.114563E+08  0.114629E+08
  0.476119E-03  0.114621E+08  0.114614E+08  0.863439E+07  0.843016E+07  0.114546E+08  0.114617E+08
  0.492229E-03  0.114608E+08  0.114600E+08  0.829960E+07  0.808818E+07  0.114528E+08  0.114603E+08
  0.508884E-03  0.114594E+08  0.114586E+08  0.795633E+07  0.773798E+07  0.114508E+08  0.114589E+08
  0.526102E-03  0.114579E+08  0.114570E+08  0.760545E+07  0.738049E+07  0.114487E+08  0.114574E+08
  0.543903E-03  0.114563E+08  0.114554E+08  0.724798E+07  0.701684E+07  0.114465E+08  0.114558E+08
  0.562306E-03  0.114546E+08  0.114536E+08  0.688512E+07  0.664831E+07  0.114441E+08  0.114540E+08
  0.581332E-03  0.114528E+08  0.114518E+08  0.651824E+07  0.627637E+07  0.114416E+08  0.114522E+08
  0.601001E-03  0.114509E+08  0.114498E+08  0.614886E+07  0.590266E+07  0.114389E+08  0.114503E+08
  0.621336E-03  0.114489E+08  0.114477E+08  0.577869E+07  0.552898E+07  0.114360E+08  0.114482E+08
  0.642359E-03  0.114467E+08  0.114455E+08  0.540958E+07  0.515730E+07  0.114330E+08  0.114460E+08
  0.664094E-03  0.114445E+08  0.114432E+08  0.504354E+07  0.478974E+07  0.114298E+08  0.114436E+08
  0.686563E-03  0.114420E+08  0.114407E+08  0.468270E+07  0.442853E+07  0.114263E+08  0.114412E+08
  0.709794E-03  0.114394E+08  0.114380E+08  0.432928E+07  0.407601E+07  0.114227E+08  0.114385E+08
  0.733810E-03  0.114367E+08  0.114352E+08  0.398558E+07  0.373455E+07  0.114188E+08  0.114357E+08
  0.758638E-03  0.114338E+08  0.114322E+08  0.365393E+07  0.340657E+07  0.114146E+08  0.114327E+08
  0.784307E-03  0.114307E+08  0.114291E+08  0.333660E+07  0.309441E+07  0.114102E+08  0.114296E+08
  0.810844E-03  0.114275E+08  0.114257E+08  0.303580E+07  0.280032E+07  0.114056E+08  0.114263E+08
  0.838279E-03  0.114240E+08  0.114222E+08  0.275358E+07  0.252634E+07  0.114006E+08  0.114227E+08
  0.866643E-03  0.114203E+08  0.114184E+08  0.249174E+07  0.227427E+07  0.113953E+08  0.114190E+08
  0.895966E-03  0.114164E+08  0.114145E+08  0.225181E+07  0.204557E+07  0.113898E+08  0.114150E+08
  0.926281E-03  0.114123E+08  0.114103E+08  0.203489E+07  0.184126E+07  0.113838E+08  0.114108E+08
  0.957622E-03  0.114080E+08  0.114059E+08  0.184165E+07  0.166186E+07  0.113775E+08  0.114064E+08
  0.990024E-03  0.114034E+08  0.114012E+08  0.167223E+07  0.150732E+07  0.113709E+08  0.114017E+08
  0.102352E-02  0.113985E+08  0.113962E+08  0.152617E+07  0.137696E+07  0.113638E+08  0.113967E+08
  0.105815E-02  0.113934E+08  0.113910E+08  0.140241E+07  0.126945E+07  0.113563E+08  0.113914E+08
  0.109396E-02  0.113880E+08  0.113855E+08  0.129925E+07  0.118280E+07  0.113484E+08  0.113859E+08
  0.113097E-02  0.113822E+08  0.113797E+08  0.121442E+07  0.111439E+07  0.113400E+08  0.113800E+08
  0.116924E-02  0.113762E+08  0.113736E+08  0.114511E+07  0.106109E+07  0.113311E+08  0.113738E+08
  0.120880E-02  0.113698E+08  0.113671E+08  0.108810E+07  0.101932E+07  0.113217E+08  0.113673E+08
  0.124970E-02  0.113630E+08  0.113603E+08  0.103991E+07  0.985298E+06  0.113117E+08  0.113604E+08
  0.129198E-02  0.113559E+08  0.113531E+08  0.997001E+06  0.955186E+06  0.113012E+08  0.113531E+08
  0.133570E-02  0.113484E+08  0.113456E+08  0.956016E+06  0.925388E+06  0.112900E+08  0.113455E+08
  0.138089E-02  0.113405E+08  0.113376E+08  0.914000E+06  0.892788E+06  0.112782E+08  0.113374E+08
  0.142761E-02  0.113322E+08  0.113292E+08  0.868664E+06  0.855016E+06  0.112658E+08  0.113289E+08
  0.147592E-02  0.113234E+08  0.113204E+08  0.818587E+06  0.810662E+06  0.112526E+08  0.113199E+08
  0.152586E-02  0.113141E+08  0.113111E+08  0.763375E+06  0.759428E+06  0.112387E+08  0.113104E+08
  0.157748E-02  0.113044E+08  0.113013E+08  0.703710E+06  0.702180E+06  0.112240E+08  0.113005E+08
  0.163086E-02  0.112941E+08  0.112910E+08  0.641293E+06  0.640862E+06  0.112085E+08  0.112900E+08
  0.168604E-02  0.112833E+08  0.112802E+08  0.578643E+06  0.578277E+06  0.111922E+08  0.112790E+08
  0.174309E-02  0.112720E+08  0.112688E+08  0.518765E+06  0.517718E+06  0.111749E+08  0.112673E+08
  0.180206E-02  0.112600E+08  0.112569E+08  0.464698E+06  0.462492E+06  0.111567E+08  0.112551E+08
  0.186304E-02  0.112474E+08  0.112443E+08  0.419013E+06  0.415385E+06  0.111374E+08  0.112423E+08
  0.192607E-02  0.112342E+08  0.112311E+08  0.383318E+06  0.378156E+06  0.111172E+08  0.112287E+08
  0.199124E-02  0.112203E+08  0.112172E+08  0.357880E+06  0.351158E+06  0.110958E+08  0.112145E+08
  0.205862E-02  0.112057E+08  0.112025E+08  0.341456E+06  0.333186E+06  0.110733E+08  0.111995E+08
  0.212827E-02  0.111903E+08  0.111872E+08  0.331417E+06  0.321633E+06  0.110497E+08  0.111838E+08
  0.220028E-02  0.111742E+08  0.111710E+08  0.324191E+06  0.312969E+06  0.110247E+08  0.111673E+08
  0.227473E-02  0.111573E+08  0.111541E+08  0.315983E+06  0.303498E+06  0.109985E+08  0.111500E+08
  0.235169E-02  0.111395E+08  0.111363E+08  0.303646E+06  0.290237E+06  0.109709E+08  0.111318E+08
  0.243127E-02  0.111208E+08  0.111176E+08  0.285493E+06  0.271709E+06  0.109419E+08  0.111126E+08
  0.251353E-02  0.111012E+08  0.110980E+08  0.261799E+06  0.248387E+06  0.109114E+08  0.110926E+08
  0.259857E-02  0.110806E+08  0.110774E+08  0.234776E+06  0.222590E+06  0.108795E+08  0.110715E+08
  0.268650E-02  0.110591E+08  0.110558E+08  0.207937E+06  0.197770E+06  0.108459E+08  0.110494E+08
  0.277740E-02  0.110365E+08  0.110331E+08  0.184948E+06  0.177320E+06  0.108106E+08  0.110263E+08
  0.287137E-02  0.110128E+08  0.110094E+08  0.168307E+06  0.163285E+06  0.107737E+08  0.110020E+08
  0.296852E-02  0.109880E+08  0.109845E+08  0.158341E+06  0.155476E+06  0.107350E+08  0.109766E+08
  0.306896E-02  0.109620E+08  0.109585E+08  0.153017E+06  0.151447E+06  0.106945E+08  0.109500E+08
  0.317280E-02  0.109348E+08  0.109312E+08  0.148782E+06  0.147499E+06  0.106522E+08  0.109221E+08
  0.328016E-02  0.109063E+08  0.109027E+08  0.142210E+06  0.140394E+06  0.106079E+08  0.108930E+08
  0.339114E-02  0.108766E+08  0.108728E+08  0.131749E+06  0.129006E+06  0.105616E+08  0.108625E+08
  0.350588E-02  0.108454E+08  0.108416E+08  0.118590E+06  0.114979E+06  0.105133E+08  0.108306E+08
  0.362450E-02  0.108129E+08  0.108090E+08  0.106012E+06  0.101816E+06  0.104629E+08  0.107973E+08
  0.374714E-02  0.107790E+08  0.107750E+08  0.973235E+05  0.927272E+05  0.104104E+08  0.107626E+08
  0.387393E-02  0.107436E+08  0.107395E+08  0.935527E+05  0.884625E+05  0.103558E+08  0.107263E+08
  0.400500E-02  0.107067E+08  0.107025E+08  0.924892E+05  0.866920E+05  0.102989E+08  0.106885E+08
  0.414051E-02  0.106681E+08  0.106639E+08  0.900701E+05  0.836535E+05  0.102398E+08  0.106491E+08
  0.428061E-02  0.106280E+08  0.106236E+08  0.834263E+05  0.771002E+05  0.101785E+08  0.106081E+08
  0.442544E-02  0.105863E+08  0.105818E+08  0.732993E+05  0.682194E+05  0.101148E+08  0.105653E+08
  0.457518E-02  0.105428E+08  0.105382E+08  0.635468E+05  0.606038E+05  0.100488E+08  0.105209E+08
  0.472998E-02  0.104976E+08  0.104929E+08  0.577195E+05  0.568235E+05  0.998053E+07  0.104747E+08
  0.489002E-02  0.104506E+08  0.104458E+08  0.556851E+05  0.557638E+05  0.990985E+07  0.104267E+08
  0.505548E-02  0.104019E+08  0.103969E+08  0.538878E+05  0.537520E+05  0.983680E+07  0.103769E+08
  0.522653E-02  0.103513E+08  0.103461E+08  0.494220E+05  0.487128E+05  0.976138E+07  0.103252E+08
  0.540337E-02  0.102988E+08  0.102935E+08  0.434727E+05  0.426829E+05  0.968355E+07  0.102716E+08
  0.558620E-02  0.102445E+08  0.102390E+08  0.395957E+05  0.391957E+05  0.960334E+07  0.102161E+08
  0.577521E-02  0.101882E+08  0.101825E+08  0.385567E+05  0.384502E+05  0.952072E+07  0.101587E+08
  0.597061E-02  0.101300E+08  0.101241E+08  0.369398E+05  0.371356E+05  0.943570E+07  0.100993E+08
  0.617263E-02  0.100698E+08  0.100637E+08  0.323968E+05  0.339610E+05  0.934827E+07  0.100380E+08
  0.638148E-02  0.100077E+08  0.100013E+08  0.279282E+05  0.000000E+00  0.925844E+07  0.997458E+07
  0.659740E-02  0.994522E+07  0.993859E+07  0.273667E+05  0.000000E+00  0.917148E+07  0.991102E+07
  0.682063E-02  0.987916E+07  0.987227E+07  0.285207E+05  0.000000E+00  0.907680E+07  0.984369E+07
  0.705141E-02  0.981107E+07  0.980391E+07  0.266741E+05  0.000000E+00  0.897965E+07  0.977431E+07
  0.728999E-02  0.974093E+07  0.973349E+07  0.232818E+05  0.000000E+00  0.888002E+07  0.970287E+07
  0.753665E-02  0.966875E+07  0.966099E+07  0.228635E+05  0.000000E+00  0.877791E+07  0.962935E+07
  0.779166E-02  0.959450E+07  0.958641E+07  0.232880E+05  0.000000E+00  0.867332E+07  0.955375E+07
  0.805529E-02  0.951818E+07  0.950974E+07  0.203737E+05  0.000000E+00  0.856626E+07  0.947606E+07
  0.832784E-02  0.943928E+07  0.943046E+07  0.172788E+05  0.000000E+00  0.845547E+07  0.939573E+07
  0.860962E-02  0.935872E+07  0.934951E+07  0.165765E+05  0.000000E+00  0.834338E+07  0.931376E+07
  0.890093E-02  0.927606E+07  0.926643E+07  0.146361E+05  0.000000E+00  0.822884E+07  0.922967E+07
  0.920209E-02  0.919128E+07  0.918122E+07  0.134681E+05  0.000000E+00  0.811190E+07  0.914345E+07
  0.951345E-02  0.910439E+07  0.909387E+07  0.139476E+05  0.000000E+00  0.799259E+07  0.905510E+07
  0.983534E-02  0.901538E+07  0.900436E+07  0.125307E+05  0.000000E+00  0.787095E+07  0.896461E+07
  0.101681E-01  0.892423E+07  0.891269E+07  0.113961E+05  0.000000E+00  0.774702E+07  0.887198E+07
  0.105122E-01  0.883114E+07  0.881905E+07  0.112407E+05  0.000000E+00  0.762128E+07  0.877741E+07
  0.108678E-01  0.873575E+07  0.872308E+07  0.894491E+04  0.000000E+00  0.749299E+07  0.868051E+07
  0.112356E-01  0.863821E+07  0.862493E+07  0.866656E+04  0.000000E+00  0.736256E+07  0.858147E+07
  0.116157E-01  0.853852E+07  0.852460E+07  0.847453E+04  0.000000E+00  0.723006E+07  0.848028E+07
  0.120087E-01  0.843668E+07  0.842209E+07  0.753216E+04  0.000000E+00  0.709552E+07  0.837694E+07
  0.124151E-01  0.833262E+07  0.831731E+07  0.738053E+04  0.000000E+00  0.695890E+07  0.827137E+07
  0.128351E-01  0.822645E+07  0.821040E+07  0.640693E+04  0.000000E+00  0.682047E+07  0.816370E+07
  0.132694E-01  0.811811E+07  0.810128E+07  0.604586E+04  0.000000E+00  0.668022E+07  0.805388E+07
  0.137184E-01  0.800761E+07  0.798997E+07  0.511763E+04  0.000000E+00  0.653819E+07  0.794190E+07
  0.141825E-01  0.789498E+07  0.787648E+07  0.541340E+04  0.000000E+00  0.639464E+07  0.782782E+07
  0.146624E-01  0.778018E+07  0.776079E+07  0.446262E+04  0.000000E+00  0.624961E+07  0.771158E+07
  0.151585E-01  0.766324E+07  0.764292E+07  0.460563E+04  0.000000E+00  0.610328E+07  0.759324E+07
  0.156714E-01  0.754417E+07  0.752290E+07  0.377790E+04  0.000000E+00  0.595577E+07  0.747282E+07
  0.162017E-01  0.742300E+07  0.740072E+07  0.350837E+04  0.000000E+00  0.580721E+07  0.735032E+07
  0.167499E-01  0.729977E+07  0.727645E+07  0.350451E+04  0.000000E+00  0.565771E+07  0.722580E+07
  0.173166E-01  0.717449E+07  0.715011E+07  0.298909E+04  0.000000E+00  0.550732E+07  0.709929E+07
  0.179025E-01  0.704721E+07  0.702173E+07  0.293929E+04  0.000000E+00  0.535611E+07  0.697081E+07
  0.185082E-01  0.691796E+07  0.689135E+07  0.243059E+04  0.000000E+00  0.520414E+07  0.684042E+07
  0.191345E-01  0.678679E+07  0.675902E+07  0.233030E+04  0.000000E+00  0.505154E+07  0.670816E+07
  0.197819E-01  0.665375E+07  0.662480E+07  0.226129E+04  0.000000E+00  0.489850E+07  0.657409E+07
  0.204512E-01  0.651892E+07  0.648877E+07  0.201695E+04  0.000000E+00  0.474525E+07  0.643828E+07
  0.211432E-01  0.638238E+07  0.635101E+07  0.165643E+04  0.000000E+00  0.459207E+07  0.630084E+07
  0.218586E-01  0.624423E+07  0.621164E+07  0.158389E+04  0.000000E+00  0.443925E+07  0.616188E+07
  0.225982E-01  0.610460E+07  0.607079E+07  0.137013E+04  0.000000E+00  0.428704E+07  0.602153E+07
  0.233628E-01  0.596364E+07  0.592861E+07  0.137296E+04  0.000000E+00  0.413562E+07  0.587994E+07
  0.241533E-01  0.582151E+07  0.578528E+07  0.124838E+04  0.000000E+00  0.398516E+07  0.573727E+07
  0.249705E-01  0.567841E+07  0.564100E+07  0.118281E+04  0.000000E+00  0.383584E+07  0.559373E+07
  0.258154E-01  0.553453E+07  0.549598E+07  0.990724E+03  0.000000E+00  0.368784E+07  0.544950E+07
  0.266889E-01  0.539011E+07  0.535046E+07  0.934012E+03  0.000000E+00  0.354140E+07  0.530483E+07
  0.275919E-01  0.524538E+07  0.520469E+07  0.873283E+03  0.000000E+00  0.339680E+07  0.515995E+07
  0.285255E-01  0.510061E+07  0.505896E+07  0.806827E+03  0.000000E+00  0.325431E+07  0.501513E+07
  0.294906E-01  0.495610E+07  0.491357E+07  0.731498E+03  0.000000E+00  0.311422E+07  0.487068E+07
  0.304885E-01  0.481216E+07  0.476886E+07  0.576664E+03  0.000000E+00  0.297683E+07  0.472691E+07
  0.315201E-01  0.466915E+07  0.462520E+07  0.572978E+03  0.000000E+00  0.284241E+07  0.458417E+07
  0.325865E-01  0.452743E+07  0.448297E+07  0.476135E+03  0.000000E+00  0.271120E+07  0.444283E+07
  0.336891E-01  0.438739E+07  0.434256E+07  0.478121E+03  0.000000E+00  0.258344E+07  0.430326E+07
  0.348290E-01  0.424943E+07  0.420440E+07  0.435192E+03  0.000000E+00  0.245934E+07  0.416586E+07
  0.360074E-01  0.411396E+07  0.406892E+07  0.365407E+03  0.000000E+00  0.233916E+07  0.403104E+07
  0.372258E-01  0.398138E+07  0.393653E+07  0.325253E+03  0.000000E+00  0.222315E+07  0.389920E+07
  0.384853E-01  0.385210E+07  0.380765E+07  0.337817E+03  0.000000E+00  0.211148E+07  0.377075E+07
  0.397875E-01  0.372652E+07  0.368269E+07  0.262933E+03  0.000000E+00  0.200427E+07  0.364604E+07
  0.411337E-01  0.360499E+07  0.356200E+07  0.261315E+03  0.000000E+00  0.190161E+07  0.352545E+07
  0.425255E-01  0.348783E+07  0.344592E+07  0.212186E+03  0.000000E+00  0.180363E+07  0.340928E+07
  0.439643E-01  0.337532E+07  0.333472E+07  0.214050E+03  0.000000E+00  0.171041E+07  0.329779E+07
  0.454298E-01  0.326921E+07  0.323011E+07  0.177263E+03  0.000000E+00  0.162317E+07  0.319271E+07
  0.468953E-01  0.317108E+07  0.313363E+07  0.164682E+03  0.000000E+00  0.154302E+07  0.309560E+07
  0.483608E-01  0.308035E+07  0.304467E+07  0.151407E+03  0.000000E+00  0.146927E+07  0.300586E+07
  0.498262E-01  0.299641E+07  0.296257E+07  0.144519E+03  0.000000E+00  0.140129E+07  0.292288E+07
  0.512917E-01  0.291864E+07  0.288670E+07  0.123246E+03  0.000000E+00  0.133854E+07  0.284604E+07
  0.527572E-01  0.284642E+07  0.281641E+07  0.121961E+03  0.000000E+00  0.128047E+07  0.277472E+07
  0.542227E-01  0.277916E+07  0.275106E+07  0.112819E+03  0.000000E+00  0.122656E+07  0.270832E+07
  0.556882E-01  0.271625E+07  0.269003E+07  0.104314E+03  0.000000E+00  0.117635E+07  0.264623E+07
  0.571536E-01  0.265712E+07  0.263272E+07  0.875164E+02  0.000000E+00  0.112943E+07  0.258790E+07
  0.586191E-01  0.260124E+07  0.257858E+07  0.813708E+02  0.000000E+00  0.108540E+07  0.253279E+07
  0.600846E-01  0.254809E+07  0.252706E+07  0.816614E+02  0.000000E+00  0.104392E+07  0.248039E+07
  0.615501E-01  0.249721E+07  0.247768E+07  0.727669E+02  0.000000E+00  0.100466E+07  0.243023E+07
  0.630155E-01  0.244816E+07  0.243001E+07  0.688358E+02  0.000000E+00  0.967366E+06  0.238189E+07
  0.644810E-01  0.240058E+07  0.238365E+07  0.661364E+02  0.000000E+00  0.931806E+06  0.233501E+07
  0.659465E-01  0.235413E+07  0.233827E+07  0.642057E+02  0.000000E+00  0.897784E+06  0.228925E+07
  0.674120E-01  0.230852E+07  0.229357E+07  0.645757E+02  0.000000E+00  0.865126E+06  0.224433E+07
  0.688775E-01  0.226352E+07  0.224933E+07  0.575764E+02  0.000000E+00  0.833682E+06  0.220003E+07
  0.703429E-01  0.221894E+07  0.220535E+07  0.510297E+02  0.000000E+00  0.803336E+06  0.215615E+07
  0.718084E-01  0.217465E+07  0.216150E+07  0.486618E+02  0.000000E+00  0.773997E+06  0.211257E+07
  0.732739E-01  0.213054E+07  0.211770E+07  0.474263E+02  0.000000E+00  0.745597E+06  0.206918E+07
  0.747394E-01  0.208659E+07  0.207391E+07  0.377086E+02  0.000000E+00  0.718085E+06  0.202596E+07
  0.762048E-01  0.204271E+07  0.203007E+07  0.413211E+02  0.000000E+00  0.691399E+06  0.198282E+07
  0.776703E-01  0.199896E+07  0.198626E+07  0.297583E+02  0.000000E+00  0.665536E+06  0.193983E+07
  0.791358E-01  0.195539E+07  0.194254E+07  0.258657E+02  0.000000E+00  0.640482E+06  0.189703E+07
  0.806013E-01  0.191209E+07  0.189901E+07  0.411116E+02  0.000000E+00  0.616230E+06  0.185452E+07
  0.820668E-01  0.186915E+07  0.185577E+07  0.260053E+02  0.000000E+00  0.592782E+06  0.181236E+07
  0.835322E-01  0.182668E+07  0.181296E+07  0.217923E+02  0.000000E+00  0.570146E+06  0.177069E+07
  0.849977E-01  0.178480E+07  0.177072E+07  0.274901E+02  0.000000E+00  0.548331E+06  0.172962E+07
  0.864632E-01  0.174364E+07  0.172919E+07  0.265366E+02  0.000000E+00  0.527350E+06  0.168927E+07
  0.879287E-01  0.170334E+07  0.168851E+07  0.237877E+02  0.000000E+00  0.507209E+06  0.164979E+07
  0.893941E-01  0.166403E+07  0.164885E+07  0.275090E+02  0.000000E+00  0.487914E+06  0.161128E+07
  0.908596E-01  0.162583E+07  0.161032E+07  0.170424E+02  0.000000E+00  0.469469E+06  0.157388E+07
  0.923251E-01  0.158886E+07  0.157306E+07  0.196862E+02  0.000000E+00  0.451878E+06  0.153770E+07
  0.941548E-01  0.154458E+07  0.152849E+07  0.273297E+02  0.000000E+00  0.431109E+06  0.149438E+07
  0.959845E-01  0.150254E+07  0.148626E+07  0.196628E+02  0.000000E+00  0.411647E+06  0.145328E+07
  0.978141E-01  0.146286E+07  0.144650E+07  0.133522E+02  0.000000E+00  0.393468E+06  0.141451E+07
  0.996438E-01  0.142563E+07  0.140929E+07  0.184259E+02  0.000000E+00  0.376533E+06  0.137815E+07
  0.101473E+00  0.139087E+07  0.137467E+07  0.168292E+02  0.000000E+00  0.360790E+06  0.134424E+07
  0.103303E+00  0.135858E+07  0.134263E+07  0.113130E+02  0.000000E+00  0.346180E+06  0.131274E+07
  0.105133E+00  0.132869E+07  0.131309E+07  0.161169E+02  0.000000E+00  0.332635E+06  0.128361E+07
  0.106963E+00  0.130110E+07  0.128595E+07  0.166367E+02  0.000000E+00  0.320082E+06  0.125673E+07
  0.108792E+00  0.127567E+07  0.126105E+07  0.856882E+01  0.000000E+00  0.308440E+06  0.123197E+07
  0.110622E+00  0.125222E+07  0.123820E+07  0.973739E+01  0.000000E+00  0.297623E+06  0.120915E+07
  0.112452E+00  0.123056E+07  0.121719E+07  0.126677E+02  0.000000E+00  0.287548E+06  0.118808E+07
  0.114281E+00  0.121045E+07  0.119777E+07  0.821838E+01  0.000000E+00  0.278132E+06  0.116854E+07
  0.116111E+00  0.119168E+07  0.117970E+07  0.105172E+02  0.000000E+00  0.269292E+06  0.115029E+07
  0.117941E+00  0.117399E+07  0.116273E+07  0.144957E+02  0.000000E+00  0.260950E+06  0.113312E+07
  0.119770E+00  0.115717E+07  0.114660E+07  0.820663E+01  0.000000E+00  0.253034E+06  0.111678E+07
  0.121600E+00  0.114098E+07  0.113107E+07  0.567652E+01  0.000000E+00  0.245475E+06  0.110106E+07
  0.123430E+00  0.112521E+07  0.111592E+07  0.106246E+02  0.000000E+00  0.238216E+06  0.108575E+07
  0.125259E+00  0.110967E+07  0.110094E+07  0.953190E+01  0.000000E+00  0.231203E+06  0.107066E+07
  0.127089E+00  0.109419E+07  0.108596E+07  0.642947E+01  0.000000E+00  0.224394E+06  0.105563E+07
  0.128919E+00  0.107864E+07  0.107083E+07  0.818294E+01  0.000000E+00  0.217753E+06  0.104052E+07
  0.130748E+00  0.106290E+07  0.105544E+07  0.741007E+01  0.000000E+00  0.211252E+06  0.102523E+07
  0.132578E+00  0.104689E+07  0.103971E+07  0.409195E+01  0.000000E+00  0.204871E+06  0.100967E+07
  0.134408E+00  0.103056E+07  0.102358E+07  0.000000E+00  0.000000E+00  0.198598E+06  0.993809E+06
  0.136237E+00  0.101390E+07  0.100704E+07  0.000000E+00  0.000000E+00  0.192426E+06  0.977612E+06
  0.138067E+00  0.996904E+06  0.990107E+06  0.000000E+00  0.000000E+00  0.186355E+06  0.961098E+06
  0.139897E+00  0.979623E+06  0.972821E+06  0.000000E+00  0.000000E+00  0.180388E+06  0.944301E+06
  0.141726E+00  0.962103E+06  0.955243E+06  0.000000E+00  0.000000E+00  0.174534E+06  0.927274E+06
  0.143556E+00  0.944418E+06  0.937456E+06  0.000000E+00  0.000000E+00  0.168802E+06  0.910086E+06
  0.145386E+00  0.926660E+06  0.919563E+06  0.000000E+00  0.000000E+00  0.163205E+06  0.892830E+06
  0.147215E+00  0.908931E+06  0.901675E+06  0.000000E+00  0.000000E+00  0.157757E+06  0.875604E+06
  0.149045E+00  0.891332E+06  0.883904E+06  0.000000E+00  0.000000E+00  0.152472E+06  0.858508E+06
  0.150875E+00  0.873973E+06  0.866370E+06  0.000000E+00  0.000000E+00  0.147362E+06  0.841648E+06
  0.152704E+00  0.856960E+06  0.849189E+06  0.000000E+00  0.000000E+00  0.142439E+06  0.825130E+06
  0.154534E+00  0.840392E+06  0.832469E+06  0.000000E+00  0.000000E+00  0.137714E+06  0.809047E+06
  0.156364E+00  0.824359E+06  0.816307E+06  0.000000E+00  0.000000E+00  0.133195E+06  0.793489E+06
  0.158193E+00  0.808941E+06  0.800790E+06  0.000000E+00  0.000000E+00  0.128887E+06  0.778533E+06
  0.160023E+00  0.794201E+06  0.785984E+06  0.000000E+00  0.000000E+00  0.124792E+06  0.764240E+06
  0.161853E+00  0.780185E+06  0.771942E+06  0.000000E+00  0.000000E+00  0.120911E+06  0.750655E+06
  0.163683E+00  0.766929E+06  0.758699E+06  0.000000E+00  0.000000E+00  0.117241E+06  0.737813E+06
  0.165512E+00  0.754449E+06  0.746273E+06  0.000000E+00  0.000000E+00  0.113777E+06  0.725728E+06
  0.167342E+00  0.742742E+06  0.734660E+06  0.000000E+00  0.000000E+00  0.110512E+06  0.714397E+06
  0.169172E+00  0.731788E+06  0.723838E+06  0.000000E+00  0.000000E+00  0.107436E+06  0.703801E+06
  0.171001E+00  0.721555E+06  0.713771E+06  0.000000E+00  0.000000E+00  0.104536E+06  0.693907E+06
  0.172831E+00  0.711998E+06  0.704411E+06  0.000000E+00  0.000000E+00  0.101801E+06  0.684673E+06
  0.174661E+00  0.703061E+06  0.695696E+06  0.000000E+00  0.000000E+00  0.992171E+05  0.676041E+06
  0.176490E+00  0.694675E+06  0.687552E+06  0.000000E+00  0.000000E+00  0.967687E+05  0.667946E+06
  0.178320E+00  0.686768E+06  0.679901E+06  0.000000E+00  0.000000E+00  0.944415E+05  0.660317E+06
  0.180150E+00  0.679263E+06  0.672660E+06  0.000000E+00  0.000000E+00  0.922206E+05  0.653079E+06
  0.181979E+00  0.672082E+06  0.665745E+06  0.000000E+00  0.000000E+00  0.900923E+05  0.646155E+06
  0.183809E+00  0.665146E+06  0.659070E+06  0.000000E+00  0.000000E+00  0.880426E+05  0.639467E+06
  0.185639E+00  0.658378E+06  0.652554E+06  0.000000E+00  0.000000E+00  0.860591E+05  0.632942E+06
  0.187468E+00  0.651709E+06  0.646123E+06  0.000000E+00  0.000000E+00  0.841308E+05  0.626512E+06
  0.189298E+00  0.645075E+06  0.639709E+06  0.000000E+00  0.000000E+00  0.822479E+05  0.620115E+06
  0.191128E+00  0.638421E+06  0.633252E+06  0.000000E+00  0.000000E+00  0.804019E+05  0.613697E+06
  0.192957E+00  0.631699E+06  0.626704E+06  0.000000E+00  0.000000E+00  0.785860E+05  0.607211E+06
  0.194787E+00  0.624873E+06  0.620025E+06  0.000000E+00  0.000000E+00  0.767950E+05  0.600624E+06
  0.196617E+00  0.617916E+06  0.613187E+06  0.000000E+00  0.000000E+00  0.750252E+05  0.593907E+06
  0.198446E+00  0.610813E+06  0.606177E+06  0.000000E+00  0.000000E+00  0.732742E+05  0.587047E+06
  0.200276E+00  0.603559E+06  0.598989E+06  0.000000E+00  0.000000E+00  0.715413E+05  0.580041E+06
  0.202106E+00  0.596158E+06  0.591630E+06  0.000000E+00  0.000000E+00  0.698268E+05  0.572890E+06
  0.203935E+00  0.588623E+06  0.584113E+06  0.000000E+00  0.000000E+00  0.681317E+05  0.565608E+06
  0.205765E+00  0.580975E+06  0.576464E+06  0.000000E+00  0.000000E+00  0.664582E+05  0.558217E+06
  0.207595E+00  0.573243E+06  0.568713E+06  0.000000E+00  0.000000E+00  0.648092E+05  0.550743E+06
  0.209424E+00  0.565458E+06  0.560896E+06  0.000000E+00  0.000000E+00  0.631880E+05  0.543218E+06
  0.211254E+00  0.557657E+06  0.553054E+06  0.000000E+00  0.000000E+00  0.615978E+05  0.535677E+06
  0.213084E+00  0.549880E+06  0.545228E+06  0.000000E+00  0.000000E+00  0.600423E+05  0.528160E+06
  0.214913E+00  0.542167E+06  0.537464E+06  0.000000E+00  0.000000E+00  0.585250E+05  0.520705E+06
  0.216743E+00  0.534557E+06  0.529804E+06  0.000000E+00  0.000000E+00  0.570494E+05  0.513351E+06
  0.218573E+00  0.527089E+06  0.522289E+06  0.000000E+00  0.000000E+00  0.556184E+05  0.506135E+06
  0.220402E+00  0.519797E+06  0.514958E+06  0.000000E+00  0.000000E+00  0.542342E+05  0.499091E+06
  0.222232E+00  0.512712E+06  0.507843E+06  0.000000E+00  0.000000E+00  0.528989E+05  0.492248E+06
  0.224062E+00  0.505860E+06  0.500972E+06  0.000000E+00  0.000000E+00  0.516139E+05  0.485632E+06
  0.225892E+00  0.499264E+06  0.494369E+06  0.000000E+00  0.000000E+00  0.503799E+05  0.479265E+06
  0.227721E+00  0.492936E+06  0.488050E+06  0.000000E+00  0.000000E+00  0.491970E+05  0.473160E+06
  0.229551E+00  0.486888E+06  0.482024E+06  0.000000E+00  0.000000E+00  0.480646E+05  0.467326E+06
  0.231381E+00  0.481121E+06  0.476293E+06  0.000000E+00  0.000000E+00  0.469816E+05  0.461765E+06
  0.233210E+00  0.475634E+06  0.470856E+06  0.000000E+00  0.000000E+00  0.459463E+05  0.456476E+06
  0.235040E+00  0.470417E+06  0.465702E+06  0.000000E+00  0.000000E+00  0.449566E+05  0.451451E+06
  0.236870E+00  0.465458E+06  0.460818E+06  0.000000E+00  0.000000E+00  0.440100E+05  0.446675E+06
  0.238699E+00  0.460738E+06  0.456184E+06  0.000000E+00  0.000000E+00  0.431035E+05  0.442132E+06
  0.240529E+00  0.456237E+06  0.451776E+06  0.000000E+00  0.000000E+00  0.422339E+05  0.437801E+06
  0.242359E+00  0.451932E+06  0.447571E+06  0.000000E+00  0.000000E+00  0.413983E+05  0.433659E+06
  0.244188E+00  0.447794E+06  0.443538E+06  0.000000E+00  0.000000E+00  0.405931E+05  0.429680E+06
  0.246018E+00  0.443797E+06  0.439647E+06  0.000000E+00  0.000000E+00  0.398150E+05  0.425837E+06
  0.247848E+00  0.439914E+06  0.435870E+06  0.000000E+00  0.000000E+00  0.390609E+05  0.422104E+06
  0.249677E+00  0.436116E+06  0.432177E+06  0.000000E+00  0.000000E+00  0.383277E+05  0.418453E+06
  0.251507E+00  0.432379E+06  0.428541E+06  0.000000E+00  0.000000E+00  0.376127E+05  0.414861E+06
  0.253337E+00  0.428677E+06  0.424935E+06  0.000000E+00  0.000000E+00  0.369132E+05  0.411302E+06
  0.255166E+00  0.424991E+06  0.421337E+06  0.000000E+00  0.000000E+00  0.362270E+05  0.407758E+06
  0.256996E+00  0.421299E+06  0.417727E+06  0.000000E+00  0.000000E+00  0.355523E+05  0.404208E+06
  0.258826E+00  0.417588E+06  0.414088E+06  0.000000E+00  0.000000E+00  0.348876E+05  0.400639E+06
  0.260655E+00  0.413846E+06  0.410409E+06  0.000000E+00  0.000000E+00  0.342315E+05  0.397038E+06
  0.262485E+00  0.410064E+06  0.406680E+06  0.000000E+00  0.000000E+00  0.335834E+05  0.393399E+06
  0.264315E+00  0.406237E+06  0.402897E+06  0.000000E+00  0.000000E+00  0.329426E+05  0.389715E+06
  0.266144E+00  0.402364E+06  0.399059E+06  0.000000E+00  0.000000E+00  0.323089E+05  0.385987E+06
  0.267974E+00  0.398449E+06  0.395169E+06  0.000000E+00  0.000000E+00  0.316825E+05  0.382216E+06
  0.269804E+00  0.394495E+06  0.391233E+06  0.000000E+00  0.000000E+00  0.310637E+05  0.378408E+06
  0.271633E+00  0.390510E+06  0.387259E+06  0.000000E+00  0.000000E+00  0.304528E+05  0.374570E+06
  0.273463E+00  0.386505E+06  0.383259E+06  0.000000E+00  0.000000E+00  0.298506E+05  0.370712E+06
  0.275293E+00  0.382492E+06  0.379245E+06  0.000000E+00  0.000000E+00  0.292577E+05  0.366845E+06
  0.277122E+00  0.378483E+06  0.375233E+06  0.000000E+00  0.000000E+00  0.286752E+05  0.362982E+06
  0.278952E+00  0.374492E+06  0.371236E+06  0.000000E+00  0.000000E+00  0.281037E+05  0.359138E+06
  0.280782E+00  0.370534E+06  0.367271E+06  0.000000E+00  0.000000E+00  0.275440E+05  0.355324E+06
  0.282612E+00  0.366622E+06  0.363353E+06  0.000000E+00  0.000000E+00  0.269971E+05  0.351555E+06
  0.284441E+00  0.362769E+06  0.359495E+06  0.000000E+00  0.000000E+00  0.264635E+05  0.347845E+06
  0.286271E+00  0.358988E+06  0.355711E+06  0.000000E+00  0.000000E+00  0.259439E+05  0.344203E+06
  0.288101E+00  0.355290E+06  0.352013E+06  0.000000E+00  0.000000E+00  0.254387E+05  0.340642E+06
  0.289930E+00  0.351683E+06  0.348410E+06  0.000000E+00  0.000000E+00  0.249483E+05  0.337170E+06
  0.291760E+00  0.348176E+06  0.344911E+06  0.000000E+00  0.000000E+00  0.244729E+05  0.333794E+06
  0.293590E+00  0.344772E+06  0.341520E+06  0.000000E+00  0.000000E+00  0.240123E+05  0.330518E+06
  0.295419E+00  0.341477E+06  0.338242E+06  0.000000E+00  0.000000E+00  0.235667E+05  0.327348E+06
  0.297249E+00  0.338290E+06  0.335077E+06  0.000000E+00  0.000000E+00  0.231356E+05  0.324282E+06
  0.299079E+00  0.335208E+06  0.332023E+06  0.000000E+00  0.000000E+00  0.227185E+05  0.321319E+06
  0.300908E+00  0.332232E+06  0.329079E+06  0.000000E+00  0.000000E+00  0.223151E+05  0.318458E+06
  0.302738E+00  0.329357E+06  0.326239E+06  0.000000E+00  0.000000E+00  0.219247E+05  0.315695E+06
  0.304568E+00  0.326576E+06  0.323498E+06  0.000000E+00  0.000000E+00  0.215467E+05  0.313023E+06
  0.306397E+00  0.323883E+06  0.320847E+06  0.000000E+00  0.000000E+00  0.211803E+05  0.310437E+06
  0.308227E+00  0.321270E+06  0.318278E+06  0.000000E+00  0.000000E+00  0.208247E+05  0.307927E+06
  0.310057E+00  0.318726E+06  0.315780E+06  0.000000E+00  0.000000E+00  0.204790E+05  0.305484E+06
  0.311886E+00  0.316244E+06  0.313344E+06  0.000000E+00  0.000000E+00  0.201425E+05  0.303101E+06
  0.313716E+00  0.313813E+06  0.310960E+06  0.000000E+00  0.000000E+00  0.198142E+05  0.300767E+06
  0.315546E+00  0.311423E+06  0.308616E+06  0.000000E+00  0.000000E+00  0.194935E+05  0.298473E+06
  0.317375E+00  0.309066E+06  0.306303E+06  0.000000E+00  0.000000E+00  0.191796E+05  0.296210E+06
  0.319205E+00  0.306732E+06  0.304013E+06  0.000000E+00  0.000000E+00  0.188718E+05  0.293970E+06
  0.321035E+00  0.304415E+06  0.301736E+06  0.000000E+00  0.000000E+00  0.185695E+05  0.291745E+06
  0.322864E+00  0.302106E+06  0.299466E+06  0.000000E+00  0.000000E+00  0.182722E+05  0.289529E+06
  0.324694E+00  0.299801E+06  0.297196E+06  0.000000E+00  0.000000E+00  0.179794E+05  0.287315E+06
  0.326524E+00  0.297495E+06  0.294921E+06  0.000000E+00  0.000000E+00  0.176908E+05  0.285101E+06
  0.328353E+00  0.295185E+06  0.292640E+06  0.000000E+00  0.000000E+00  0.174061E+05  0.282882E+06
  0.330183E+00  0.292868E+06  0.290348E+06  0.000000E+00  0.000000E+00  0.171252E+05  0.280656E+06
  0.332013E+00  0.290545E+06  0.288046E+06  0.000000E+00  0.000000E+00  0.168479E+05  0.278424E+06
  0.333842E+00  0.288214E+06  0.285734E+06  0.000000E+00  0.000000E+00  0.165742E+05  0.276184E+06
  0.335672E+00  0.285878E+06  0.283414E+06  0.000000E+00  0.000000E+00  0.163041E+05  0.273939E+06
  0.337502E+00  0.283540E+06  0.281089E+06  0.000000E+00  0.000000E+00  0.160377E+05  0.271692E+06
  0.339332E+00  0.281201E+06  0.278761E+06  0.000000E+00  0.000000E+00  0.157752E+05  0.269444E+06
  0.341161E+00  0.278867E+06  0.276436E+06  0.000000E+00  0.000000E+00  0.155166E+05  0.267200E+06
  0.342991E+00  0.276542E+06  0.274118E+06  0.000000E+00  0.000000E+00  0.152621E+05  0.264965E+06
  0.344821E+00  0.274229E+06  0.271813E+06  0.000000E+00  0.000000E+00  0.150119E+05  0.262742E+06
  0.346650E+00  0.271935E+06  0.269525E+06  0.000000E+00  0.000000E+00  0.147663E+05  0.260536E+06
  0.348480E+00  0.269663E+06  0.267259E+06  0.000000E+00  0.000000E+00  0.145253E+05  0.258353E+06
  0.350310E+00  0.267419E+06  0.265021E+06  0.000000E+00  0.000000E+00  0.142892E+05  0.256195E+06
  0.352139E+00  0.265206E+06  0.262815E+06  0.000000E+00  0.000000E+00  0.140580E+05  0.254069E+06
  0.353969E+00  0.263028E+06  0.260645E+06  0.000000E+00  0.000000E+00  0.138320E+05  0.251976E+06
  0.355799E+00  0.260889E+06  0.258514E+06  0.000000E+00  0.000000E+00  0.136110E+05  0.249921E+06
  0.357628E+00  0.258792E+06  0.256427E+06  0.000000E+00  0.000000E+00  0.133953E+05  0.247905E+06
  0.359458E+00  0.256737E+06  0.254384E+06  0.000000E+00  0.000000E+00  0.131848E+05  0.245931E+06
  0.361288E+00  0.254727E+06  0.252386E+06  0.000000E+00  0.000000E+00  0.129794E+05  0.244000E+06
  0.363117E+00  0.252761E+06  0.250435E+06  0.000000E+00  0.000000E+00  0.127791E+05  0.242113E+06
  0.364947E+00  0.250840E+06  0.248531E+06  0.000000E+00  0.000000E+00  0.125838E+05  0.240269E+06
  0.366777E+00  0.248964E+06  0.246672E+06  0.000000E+00  0.000000E+00  0.123933E+05  0.238467E+06
  0.368606E+00  0.247129E+06  0.244857E+06  0.000000E+00  0.000000E+00  0.122074E+05  0.236706E+06
  0.370436E+00  0.245336E+06  0.243083E+06  0.000000E+00  0.000000E+00  0.120261E+05  0.234985E+06
  0.372266E+00  0.243580E+06  0.241349E+06  0.000000E+00  0.000000E+00  0.118490E+05  0.233300E+06
  0.374095E+00  0.241860E+06  0.239651E+06  0.000000E+00  0.000000E+00  0.116760E+05  0.231650E+06
  0.375925E+00  0.240173E+06  0.237986E+06  0.000000E+00  0.000000E+00  0.115068E+05  0.230031E+06
  0.377755E+00  0.238514E+06  0.236350E+06  0.000000E+00  0.000000E+00  0.113413E+05  0.228440E+06
  0.379584E+00  0.236882E+06  0.234741E+06  0.000000E+00  0.000000E+00  0.111791E+05  0.226874E+06
  0.381414E+00  0.235272E+06  0.233154E+06  0.000000E+00  0.000000E+00  0.110201E+05  0.225330E+06
  0.383244E+00  0.233682E+06  0.231586E+06  0.000000E+00  0.000000E+00  0.108641E+05  0.223805E+06
  0.385073E+00  0.232108E+06  0.230034E+06  0.000000E+00  0.000000E+00  0.107108E+05  0.222295E+06
  0.386903E+00  0.230548E+06  0.228495E+06  0.000000E+00  0.000000E+00  0.105601E+05  0.220798E+06
  0.388733E+00  0.228999E+06  0.226967E+06  0.000000E+00  0.000000E+00  0.104119E+05  0.219313E+06
  0.390562E+00  0.227459E+06  0.225446E+06  0.000000E+00  0.000000E+00  0.102660E+05  0.217836E+06
  0.392392E+00  0.225927E+06  0.223932E+06  0.000000E+00  0.000000E+00  0.101222E+05  0.216366E+06
  0.394222E+00  0.224401E+06  0.222423E+06  0.000000E+00  0.000000E+00  0.998053E+04  0.214902E+06
  0.396051E+00  0.222880E+06  0.220918E+06  0.000000E+00  0.000000E+00  0.984087E+04  0.213443E+06
  0.397881E+00  0.221364E+06  0.219416E+06  0.000000E+00  0.000000E+00  0.970316E+04  0.211988E+06
  0.399711E+00  0.219852E+06  0.217918E+06  0.000000E+00  0.000000E+00  0.956738E+04  0.210537E+06
  0.401541E+00  0.218345E+06  0.216423E+06  0.000000E+00  0.000000E+00  0.943350E+04  0.209091E+06
  0.403370E+00  0.216843E+06  0.214933E+06  0.000000E+00  0.000000E+00  0.930149E+04  0.207649E+06
  0.405200E+00  0.215347E+06  0.213448E+06  0.000000E+00  0.000000E+00  0.917138E+04  0.206214E+06
  0.407030E+00  0.213859E+06  0.211968E+06  0.000000E+00  0.000000E+00  0.904318E+04  0.204785E+06
  0.408859E+00  0.212378E+06  0.210497E+06  0.000000E+00  0.000000E+00  0.891691E+04  0.203364E+06
  0.410689E+00  0.210907E+06  0.209035E+06  0.000000E+00  0.000000E+00  0.879259E+04  0.201952E+06
  0.412519E+00  0.209447E+06  0.207583E+06  0.000000E+00  0.000000E+00  0.867024E+04  0.200550E+06
  0.414348E+00  0.207999E+06  0.206143E+06  0.000000E+00  0.000000E+00  0.854991E+04  0.199161E+06
  0.416178E+00  0.206565E+06  0.204718E+06  0.000000E+00  0.000000E+00  0.843161E+04  0.197785E+06
  0.418008E+00  0.205146E+06  0.203307E+06  0.000000E+00  0.000000E+00  0.831536E+04  0.196423E+06
  0.419837E+00  0.203744E+06  0.201913E+06  0.000000E+00  0.000000E+00  0.820118E+04  0.195077E+06
  0.421667E+00  0.202359E+06  0.200537E+06  0.000000E+00  0.000000E+00  0.808910E+04  0.193748E+06
  0.423497E+00  0.200993E+06  0.199179E+06  0.000000E+00  0.000000E+00  0.797909E+04  0.192437E+06
  0.425326E+00  0.199646E+06  0.197842E+06  0.000000E+00  0.000000E+00  0.787116E+04  0.191145E+06
  0.427156E+00  0.198319E+06  0.196524E+06  0.000000E+00  0.000000E+00  0.776530E+04  0.189872E+06
  0.428986E+00  0.197012E+06  0.195227E+06  0.000000E+00  0.000000E+00  0.766150E+04  0.188618E+06
  0.430815E+00  0.195725E+06  0.193951E+06  0.000000E+00  0.000000E+00  0.755970E+04  0.187383E+06
  0.432645E+00  0.194458E+06  0.192695E+06  0.000000E+00  0.000000E+00  0.745988E+04  0.186168E+06
  0.434475E+00  0.193211E+06  0.191460E+06  0.000000E+00  0.000000E+00  0.736200E+04  0.184972E+06
  0.436304E+00  0.191983E+06  0.190244E+06  0.000000E+00  0.000000E+00  0.726600E+04  0.183795E+06
  0.438134E+00  0.190774E+06  0.189048E+06  0.000000E+00  0.000000E+00  0.717182E+04  0.182635E+06
  0.439964E+00  0.189583E+06  0.187869E+06  0.000000E+00  0.000000E+00  0.707941E+04  0.181493E+06
  0.441793E+00  0.188408E+06  0.186707E+06  0.000000E+00  0.000000E+00  0.698870E+04  0.180367E+06
  0.443623E+00  0.187250E+06  0.185562E+06  0.000000E+00  0.000000E+00  0.689962E+04  0.179257E+06
  0.445453E+00  0.186106E+06  0.184431E+06  0.000000E+00  0.000000E+00  0.681210E+04  0.178160E+06
  0.447282E+00  0.184976E+06  0.183313E+06  0.000000E+00  0.000000E+00  0.672608E+04  0.177077E+06
  0.449112E+00  0.183858E+06  0.182209E+06  0.000000E+00  0.000000E+00  0.664151E+04  0.176005E+06
  0.450942E+00  0.182752E+06  0.181115E+06  0.000000E+00  0.000000E+00  0.655830E+04  0.174945E+06
  0.452771E+00  0.181656E+06  0.180031E+06  0.000000E+00  0.000000E+00  0.647639E+04  0.173894E+06
  0.454601E+00  0.180569E+06  0.178956E+06  0.000000E+00  0.000000E+00  0.639575E+04  0.172852E+06
  0.456431E+00  0.179491E+06  0.177890E+06  0.000000E+00  0.000000E+00  0.631631E+04  0.171819E+06
  0.458261E+00  0.178420E+06  0.176831E+06  0.000000E+00  0.000000E+00  0.623803E+04  0.170792E+06
  0.460090E+00  0.177357E+06  0.175778E+06  0.000000E+00  0.000000E+00  0.616087E+04  0.169773E+06
  0.461920E+00  0.176300E+06  0.174732E+06  0.000000E+00  0.000000E+00  0.608481E+04  0.168760E+06
  0.463750E+00  0.175249E+06  0.173691E+06  0.000000E+00  0.000000E+00  0.600979E+04  0.167752E+06
  0.465579E+00  0.174204E+06  0.172656E+06  0.000000E+00  0.000000E+00  0.593581E+04  0.166750E+06
  0.467409E+00  0.173165E+06  0.171626E+06  0.000000E+00  0.000000E+00  0.586284E+04  0.165754E+06
  0.469239E+00  0.172132E+06  0.170602E+06  0.000000E+00  0.000000E+00  0.579088E+04  0.164764E+06
  0.471068E+00  0.171105E+06  0.169583E+06  0.000000E+00  0.000000E+00  0.571990E+04  0.163779E+06
  0.472898E+00  0.170084E+06  0.168570E+06  0.000000E+00  0.000000E+00  0.564991E+04  0.162800E+06
  0.474728E+00  0.169069E+06  0.167564E+06  0.000000E+00  0.000000E+00  0.558090E+04  0.161827E+06
  0.476557E+00  0.168062E+06  0.166564E+06  0.000000E+00  0.000000E+00  0.551287E+04  0.160861E+06
  0.478387E+00  0.167061E+06  0.165571E+06  0.000000E+00  0.000000E+00  0.544581E+04  0.159902E+06
  0.480217E+00  0.166069E+06  0.164586E+06  0.000000E+00  0.000000E+00  0.537974E+04  0.158950E+06
  0.482046E+00  0.165085E+06  0.163609E+06  0.000000E+00  0.000000E+00  0.531465E+04  0.158006E+06
  0.483876E+00  0.164109E+06  0.162640E+06  0.000000E+00  0.000000E+00  0.525052E+04  0.157070E+06
  0.485706E+00  0.163141E+06  0.161679E+06  0.000000E+00  0.000000E+00  0.518734E+04  0.156142E+06
  0.487535E+00  0.162182E+06  0.160728E+06  0.000000E+00  0.000000E+00  0.512513E+04  0.155224E+06
  0.489365E+00  0.161234E+06  0.159787E+06  0.000000E+00  0.000000E+00  0.506391E+04  0.154314E+06
  0.491195E+00  0.160296E+06  0.158856E+06  0.000000E+00  0.000000E+00  0.500366E+04  0.153415E+06
  0.493024E+00  0.159368E+06  0.157936E+06  0.000000E+00  0.000000E+00  0.494438E+04  0.152526E+06
  0.494854E+00  0.158451E+06  0.157026E+06  0.000000E+00  0.000000E+00  0.488606E+04  0.151647E+06
  0.496684E+00  0.157545E+06  0.156128E+06  0.000000E+00  0.000000E+00  0.482867E+04  0.150778E+06
  0.498513E+00  0.156649E+06  0.155240E+06  0.000000E+00  0.000000E+00  0.477222E+04  0.149919E+06
  0.500343E+00  0.155764E+06  0.154362E+06  0.000000E+00  0.000000E+00  0.471667E+04  0.149071E+06
  0.502173E+00  0.154889E+06  0.153495E+06  0.000000E+00  0.000000E+00  0.466202E+04  0.148232E+06
  0.504002E+00  0.154024E+06  0.152639E+06  0.000000E+00  0.000000E+00  0.460825E+04  0.147404E+06
  0.505832E+00  0.153169E+06  0.151792E+06  0.000000E+00  0.000000E+00  0.455532E+04  0.146584E+06
  0.507662E+00  0.152324E+06  0.150954E+06  0.000000E+00  0.000000E+00  0.450321E+04  0.145774E+06
  0.509492E+00  0.151487E+06  0.150126E+06  0.000000E+00  0.000000E+00  0.445192E+04  0.144972E+06
  0.511321E+00  0.150659E+06  0.149306E+06  0.000000E+00  0.000000E+00  0.440140E+04  0.144179E+06
  0.513151E+00  0.149840E+06  0.148495E+06  0.000000E+00  0.000000E+00  0.435164E+04  0.143394E+06
  0.514980E+00  0.149028E+06  0.147691E+06  0.000000E+00  0.000000E+00  0.430262E+04  0.142616E+06
  0.516810E+00  0.148223E+06  0.146895E+06  0.000000E+00  0.000000E+00  0.425430E+04  0.141845E+06
  0.518640E+00  0.147426E+06  0.146105E+06  0.000000E+00  0.000000E+00  0.420668E+04  0.141081E+06
  0.520470E+00  0.146635E+06  0.145322E+06  0.000000E+00  0.000000E+00  0.415972E+04  0.140323E+06
  0.522299E+00  0.145850E+06  0.144546E+06  0.000000E+00  0.000000E+00  0.411342E+04  0.139572E+06
  0.524129E+00  0.145072E+06  0.143775E+06  0.000000E+00  0.000000E+00  0.406775E+04  0.138826E+06
  0.525959E+00  0.144299E+06  0.143009E+06  0.000000E+00  0.000000E+00  0.402270E+04  0.138085E+06
  0.527788E+00  0.143531E+06  0.142249E+06  0.000000E+00  0.000000E+00  0.397825E+04  0.137350E+06
  0.529618E+00  0.142769E+06  0.141494E+06  0.000000E+00  0.000000E+00  0.393439E+04  0.136619E+06
  0.531448E+00  0.142012E+06  0.140744E+06  0.000000E+00  0.000000E+00  0.389111E+04  0.135894E+06
  0.533277E+00  0.141260E+06  0.139999E+06  0.000000E+00  0.000000E+00  0.384839E+04  0.135173E+06
  0.535107E+00  0.140513E+06  0.139258E+06  0.000000E+00  0.000000E+00  0.380622E+04  0.134458E+06
  0.536937E+00  0.139771E+06  0.138523E+06  0.000000E+00  0.000000E+00  0.376461E+04  0.133747E+06
  0.538766E+00  0.139034E+06  0.137792E+06  0.000000E+00  0.000000E+00  0.372354E+04  0.133040E+06
  0.540596E+00  0.138301E+06  0.137066E+06  0.000000E+00  0.000000E+00  0.368301E+04  0.132339E+06
  0.542426E+00  0.137574E+06  0.136345E+06  0.000000E+00  0.000000E+00  0.364300E+04  0.131642E+06
  0.544255E+00  0.136852E+06  0.135629E+06  0.000000E+00  0.000000E+00  0.360353E+04  0.130950E+06
  0.546085E+00  0.136135E+06  0.134918E+06  0.000000E+00  0.000000E+00  0.356457E+04  0.130263E+06
  0.547915E+00  0.135424E+06  0.134212E+06  0.000000E+00  0.000000E+00  0.352612E+04  0.129581E+06
  0.549744E+00  0.134717E+06  0.133512E+06  0.000000E+00  0.000000E+00  0.348820E+04  0.128905E+06
  0.551574E+00  0.134017E+06  0.132817E+06  0.000000E+00  0.000000E+00  0.345078E+04  0.128233E+06
  0.553404E+00  0.133322E+06  0.132128E+06  0.000000E+00  0.000000E+00  0.341386E+04  0.127567E+06
  0.555233E+00  0.132632E+06  0.131444E+06  0.000000E+00  0.000000E+00  0.337745E+04  0.126907E+06
  0.557063E+00  0.131949E+06  0.130767E+06  0.000000E+00  0.000000E+00  0.334153E+04  0.126252E+06
  0.558893E+00  0.131271E+06  0.130095E+06  0.000000E+00  0.000000E+00  0.330610E+04  0.125603E+06
  0.560722E+00  0.130600E+06  0.129429E+06  0.000000E+00  0.000000E+00  0.327116E+04  0.124959E+06
  0.562552E+00  0.129934E+06  0.128769E+06  0.000000E+00  0.000000E+00  0.323670E+04  0.124322E+06
  0.564382E+00  0.129274E+06  0.128115E+06  0.000000E+00  0.000000E+00  0.320272E+04  0.123689E+06
  0.566211E+00  0.128620E+06  0.127467E+06  0.000000E+00  0.000000E+00  0.316920E+04  0.123063E+06
  0.568041E+00  0.127972E+06  0.126825E+06  0.000000E+00  0.000000E+00  0.313615E+04  0.122443E+06
  0.569871E+00  0.127331E+06  0.126188E+06  0.000000E+00  0.000000E+00  0.310355E+04  0.121828E+06
  0.571701E+00  0.126695E+06  0.125558E+06  0.000000E+00  0.000000E+00  0.307140E+04  0.121219E+06
  0.573530E+00  0.126064E+06  0.124934E+06  0.000000E+00  0.000000E+00  0.303970E+04  0.120615E+06
  0.575360E+00  0.125440E+06  0.124315E+06  0.000000E+00  0.000000E+00  0.300842E+04  0.120017E+06
  0.577190E+00  0.124821E+06  0.123702E+06  0.000000E+00  0.000000E+00  0.297756E+04  0.119424E+06
  0.579019E+00  0.124207E+06  0.123094E+06  0.000000E+00  0.000000E+00  0.294712E+04  0.118836E+06
  0.580849E+00  0.123599E+06  0.122491E+06  0.000000E+00  0.000000E+00  0.291709E+04  0.118254E+06
  0.582679E+00  0.122996E+06  0.121894E+06  0.000000E+00  0.000000E+00  0.288746E+04  0.117676E+06
  0.584508E+00  0.122398E+06  0.121302E+06  0.000000E+00  0.000000E+00  0.285822E+04  0.117103E+06
  0.586338E+00  0.121805E+06  0.120714E+06  0.000000E+00  0.000000E+00  0.282935E+04  0.116535E+06
  0.588168E+00  0.121216E+06  0.120131E+06  0.000000E+00  0.000000E+00  0.280086E+04  0.115971E+06
  0.589997E+00  0.120632E+06  0.119552E+06  0.000000E+00  0.000000E+00  0.277273E+04  0.115412E+06
  0.710818E+00  0.898969E+05  0.890921E+05  0.000000E+00  0.000000E+00  0.150014E+04  0.859824E+05
  0.868196E+00  0.652426E+05  0.646587E+05  0.000000E+00  0.000000E+00  0.765111E+03  0.623878E+05
  0.106042E+01  0.471304E+05  0.467086E+05  0.000000E+00  0.000000E+00  0.385259E+03  0.450609E+05
  0.129520E+01  0.339012E+05  0.335978E+05  0.000000E+00  0.000000E+00  0.191789E+03  0.324090E+05
  0.158196E+01  0.242921E+05  0.240747E+05  0.000000E+00  0.000000E+00  0.125586E+03  0.232223E+05
  0.193220E+01  0.173448E+05  0.171894E+05  0.000000E+00  0.000000E+00  0.619162E+02  0.165797E+05
  0.236000E+01  0.123444E+05  0.122338E+05  0.000000E+00  0.000000E+00  0.302532E+02  0.117993E+05
  0.288251E+01  0.875958E+04  0.868100E+04  0.000000E+00  0.000000E+00  0.146657E+02  0.837248E+04
  0.352071E+01  0.619891E+04  0.614321E+04  0.000000E+00  0.000000E+00  0.706022E+01  0.592482E+04
  0.430020E+01  0.437582E+04  0.433640E+04  0.000000E+00  0.000000E+00  0.337846E+01  0.418225E+04
  0.525228E+01  0.308176E+04  0.305389E+04  0.000000E+00  0.000000E+00  0.160834E+01  0.294538E+04
  0.641515E+01  0.216575E+04  0.214605E+04  0.000000E+00  0.000000E+00  0.762299E+00  0.206988E+04
  0.783548E+01  0.151900E+04  0.150506E+04  0.000000E+00  0.000000E+00  0.359968E+00  0.145173E+04
  0.957028E+01  0.106343E+04  0.105354E+04  0.000000E+00  0.000000E+00  0.169450E+00  0.101631E+04
  0.116892E+02  0.743214E+03  0.736175E+03  0.000000E+00  0.000000E+00  0.795541E-01  0.710264E+03
  0.142772E+02  0.518589E+03  0.513542E+03  0.000000E+00  0.000000E+00  0.372637E-01  0.495577E+03
  0.174382E+02  0.361310E+03  0.357651E+03  0.000000E+00  0.000000E+00  0.174199E-01  0.345256E+03
  0.212990E+02  0.251375E+03  0.248682E+03  0.000000E+00  0.000000E+00  0.812889E-02  0.240183E+03
  0.260147E+02  0.174655E+03  0.172631E+03  0.000000E+00  0.000000E+00  0.378721E-02  0.166856E+03
  0.317744E+02  0.121193E+03  0.119631E+03  0.000000E+00  0.000000E+00  0.176179E-02  0.115758E+03
  0.388094E+02  0.839911E+02  0.827458E+02  0.000000E+00  0.000000E+00  0.818370E-03  0.801999E+02
  0.474019E+02  0.581369E+02  0.571071E+02  0.000000E+00  0.000000E+00  0.379587E-03  0.554876E+02
  0.578968E+02  0.401904E+02  0.393061E+02  0.000000E+00  0.000000E+00  0.175801E-03  0.383331E+02
  0.707154E+02  0.277472E+02  0.269601E+02  0.000000E+00  0.000000E+00  0.812820E-04  0.264385E+02
  0.863719E+02  0.191289E+02  0.184062E+02  0.000000E+00  0.000000E+00  0.375079E-04  0.181998E+02
  0.105495E+03  0.131656E+02  0.124856E+02  0.000000E+00  0.000000E+00  0.172659E-04  0.124988E+02
