  0.357574E-05  0.218873E+07  0.218873E+07  0.291829E+07  0.291829E+07  0.218954E+07  0.218876E+07
  0.369673E-05  0.218873E+07  0.218873E+07  0.291828E+07  0.291828E+07  0.218954E+07  0.218876E+07
  0.382181E-05  0.218873E+07  0.218873E+07  0.291828E+07  0.291828E+07  0.218954E+07  0.218876E+07
  0.395112E-05  0.218873E+07  0.218873E+07  0.291828E+07  0.291828E+07  0.218954E+07  0.218876E+07
  0.408481E-05  0.218873E+07  0.218873E+07  0.291828E+07  0.291828E+07  0.218954E+07  0.218876E+07
  0.422302E-05  0.218873E+07  0.218873E+07  0.291828E+07  0.291828E+07  0.218954E+07  0.218876E+07
  0.436590E-05  0.218873E+07  0.218873E+07  0.291828E+07  0.291828E+07  0.218954E+07  0.218876E+07
  0.451363E-05  0.218873E+07  0.218873E+07  0.291828E+07  0.291828E+07  0.218954E+07  0.218876E+07
  0.466635E-05  0.218873E+07  0.218873E+07  0.291827E+07  0.291827E+07  0.218954E+07  0.218876E+07
  0.482423E-05  0.218873E+07  0.218873E+07  0.291827E+07  0.291827E+07  0.218954E+07  0.218876E+07
  0.498746E-05  0.218873E+07  0.218873E+07  0.291827E+07  0.291827E+07  0.218954E+07  0.218876E+07
  0.515621E-05  0.218873E+07  0.218873E+07  0.291827E+07  0.291827E+07  0.218954E+07  0.218876E+07
  0.533068E-05  0.218873E+07  0.218873E+07  0.291826E+07  0.291826E+07  0.218954E+07  0.218876E+07
  0.551104E-05  0.218873E+07  0.218873E+07  0.291826E+07  0.291826E+07  0.218954E+07  0.218876E+07
  0.569751E-05  0.218873E+07  0.218873E+07  0.291826E+07  0.291826E+07  0.218954E+07  0.218876E+07
  0.589029E-05  0.218873E+07  0.218873E+07  0.291826E+07  0.291826E+07  0.218954E+07  0.218876E+07
  0.608959E-05  0.218873E+07  0.218873E+07  0.291825E+07  0.291825E+07  0.218954E+07  0.218876E+07
  0.629563E-05  0.218873E+07  0.218873E+07  0.291825E+07  0.291825E+07  0.218954E+07  0.218876E+07
  0.650864E-05  0.218873E+07  0.218873E+07  0.291825E+07  0.291824E+07  0.218954E+07  0.218876E+07
  0.672887E-05  0.218873E+07  0.218873E+07  0.291824E+07  0.291824E+07  0.218954E+07  0.218876E+07
  0.695654E-05  0.218873E+07  0.218873E+07  0.291824E+07  0.291824E+07  0.218954E+07  0.218876E+07
  0.719192E-05  0.218873E+07  0.218873E+07  0.291823E+07  0.291823E+07  0.218954E+07  0.218876E+07
  0.743526E-05  0.218873E+07  0.218873E+07  0.291823E+07  0.291823E+07  0.218954E+07  0.218876E+07
  0.768683E-05  0.218873E+07  0.218873E+07  0.291822E+07  0.291822E+07  0.218954E+07  0.218876E+07
  0.794692E-05  0.218873E+07  0.218873E+07  0.291822E+07  0.291822E+07  0.218954E+07  0.218876E+07
  0.821580E-05  0.218873E+07  0.218873E+07  0.291821E+07  0.291821E+07  0.218954E+07  0.218876E+07
  0.849379E-05  0.218873E+07  0.218873E+07  0.291820E+07  0.291820E+07  0.218954E+07  0.218876E+07
  0.878118E-05  0.218873E+07  0.218873E+07  0.291820E+07  0.291820E+07  0.218954E+07  0.218876E+07
  0.907829E-05  0.218873E+07  0.218873E+07  0.291819E+07  0.291819E+07  0.218954E+07  0.218876E+07
  0.938546E-05  0.218873E+07  0.218873E+07  0.291818E+07  0.291818E+07  0.218954E+07  0.218876E+07
  0.970302E-05  0.218873E+07  0.218873E+07  0.291818E+07  0.291817E+07  0.218954E+07  0.218876E+07
  0.100313E-04  0.218873E+07  0.218873E+07  0.291817E+07  0.291816E+07  0.218954E+07  0.218876E+07
  0.103707E-04  0.218873E+07  0.218873E+07  0.291816E+07  0.291815E+07  0.218954E+07  0.218876E+07
  0.107216E-04  0.218873E+07  0.218873E+07  0.291815E+07  0.291814E+07  0.218954E+07  0.218876E+07
  0.110844E-04  0.218873E+07  0.218873E+07  0.291814E+07  0.291813E+07  0.218954E+07  0.218876E+07
  0.114594E-04  0.218873E+07  0.218873E+07  0.291812E+07  0.291812E+07  0.218954E+07  0.218876E+07
  0.118472E-04  0.218873E+07  0.218873E+07  0.291811E+07  0.291811E+07  0.218954E+07  0.218876E+07
  0.122480E-04  0.218873E+07  0.218873E+07  0.291810E+07  0.291810E+07  0.218954E+07  0.218876E+07
  0.126624E-04  0.218873E+07  0.218873E+07  0.291808E+07  0.291808E+07  0.218954E+07  0.218876E+07
  0.130909E-04  0.218873E+07  0.218873E+07  0.291807E+07  0.291807E+07  0.218954E+07  0.218876E+07
  0.135338E-04  0.218873E+07  0.218873E+07  0.291805E+07  0.291805E+07  0.218954E+07  0.218876E+07
  0.139917E-04  0.218873E+07  0.218873E+07  0.291804E+07  0.291803E+07  0.218954E+07  0.218876E+07
  0.144652E-04  0.218873E+07  0.218873E+07  0.291802E+07  0.291801E+07  0.218954E+07  0.218876E+07
  0.149546E-04  0.218872E+07  0.218872E+07  0.291800E+07  0.291799E+07  0.218954E+07  0.218876E+07
  0.154606E-04  0.218872E+07  0.218872E+07  0.291798E+07  0.291797E+07  0.218954E+07  0.218876E+07
  0.159837E-04  0.218872E+07  0.218872E+07  0.291796E+07  0.291795E+07  0.218954E+07  0.218876E+07
  0.165245E-04  0.218872E+07  0.218872E+07  0.291793E+07  0.291792E+07  0.218954E+07  0.218876E+07
  0.170836E-04  0.218872E+07  0.218872E+07  0.291791E+07  0.291790E+07  0.218954E+07  0.218876E+07
  0.176617E-04  0.218872E+07  0.218872E+07  0.291788E+07  0.291787E+07  0.218953E+07  0.218876E+07
  0.182592E-04  0.218872E+07  0.218872E+07  0.291785E+07  0.291784E+07  0.218953E+07  0.218876E+07
  0.188770E-04  0.218872E+07  0.218872E+07  0.291782E+07  0.291781E+07  0.218953E+07  0.218876E+07
  0.195158E-04  0.218872E+07  0.218872E+07  0.291778E+07  0.291778E+07  0.218953E+07  0.218876E+07
  0.201761E-04  0.218872E+07  0.218872E+07  0.291775E+07  0.291774E+07  0.218953E+07  0.218876E+07
  0.208587E-04  0.218872E+07  0.218872E+07  0.291771E+07  0.291770E+07  0.218953E+07  0.218876E+07
  0.215645E-04  0.218872E+07  0.218872E+07  0.291767E+07  0.291766E+07  0.218953E+07  0.218876E+07
  0.222941E-04  0.218872E+07  0.218872E+07  0.291763E+07  0.291761E+07  0.218953E+07  0.218876E+07
  0.230485E-04  0.218872E+07  0.218872E+07  0.291758E+07  0.291757E+07  0.218953E+07  0.218876E+07
  0.238283E-04  0.218872E+07  0.218872E+07  0.291753E+07  0.291752E+07  0.218953E+07  0.218876E+07
  0.246346E-04  0.218872E+07  0.218872E+07  0.291748E+07  0.291746E+07  0.218953E+07  0.218876E+07
  0.254681E-04  0.218872E+07  0.218872E+07  0.291742E+07  0.291740E+07  0.218952E+07  0.218875E+07
  0.263298E-04  0.218872E+07  0.218872E+07  0.291736E+07  0.291734E+07  0.218952E+07  0.218875E+07
  0.272207E-04  0.218872E+07  0.218872E+07  0.291729E+07  0.291728E+07  0.218952E+07  0.218875E+07
  0.281417E-04  0.218872E+07  0.218872E+07  0.291722E+07  0.291721E+07  0.218952E+07  0.218875E+07
  0.290939E-04  0.218872E+07  0.218872E+07  0.291715E+07  0.291713E+07  0.218952E+07  0.218875E+07
  0.300783E-04  0.218872E+07  0.218872E+07  0.291707E+07  0.291705E+07  0.218952E+07  0.218875E+07
  0.310960E-04  0.218872E+07  0.218872E+07  0.291698E+07  0.291696E+07  0.218952E+07  0.218875E+07
  0.321481E-04  0.218872E+07  0.218872E+07  0.291689E+07  0.291687E+07  0.218951E+07  0.218875E+07
  0.332359E-04  0.218871E+07  0.218871E+07  0.291680E+07  0.291677E+07  0.218951E+07  0.218875E+07
  0.343604E-04  0.218871E+07  0.218871E+07  0.291669E+07  0.291667E+07  0.218951E+07  0.218875E+07
  0.355230E-04  0.218871E+07  0.218871E+07  0.291658E+07  0.291656E+07  0.218951E+07  0.218875E+07
  0.367249E-04  0.218871E+07  0.218871E+07  0.291646E+07  0.291644E+07  0.218950E+07  0.218875E+07
  0.379675E-04  0.218871E+07  0.218871E+07  0.291634E+07  0.291631E+07  0.218950E+07  0.218874E+07
  0.392522E-04  0.218871E+07  0.218871E+07  0.291620E+07  0.291617E+07  0.218950E+07  0.218874E+07
  0.405803E-04  0.218871E+07  0.218871E+07  0.291606E+07  0.291602E+07  0.218950E+07  0.218874E+07
  0.419533E-04  0.218871E+07  0.218871E+07  0.291590E+07  0.291587E+07  0.218949E+07  0.218874E+07
  0.433728E-04  0.218871E+07  0.218871E+07  0.291574E+07  0.291570E+07  0.218949E+07  0.218874E+07
  0.448404E-04  0.218870E+07  0.218870E+07  0.291556E+07  0.291552E+07  0.218948E+07  0.218874E+07
  0.463576E-04  0.218870E+07  0.218870E+07  0.291537E+07  0.291533E+07  0.218948E+07  0.218874E+07
  0.479261E-04  0.218870E+07  0.218870E+07  0.291517E+07  0.291512E+07  0.218948E+07  0.218873E+07
  0.495477E-04  0.218870E+07  0.218870E+07  0.291496E+07  0.291490E+07  0.218947E+07  0.218873E+07
  0.512241E-04  0.218870E+07  0.218870E+07  0.291473E+07  0.291467E+07  0.218947E+07  0.218873E+07
  0.529573E-04  0.218870E+07  0.218869E+07  0.291448E+07  0.291442E+07  0.218946E+07  0.218873E+07
  0.547492E-04  0.218869E+07  0.218869E+07  0.291422E+07  0.291415E+07  0.218946E+07  0.218873E+07
  0.566016E-04  0.218869E+07  0.218869E+07  0.291394E+07  0.291387E+07  0.218945E+07  0.218872E+07
  0.585167E-04  0.218869E+07  0.218869E+07  0.291364E+07  0.291356E+07  0.218944E+07  0.218872E+07
  0.604967E-04  0.218868E+07  0.218868E+07  0.291331E+07  0.291324E+07  0.218944E+07  0.218872E+07
  0.625436E-04  0.218868E+07  0.218868E+07  0.291297E+07  0.291289E+07  0.218943E+07  0.218871E+07
  0.646598E-04  0.218868E+07  0.218868E+07  0.291260E+07  0.291252E+07  0.218942E+07  0.218871E+07
  0.668476E-04  0.218868E+07  0.218868E+07  0.291221E+07  0.291212E+07  0.218941E+07  0.218871E+07
  0.691094E-04  0.218867E+07  0.218867E+07  0.291179E+07  0.291169E+07  0.218940E+07  0.218870E+07
  0.714477E-04  0.218867E+07  0.218867E+07  0.291135E+07  0.291124E+07  0.218939E+07  0.218870E+07
  0.738652E-04  0.218866E+07  0.218866E+07  0.291087E+07  0.291075E+07  0.218938E+07  0.218870E+07
  0.763644E-04  0.218866E+07  0.218866E+07  0.291036E+07  0.291023E+07  0.218937E+07  0.218869E+07
  0.789482E-04  0.218866E+07  0.218865E+07  0.290981E+07  0.290968E+07  0.218936E+07  0.218869E+07
  0.816195E-04  0.218865E+07  0.218865E+07  0.290923E+07  0.290909E+07  0.218935E+07  0.218868E+07
  0.843811E-04  0.218864E+07  0.218864E+07  0.290860E+07  0.290845E+07  0.218933E+07  0.218867E+07
  0.872361E-04  0.218864E+07  0.218864E+07  0.290794E+07  0.290778E+07  0.218932E+07  0.218867E+07
  0.901878E-04  0.218863E+07  0.218863E+07  0.290723E+07  0.290705E+07  0.218930E+07  0.218866E+07
  0.932393E-04  0.218863E+07  0.218863E+07  0.290646E+07  0.290628E+07  0.218929E+07  0.218865E+07
  0.963941E-04  0.218862E+07  0.218862E+07  0.290565E+07  0.290545E+07  0.218927E+07  0.218865E+07
  0.996556E-04  0.218861E+07  0.218861E+07  0.290478E+07  0.290457E+07  0.218925E+07  0.218864E+07
  0.103028E-03  0.218860E+07  0.218860E+07  0.290385E+07  0.290363E+07  0.218923E+07  0.218863E+07
  0.106513E-03  0.218860E+07  0.218859E+07  0.290286E+07  0.290262E+07  0.218921E+07  0.218862E+07
  0.110117E-03  0.218859E+07  0.218858E+07  0.290180E+07  0.290155E+07  0.218919E+07  0.218861E+07
  0.113843E-03  0.218858E+07  0.218858E+07  0.290067E+07  0.290040E+07  0.218916E+07  0.218860E+07
  0.117695E-03  0.218857E+07  0.218856E+07  0.289946E+07  0.289917E+07  0.218914E+07  0.218859E+07
  0.121677E-03  0.218856E+07  0.218855E+07  0.289817E+07  0.289785E+07  0.218911E+07  0.218858E+07
  0.125794E-03  0.218854E+07  0.218854E+07  0.289679E+07  0.289645E+07  0.218908E+07  0.218857E+07
  0.130051E-03  0.218853E+07  0.218853E+07  0.289531E+07  0.289495E+07  0.218904E+07  0.218855E+07
  0.134451E-03  0.218852E+07  0.218852E+07  0.289374E+07  0.289335E+07  0.218901E+07  0.218854E+07
  0.139000E-03  0.218850E+07  0.218850E+07  0.289205E+07  0.289164E+07  0.218897E+07  0.218852E+07
  0.143703E-03  0.218849E+07  0.218848E+07  0.289026E+07  0.288982E+07  0.218893E+07  0.218851E+07
  0.148566E-03  0.218847E+07  0.218847E+07  0.288833E+07  0.288787E+07  0.218889E+07  0.218849E+07
  0.153592E-03  0.218845E+07  0.218845E+07  0.288628E+07  0.288578E+07  0.218885E+07  0.218847E+07
  0.158789E-03  0.218843E+07  0.218843E+07  0.288409E+07  0.288356E+07  0.218880E+07  0.218845E+07
  0.164162E-03  0.218841E+07  0.218841E+07  0.288175E+07  0.288118E+07  0.218875E+07  0.218843E+07
  0.169716E-03  0.218839E+07  0.218839E+07  0.287925E+07  0.287864E+07  0.218869E+07  0.218841E+07
  0.175459E-03  0.218837E+07  0.218837E+07  0.287658E+07  0.287593E+07  0.218864E+07  0.218838E+07
  0.181395E-03  0.218835E+07  0.218834E+07  0.287373E+07  0.287304E+07  0.218857E+07  0.218835E+07
  0.187533E-03  0.218832E+07  0.218831E+07  0.287069E+07  0.286995E+07  0.218851E+07  0.218833E+07
  0.193878E-03  0.218829E+07  0.218829E+07  0.286744E+07  0.286665E+07  0.218844E+07  0.218830E+07
  0.200438E-03  0.218826E+07  0.218826E+07  0.286397E+07  0.286313E+07  0.218836E+07  0.218826E+07
  0.207220E-03  0.218823E+07  0.218822E+07  0.286026E+07  0.285936E+07  0.218828E+07  0.218823E+07
  0.214231E-03  0.218819E+07  0.218819E+07  0.285631E+07  0.285535E+07  0.218819E+07  0.218819E+07
  0.221480E-03  0.218816E+07  0.218815E+07  0.285209E+07  0.285107E+07  0.218810E+07  0.218815E+07
  0.228974E-03  0.218812E+07  0.218811E+07  0.284758E+07  0.284649E+07  0.218800E+07  0.218811E+07
  0.236721E-03  0.218808E+07  0.218807E+07  0.284277E+07  0.284161E+07  0.218789E+07  0.218807E+07
  0.244731E-03  0.218803E+07  0.218802E+07  0.283764E+07  0.283640E+07  0.218778E+07  0.218802E+07
  0.253011E-03  0.218798E+07  0.218798E+07  0.283217E+07  0.283085E+07  0.218766E+07  0.218797E+07
  0.261572E-03  0.218793E+07  0.218792E+07  0.282633E+07  0.282492E+07  0.218753E+07  0.218791E+07
  0.270422E-03  0.218788E+07  0.218787E+07  0.282010E+07  0.281860E+07  0.218739E+07  0.218786E+07
  0.279572E-03  0.218782E+07  0.218781E+07  0.281346E+07  0.281186E+07  0.218724E+07  0.218779E+07
  0.289032E-03  0.218776E+07  0.218775E+07  0.280637E+07  0.280467E+07  0.218708E+07  0.218773E+07
  0.298811E-03  0.218769E+07  0.218768E+07  0.279882E+07  0.279700E+07  0.218692E+07  0.218766E+07
  0.308921E-03  0.218762E+07  0.218761E+07  0.279077E+07  0.278883E+07  0.218673E+07  0.218758E+07
  0.319374E-03  0.218755E+07  0.218753E+07  0.278218E+07  0.278012E+07  0.218654E+07  0.218750E+07
  0.330180E-03  0.218746E+07  0.218745E+07  0.277304E+07  0.277084E+07  0.218634E+07  0.218741E+07
  0.341352E-03  0.218738E+07  0.218736E+07  0.276329E+07  0.276095E+07  0.218612E+07  0.218732E+07
  0.352902E-03  0.218728E+07  0.218727E+07  0.275291E+07  0.275042E+07  0.218588E+07  0.218722E+07
  0.364842E-03  0.218719E+07  0.218717E+07  0.274186E+07  0.273921E+07  0.218563E+07  0.218712E+07
  0.377187E-03  0.218708E+07  0.218706E+07  0.273009E+07  0.272727E+07  0.218536E+07  0.218700E+07
  0.389949E-03  0.218697E+07  0.218695E+07  0.271756E+07  0.271457E+07  0.218507E+07  0.218688E+07
  0.403143E-03  0.218685E+07  0.218682E+07  0.270423E+07  0.270105E+07  0.218477E+07  0.218675E+07
  0.416783E-03  0.218672E+07  0.218669E+07  0.269005E+07  0.268667E+07  0.218444E+07  0.218662E+07
  0.430885E-03  0.218658E+07  0.218656E+07  0.267497E+07  0.267139E+07  0.218409E+07  0.218647E+07
  0.445464E-03  0.218643E+07  0.218641E+07  0.265894E+07  0.265514E+07  0.218372E+07  0.218631E+07
  0.460537E-03  0.218628E+07  0.218625E+07  0.264191E+07  0.263787E+07  0.218332E+07  0.218615E+07
  0.476119E-03  0.218611E+07  0.218608E+07  0.262381E+07  0.261954E+07  0.218289E+07  0.218597E+07
  0.492229E-03  0.218593E+07  0.218590E+07  0.260460E+07  0.260007E+07  0.218244E+07  0.218578E+07
  0.508884E-03  0.218574E+07  0.218570E+07  0.258422E+07  0.257942E+07  0.218195E+07  0.218557E+07
  0.526102E-03  0.218554E+07  0.218550E+07  0.256259E+07  0.255751E+07  0.218143E+07  0.218536E+07
  0.543903E-03  0.218532E+07  0.218528E+07  0.253967E+07  0.253430E+07  0.218088E+07  0.218512E+07
  0.562306E-03  0.218509E+07  0.218504E+07  0.251538E+07  0.250970E+07  0.218029E+07  0.218488E+07
  0.581332E-03  0.218484E+07  0.218479E+07  0.248965E+07  0.248366E+07  0.217966E+07  0.218461E+07
  0.601001E-03  0.218458E+07  0.218453E+07  0.246244E+07  0.245611E+07  0.217898E+07  0.218433E+07
  0.621336E-03  0.218429E+07  0.218424E+07  0.243365E+07  0.242699E+07  0.217826E+07  0.218403E+07
  0.642359E-03  0.218399E+07  0.218394E+07  0.240324E+07  0.239622E+07  0.217749E+07  0.218370E+07
  0.664094E-03  0.218367E+07  0.218361E+07  0.237113E+07  0.236375E+07  0.217667E+07  0.218336E+07
  0.686563E-03  0.218333E+07  0.218326E+07  0.233725E+07  0.232950E+07  0.217580E+07  0.218299E+07
  0.709794E-03  0.218296E+07  0.218289E+07  0.230155E+07  0.229342E+07  0.217486E+07  0.218260E+07
  0.733810E-03  0.218257E+07  0.218250E+07  0.226396E+07  0.225544E+07  0.217387E+07  0.218219E+07
  0.758638E-03  0.218216E+07  0.218208E+07  0.222442E+07  0.221551E+07  0.217280E+07  0.218174E+07
  0.784307E-03  0.218171E+07  0.218163E+07  0.218289E+07  0.217358E+07  0.217167E+07  0.218127E+07
  0.810844E-03  0.218124E+07  0.218115E+07  0.213931E+07  0.212960E+07  0.217046E+07  0.218076E+07
  0.838279E-03  0.218074E+07  0.218064E+07  0.209364E+07  0.208353E+07  0.216917E+07  0.218022E+07
  0.866643E-03  0.218020E+07  0.218010E+07  0.204586E+07  0.203536E+07  0.216779E+07  0.217965E+07
  0.895966E-03  0.217963E+07  0.217952E+07  0.199594E+07  0.198505E+07  0.216632E+07  0.217904E+07
  0.926281E-03  0.217902E+07  0.217890E+07  0.194386E+07  0.193260E+07  0.216476E+07  0.217839E+07
  0.957622E-03  0.217837E+07  0.217824E+07  0.188965E+07  0.187803E+07  0.216309E+07  0.217769E+07
  0.990024E-03  0.217767E+07  0.217755E+07  0.183330E+07  0.182135E+07  0.216131E+07  0.217695E+07
  0.102352E-02  0.217694E+07  0.217680E+07  0.177487E+07  0.176260E+07  0.215942E+07  0.217617E+07
  0.105815E-02  0.217615E+07  0.217601E+07  0.171440E+07  0.170186E+07  0.215740E+07  0.217533E+07
  0.109396E-02  0.217532E+07  0.217516E+07  0.165199E+07  0.163920E+07  0.215525E+07  0.217444E+07
  0.113097E-02  0.217443E+07  0.217427E+07  0.158772E+07  0.157474E+07  0.215296E+07  0.217349E+07
  0.116924E-02  0.217349E+07  0.217331E+07  0.152174E+07  0.150861E+07  0.215053E+07  0.217248E+07
  0.120880E-02  0.217249E+07  0.217230E+07  0.145419E+07  0.144099E+07  0.214794E+07  0.217140E+07
  0.124970E-02  0.217142E+07  0.217122E+07  0.138528E+07  0.137205E+07  0.214518E+07  0.217026E+07
  0.129198E-02  0.217029E+07  0.217008E+07  0.131521E+07  0.130204E+07  0.214225E+07  0.216905E+07
  0.133570E-02  0.216908E+07  0.216886E+07  0.124426E+07  0.123122E+07  0.213913E+07  0.216776E+07
  0.138089E-02  0.216780E+07  0.216757E+07  0.117270E+07  0.115988E+07  0.213581E+07  0.216640E+07
  0.142761E-02  0.216645E+07  0.216620E+07  0.110086E+07  0.108836E+07  0.213229E+07  0.216494E+07
  0.147592E-02  0.216501E+07  0.216474E+07  0.102911E+07  0.101701E+07  0.212855E+07  0.216340E+07
  0.152586E-02  0.216348E+07  0.216320E+07  0.957817E+06  0.946221E+06  0.212458E+07  0.216177E+07
  0.157748E-02  0.216187E+07  0.216157E+07  0.887415E+06  0.876422E+06  0.212036E+07  0.216004E+07
  0.163086E-02  0.216015E+07  0.215983E+07  0.818343E+06  0.808049E+06  0.211589E+07  0.215820E+07
  0.168604E-02  0.215834E+07  0.215800E+07  0.751062E+06  0.741559E+06  0.211115E+07  0.215626E+07
  0.174309E-02  0.215642E+07  0.215606E+07  0.686043E+06  0.677417E+06  0.210612E+07  0.215420E+07
  0.180206E-02  0.215438E+07  0.215401E+07  0.623760E+06  0.616084E+06  0.210079E+07  0.215203E+07
  0.186304E-02  0.215223E+07  0.215183E+07  0.564677E+06  0.558009E+06  0.209516E+07  0.214972E+07
  0.192607E-02  0.214996E+07  0.214954E+07  0.509235E+06  0.503613E+06  0.208919E+07  0.214729E+07
  0.199124E-02  0.214756E+07  0.214711E+07  0.457838E+06  0.453277E+06  0.208288E+07  0.214472E+07
  0.205862E-02  0.214503E+07  0.214455E+07  0.410836E+06  0.407324E+06  0.207622E+07  0.214200E+07
  0.212827E-02  0.214236E+07  0.214185E+07  0.368511E+06  0.366004E+06  0.206917E+07  0.213914E+07
  0.220028E-02  0.213954E+07  0.213900E+07  0.331056E+06  0.329478E+06  0.206174E+07  0.213612E+07
  0.227473E-02  0.213657E+07  0.213600E+07  0.298565E+06  0.297803E+06  0.205390E+07  0.213293E+07
  0.235169E-02  0.213344E+07  0.213284E+07  0.271012E+06  0.270917E+06  0.204563E+07  0.212958E+07
  0.243127E-02  0.213014E+07  0.212951E+07  0.248243E+06  0.248635E+06  0.203693E+07  0.212605E+07
  0.251353E-02  0.212668E+07  0.212600E+07  0.229971E+06  0.230642E+06  0.202777E+07  0.212233E+07
  0.259857E-02  0.212303E+07  0.212232E+07  0.215773E+06  0.216493E+06  0.201814E+07  0.211842E+07
  0.268650E-02  0.211920E+07  0.211844E+07  0.205098E+06  0.205627E+06  0.200803E+07  0.211432E+07
  0.277740E-02  0.211518E+07  0.211437E+07  0.197283E+06  0.197384E+06  0.199741E+07  0.211000E+07
  0.287137E-02  0.211096E+07  0.211010E+07  0.191579E+06  0.191034E+06  0.198628E+07  0.210548E+07
  0.296852E-02  0.210653E+07  0.210562E+07  0.187186E+06  0.185813E+06  0.197462E+07  0.210073E+07
  0.306896E-02  0.210188E+07  0.210091E+07  0.183300E+06  0.180968E+06  0.196242E+07  0.209575E+07
  0.317280E-02  0.209701E+07  0.209598E+07  0.179160E+06  0.175812E+06  0.194966E+07  0.209053E+07
  0.328016E-02  0.209191E+07  0.209081E+07  0.174112E+06  0.169771E+06  0.193635E+07  0.208507E+07
  0.339114E-02  0.208657E+07  0.208540E+07  0.167657E+06  0.162439E+06  0.192246E+07  0.207935E+07
  0.350588E-02  0.208098E+07  0.207974E+07  0.159507E+06  0.153614E+06  0.190800E+07  0.207337E+07
  0.362450E-02  0.207514E+07  0.207382E+07  0.149612E+06  0.143326E+06  0.189296E+07  0.206712E+07
  0.374714E-02  0.206903E+07  0.206762E+07  0.138183E+06  0.131841E+06  0.187733E+07  0.206059E+07
  0.387393E-02  0.206265E+07  0.206115E+07  0.125671E+06  0.119629E+06  0.186112E+07  0.205377E+07
  0.400500E-02  0.205599E+07  0.205439E+07  0.112726E+06  0.107318E+06  0.184433E+07  0.204666E+07
  0.414051E-02  0.204903E+07  0.204733E+07  0.100118E+06  0.956077E+05  0.182696E+07  0.203924E+07
  0.428061E-02  0.204178E+07  0.203997E+07  0.886328E+05  0.851661E+05  0.180902E+07  0.203151E+07
  0.442544E-02  0.203422E+07  0.203229E+07  0.789504E+05  0.765223E+05  0.179051E+07  0.202346E+07
  0.457518E-02  0.202634E+07  0.202429E+07  0.715255E+05  0.699652E+05  0.177146E+07  0.201509E+07
  0.472998E-02  0.201814E+07  0.201595E+07  0.664914E+05  0.654764E+05  0.175187E+07  0.200638E+07
  0.489002E-02  0.200960E+07  0.200728E+07  0.636108E+05  0.627147E+05  0.173177E+07  0.199733E+07
  0.505548E-02  0.200073E+07  0.199826E+07  0.622956E+05  0.610653E+05  0.171118E+07  0.198793E+07
  0.522653E-02  0.199152E+07  0.198889E+07  0.617037E+05  0.597571E+05  0.169010E+07  0.197818E+07
  0.540337E-02  0.198195E+07  0.197915E+07  0.609076E+05  0.580309E+05  0.166858E+07  0.196807E+07
  0.558620E-02  0.197202E+07  0.196904E+07  0.591069E+05  0.553242E+05  0.164664E+07  0.195760E+07
  0.577521E-02  0.196173E+07  0.195856E+07  0.558355E+05  0.514262E+05  0.162429E+07  0.194676E+07
  0.597061E-02  0.195107E+07  0.194769E+07  0.511050E+05  0.465474E+05  0.160157E+07  0.193555E+07
  0.617263E-02  0.194003E+07  0.193644E+07  0.454241E+05  0.412687E+05  0.157850E+07  0.192397E+07
  0.638148E-02  0.192862E+07  0.192480E+07  0.396655E+05  0.363618E+05  0.155510E+07  0.191201E+07
  0.659740E-02  0.191707E+07  0.191300E+07  0.347983E+05  0.325295E+05  0.153390E+07  0.190000E+07
  0.682063E-02  0.190490E+07  0.190058E+07  0.315167E+05  0.301093E+05  0.150992E+07  0.188729E+07
  0.705141E-02  0.189235E+07  0.188776E+07  0.299972E+05  0.289571E+05  0.148565E+07  0.187420E+07
  0.728999E-02  0.187941E+07  0.187452E+07  0.297647E+05  0.284576E+05  0.146109E+07  0.186071E+07
  0.753665E-02  0.186607E+07  0.186088E+07  0.298660E+05  0.277875E+05  0.143625E+07  0.184683E+07
  0.779166E-02  0.185233E+07  0.184682E+07  0.292802E+05  0.263006E+05  0.141114E+07  0.183256E+07
  0.805529E-02  0.183820E+07  0.183234E+07  0.274163E+05  0.238629E+05  0.138575E+07  0.181790E+07
  0.832784E-02  0.182360E+07  0.181736E+07  0.244467E+05  0.209381E+05  0.135937E+07  0.180273E+07
  0.860962E-02  0.180865E+07  0.180203E+07  0.212583E+05  0.183362E+05  0.133339E+07  0.178725E+07
  0.890093E-02  0.179330E+07  0.178627E+07  0.181743E+05  0.167086E+05  0.130714E+07  0.177138E+07
  0.920209E-02  0.177755E+07  0.177009E+07  0.170256E+05  0.161092E+05  0.128064E+07  0.175509E+07
  0.951345E-02  0.176139E+07  0.175347E+07  0.170544E+05  0.159317E+05  0.125389E+07  0.173841E+07
  0.983534E-02  0.174482E+07  0.173641E+07  0.172235E+05  0.153423E+05  0.122690E+07  0.172132E+07
  0.101681E-01  0.172783E+07  0.171892E+07  0.164784E+05  0.139356E+05  0.119969E+07  0.170382E+07
  0.105122E-01  0.171047E+07  0.170102E+07  0.145990E+05  0.120854E+05  0.117254E+07  0.168596E+07
  0.108678E-01  0.169267E+07  0.168264E+07  0.124274E+05  0.106191E+05  0.114497E+07  0.166765E+07
  0.112356E-01  0.167445E+07  0.166383E+07  0.108783E+05  0.100289E+05  0.111725E+07  0.164893E+07
  0.116157E-01  0.165581E+07  0.164457E+07  0.107089E+05  0.995874E+04  0.108939E+07  0.162981E+07
  0.120087E-01  0.163676E+07  0.162485E+07  0.109580E+05  0.957179E+04  0.106141E+07  0.161027E+07
  0.124151E-01  0.161728E+07  0.160468E+07  0.104438E+05  0.849912E+04  0.103327E+07  0.159031E+07
  0.128351E-01  0.159738E+07  0.158405E+07  0.897063E+04  0.728736E+04  0.100513E+07  0.156995E+07
  0.132694E-01  0.157706E+07  0.156297E+07  0.759574E+04  0.669597E+04  0.976930E+06  0.154918E+07
  0.137184E-01  0.155632E+07  0.154144E+07  0.715851E+04  0.665965E+04  0.948705E+06  0.152800E+07
  0.141825E-01  0.153516E+07  0.151944E+07  0.739738E+04  0.637982E+04  0.920497E+06  0.150641E+07
  0.146624E-01  0.151357E+07  0.149699E+07  0.701661E+04  0.553990E+04  0.892302E+06  0.148441E+07
  0.151585E-01  0.149156E+07  0.147408E+07  0.585720E+04  0.000000E+00  0.864177E+06  0.146200E+07
  0.156714E-01  0.146913E+07  0.145071E+07  0.508801E+04  0.000000E+00  0.836170E+06  0.143919E+07
  0.162017E-01  0.144628E+07  0.142688E+07  0.515041E+04  0.000000E+00  0.808330E+06  0.141598E+07
  0.167499E-01  0.142302E+07  0.140261E+07  0.509113E+04  0.000000E+00  0.780713E+06  0.139238E+07
  0.173166E-01  0.139934E+07  0.137790E+07  0.426028E+04  0.000000E+00  0.753351E+06  0.136839E+07
  0.179025E-01  0.137526E+07  0.135275E+07  0.366963E+04  0.000000E+00  0.726261E+06  0.134403E+07
  0.185082E-01  0.135079E+07  0.132718E+07  0.381875E+04  0.000000E+00  0.699435E+06  0.131929E+07
  0.191345E-01  0.132593E+07  0.130119E+07  0.356654E+04  0.000000E+00  0.672851E+06  0.129419E+07
  0.197819E-01  0.130070E+07  0.127481E+07  0.287917E+04  0.000000E+00  0.646486E+06  0.126873E+07
  0.204512E-01  0.127510E+07  0.124804E+07  0.277366E+04  0.000000E+00  0.620335E+06  0.124293E+07
  0.211432E-01  0.124915E+07  0.122091E+07  0.280983E+04  0.000000E+00  0.594432E+06  0.121681E+07
  0.218586E-01  0.122287E+07  0.119344E+07  0.232887E+04  0.000000E+00  0.568851E+06  0.119038E+07
  0.225982E-01  0.119628E+07  0.116565E+07  0.225493E+04  0.000000E+00  0.543696E+06  0.116367E+07
  0.233628E-01  0.116940E+07  0.113758E+07  0.238391E+04  0.000000E+00  0.519068E+06  0.113672E+07
  0.241533E-01  0.114227E+07  0.110928E+07  0.207109E+04  0.000000E+00  0.495041E+06  0.110954E+07
  0.249705E-01  0.111492E+07  0.108077E+07  0.203112E+04  0.000000E+00  0.471635E+06  0.108219E+07
  0.258154E-01  0.108739E+07  0.105212E+07  0.172639E+04  0.000000E+00  0.448827E+06  0.105469E+07
  0.266889E-01  0.105972E+07  0.102337E+07  0.120264E+04  0.000000E+00  0.426576E+06  0.102709E+07
  0.275919E-01  0.103196E+07  0.994589E+06  0.119463E+04  0.000000E+00  0.404859E+06  0.999442E+06
  0.285255E-01  0.100416E+07  0.965836E+06  0.112120E+04  0.000000E+00  0.383693E+06  0.971786E+06
  0.294906E-01  0.976379E+06  0.937182E+06  0.118488E+04  0.000000E+00  0.363129E+06  0.944183E+06
  0.304885E-01  0.948673E+06  0.908700E+06  0.866669E+03  0.000000E+00  0.343228E+06  0.916696E+06
  0.315201E-01  0.921108E+06  0.880472E+06  0.841030E+03  0.000000E+00  0.324041E+06  0.889391E+06
  0.325865E-01  0.893754E+06  0.852583E+06  0.824341E+03  0.000000E+00  0.305597E+06  0.862340E+06
  0.336891E-01  0.866685E+06  0.825122E+06  0.681037E+03  0.000000E+00  0.287909E+06  0.835616E+06
  0.348290E-01  0.839979E+06  0.798184E+06  0.627863E+03  0.000000E+00  0.270978E+06  0.809295E+06
  0.360074E-01  0.813716E+06  0.771862E+06  0.613308E+03  0.000000E+00  0.254793E+06  0.783455E+06
  0.372258E-01  0.787975E+06  0.746250E+06  0.473822E+03  0.000000E+00  0.239343E+06  0.758175E+06
  0.384853E-01  0.762834E+06  0.721438E+06  0.523596E+03  0.000000E+00  0.224638E+06  0.733532E+06
  0.397875E-01  0.738370E+06  0.697512E+06  0.387928E+03  0.000000E+00  0.210705E+06  0.709600E+06
  0.411337E-01  0.714654E+06  0.674550E+06  0.405598E+03  0.000000E+00  0.197546E+06  0.686450E+06
  0.425255E-01  0.691750E+06  0.652619E+06  0.357504E+03  0.000000E+00  0.185124E+06  0.664142E+06
  0.439643E-01  0.669714E+06  0.631774E+06  0.301512E+03  0.000000E+00  0.173400E+06  0.642727E+06
  0.454298E-01  0.648890E+06  0.612331E+06  0.305651E+03  0.000000E+00  0.162540E+06  0.622538E+06
  0.468953E-01  0.629596E+06  0.594560E+06  0.262256E+03  0.000000E+00  0.152695E+06  0.603877E+06
  0.483608E-01  0.611723E+06  0.578322E+06  0.220974E+03  0.000000E+00  0.143757E+06  0.586632E+06
  0.498262E-01  0.595158E+06  0.563473E+06  0.198073E+03  0.000000E+00  0.135601E+06  0.570685E+06
  0.512917E-01  0.579785E+06  0.549870E+06  0.236593E+03  0.000000E+00  0.128128E+06  0.555916E+06
  0.527572E-01  0.565489E+06  0.537367E+06  0.186581E+03  0.000000E+00  0.121267E+06  0.542207E+06
  0.542227E-01  0.552154E+06  0.525822E+06  0.146996E+03  0.000000E+00  0.114958E+06  0.529442E+06
  0.556882E-01  0.539669E+06  0.515095E+06  0.189500E+03  0.000000E+00  0.109145E+06  0.517506E+06
  0.571536E-01  0.527925E+06  0.505055E+06  0.134581E+03  0.000000E+00  0.103770E+06  0.506291E+06
  0.586191E-01  0.516820E+06  0.495577E+06  0.130961E+03  0.000000E+00  0.987758E+05  0.495691E+06
  0.600846E-01  0.506257E+06  0.486544E+06  0.149025E+03  0.000000E+00  0.941118E+05  0.485610E+06
  0.615501E-01  0.496144E+06  0.477850E+06  0.100395E+03  0.000000E+00  0.897455E+05  0.475957E+06
  0.630155E-01  0.486402E+06  0.469399E+06  0.123045E+03  0.000000E+00  0.856470E+05  0.466650E+06
  0.644810E-01  0.476957E+06  0.461109E+06  0.101704E+03  0.000000E+00  0.817804E+05  0.457617E+06
  0.659465E-01  0.467745E+06  0.452909E+06  0.100825E+03  0.000000E+00  0.781139E+05  0.448795E+06
  0.674120E-01  0.458712E+06  0.444738E+06  0.817148E+02  0.000000E+00  0.746310E+05  0.440128E+06
  0.688775E-01  0.449809E+06  0.436551E+06  0.921382E+02  0.000000E+00  0.713217E+05  0.431573E+06
  0.703429E-01  0.441002E+06  0.428312E+06  0.636213E+02  0.000000E+00  0.681709E+05  0.423094E+06
  0.718084E-01  0.432262E+06  0.419997E+06  0.829702E+02  0.000000E+00  0.651603E+05  0.414663E+06
  0.732739E-01  0.423569E+06  0.411594E+06  0.757839E+02  0.000000E+00  0.622784E+05  0.406264E+06
  0.747394E-01  0.414917E+06  0.403106E+06  0.886536E+02  0.000000E+00  0.595197E+05  0.397889E+06
  0.762048E-01  0.406287E+06  0.394525E+06  0.464739E+02  0.000000E+00  0.568774E+05  0.389523E+06
  0.776703E-01  0.397690E+06  0.385875E+06  0.490313E+02  0.000000E+00  0.543484E+05  0.381179E+06
  0.791358E-01  0.389137E+06  0.377180E+06  0.710342E+02  0.000000E+00  0.519279E+05  0.372868E+06
  0.806013E-01  0.380639E+06  0.368468E+06  0.501832E+02  0.000000E+00  0.496100E+05  0.364604E+06
  0.820668E-01  0.372216E+06  0.359771E+06  0.581875E+02  0.000000E+00  0.473907E+05  0.356406E+06
  0.835322E-01  0.363886E+06  0.351125E+06  0.531091E+02  0.000000E+00  0.452698E+05  0.348295E+06
  0.849977E-01  0.355674E+06  0.342569E+06  0.623540E+02  0.000000E+00  0.432474E+05  0.340297E+06
  0.864632E-01  0.347602E+06  0.334142E+06  0.417540E+02  0.000000E+00  0.413201E+05  0.332437E+06
  0.879287E-01  0.339697E+06  0.325883E+06  0.316705E+02  0.000000E+00  0.394839E+05  0.324740E+06
  0.893941E-01  0.331983E+06  0.317830E+06  0.296104E+02  0.000000E+00  0.377389E+05  0.317231E+06
  0.908596E-01  0.324483E+06  0.310018E+06  0.342270E+02  0.000000E+00  0.360861E+05  0.309935E+06
  0.923251E-01  0.317218E+06  0.302480E+06  0.234940E+02  0.000000E+00  0.345230E+05  0.302874E+06
  0.941548E-01  0.308508E+06  0.293496E+06  0.166112E+02  0.000000E+00  0.326902E+05  0.294419E+06
  0.959845E-01  0.300228E+06  0.285029E+06  0.477395E+02  0.000000E+00  0.309840E+05  0.286393E+06
  0.978141E-01  0.292402E+06  0.277114E+06  0.228205E+02  0.000000E+00  0.294008E+05  0.278822E+06
  0.996438E-01  0.285045E+06  0.269773E+06  0.356343E+02  0.000000E+00  0.279365E+05  0.271720E+06
  0.101473E+00  0.278163E+06  0.263013E+06  0.331225E+02  0.000000E+00  0.265846E+05  0.265094E+06
  0.103303E+00  0.271756E+06  0.256831E+06  0.181947E+02  0.000000E+00  0.253356E+05  0.258942E+06
  0.105133E+00  0.265811E+06  0.251211E+06  0.159586E+02  0.000000E+00  0.241819E+05  0.253251E+06
  0.106963E+00  0.260309E+06  0.246123E+06  0.204640E+02  0.000000E+00  0.231178E+05  0.248002E+06
  0.108792E+00  0.255224E+06  0.241531E+06  0.221024E+02  0.000000E+00  0.221350E+05  0.243166E+06
  0.110622E+00  0.250522E+06  0.237388E+06  0.165812E+02  0.000000E+00  0.212240E+05  0.238712E+06
  0.112452E+00  0.246167E+06  0.233642E+06  0.197121E+02  0.000000E+00  0.203790E+05  0.234598E+06
  0.114281E+00  0.242117E+06  0.230235E+06  0.127697E+02  0.000000E+00  0.195933E+05  0.230784E+06
  0.116111E+00  0.238327E+06  0.227106E+06  0.200051E+02  0.000000E+00  0.188583E+05  0.227224E+06
  0.117941E+00  0.234752E+06  0.224195E+06  0.751397E+01  0.000000E+00  0.181671E+05  0.223873E+06
  0.119770E+00  0.231349E+06  0.221441E+06  0.178131E+02  0.000000E+00  0.175145E+05  0.220685E+06
  0.121600E+00  0.228074E+06  0.218787E+06  0.160767E+02  0.000000E+00  0.168959E+05  0.217616E+06
  0.123430E+00  0.224886E+06  0.216180E+06  0.122482E+02  0.000000E+00  0.163064E+05  0.214627E+06
  0.125259E+00  0.221749E+06  0.213573E+06  0.184471E+02  0.000000E+00  0.157407E+05  0.211680E+06
  0.127089E+00  0.218631E+06  0.210925E+06  0.169502E+02  0.000000E+00  0.151952E+05  0.208742E+06
  0.128919E+00  0.215505E+06  0.208201E+06  0.601790E+01  0.000000E+00  0.146682E+05  0.205788E+06
  0.130748E+00  0.212349E+06  0.205378E+06  0.627302E+01  0.000000E+00  0.141572E+05  0.202795E+06
  0.132578E+00  0.209147E+06  0.202437E+06  0.136672E+02  0.000000E+00  0.136597E+05  0.199749E+06
  0.134408E+00  0.205891E+06  0.199370E+06  0.000000E+00  0.000000E+00  0.131754E+05  0.196640E+06
  0.136237E+00  0.202575E+06  0.196173E+06  0.000000E+00  0.000000E+00  0.127037E+05  0.193464E+06
  0.138067E+00  0.199200E+06  0.192854E+06  0.000000E+00  0.000000E+00  0.122436E+05  0.190223E+06
  0.139897E+00  0.195775E+06  0.189426E+06  0.000000E+00  0.000000E+00  0.117951E+05  0.186925E+06
  0.141726E+00  0.192307E+06  0.185905E+06  0.000000E+00  0.000000E+00  0.113587E+05  0.183579E+06
  0.143556E+00  0.188811E+06  0.182314E+06  0.000000E+00  0.000000E+00  0.109353E+05  0.180201E+06
  0.145386E+00  0.185303E+06  0.178680E+06  0.000000E+00  0.000000E+00  0.105253E+05  0.176807E+06
  0.147215E+00  0.181803E+06  0.175031E+06  0.000000E+00  0.000000E+00  0.101288E+05  0.173418E+06
  0.149045E+00  0.178330E+06  0.171396E+06  0.000000E+00  0.000000E+00  0.974619E+04  0.170053E+06
  0.150875E+00  0.174904E+06  0.167806E+06  0.000000E+00  0.000000E+00  0.937893E+04  0.166734E+06
  0.152704E+00  0.171546E+06  0.164290E+06  0.000000E+00  0.000000E+00  0.902734E+04  0.163482E+06
  0.154534E+00  0.168274E+06  0.160873E+06  0.000000E+00  0.000000E+00  0.869123E+04  0.160314E+06
  0.156364E+00  0.165105E+06  0.157582E+06  0.000000E+00  0.000000E+00  0.837129E+04  0.157249E+06
  0.158193E+00  0.162055E+06  0.154437E+06  0.000000E+00  0.000000E+00  0.806782E+04  0.154303E+06
  0.160023E+00  0.159135E+06  0.151454E+06  0.000000E+00  0.000000E+00  0.778029E+04  0.151487E+06
  0.161853E+00  0.156355E+06  0.148647E+06  0.000000E+00  0.000000E+00  0.750843E+04  0.148810E+06
  0.163683E+00  0.153721E+06  0.146023E+06  0.000000E+00  0.000000E+00  0.725212E+04  0.146280E+06
  0.165512E+00  0.151236E+06  0.143587E+06  0.000000E+00  0.000000E+00  0.701100E+04  0.143899E+06
  0.167342E+00  0.148901E+06  0.141337E+06  0.000000E+00  0.000000E+00  0.678438E+04  0.141667E+06
  0.169172E+00  0.146710E+06  0.139269E+06  0.000000E+00  0.000000E+00  0.657099E+04  0.139579E+06
  0.171001E+00  0.144659E+06  0.137372E+06  0.000000E+00  0.000000E+00  0.636993E+04  0.137631E+06
  0.172831E+00  0.142739E+06  0.135635E+06  0.000000E+00  0.000000E+00  0.618087E+04  0.135812E+06
  0.174661E+00  0.140939E+06  0.134042E+06  0.000000E+00  0.000000E+00  0.600266E+04  0.134113E+06
  0.176490E+00  0.139246E+06  0.132575E+06  0.000000E+00  0.000000E+00  0.583389E+04  0.132519E+06
  0.178320E+00  0.137646E+06  0.131215E+06  0.000000E+00  0.000000E+00  0.567378E+04  0.131017E+06
  0.180150E+00  0.136126E+06  0.129942E+06  0.000000E+00  0.000000E+00  0.552151E+04  0.129593E+06
  0.181979E+00  0.134670E+06  0.128734E+06  0.000000E+00  0.000000E+00  0.537588E+04  0.128230E+06
  0.183809E+00  0.133262E+06  0.127572E+06  0.000000E+00  0.000000E+00  0.523601E+04  0.126914E+06
  0.185639E+00  0.131889E+06  0.126436E+06  0.000000E+00  0.000000E+00  0.510118E+04  0.125629E+06
  0.187468E+00  0.130538E+06  0.125308E+06  0.000000E+00  0.000000E+00  0.497076E+04  0.124363E+06
  0.189298E+00  0.129195E+06  0.124171E+06  0.000000E+00  0.000000E+00  0.484413E+04  0.123103E+06
  0.191128E+00  0.127850E+06  0.123012E+06  0.000000E+00  0.000000E+00  0.472044E+04  0.121839E+06
  0.192957E+00  0.126494E+06  0.121820E+06  0.000000E+00  0.000000E+00  0.459927E+04  0.120561E+06
  0.194787E+00  0.125121E+06  0.120585E+06  0.000000E+00  0.000000E+00  0.448067E+04  0.119262E+06
  0.196617E+00  0.123724E+06  0.119302E+06  0.000000E+00  0.000000E+00  0.436427E+04  0.117937E+06
  0.198446E+00  0.122301E+06  0.117967E+06  0.000000E+00  0.000000E+00  0.424961E+04  0.116584E+06
  0.200276E+00  0.120851E+06  0.116580E+06  0.000000E+00  0.000000E+00  0.413679E+04  0.115200E+06
  0.202106E+00  0.119375E+06  0.115143E+06  0.000000E+00  0.000000E+00  0.402590E+04  0.113788E+06
  0.203935E+00  0.117874E+06  0.113660E+06  0.000000E+00  0.000000E+00  0.391684E+04  0.112350E+06
  0.205765E+00  0.116353E+06  0.112138E+06  0.000000E+00  0.000000E+00  0.380972E+04  0.110889E+06
  0.207595E+00  0.114816E+06  0.110584E+06  0.000000E+00  0.000000E+00  0.370472E+04  0.109412E+06
  0.209424E+00  0.113271E+06  0.109009E+06  0.000000E+00  0.000000E+00  0.360204E+04  0.107924E+06
  0.211254E+00  0.111724E+06  0.107423E+06  0.000000E+00  0.000000E+00  0.350185E+04  0.106433E+06
  0.213084E+00  0.110182E+06  0.105835E+06  0.000000E+00  0.000000E+00  0.340415E+04  0.104946E+06
  0.214913E+00  0.108652E+06  0.104258E+06  0.000000E+00  0.000000E+00  0.330912E+04  0.103472E+06
  0.216743E+00  0.107144E+06  0.102702E+06  0.000000E+00  0.000000E+00  0.321719E+04  0.102017E+06
  0.218573E+00  0.105663E+06  0.101177E+06  0.000000E+00  0.000000E+00  0.312841E+04  0.100589E+06
  0.220402E+00  0.104216E+06  0.996923E+05  0.000000E+00  0.000000E+00  0.304265E+04  0.991947E+05
  0.222232E+00  0.102809E+06  0.982565E+05  0.000000E+00  0.000000E+00  0.296011E+04  0.978405E+05
  0.224062E+00  0.101447E+06  0.968765E+05  0.000000E+00  0.000000E+00  0.288093E+04  0.965312E+05
  0.225892E+00  0.100135E+06  0.955576E+05  0.000000E+00  0.000000E+00  0.280505E+04  0.952709E+05
  0.227721E+00  0.988748E+05  0.943038E+05  0.000000E+00  0.000000E+00  0.273244E+04  0.940626E+05
  0.229551E+00  0.976683E+05  0.931173E+05  0.000000E+00  0.000000E+00  0.266303E+04  0.929079E+05
  0.231381E+00  0.965162E+05  0.919986E+05  0.000000E+00  0.000000E+00  0.259678E+04  0.918075E+05
  0.233210E+00  0.954182E+05  0.909470E+05  0.000000E+00  0.000000E+00  0.253357E+04  0.907608E+05
  0.235040E+00  0.943726E+05  0.899601E+05  0.000000E+00  0.000000E+00  0.247314E+04  0.897663E+05
  0.236870E+00  0.933769E+05  0.890341E+05  0.000000E+00  0.000000E+00  0.241534E+04  0.888213E+05
  0.238699E+00  0.924277E+05  0.881643E+05  0.000000E+00  0.000000E+00  0.236018E+04  0.879224E+05
  0.240529E+00  0.915210E+05  0.873451E+05  0.000000E+00  0.000000E+00  0.230740E+04  0.870655E+05
  0.242359E+00  0.906525E+05  0.865700E+05  0.000000E+00  0.000000E+00  0.225664E+04  0.862460E+05
  0.244188E+00  0.898170E+05  0.858320E+05  0.000000E+00  0.000000E+00  0.220777E+04  0.854589E+05
  0.246018E+00  0.890092E+05  0.851239E+05  0.000000E+00  0.000000E+00  0.216069E+04  0.846986E+05
  0.247848E+00  0.882238E+05  0.844385E+05  0.000000E+00  0.000000E+00  0.211517E+04  0.839600E+05
  0.249677E+00  0.874559E+05  0.837688E+05  0.000000E+00  0.000000E+00  0.207101E+04  0.832378E+05
  0.251507E+00  0.867002E+05  0.831079E+05  0.000000E+00  0.000000E+00  0.202804E+04  0.825270E+05
  0.253337E+00  0.859523E+05  0.824499E+05  0.000000E+00  0.000000E+00  0.198613E+04  0.818228E+05
  0.255166E+00  0.852081E+05  0.817892E+05  0.000000E+00  0.000000E+00  0.194519E+04  0.811213E+05
  0.256996E+00  0.844638E+05  0.811211E+05  0.000000E+00  0.000000E+00  0.190501E+04  0.804186E+05
  0.258826E+00  0.837165E+05  0.804418E+05  0.000000E+00  0.000000E+00  0.186550E+04  0.797119E+05
  0.260655E+00  0.829640E+05  0.797486E+05  0.000000E+00  0.000000E+00  0.182676E+04  0.789989E+05
  0.262485E+00  0.822046E+05  0.790394E+05  0.000000E+00  0.000000E+00  0.178867E+04  0.782780E+05
  0.264315E+00  0.814373E+05  0.783134E+05  0.000000E+00  0.000000E+00  0.175106E+04  0.775482E+05
  0.266144E+00  0.806620E+05  0.775707E+05  0.000000E+00  0.000000E+00  0.171397E+04  0.768094E+05
  0.267974E+00  0.798790E+05  0.768121E+05  0.000000E+00  0.000000E+00  0.167749E+04  0.760621E+05
  0.269804E+00  0.790892E+05  0.760392E+05  0.000000E+00  0.000000E+00  0.164158E+04  0.753073E+05
  0.271633E+00  0.782941E+05  0.752544E+05  0.000000E+00  0.000000E+00  0.160626E+04  0.745464E+05
  0.273463E+00  0.774956E+05  0.744605E+05  0.000000E+00  0.000000E+00  0.157154E+04  0.737813E+05
  0.275293E+00  0.766959E+05  0.736609E+05  0.000000E+00  0.000000E+00  0.153746E+04  0.730145E+05
  0.277122E+00  0.758974E+05  0.728592E+05  0.000000E+00  0.000000E+00  0.150410E+04  0.722484E+05
  0.278952E+00  0.751029E+05  0.720593E+05  0.000000E+00  0.000000E+00  0.147143E+04  0.714858E+05
  0.280782E+00  0.743149E+05  0.712648E+05  0.000000E+00  0.000000E+00  0.143949E+04  0.707293E+05
  0.282612E+00  0.735360E+05  0.704797E+05  0.000000E+00  0.000000E+00  0.140841E+04  0.699816E+05
  0.284441E+00  0.727689E+05  0.697074E+05  0.000000E+00  0.000000E+00  0.137818E+04  0.692454E+05
  0.286271E+00  0.720158E+05  0.689512E+05  0.000000E+00  0.000000E+00  0.134874E+04  0.685229E+05
  0.288101E+00  0.712788E+05  0.682140E+05  0.000000E+00  0.000000E+00  0.132015E+04  0.678162E+05
  0.289930E+00  0.705596E+05  0.674981E+05  0.000000E+00  0.000000E+00  0.129248E+04  0.671272E+05
  0.291760E+00  0.698596E+05  0.668054E+05  0.000000E+00  0.000000E+00  0.126570E+04  0.664573E+05
  0.293590E+00  0.691799E+05  0.661374E+05  0.000000E+00  0.000000E+00  0.123981E+04  0.658074E+05
  0.295419E+00  0.685210E+05  0.654948E+05  0.000000E+00  0.000000E+00  0.121477E+04  0.651782E+05
  0.297249E+00  0.678833E+05  0.648779E+05  0.000000E+00  0.000000E+00  0.119057E+04  0.645699E+05
  0.299079E+00  0.672661E+05  0.642860E+05  0.000000E+00  0.000000E+00  0.116722E+04  0.639819E+05
  0.300908E+00  0.666692E+05  0.637186E+05  0.000000E+00  0.000000E+00  0.114461E+04  0.634142E+05
  0.302738E+00  0.660921E+05  0.631747E+05  0.000000E+00  0.000000E+00  0.112276E+04  0.628658E+05
  0.304568E+00  0.655334E+05  0.626526E+05  0.000000E+00  0.000000E+00  0.110167E+04  0.623358E+05
  0.306397E+00  0.649919E+05  0.621504E+05  0.000000E+00  0.000000E+00  0.108126E+04  0.618225E+05
  0.308227E+00  0.644659E+05  0.616658E+05  0.000000E+00  0.000000E+00  0.106143E+04  0.613244E+05
  0.310057E+00  0.639538E+05  0.611965E+05  0.000000E+00  0.000000E+00  0.104216E+04  0.608398E+05
  0.311886E+00  0.634536E+05  0.607400E+05  0.000000E+00  0.000000E+00  0.102348E+04  0.603669E+05
  0.313716E+00  0.629637E+05  0.602937E+05  0.000000E+00  0.000000E+00  0.100529E+04  0.599037E+05
  0.315546E+00  0.624821E+05  0.598552E+05  0.000000E+00  0.000000E+00  0.987535E+03  0.594485E+05
  0.317375E+00  0.620070E+05  0.594222E+05  0.000000E+00  0.000000E+00  0.970166E+03  0.589994E+05
  0.319205E+00  0.615370E+05  0.589925E+05  0.000000E+00  0.000000E+00  0.953185E+03  0.585548E+05
  0.321035E+00  0.610703E+05  0.585641E+05  0.000000E+00  0.000000E+00  0.936564E+03  0.581132E+05
  0.322864E+00  0.606058E+05  0.581352E+05  0.000000E+00  0.000000E+00  0.920226E+03  0.576733E+05
  0.324694E+00  0.601423E+05  0.577045E+05  0.000000E+00  0.000000E+00  0.904151E+03  0.572339E+05
  0.326524E+00  0.596789E+05  0.572710E+05  0.000000E+00  0.000000E+00  0.888384E+03  0.567942E+05
  0.328353E+00  0.592150E+05  0.568338E+05  0.000000E+00  0.000000E+00  0.872889E+03  0.563536E+05
  0.330183E+00  0.587503E+05  0.563926E+05  0.000000E+00  0.000000E+00  0.857588E+03  0.559116E+05
  0.332013E+00  0.582845E+05  0.559472E+05  0.000000E+00  0.000000E+00  0.842501E+03  0.554682E+05
  0.333842E+00  0.578176E+05  0.554980E+05  0.000000E+00  0.000000E+00  0.827676E+03  0.550234E+05
  0.335672E+00  0.573501E+05  0.550452E+05  0.000000E+00  0.000000E+00  0.813100E+03  0.545775E+05
  0.337502E+00  0.568822E+05  0.545898E+05  0.000000E+00  0.000000E+00  0.798736E+03  0.541310E+05
  0.339332E+00  0.564147E+05  0.541325E+05  0.000000E+00  0.000000E+00  0.784584E+03  0.536845E+05
  0.341161E+00  0.559482E+05  0.536746E+05  0.000000E+00  0.000000E+00  0.770684E+03  0.532387E+05
  0.342991E+00  0.554835E+05  0.532172E+05  0.000000E+00  0.000000E+00  0.757065E+03  0.527945E+05
  0.344821E+00  0.550216E+05  0.527615E+05  0.000000E+00  0.000000E+00  0.743691E+03  0.523528E+05
  0.346650E+00  0.545634E+05  0.523090E+05  0.000000E+00  0.000000E+00  0.730554E+03  0.519145E+05
  0.348480E+00  0.541097E+05  0.518609E+05  0.000000E+00  0.000000E+00  0.717707E+03  0.514806E+05
  0.350310E+00  0.536613E+05  0.514183E+05  0.000000E+00  0.000000E+00  0.705160E+03  0.510518E+05
  0.352139E+00  0.532193E+05  0.509825E+05  0.000000E+00  0.000000E+00  0.692873E+03  0.506291E+05
  0.353969E+00  0.527841E+05  0.505544E+05  0.000000E+00  0.000000E+00  0.680856E+03  0.502132E+05
  0.355799E+00  0.523565E+05  0.501349E+05  0.000000E+00  0.000000E+00  0.669145E+03  0.498047E+05
  0.357628E+00  0.519370E+05  0.497247E+05  0.000000E+00  0.000000E+00  0.657744E+03  0.494041E+05
  0.359458E+00  0.515258E+05  0.493243E+05  0.000000E+00  0.000000E+00  0.646625E+03  0.490117E+05
  0.361288E+00  0.511234E+05  0.489340E+05  0.000000E+00  0.000000E+00  0.635767E+03  0.486279E+05
  0.363117E+00  0.507297E+05  0.485539E+05  0.000000E+00  0.000000E+00  0.625190E+03  0.482527E+05
  0.364947E+00  0.503448E+05  0.481841E+05  0.000000E+00  0.000000E+00  0.614912E+03  0.478861E+05
  0.366777E+00  0.499684E+05  0.478242E+05  0.000000E+00  0.000000E+00  0.604898E+03  0.475280E+05
  0.368606E+00  0.496004E+05  0.474739E+05  0.000000E+00  0.000000E+00  0.595117E+03  0.471780E+05
  0.370436E+00  0.492403E+05  0.471328E+05  0.000000E+00  0.000000E+00  0.585588E+03  0.468358E+05
  0.372266E+00  0.488878E+05  0.468000E+05  0.000000E+00  0.000000E+00  0.576306E+03  0.465009E+05
  0.374095E+00  0.485422E+05  0.464750E+05  0.000000E+00  0.000000E+00  0.567239E+03  0.461729E+05
  0.375925E+00  0.482030E+05  0.461569E+05  0.000000E+00  0.000000E+00  0.558379E+03  0.458510E+05
  0.377755E+00  0.478696E+05  0.458450E+05  0.000000E+00  0.000000E+00  0.549725E+03  0.455348E+05
  0.379584E+00  0.475413E+05  0.455382E+05  0.000000E+00  0.000000E+00  0.541263E+03  0.452234E+05
  0.381414E+00  0.472176E+05  0.452359E+05  0.000000E+00  0.000000E+00  0.532974E+03  0.449165E+05
  0.383244E+00  0.468978E+05  0.449371E+05  0.000000E+00  0.000000E+00  0.524839E+03  0.446132E+05
  0.385073E+00  0.465813E+05  0.446412E+05  0.000000E+00  0.000000E+00  0.516860E+03  0.443131E+05
  0.386903E+00  0.462677E+05  0.443474E+05  0.000000E+00  0.000000E+00  0.509043E+03  0.440155E+05
  0.388733E+00  0.459564E+05  0.440551E+05  0.000000E+00  0.000000E+00  0.501361E+03  0.437201E+05
  0.390562E+00  0.456471E+05  0.437638E+05  0.000000E+00  0.000000E+00  0.493798E+03  0.434264E+05
  0.392392E+00  0.453394E+05  0.434730E+05  0.000000E+00  0.000000E+00  0.486365E+03  0.431341E+05
  0.394222E+00  0.450330E+05  0.431825E+05  0.000000E+00  0.000000E+00  0.479057E+03  0.428430E+05
  0.396051E+00  0.447277E+05  0.428921E+05  0.000000E+00  0.000000E+00  0.471855E+03  0.425528E+05
  0.397881E+00  0.444236E+05  0.426016E+05  0.000000E+00  0.000000E+00  0.464766E+03  0.422634E+05
  0.399711E+00  0.441205E+05  0.423111E+05  0.000000E+00  0.000000E+00  0.457796E+03  0.419749E+05
  0.401541E+00  0.438184E+05  0.420207E+05  0.000000E+00  0.000000E+00  0.450932E+03  0.416872E+05
  0.403370E+00  0.435174E+05  0.417304E+05  0.000000E+00  0.000000E+00  0.444166E+03  0.414005E+05
  0.405200E+00  0.432178E+05  0.414406E+05  0.000000E+00  0.000000E+00  0.437502E+03  0.411149E+05
  0.407030E+00  0.429196E+05  0.411516E+05  0.000000E+00  0.000000E+00  0.430954E+03  0.408306E+05
  0.408859E+00  0.426232E+05  0.408638E+05  0.000000E+00  0.000000E+00  0.424529E+03  0.405479E+05
  0.410689E+00  0.423287E+05  0.405774E+05  0.000000E+00  0.000000E+00  0.418202E+03  0.402670E+05
  0.412519E+00  0.420364E+05  0.402929E+05  0.000000E+00  0.000000E+00  0.411968E+03  0.399882E+05
  0.414348E+00  0.417466E+05  0.400107E+05  0.000000E+00  0.000000E+00  0.405854E+03  0.397117E+05
  0.416178E+00  0.414596E+05  0.397312E+05  0.000000E+00  0.000000E+00  0.399859E+03  0.394379E+05
  0.418008E+00  0.411756E+05  0.394548E+05  0.000000E+00  0.000000E+00  0.393966E+03  0.391670E+05
  0.419837E+00  0.408948E+05  0.391818E+05  0.000000E+00  0.000000E+00  0.388181E+03  0.388992E+05
  0.421667E+00  0.406175E+05  0.389126E+05  0.000000E+00  0.000000E+00  0.382518E+03  0.386347E+05
  0.423497E+00  0.403439E+05  0.386472E+05  0.000000E+00  0.000000E+00  0.376969E+03  0.383739E+05
  0.425326E+00  0.400740E+05  0.383861E+05  0.000000E+00  0.000000E+00  0.371522E+03  0.381167E+05
  0.427156E+00  0.398081E+05  0.381292E+05  0.000000E+00  0.000000E+00  0.366175E+03  0.378633E+05
  0.428986E+00  0.395461E+05  0.378768E+05  0.000000E+00  0.000000E+00  0.360945E+03  0.376137E+05
  0.430815E+00  0.392880E+05  0.376287E+05  0.000000E+00  0.000000E+00  0.355840E+03  0.373680E+05
  0.432645E+00  0.390340E+05  0.373851E+05  0.000000E+00  0.000000E+00  0.350829E+03  0.371262E+05
  0.434475E+00  0.387838E+05  0.371458E+05  0.000000E+00  0.000000E+00  0.345900E+03  0.368882E+05
  0.436304E+00  0.385375E+05  0.369106E+05  0.000000E+00  0.000000E+00  0.341077E+03  0.366539E+05
  0.438134E+00  0.382948E+05  0.366794E+05  0.000000E+00  0.000000E+00  0.336365E+03  0.364232E+05
  0.439964E+00  0.380556E+05  0.364520E+05  0.000000E+00  0.000000E+00  0.331742E+03  0.361959E+05
  0.441793E+00  0.378198E+05  0.362282E+05  0.000000E+00  0.000000E+00  0.327200E+03  0.359718E+05
  0.443623E+00  0.375872E+05  0.360075E+05  0.000000E+00  0.000000E+00  0.322749E+03  0.357507E+05
  0.445453E+00  0.373574E+05  0.357899E+05  0.000000E+00  0.000000E+00  0.318385E+03  0.355325E+05
  0.447282E+00  0.371304E+05  0.355750E+05  0.000000E+00  0.000000E+00  0.314096E+03  0.353168E+05
  0.449112E+00  0.369059E+05  0.353624E+05  0.000000E+00  0.000000E+00  0.309872E+03  0.351036E+05
  0.450942E+00  0.366837E+05  0.351520E+05  0.000000E+00  0.000000E+00  0.305725E+03  0.348925E+05
  0.452771E+00  0.364636E+05  0.349434E+05  0.000000E+00  0.000000E+00  0.301666E+03  0.346833E+05
  0.454601E+00  0.362453E+05  0.347364E+05  0.000000E+00  0.000000E+00  0.297670E+03  0.344760E+05
  0.456431E+00  0.360288E+05  0.345309E+05  0.000000E+00  0.000000E+00  0.293719E+03  0.342702E+05
  0.458261E+00  0.358138E+05  0.343266E+05  0.000000E+00  0.000000E+00  0.289831E+03  0.340659E+05
  0.460090E+00  0.356003E+05  0.341233E+05  0.000000E+00  0.000000E+00  0.286017E+03  0.338630E+05
  0.461920E+00  0.353882E+05  0.339210E+05  0.000000E+00  0.000000E+00  0.282263E+03  0.336612E+05
  0.463750E+00  0.351773E+05  0.337196E+05  0.000000E+00  0.000000E+00  0.278557E+03  0.334607E+05
  0.465579E+00  0.349677E+05  0.335190E+05  0.000000E+00  0.000000E+00  0.274903E+03  0.332612E+05
  0.467409E+00  0.347592E+05  0.333192E+05  0.000000E+00  0.000000E+00  0.271308E+03  0.330629E+05
  0.469239E+00  0.345520E+05  0.331203E+05  0.000000E+00  0.000000E+00  0.267767E+03  0.328657E+05
  0.471068E+00  0.343460E+05  0.329223E+05  0.000000E+00  0.000000E+00  0.264272E+03  0.326695E+05
  0.472898E+00  0.341413E+05  0.327253E+05  0.000000E+00  0.000000E+00  0.260830E+03  0.324746E+05
  0.474728E+00  0.339379E+05  0.325293E+05  0.000000E+00  0.000000E+00  0.257451E+03  0.322809E+05
  0.476557E+00  0.337359E+05  0.323345E+05  0.000000E+00  0.000000E+00  0.254124E+03  0.320886E+05
  0.478387E+00  0.335354E+05  0.321410E+05  0.000000E+00  0.000000E+00  0.250834E+03  0.318976E+05
  0.480217E+00  0.333365E+05  0.319490E+05  0.000000E+00  0.000000E+00  0.247593E+03  0.317081E+05
  0.482046E+00  0.331392E+05  0.317585E+05  0.000000E+00  0.000000E+00  0.244413E+03  0.315201E+05
  0.483876E+00  0.329436E+05  0.315696E+05  0.000000E+00  0.000000E+00  0.241279E+03  0.313338E+05
  0.485706E+00  0.327495E+05  0.313823E+05  0.000000E+00  0.000000E+00  0.238205E+03  0.311489E+05
  0.487535E+00  0.325574E+05  0.311969E+05  0.000000E+00  0.000000E+00  0.235177E+03  0.309660E+05
  0.489365E+00  0.323673E+05  0.310136E+05  0.000000E+00  0.000000E+00  0.232191E+03  0.307849E+05
  0.491195E+00  0.321792E+05  0.308323E+05  0.000000E+00  0.000000E+00  0.229255E+03  0.306058E+05
  0.493024E+00  0.319932E+05  0.306533E+05  0.000000E+00  0.000000E+00  0.226371E+03  0.304287E+05
  0.494854E+00  0.318093E+05  0.304764E+05  0.000000E+00  0.000000E+00  0.223539E+03  0.302536E+05
  0.496684E+00  0.316275E+05  0.303017E+05  0.000000E+00  0.000000E+00  0.220761E+03  0.300806E+05
  0.498513E+00  0.314478E+05  0.301293E+05  0.000000E+00  0.000000E+00  0.218027E+03  0.299096E+05
  0.500343E+00  0.312702E+05  0.299591E+05  0.000000E+00  0.000000E+00  0.215330E+03  0.297406E+05
  0.502173E+00  0.310947E+05  0.297910E+05  0.000000E+00  0.000000E+00  0.212679E+03  0.295736E+05
  0.504002E+00  0.309211E+05  0.296249E+05  0.000000E+00  0.000000E+00  0.210077E+03  0.294085E+05
  0.505832E+00  0.307495E+05  0.294609E+05  0.000000E+00  0.000000E+00  0.207523E+03  0.292453E+05
  0.507662E+00  0.305798E+05  0.292989E+05  0.000000E+00  0.000000E+00  0.205013E+03  0.290839E+05
  0.509492E+00  0.304119E+05  0.291386E+05  0.000000E+00  0.000000E+00  0.202539E+03  0.289242E+05
  0.511321E+00  0.302457E+05  0.289801E+05  0.000000E+00  0.000000E+00  0.200099E+03  0.287662E+05
  0.513151E+00  0.300812E+05  0.288232E+05  0.000000E+00  0.000000E+00  0.197697E+03  0.286098E+05
  0.514980E+00  0.299182E+05  0.286678E+05  0.000000E+00  0.000000E+00  0.195335E+03  0.284548E+05
  0.516810E+00  0.297567E+05  0.285139E+05  0.000000E+00  0.000000E+00  0.193014E+03  0.283013E+05
  0.518640E+00  0.295966E+05  0.283613E+05  0.000000E+00  0.000000E+00  0.190732E+03  0.281491E+05
  0.520470E+00  0.294378E+05  0.282099E+05  0.000000E+00  0.000000E+00  0.188479E+03  0.279981E+05
  0.522299E+00  0.292803E+05  0.280597E+05  0.000000E+00  0.000000E+00  0.186250E+03  0.278484E+05
  0.524129E+00  0.291240E+05  0.279105E+05  0.000000E+00  0.000000E+00  0.184057E+03  0.276997E+05
  0.525959E+00  0.289688E+05  0.277624E+05  0.000000E+00  0.000000E+00  0.181903E+03  0.275522E+05
  0.527788E+00  0.288148E+05  0.276152E+05  0.000000E+00  0.000000E+00  0.179779E+03  0.274057E+05
  0.529618E+00  0.286618E+05  0.274689E+05  0.000000E+00  0.000000E+00  0.177681E+03  0.272602E+05
  0.531448E+00  0.285099E+05  0.273236E+05  0.000000E+00  0.000000E+00  0.175611E+03  0.271157E+05
  0.533277E+00  0.283589E+05  0.271791E+05  0.000000E+00  0.000000E+00  0.173571E+03  0.269721E+05
  0.535107E+00  0.282090E+05  0.270354E+05  0.000000E+00  0.000000E+00  0.171559E+03  0.268295E+05
  0.536937E+00  0.280601E+05  0.268927E+05  0.000000E+00  0.000000E+00  0.169574E+03  0.266878E+05
  0.538766E+00  0.279122E+05  0.267507E+05  0.000000E+00  0.000000E+00  0.167619E+03  0.265471E+05
  0.540596E+00  0.277653E+05  0.266097E+05  0.000000E+00  0.000000E+00  0.165697E+03  0.264073E+05
  0.542426E+00  0.276194E+05  0.264696E+05  0.000000E+00  0.000000E+00  0.163797E+03  0.262685E+05
  0.544255E+00  0.274746E+05  0.263304E+05  0.000000E+00  0.000000E+00  0.161913E+03  0.261306E+05
  0.546085E+00  0.273308E+05  0.261922E+05  0.000000E+00  0.000000E+00  0.160059E+03  0.259937E+05
  0.547915E+00  0.271881E+05  0.260550E+05  0.000000E+00  0.000000E+00  0.158240E+03  0.258579E+05
  0.549744E+00  0.270464E+05  0.259188E+05  0.000000E+00  0.000000E+00  0.156449E+03  0.257231E+05
  0.551574E+00  0.269059E+05  0.257837E+05  0.000000E+00  0.000000E+00  0.154677E+03  0.255893E+05
  0.553404E+00  0.267665E+05  0.256497E+05  0.000000E+00  0.000000E+00  0.152925E+03  0.254566E+05
  0.555233E+00  0.266282E+05  0.255168E+05  0.000000E+00  0.000000E+00  0.151199E+03  0.253250E+05
  0.557063E+00  0.264911E+05  0.253850E+05  0.000000E+00  0.000000E+00  0.149504E+03  0.251945E+05
  0.558893E+00  0.263551E+05  0.252544E+05  0.000000E+00  0.000000E+00  0.147833E+03  0.250651E+05
  0.560722E+00  0.262204E+05  0.251250E+05  0.000000E+00  0.000000E+00  0.146183E+03  0.249369E+05
  0.562552E+00  0.260868E+05  0.249968E+05  0.000000E+00  0.000000E+00  0.144561E+03  0.248098E+05
  0.564382E+00  0.259544E+05  0.248698E+05  0.000000E+00  0.000000E+00  0.142960E+03  0.246838E+05
  0.566211E+00  0.258232E+05  0.247440E+05  0.000000E+00  0.000000E+00  0.141376E+03  0.245590E+05
  0.568041E+00  0.256932E+05  0.246194E+05  0.000000E+00  0.000000E+00  0.139817E+03  0.244353E+05
  0.569871E+00  0.255644E+05  0.244960E+05  0.000000E+00  0.000000E+00  0.138288E+03  0.243128E+05
  0.571701E+00  0.254368E+05  0.243737E+05  0.000000E+00  0.000000E+00  0.136783E+03  0.241913E+05
  0.573530E+00  0.253103E+05  0.242526E+05  0.000000E+00  0.000000E+00  0.135294E+03  0.240710E+05
  0.575360E+00  0.251849E+05  0.241327E+05  0.000000E+00  0.000000E+00  0.133820E+03  0.239518E+05
  0.577190E+00  0.250607E+05  0.240138E+05  0.000000E+00  0.000000E+00  0.132369E+03  0.238336E+05
  0.579019E+00  0.249375E+05  0.238960E+05  0.000000E+00  0.000000E+00  0.130946E+03  0.237165E+05
  0.580849E+00  0.248154E+05  0.237793E+05  0.000000E+00  0.000000E+00  0.129544E+03  0.236004E+05
  0.582679E+00  0.246944E+05  0.236635E+05  0.000000E+00  0.000000E+00  0.128156E+03  0.234853E+05
  0.584508E+00  0.245743E+05  0.235487E+05  0.000000E+00  0.000000E+00  0.126787E+03  0.233711E+05
  0.586338E+00  0.244552E+05  0.234348E+05  0.000000E+00  0.000000E+00  0.125438E+03  0.232578E+05
  0.588168E+00  0.243371E+05  0.233219E+05  0.000000E+00  0.000000E+00  0.124105E+03  0.231455E+05
  0.589997E+00  0.242198E+05  0.232097E+05  0.000000E+00  0.000000E+00  0.122792E+03  0.230340E+05
  0.710818E+00  0.180510E+05  0.172981E+05  0.000000E+00  0.000000E+00  0.644357E+02  0.171660E+05
  0.868196E+00  0.131016E+05  0.125554E+05  0.000000E+00  0.000000E+00  0.319301E+02  0.124586E+05
  0.106042E+01  0.946493E+04  0.907047E+04  0.000000E+00  0.000000E+00  0.156818E+02  0.900017E+04
  0.129520E+01  0.680846E+04  0.652477E+04  0.000000E+00  0.000000E+00  0.764142E+01  0.647399E+04
  0.158196E+01  0.487867E+04  0.467542E+04  0.000000E+00  0.000000E+00  0.505437E+01  0.463899E+04
  0.193220E+01  0.348350E+04  0.333839E+04  0.000000E+00  0.000000E+00  0.244329E+01  0.331231E+04
  0.236000E+01  0.247927E+04  0.237600E+04  0.000000E+00  0.000000E+00  0.117404E+01  0.235741E+04
  0.288251E+01  0.175931E+04  0.168603E+04  0.000000E+00  0.000000E+00  0.561371E+00  0.167283E+04
  0.352071E+01  0.124503E+04  0.119317E+04  0.000000E+00  0.000000E+00  0.267289E+00  0.118382E+04
  0.430020E+01  0.878873E+03  0.842259E+03  0.000000E+00  0.000000E+00  0.126810E+00  0.835662E+03
  0.525228E+01  0.618968E+03  0.593175E+03  0.000000E+00  0.000000E+00  0.599683E-01  0.588533E+03
  0.641515E+01  0.434991E+03  0.416857E+03  0.000000E+00  0.000000E+00  0.282831E-01  0.413601E+03
  0.783548E+01  0.305094E+03  0.292366E+03  0.000000E+00  0.000000E+00  0.133085E-01  0.290090E+03
  0.957028E+01  0.213594E+03  0.204674E+03  0.000000E+00  0.000000E+00  0.624903E-02  0.203088E+03
  0.116892E+02  0.149280E+03  0.143036E+03  0.000000E+00  0.000000E+00  0.292805E-02  0.141936E+03
  0.142772E+02  0.104165E+03  0.997973E+02  0.000000E+00  0.000000E+00  0.136993E-02  0.990385E+02
  0.174382E+02  0.725757E+02  0.695218E+02  0.000000E+00  0.000000E+00  0.639945E-03  0.690024E+02
  0.212990E+02  0.504957E+02  0.483594E+02  0.000000E+00  0.000000E+00  0.298526E-03  0.480078E+02
  0.260147E+02  0.350868E+02  0.335905E+02  0.000000E+00  0.000000E+00  0.139065E-03  0.333563E+02
  0.317744E+02  0.243495E+02  0.232988E+02  0.000000E+00  0.000000E+00  0.646964E-04  0.231467E+02
  0.388094E+02  0.168777E+02  0.161367E+02  0.000000E+00  0.000000E+00  0.300407E-04  0.160421E+02
  0.474019E+02  0.116852E+02  0.111590E+02  0.000000E+00  0.000000E+00  0.139350E-04  0.111047E+02
  0.578968E+02  0.808095E+01  0.770351E+01  0.000000E+00  0.000000E+00  0.646049E-05  0.767749E+01
  0.707154E+02  0.558200E+01  0.530738E+01  0.000000E+00  0.000000E+00  0.299202E-05  0.530122E+01
  0.863719E+02  0.385125E+01  0.364756E+01  0.000000E+00  0.000000E+00  0.138264E-05  0.365540E+01
  0.105495E+03  0.265372E+01  0.249889E+01  0.000000E+00  0.000000E+00  0.637697E-06  0.251661E+01
