  0.357574E-05  0.228103E+06  0.228103E+06  0.304137E+06  0.304137E+06  0.234328E+06  0.228381E+06
  0.369673E-05  0.228103E+06  0.228103E+06  0.304137E+06  0.304137E+06  0.234328E+06  0.228381E+06
  0.382181E-05  0.228103E+06  0.228103E+06  0.304137E+06  0.304137E+06  0.234328E+06  0.228381E+06
  0.395112E-05  0.228103E+06  0.228103E+06  0.304137E+06  0.304137E+06  0.234328E+06  0.228381E+06
  0.408481E-05  0.228103E+06  0.228103E+06  0.304137E+06  0.304137E+06  0.234328E+06  0.228381E+06
  0.422302E-05  0.228103E+06  0.228103E+06  0.304137E+06  0.304137E+06  0.234328E+06  0.228381E+06
  0.436590E-05  0.228103E+06  0.228103E+06  0.304137E+06  0.304137E+06  0.234328E+06  0.228381E+06
  0.451363E-05  0.228103E+06  0.228103E+06  0.304137E+06  0.304137E+06  0.234328E+06  0.228381E+06
  0.466635E-05  0.228103E+06  0.228103E+06  0.304137E+06  0.304137E+06  0.234328E+06  0.228381E+06
  0.482423E-05  0.228103E+06  0.228103E+06  0.304137E+06  0.304137E+06  0.234328E+06  0.228381E+06
  0.498746E-05  0.228103E+06  0.228103E+06  0.304137E+06  0.304137E+06  0.234328E+06  0.228381E+06
  0.515621E-05  0.228103E+06  0.228103E+06  0.304137E+06  0.304137E+06  0.234328E+06  0.228381E+06
  0.533068E-05  0.228103E+06  0.228103E+06  0.304137E+06  0.304136E+06  0.234328E+06  0.228381E+06
  0.551104E-05  0.228103E+06  0.228103E+06  0.304137E+06  0.304136E+06  0.234328E+06  0.228381E+06
  0.569751E-05  0.228103E+06  0.228103E+06  0.304136E+06  0.304136E+06  0.234328E+06  0.228381E+06
  0.589029E-05  0.228103E+06  0.228103E+06  0.304136E+06  0.304136E+06  0.234328E+06  0.228381E+06
  0.608959E-05  0.228103E+06  0.228103E+06  0.304136E+06  0.304136E+06  0.234328E+06  0.228381E+06
  0.629563E-05  0.228103E+06  0.228103E+06  0.304136E+06  0.304136E+06  0.234328E+06  0.228381E+06
  0.650864E-05  0.228103E+06  0.228103E+06  0.304136E+06  0.304136E+06  0.234328E+06  0.228381E+06
  0.672887E-05  0.228103E+06  0.228103E+06  0.304136E+06  0.304136E+06  0.234328E+06  0.228381E+06
  0.695654E-05  0.228103E+06  0.228103E+06  0.304136E+06  0.304136E+06  0.234328E+06  0.228381E+06
  0.719192E-05  0.228103E+06  0.228103E+06  0.304136E+06  0.304136E+06  0.234328E+06  0.228381E+06
  0.743526E-05  0.228103E+06  0.228103E+06  0.304136E+06  0.304136E+06  0.234328E+06  0.228381E+06
  0.768683E-05  0.228103E+06  0.228103E+06  0.304136E+06  0.304136E+06  0.234328E+06  0.228381E+06
  0.794692E-05  0.228103E+06  0.228103E+06  0.304136E+06  0.304136E+06  0.234328E+06  0.228381E+06
  0.821580E-05  0.228103E+06  0.228103E+06  0.304136E+06  0.304136E+06  0.234328E+06  0.228381E+06
  0.849379E-05  0.228103E+06  0.228103E+06  0.304136E+06  0.304136E+06  0.234328E+06  0.228381E+06
  0.878118E-05  0.228103E+06  0.228103E+06  0.304136E+06  0.304136E+06  0.234328E+06  0.228381E+06
  0.907829E-05  0.228103E+06  0.228103E+06  0.304136E+06  0.304136E+06  0.234328E+06  0.228381E+06
  0.938546E-05  0.228103E+06  0.228103E+06  0.304136E+06  0.304136E+06  0.234328E+06  0.228381E+06
  0.970302E-05  0.228103E+06  0.228103E+06  0.304136E+06  0.304136E+06  0.234328E+06  0.228381E+06
  0.100313E-04  0.228103E+06  0.228103E+06  0.304136E+06  0.304136E+06  0.234328E+06  0.228381E+06
  0.103707E-04  0.228103E+06  0.228103E+06  0.304136E+06  0.304135E+06  0.234328E+06  0.228381E+06
  0.107216E-04  0.228103E+06  0.228103E+06  0.304136E+06  0.304135E+06  0.234328E+06  0.228381E+06
  0.110844E-04  0.228103E+06  0.228103E+06  0.304135E+06  0.304135E+06  0.234328E+06  0.228381E+06
  0.114594E-04  0.228103E+06  0.228103E+06  0.304135E+06  0.304135E+06  0.234328E+06  0.228381E+06
  0.118472E-04  0.228103E+06  0.228103E+06  0.304135E+06  0.304135E+06  0.234328E+06  0.228381E+06
  0.122480E-04  0.228103E+06  0.228103E+06  0.304135E+06  0.304135E+06  0.234328E+06  0.228381E+06
  0.126624E-04  0.228103E+06  0.228103E+06  0.304135E+06  0.304135E+06  0.234328E+06  0.228381E+06
  0.130909E-04  0.228103E+06  0.228103E+06  0.304135E+06  0.304135E+06  0.234328E+06  0.228381E+06
  0.135338E-04  0.228103E+06  0.228103E+06  0.304135E+06  0.304134E+06  0.234328E+06  0.228381E+06
  0.139917E-04  0.228103E+06  0.228103E+06  0.304135E+06  0.304134E+06  0.234327E+06  0.228381E+06
  0.144652E-04  0.228103E+06  0.228103E+06  0.304134E+06  0.304134E+06  0.234327E+06  0.228381E+06
  0.149546E-04  0.228103E+06  0.228103E+06  0.304134E+06  0.304134E+06  0.234327E+06  0.228381E+06
  0.154606E-04  0.228103E+06  0.228103E+06  0.304134E+06  0.304134E+06  0.234327E+06  0.228381E+06
  0.159837E-04  0.228103E+06  0.228103E+06  0.304134E+06  0.304134E+06  0.234327E+06  0.228381E+06
  0.165245E-04  0.228103E+06  0.228103E+06  0.304134E+06  0.304133E+06  0.234327E+06  0.228381E+06
  0.170836E-04  0.228103E+06  0.228103E+06  0.304133E+06  0.304133E+06  0.234327E+06  0.228381E+06
  0.176617E-04  0.228103E+06  0.228102E+06  0.304133E+06  0.304133E+06  0.234327E+06  0.228381E+06
  0.182592E-04  0.228103E+06  0.228102E+06  0.304133E+06  0.304132E+06  0.234327E+06  0.228381E+06
  0.188770E-04  0.228102E+06  0.228102E+06  0.304133E+06  0.304132E+06  0.234327E+06  0.228381E+06
  0.195158E-04  0.228102E+06  0.228102E+06  0.304132E+06  0.304132E+06  0.234327E+06  0.228381E+06
  0.201761E-04  0.228102E+06  0.228102E+06  0.304132E+06  0.304132E+06  0.234327E+06  0.228381E+06
  0.208587E-04  0.228102E+06  0.228102E+06  0.304132E+06  0.304131E+06  0.234327E+06  0.228381E+06
  0.215645E-04  0.228102E+06  0.228102E+06  0.304131E+06  0.304131E+06  0.234326E+06  0.228381E+06
  0.222941E-04  0.228102E+06  0.228102E+06  0.304131E+06  0.304130E+06  0.234326E+06  0.228381E+06
  0.230485E-04  0.228102E+06  0.228102E+06  0.304131E+06  0.304130E+06  0.234326E+06  0.228381E+06
  0.238283E-04  0.228102E+06  0.228102E+06  0.304130E+06  0.304129E+06  0.234326E+06  0.228381E+06
  0.246346E-04  0.228102E+06  0.228102E+06  0.304130E+06  0.304129E+06  0.234326E+06  0.228381E+06
  0.254681E-04  0.228102E+06  0.228102E+06  0.304129E+06  0.304128E+06  0.234326E+06  0.228381E+06
  0.263298E-04  0.228102E+06  0.228102E+06  0.304129E+06  0.304128E+06  0.234326E+06  0.228381E+06
  0.272207E-04  0.228102E+06  0.228102E+06  0.304128E+06  0.304127E+06  0.234326E+06  0.228381E+06
  0.281417E-04  0.228102E+06  0.228102E+06  0.304128E+06  0.304126E+06  0.234325E+06  0.228381E+06
  0.290939E-04  0.228102E+06  0.228102E+06  0.304127E+06  0.304126E+06  0.234325E+06  0.228381E+06
  0.300783E-04  0.228102E+06  0.228102E+06  0.304126E+06  0.304125E+06  0.234325E+06  0.228381E+06
  0.310960E-04  0.228102E+06  0.228102E+06  0.304126E+06  0.304124E+06  0.234325E+06  0.228381E+06
  0.321481E-04  0.228102E+06  0.228102E+06  0.304125E+06  0.304123E+06  0.234324E+06  0.228381E+06
  0.332359E-04  0.228102E+06  0.228102E+06  0.304124E+06  0.304122E+06  0.234324E+06  0.228381E+06
  0.343604E-04  0.228102E+06  0.228102E+06  0.304123E+06  0.304121E+06  0.234324E+06  0.228381E+06
  0.355230E-04  0.228102E+06  0.228102E+06  0.304122E+06  0.304120E+06  0.234324E+06  0.228380E+06
  0.367249E-04  0.228102E+06  0.228102E+06  0.304121E+06  0.304119E+06  0.234323E+06  0.228380E+06
  0.379675E-04  0.228102E+06  0.228102E+06  0.304120E+06  0.304118E+06  0.234323E+06  0.228380E+06
  0.392522E-04  0.228102E+06  0.228102E+06  0.304119E+06  0.304117E+06  0.234323E+06  0.228380E+06
  0.405803E-04  0.228102E+06  0.228102E+06  0.304118E+06  0.304115E+06  0.234322E+06  0.228380E+06
  0.419533E-04  0.228102E+06  0.228102E+06  0.304116E+06  0.304114E+06  0.234322E+06  0.228380E+06
  0.433728E-04  0.228102E+06  0.228102E+06  0.304115E+06  0.304112E+06  0.234321E+06  0.228380E+06
  0.448404E-04  0.228102E+06  0.228102E+06  0.304113E+06  0.304110E+06  0.234321E+06  0.228380E+06
  0.463576E-04  0.228102E+06  0.228102E+06  0.304112E+06  0.304109E+06  0.234320E+06  0.228380E+06
  0.479261E-04  0.228102E+06  0.228101E+06  0.304110E+06  0.304107E+06  0.234320E+06  0.228380E+06
  0.495477E-04  0.228102E+06  0.228101E+06  0.304108E+06  0.304105E+06  0.234319E+06  0.228380E+06
  0.512241E-04  0.228101E+06  0.228101E+06  0.304106E+06  0.304102E+06  0.234319E+06  0.228380E+06
  0.529573E-04  0.228101E+06  0.228101E+06  0.304104E+06  0.304100E+06  0.234318E+06  0.228380E+06
  0.547492E-04  0.228101E+06  0.228101E+06  0.304102E+06  0.304098E+06  0.234317E+06  0.228379E+06
  0.566016E-04  0.228101E+06  0.228101E+06  0.304099E+06  0.304095E+06  0.234317E+06  0.228379E+06
  0.585167E-04  0.228101E+06  0.228101E+06  0.304097E+06  0.304092E+06  0.234316E+06  0.228379E+06
  0.604967E-04  0.228101E+06  0.228101E+06  0.304094E+06  0.304089E+06  0.234315E+06  0.228379E+06
  0.625436E-04  0.228101E+06  0.228101E+06  0.304091E+06  0.304086E+06  0.234314E+06  0.228379E+06
  0.646598E-04  0.228101E+06  0.228100E+06  0.304088E+06  0.304082E+06  0.234313E+06  0.228379E+06
  0.668476E-04  0.228101E+06  0.228100E+06  0.304084E+06  0.304078E+06  0.234312E+06  0.228378E+06
  0.691094E-04  0.228100E+06  0.228100E+06  0.304081E+06  0.304074E+06  0.234311E+06  0.228378E+06
  0.714477E-04  0.228100E+06  0.228100E+06  0.304077E+06  0.304070E+06  0.234310E+06  0.228378E+06
  0.738652E-04  0.228100E+06  0.228100E+06  0.304073E+06  0.304065E+06  0.234308E+06  0.228378E+06
  0.763644E-04  0.228100E+06  0.228100E+06  0.304068E+06  0.304060E+06  0.234307E+06  0.228378E+06
  0.789482E-04  0.228100E+06  0.228099E+06  0.304063E+06  0.304055E+06  0.234305E+06  0.228377E+06
  0.816195E-04  0.228100E+06  0.228099E+06  0.304058E+06  0.304049E+06  0.234304E+06  0.228377E+06
  0.843811E-04  0.228099E+06  0.228099E+06  0.304053E+06  0.304043E+06  0.234302E+06  0.228377E+06
  0.872361E-04  0.228099E+06  0.228099E+06  0.304047E+06  0.304037E+06  0.234300E+06  0.228377E+06
  0.901878E-04  0.228099E+06  0.228098E+06  0.304041E+06  0.304030E+06  0.234299E+06  0.228376E+06
  0.932393E-04  0.228099E+06  0.228098E+06  0.304034E+06  0.304023E+06  0.234296E+06  0.228376E+06
  0.963941E-04  0.228098E+06  0.228098E+06  0.304027E+06  0.304015E+06  0.234294E+06  0.228375E+06
  0.996556E-04  0.228098E+06  0.228097E+06  0.304020E+06  0.304006E+06  0.234292E+06  0.228375E+06
  0.103028E-03  0.228098E+06  0.228097E+06  0.304012E+06  0.303998E+06  0.234290E+06  0.228375E+06
  0.106513E-03  0.228097E+06  0.228096E+06  0.304003E+06  0.303988E+06  0.234287E+06  0.228374E+06
  0.110117E-03  0.228097E+06  0.228096E+06  0.303994E+06  0.303978E+06  0.234284E+06  0.228374E+06
  0.113843E-03  0.228097E+06  0.228096E+06  0.303984E+06  0.303967E+06  0.234281E+06  0.228373E+06
  0.117695E-03  0.228096E+06  0.228095E+06  0.303974E+06  0.303955E+06  0.234278E+06  0.228373E+06
  0.121677E-03  0.228096E+06  0.228095E+06  0.303963E+06  0.303942E+06  0.234274E+06  0.228372E+06
  0.125794E-03  0.228095E+06  0.228094E+06  0.303951E+06  0.303929E+06  0.234270E+06  0.228371E+06
  0.130051E-03  0.228095E+06  0.228093E+06  0.303938E+06  0.303915E+06  0.234267E+06  0.228371E+06
  0.134451E-03  0.228094E+06  0.228093E+06  0.303924E+06  0.303900E+06  0.234262E+06  0.228370E+06
  0.139000E-03  0.228094E+06  0.228092E+06  0.303909E+06  0.303883E+06  0.234258E+06  0.228369E+06
  0.143703E-03  0.228093E+06  0.228091E+06  0.303894E+06  0.303866E+06  0.234253E+06  0.228368E+06
  0.148566E-03  0.228092E+06  0.228091E+06  0.303877E+06  0.303847E+06  0.234248E+06  0.228368E+06
  0.153592E-03  0.228092E+06  0.228090E+06  0.303859E+06  0.303827E+06  0.234242E+06  0.228367E+06
  0.158789E-03  0.228091E+06  0.228089E+06  0.303840E+06  0.303806E+06  0.234236E+06  0.228366E+06
  0.164162E-03  0.228090E+06  0.228088E+06  0.303820E+06  0.303783E+06  0.234230E+06  0.228364E+06
  0.169716E-03  0.228089E+06  0.228087E+06  0.303798E+06  0.303759E+06  0.234223E+06  0.228363E+06
  0.175459E-03  0.228088E+06  0.228086E+06  0.303774E+06  0.303733E+06  0.234216E+06  0.228362E+06
  0.181395E-03  0.228087E+06  0.228085E+06  0.303750E+06  0.303705E+06  0.234208E+06  0.228361E+06
  0.187533E-03  0.228086E+06  0.228084E+06  0.303723E+06  0.303675E+06  0.234200E+06  0.228359E+06
  0.193878E-03  0.228085E+06  0.228082E+06  0.303694E+06  0.303644E+06  0.234191E+06  0.228358E+06
  0.200438E-03  0.228084E+06  0.228081E+06  0.303664E+06  0.303610E+06  0.234182E+06  0.228356E+06
  0.207220E-03  0.228082E+06  0.228079E+06  0.303631E+06  0.303573E+06  0.234172E+06  0.228355E+06
  0.214231E-03  0.228081E+06  0.228078E+06  0.303597E+06  0.303535E+06  0.234161E+06  0.228353E+06
  0.221480E-03  0.228080E+06  0.228076E+06  0.303560E+06  0.303493E+06  0.234149E+06  0.228351E+06
  0.228974E-03  0.228078E+06  0.228074E+06  0.303520E+06  0.303449E+06  0.234137E+06  0.228349E+06
  0.236721E-03  0.228076E+06  0.228072E+06  0.303477E+06  0.303402E+06  0.234124E+06  0.228346E+06
  0.244731E-03  0.228075E+06  0.228070E+06  0.303432E+06  0.303351E+06  0.234110E+06  0.228344E+06
  0.253011E-03  0.228073E+06  0.228068E+06  0.303384E+06  0.303297E+06  0.234095E+06  0.228341E+06
  0.261572E-03  0.228071E+06  0.228066E+06  0.303332E+06  0.303239E+06  0.234079E+06  0.228339E+06
  0.270422E-03  0.228068E+06  0.228063E+06  0.303277E+06  0.303178E+06  0.234062E+06  0.228336E+06
  0.279572E-03  0.228066E+06  0.228060E+06  0.303217E+06  0.303112E+06  0.234043E+06  0.228333E+06
  0.289032E-03  0.228063E+06  0.228057E+06  0.303154E+06  0.303041E+06  0.234024E+06  0.228329E+06
  0.298811E-03  0.228061E+06  0.228054E+06  0.303087E+06  0.302966E+06  0.234003E+06  0.228326E+06
  0.308921E-03  0.228058E+06  0.228051E+06  0.303015E+06  0.302886E+06  0.233981E+06  0.228322E+06
  0.319374E-03  0.228055E+06  0.228047E+06  0.302937E+06  0.302800E+06  0.233957E+06  0.228318E+06
  0.330180E-03  0.228051E+06  0.228043E+06  0.302855E+06  0.302708E+06  0.233931E+06  0.228313E+06
  0.341352E-03  0.228048E+06  0.228039E+06  0.302767E+06  0.302610E+06  0.233904E+06  0.228309E+06
  0.352902E-03  0.228044E+06  0.228035E+06  0.302673E+06  0.302505E+06  0.233875E+06  0.228304E+06
  0.364842E-03  0.228040E+06  0.228030E+06  0.302572E+06  0.302393E+06  0.233843E+06  0.228298E+06
  0.377187E-03  0.228036E+06  0.228025E+06  0.302465E+06  0.302274E+06  0.233810E+06  0.228293E+06
  0.389949E-03  0.228031E+06  0.228020E+06  0.302350E+06  0.302146E+06  0.233775E+06  0.228287E+06
  0.403143E-03  0.228026E+06  0.228014E+06  0.302228E+06  0.302009E+06  0.233737E+06  0.228280E+06
  0.416783E-03  0.228021E+06  0.228008E+06  0.302097E+06  0.301863E+06  0.233696E+06  0.228273E+06
  0.430885E-03  0.228015E+06  0.228002E+06  0.301957E+06  0.301707E+06  0.233652E+06  0.228266E+06
  0.445464E-03  0.228009E+06  0.227995E+06  0.301807E+06  0.301541E+06  0.233606E+06  0.228258E+06
  0.460537E-03  0.228003E+06  0.227988E+06  0.301647E+06  0.301363E+06  0.233556E+06  0.228249E+06
  0.476119E-03  0.227996E+06  0.227980E+06  0.301477E+06  0.301173E+06  0.233503E+06  0.228240E+06
  0.492229E-03  0.227989E+06  0.227971E+06  0.301294E+06  0.300970E+06  0.233447E+06  0.228230E+06
  0.508884E-03  0.227981E+06  0.227962E+06  0.301100E+06  0.300753E+06  0.233386E+06  0.228220E+06
  0.526102E-03  0.227973E+06  0.227952E+06  0.300892E+06  0.300521E+06  0.233322E+06  0.228209E+06
  0.543903E-03  0.227964E+06  0.227942E+06  0.300669E+06  0.300274E+06  0.233253E+06  0.228197E+06
  0.562306E-03  0.227954E+06  0.227931E+06  0.300432E+06  0.300010E+06  0.233179E+06  0.228185E+06
  0.581332E-03  0.227944E+06  0.227919E+06  0.300178E+06  0.299728E+06  0.233100E+06  0.228171E+06
  0.601001E-03  0.227933E+06  0.227907E+06  0.299908E+06  0.299426E+06  0.233016E+06  0.228157E+06
  0.621336E-03  0.227922E+06  0.227893E+06  0.299619E+06  0.299104E+06  0.232926E+06  0.228141E+06
  0.642359E-03  0.227909E+06  0.227879E+06  0.299310E+06  0.298761E+06  0.232830E+06  0.228125E+06
  0.664094E-03  0.227896E+06  0.227863E+06  0.298980E+06  0.298394E+06  0.232727E+06  0.228107E+06
  0.686563E-03  0.227882E+06  0.227847E+06  0.298628E+06  0.298003E+06  0.232617E+06  0.228088E+06
  0.709794E-03  0.227866E+06  0.227829E+06  0.298252E+06  0.297585E+06  0.232500E+06  0.228068E+06
  0.733810E-03  0.227850E+06  0.227811E+06  0.297851E+06  0.297138E+06  0.232375E+06  0.228047E+06
  0.758638E-03  0.227833E+06  0.227791E+06  0.297422E+06  0.296662E+06  0.232241E+06  0.228024E+06
  0.784307E-03  0.227814E+06  0.227769E+06  0.296965E+06  0.296154E+06  0.232099E+06  0.227999E+06
  0.810844E-03  0.227794E+06  0.227746E+06  0.296477E+06  0.295612E+06  0.231946E+06  0.227973E+06
  0.838279E-03  0.227773E+06  0.227722E+06  0.295956E+06  0.295033E+06  0.231784E+06  0.227945E+06
  0.866643E-03  0.227751E+06  0.227696E+06  0.295400E+06  0.294416E+06  0.231610E+06  0.227915E+06
  0.895966E-03  0.227727E+06  0.227668E+06  0.294807E+06  0.293757E+06  0.231424E+06  0.227883E+06
  0.926281E-03  0.227701E+06  0.227638E+06  0.294174E+06  0.293055E+06  0.231226E+06  0.227849E+06
  0.957622E-03  0.227673E+06  0.227606E+06  0.293499E+06  0.292306E+06  0.231014E+06  0.227813E+06
  0.990024E-03  0.227644E+06  0.227572E+06  0.292779E+06  0.291507E+06  0.230789E+06  0.227774E+06
  0.102352E-02  0.227612E+06  0.227536E+06  0.292011E+06  0.290656E+06  0.230548E+06  0.227732E+06
  0.105815E-02  0.227579E+06  0.227497E+06  0.291192E+06  0.289748E+06  0.230290E+06  0.227688E+06
  0.109396E-02  0.227543E+06  0.227455E+06  0.290320E+06  0.288781E+06  0.230016E+06  0.227641E+06
  0.113097E-02  0.227505E+06  0.227411E+06  0.289389E+06  0.287751E+06  0.229723E+06  0.227590E+06
  0.116924E-02  0.227464E+06  0.227364E+06  0.288397E+06  0.286653E+06  0.229410E+06  0.227536E+06
  0.120880E-02  0.227420E+06  0.227313E+06  0.287341E+06  0.285484E+06  0.229077E+06  0.227478E+06
  0.124970E-02  0.227373E+06  0.227259E+06  0.286215E+06  0.284239E+06  0.228721E+06  0.227417E+06
  0.129198E-02  0.227323E+06  0.227201E+06  0.285016E+06  0.282914E+06  0.228341E+06  0.227351E+06
  0.133570E-02  0.227270E+06  0.227140E+06  0.283740E+06  0.281504E+06  0.227936E+06  0.227280E+06
  0.138089E-02  0.227213E+06  0.227074E+06  0.282381E+06  0.280004E+06  0.227505E+06  0.227206E+06
  0.142761E-02  0.227153E+06  0.227003E+06  0.280934E+06  0.278409E+06  0.227045E+06  0.227126E+06
  0.147592E-02  0.227088E+06  0.226928E+06  0.279396E+06  0.276713E+06  0.226554E+06  0.227040E+06
  0.152586E-02  0.227019E+06  0.226848E+06  0.277759E+06  0.274911E+06  0.226032E+06  0.226949E+06
  0.157748E-02  0.226945E+06  0.226763E+06  0.276019E+06  0.272997E+06  0.225475E+06  0.226852E+06
  0.163086E-02  0.226866E+06  0.226671E+06  0.274170E+06  0.270964E+06  0.224881E+06  0.226748E+06
  0.168604E-02  0.226782E+06  0.226574E+06  0.272205E+06  0.268806E+06  0.224249E+06  0.226637E+06
  0.174309E-02  0.226692E+06  0.226470E+06  0.270119E+06  0.266518E+06  0.223577E+06  0.226519E+06
  0.180206E-02  0.226596E+06  0.226359E+06  0.267905E+06  0.264091E+06  0.222860E+06  0.226394E+06
  0.186304E-02  0.226494E+06  0.226240E+06  0.265555E+06  0.261519E+06  0.222098E+06  0.226259E+06
  0.192607E-02  0.226385E+06  0.226114E+06  0.263064E+06  0.258796E+06  0.221287E+06  0.226116E+06
  0.199124E-02  0.226268E+06  0.225979E+06  0.260423E+06  0.255914E+06  0.220425E+06  0.225964E+06
  0.205862E-02  0.226144E+06  0.225835E+06  0.257627E+06  0.252865E+06  0.219507E+06  0.225801E+06
  0.212827E-02  0.226012E+06  0.225681E+06  0.254666E+06  0.249644E+06  0.218533E+06  0.225628E+06
  0.220028E-02  0.225871E+06  0.225517E+06  0.251535E+06  0.246242E+06  0.217497E+06  0.225443E+06
  0.227473E-02  0.225720E+06  0.225343E+06  0.248225E+06  0.242653E+06  0.216397E+06  0.225247E+06
  0.235169E-02  0.225560E+06  0.225157E+06  0.244729E+06  0.238869E+06  0.215230E+06  0.225038E+06
  0.243127E-02  0.225389E+06  0.224958E+06  0.241040E+06  0.234884E+06  0.213991E+06  0.224815E+06
  0.251353E-02  0.225207E+06  0.224747E+06  0.237151E+06  0.230693E+06  0.212678E+06  0.224578E+06
  0.259857E-02  0.225013E+06  0.224521E+06  0.233054E+06  0.226288E+06  0.211286E+06  0.224325E+06
  0.268650E-02  0.224806E+06  0.224281E+06  0.228743E+06  0.221665E+06  0.209811E+06  0.224057E+06
  0.277740E-02  0.224586E+06  0.224025E+06  0.224213E+06  0.216820E+06  0.208250E+06  0.223772E+06
  0.287137E-02  0.224352E+06  0.223752E+06  0.219456E+06  0.211749E+06  0.206598E+06  0.223468E+06
  0.296852E-02  0.224103E+06  0.223462E+06  0.214470E+06  0.206449E+06  0.204852E+06  0.223146E+06
  0.306896E-02  0.223838E+06  0.223153E+06  0.209250E+06  0.200919E+06  0.203007E+06  0.222803E+06
  0.317280E-02  0.223556E+06  0.222825E+06  0.203793E+06  0.195159E+06  0.201060E+06  0.222440E+06
  0.328016E-02  0.223256E+06  0.222475E+06  0.198097E+06  0.189171E+06  0.199007E+06  0.222054E+06
  0.339114E-02  0.222937E+06  0.222103E+06  0.192163E+06  0.182959E+06  0.196844E+06  0.221645E+06
  0.350588E-02  0.222598E+06  0.221708E+06  0.185993E+06  0.176527E+06  0.194566E+06  0.221211E+06
  0.362450E-02  0.222238E+06  0.221288E+06  0.179589E+06  0.169885E+06  0.192171E+06  0.220751E+06
  0.374714E-02  0.221856E+06  0.220841E+06  0.172958E+06  0.163043E+06  0.189656E+06  0.220264E+06
  0.387393E-02  0.221451E+06  0.220367E+06  0.166108E+06  0.156015E+06  0.187018E+06  0.219748E+06
  0.400500E-02  0.221021E+06  0.219864E+06  0.159049E+06  0.148816E+06  0.184253E+06  0.219203E+06
  0.414051E-02  0.220565E+06  0.219329E+06  0.151796E+06  0.141466E+06  0.181361E+06  0.218626E+06
  0.428061E-02  0.220082E+06  0.218763E+06  0.144366E+06  0.133990E+06  0.178339E+06  0.218017E+06
  0.442544E-02  0.219570E+06  0.218162E+06  0.136779E+06  0.126413E+06  0.175187E+06  0.217373E+06
  0.457518E-02  0.219028E+06  0.217526E+06  0.129059E+06  0.118766E+06  0.171905E+06  0.216695E+06
  0.472998E-02  0.218455E+06  0.216852E+06  0.121235E+06  0.111083E+06  0.168493E+06  0.215980E+06
  0.489002E-02  0.217849E+06  0.216138E+06  0.113338E+06  0.103402E+06  0.164954E+06  0.215226E+06
  0.505548E-02  0.217209E+06  0.215383E+06  0.105405E+06  0.957651E+05  0.161289E+06  0.214434E+06
  0.522653E-02  0.216533E+06  0.214586E+06  0.974768E+05  0.882161E+05  0.157503E+06  0.213601E+06
  0.540337E-02  0.215820E+06  0.213743E+06  0.895963E+05  0.808025E+05  0.153601E+06  0.212726E+06
  0.558620E-02  0.215068E+06  0.212853E+06  0.818118E+05  0.735739E+05  0.149589E+06  0.211807E+06
  0.577521E-02  0.214277E+06  0.211914E+06  0.741742E+05  0.665811E+05  0.145475E+06  0.210845E+06
  0.597061E-02  0.213444E+06  0.210924E+06  0.667372E+05  0.598758E+05  0.141269E+06  0.209838E+06
  0.617263E-02  0.212568E+06  0.209881E+06  0.595566E+05  0.535086E+05  0.136980E+06  0.208784E+06
  0.638148E-02  0.211648E+06  0.208784E+06  0.526887E+05  0.475281E+05  0.132622E+06  0.207684E+06
  0.659740E-02  0.210687E+06  0.207635E+06  0.461898E+05  0.419794E+05  0.128526E+06  0.206554E+06
  0.682063E-02  0.209675E+06  0.206423E+06  0.401146E+05  0.369028E+05  0.124106E+06  0.205360E+06
  0.705141E-02  0.208615E+06  0.205150E+06  0.345143E+05  0.323309E+05  0.119666E+06  0.204118E+06
  0.728999E-02  0.207507E+06  0.203816E+06  0.294351E+05  0.282879E+05  0.115222E+06  0.202826E+06
  0.753665E-02  0.206349E+06  0.202418E+06  0.249157E+05  0.247873E+05  0.110795E+06  0.201486E+06
  0.779166E-02  0.205140E+06  0.200955E+06  0.209860E+05  0.218303E+05  0.106404E+06  0.200097E+06
  0.805529E-02  0.203880E+06  0.199425E+06  0.176644E+05  0.194047E+05  0.102068E+06  0.198659E+06
  0.832784E-02  0.202567E+06  0.197826E+06  0.149558E+05  0.174840E+05  0.977131E+05  0.197167E+06
  0.860962E-02  0.201202E+06  0.196158E+06  0.128503E+05  0.160271E+05  0.935317E+05  0.195631E+06
  0.890093E-02  0.199784E+06  0.194419E+06  0.113214E+05  0.149785E+05  0.894613E+05  0.194046E+06
  0.920209E-02  0.198313E+06  0.192609E+06  0.103257E+05  0.142703E+05  0.855184E+05  0.192414E+06
  0.951345E-02  0.196789E+06  0.190725E+06  0.980229E+04  0.138240E+05  0.817172E+05  0.190734E+06
  0.983534E-02  0.195211E+06  0.188768E+06  0.967432E+04  0.135546E+05  0.780696E+05  0.189007E+06
  0.101681E-01  0.193580E+06  0.186736E+06  0.985092E+04  0.133745E+05  0.745840E+05  0.187234E+06
  0.105122E-01  0.191897E+06  0.184628E+06  0.102306E+05  0.131995E+05  0.713044E+05  0.185415E+06
  0.108678E-01  0.190160E+06  0.182445E+06  0.107059E+05  0.129537E+05  0.681623E+05  0.183549E+06
  0.112356E-01  0.188370E+06  0.180185E+06  0.111694E+05  0.125767E+05  0.651864E+05  0.181636E+06
  0.116157E-01  0.186529E+06  0.177847E+06  0.115202E+05  0.120278E+05  0.623700E+05  0.179677E+06
  0.120087E-01  0.184635E+06  0.175432E+06  0.116720E+05  0.112913E+05  0.597025E+05  0.177670E+06
  0.124151E-01  0.182689E+06  0.172939E+06  0.115598E+05  0.103780E+05  0.571550E+05  0.175616E+06
  0.128351E-01  0.180692E+06  0.170367E+06  0.111466E+05  0.932498E+04  0.547371E+05  0.173515E+06
  0.132694E-01  0.178644E+06  0.167717E+06  0.104285E+05  0.819198E+04  0.524197E+05  0.171365E+06
  0.137184E-01  0.176546E+06  0.164987E+06  0.943654E+04  0.705436E+04  0.501847E+05  0.169166E+06
  0.141825E-01  0.174396E+06  0.162178E+06  0.823530E+04  0.599310E+04  0.480210E+05  0.166917E+06
  0.146624E-01  0.172197E+06  0.159289E+06  0.691747E+04  0.508271E+04  0.459046E+05  0.164618E+06
  0.151585E-01  0.169947E+06  0.156322E+06  0.559388E+04  0.437882E+04  0.438288E+05  0.162269E+06
  0.156714E-01  0.167647E+06  0.153274E+06  0.437980E+04  0.390742E+04  0.417868E+05  0.159869E+06
  0.162017E-01  0.165297E+06  0.150149E+06  0.337880E+04  0.365835E+04  0.397738E+05  0.157419E+06
  0.167499E-01  0.162898E+06  0.146946E+06  0.266627E+04  0.358507E+04  0.377966E+05  0.154918E+06
  0.173166E-01  0.160449E+06  0.143666E+06  0.227544E+04  0.361204E+04  0.358594E+05  0.152369E+06
  0.179025E-01  0.157952E+06  0.140312E+06  0.218907E+04  0.364959E+04  0.339721E+05  0.149771E+06
  0.185082E-01  0.155408E+06  0.136885E+06  0.233966E+04  0.361388E+04  0.321428E+05  0.147127E+06
  0.191345E-01  0.152816E+06  0.133389E+06  0.261986E+04  0.344773E+04  0.303813E+05  0.144437E+06
  0.197819E-01  0.150179E+06  0.129827E+06  0.290275E+04  0.313662E+04  0.286942E+05  0.141704E+06
  0.204512E-01  0.147496E+06  0.126203E+06  0.306908E+04  0.271412E+04  0.270853E+05  0.138929E+06
  0.211432E-01  0.144771E+06  0.122522E+06  0.303585E+04  0.225297E+04  0.255537E+05  0.136115E+06
  0.218586E-01  0.142003E+06  0.118790E+06  0.277858E+04  0.184218E+04  0.240953E+05  0.133262E+06
  0.225982E-01  0.139196E+06  0.115014E+06  0.233972E+04  0.155593E+04  0.227030E+05  0.130374E+06
  0.233628E-01  0.136352E+06  0.111201E+06  0.181781E+04  0.142475E+04  0.213688E+05  0.127452E+06
  0.241533E-01  0.133472E+06  0.107360E+06  0.133762E+04  0.142146E+04  0.200857E+05  0.124501E+06
  0.249705E-01  0.130561E+06  0.103502E+06  0.100827E+04  0.147044E+04  0.188484E+05  0.121523E+06
  0.258154E-01  0.127620E+06  0.996375E+05  0.883099E+03  0.148032E+04  0.176541E+05  0.118522E+06
  0.266889E-01  0.124655E+06  0.957786E+05  0.937588E+03  0.138762E+04  0.165030E+05  0.115505E+06
  0.275919E-01  0.121668E+06  0.919391E+05  0.107800E+04  0.119017E+04  0.153970E+05  0.112475E+06
  0.285255E-01  0.118665E+06  0.881339E+05  0.118178E+04  0.949474E+03  0.143395E+05  0.109440E+06
  0.294906E-01  0.115652E+06  0.843791E+05  0.115527E+04  0.755559E+03  0.133346E+05  0.106405E+06
  0.304885E-01  0.112632E+06  0.806918E+05  0.981487E+03  0.670448E+03  0.123868E+05  0.103379E+06
  0.315201E-01  0.109613E+06  0.770902E+05  0.729710E+03  0.685510E+03  0.115004E+05  0.100368E+06
  0.325865E-01  0.106601E+06  0.735931E+05  0.515495E+03  0.725833E+03  0.106788E+05  0.973814E+05
  0.336891E-01  0.103602E+06  0.702201E+05  0.428543E+03  0.705646E+03  0.992162E+04  0.944274E+05
  0.348290E-01  0.100625E+06  0.669910E+05  0.472254E+03  0.597180E+03  0.922275E+04  0.915145E+05
  0.360074E-01  0.976764E+05  0.639253E+05  0.560039E+03  0.454950E+03  0.856954E+04  0.886512E+05
  0.372258E-01  0.947644E+05  0.610421E+05  0.579607E+03  0.366367E+03  0.794590E+04  0.858459E+05
  0.384853E-01  0.918968E+05  0.583592E+05  0.482967E+03  0.366643E+03  0.733949E+04  0.831070E+05
  0.397875E-01  0.890812E+05  0.558929E+05  0.328125E+03  0.401753E+03  0.674987E+04  0.804432E+05
  0.411337E-01  0.863253E+05  0.536568E+05  0.227371E+03  0.386975E+03  0.619160E+04  0.778632E+05
  0.425255E-01  0.836360E+05  0.516613E+05  0.239366E+03  0.304961E+03  0.568721E+04  0.753752E+05
  0.439643E-01  0.810200E+05  0.499133E+05  0.308589E+03  0.226499E+03  0.525133E+04  0.729864E+05
  0.454298E-01  0.785194E+05  0.484346E+05  0.324937E+03  0.216858E+03  0.488151E+04  0.707337E+05
  0.468953E-01  0.761756E+05  0.472306E+05  0.253194E+03  0.245287E+03  0.455382E+04  0.686501E+05
  0.483608E-01  0.739792E+05  0.462694E+05  0.162752E+03  0.239071E+03  0.423914E+04  0.667223E+05
  0.498262E-01  0.719206E+05  0.455187E+05  0.132927E+03  0.186843E+03  0.392932E+04  0.649373E+05
  0.512917E-01  0.699901E+05  0.449456E+05  0.165799E+03  0.000000E+00  0.363728E+04  0.632827E+05
  0.527572E-01  0.681777E+05  0.445174E+05  0.197805E+03  0.000000E+00  0.338143E+04  0.617465E+05
  0.542227E-01  0.664733E+05  0.442024E+05  0.180126E+03  0.000000E+00  0.316833E+04  0.603162E+05
  0.556882E-01  0.648670E+05  0.439699E+05  0.128869E+03  0.000000E+00  0.298762E+04  0.589788E+05
  0.571536E-01  0.633493E+05  0.437910E+05  0.956145E+02  0.000000E+00  0.282115E+04  0.577213E+05
  0.586191E-01  0.619107E+05  0.436388E+05  0.103936E+03  0.000000E+00  0.265686E+04  0.565318E+05
  0.600846E-01  0.605425E+05  0.434888E+05  0.127451E+03  0.000000E+00  0.249540E+04  0.553994E+05
  0.615501E-01  0.592362E+05  0.433192E+05  0.127267E+03  0.000000E+00  0.233835E+04  0.543142E+05
  0.630155E-01  0.579840E+05  0.431112E+05  0.980738E+02  0.000000E+00  0.219543E+04  0.532675E+05
  0.644810E-01  0.567787E+05  0.428487E+05  0.697677E+02  0.000000E+00  0.207006E+04  0.522512E+05
  0.659465E-01  0.556138E+05  0.425189E+05  0.686680E+02  0.000000E+00  0.195527E+04  0.512580E+05
  0.674120E-01  0.544837E+05  0.421123E+05  0.873724E+02  0.000000E+00  0.184495E+04  0.502815E+05
  0.688775E-01  0.533833E+05  0.416221E+05  0.965232E+02  0.000000E+00  0.173820E+04  0.493167E+05
  0.703429E-01  0.523083E+05  0.410449E+05  0.805198E+02  0.000000E+00  0.163828E+04  0.483596E+05
  0.718084E-01  0.512552E+05  0.403798E+05  0.541295E+02  0.000000E+00  0.154828E+04  0.474075E+05
  0.732739E-01  0.502211E+05  0.396287E+05  0.430975E+02  0.000000E+00  0.146783E+04  0.464583E+05
  0.747394E-01  0.492045E+05  0.387967E+05  0.853401E+02  0.000000E+00  0.139348E+04  0.455114E+05
  0.762048E-01  0.482021E+05  0.378882E+05  0.109240E+03  0.000000E+00  0.132137E+04  0.445647E+05
  0.776703E-01  0.472142E+05  0.369129E+05  0.115300E+03  0.000000E+00  0.124981E+04  0.436197E+05
  0.791358E-01  0.462404E+05  0.358806E+05  0.826083E+02  0.000000E+00  0.117957E+04  0.426776E+05
  0.806013E-01  0.452808E+05  0.348025E+05  0.250472E+02  0.000000E+00  0.111258E+04  0.417402E+05
  0.820668E-01  0.443358E+05  0.336905E+05 -0.196296E+02  0.000000E+00  0.105066E+04  0.408099E+05
  0.835322E-01  0.434064E+05  0.325573E+05 -0.227474E+02  0.000000E+00  0.994825E+03  0.398891E+05
  0.849977E-01  0.424936E+05  0.314155E+05  0.125678E+02  0.000000E+00  0.945083E+03  0.389808E+05
  0.864632E-01  0.415987E+05  0.302780E+05  0.570751E+02  0.000000E+00  0.900333E+03  0.380877E+05
  0.879287E-01  0.407230E+05  0.291571E+05  0.801150E+02  0.000000E+00  0.858517E+03  0.372128E+05
  0.893941E-01  0.398681E+05  0.280646E+05  0.704176E+02  0.000000E+00  0.817468E+03  0.363588E+05
  0.908596E-01  0.390354E+05  0.270113E+05  0.388386E+02  0.000000E+00  0.776186E+03  0.355286E+05
  0.923251E-01  0.382263E+05  0.260072E+05  0.617460E+01  0.000000E+00  0.735526E+03  0.347247E+05
  0.941548E-01  0.372511E+05  0.248355E+05 -0.129643E+02  0.000000E+00  0.688695E+03  0.337617E+05
  0.959845E-01  0.363167E+05  0.237675E+05 -0.595311E+01  0.000000E+00  0.648368E+03  0.328475E+05
  0.978141E-01  0.354249E+05  0.228133E+05  0.758386E+01  0.000000E+00  0.612738E+03  0.319847E+05
  0.996438E-01  0.345767E+05  0.219796E+05  0.728554E+01  0.000000E+00  0.578193E+03  0.311750E+05
  0.101473E+00  0.337726E+05  0.212689E+05 -0.774522E+01  0.000000E+00  0.543948E+03  0.304193E+05
  0.103303E+00  0.330124E+05  0.206805E+05 -0.185831E+02  0.000000E+00  0.512661E+03  0.297174E+05
  0.105133E+00  0.322954E+05  0.202101E+05 -0.758465E+01  0.000000E+00  0.486425E+03  0.290681E+05
  0.106963E+00  0.316201E+05  0.198503E+05  0.206916E+02  0.000000E+00  0.463800E+03  0.284691E+05
  0.108792E+00  0.309845E+05  0.195911E+05  0.430276E+02  0.000000E+00  0.441756E+03  0.279171E+05
  0.110622E+00  0.303863E+05  0.194203E+05  0.418367E+02  0.000000E+00  0.419548E+03  0.274085E+05
  0.112452E+00  0.298225E+05  0.193240E+05  0.218741E+02  0.000000E+00  0.399219E+03  0.269388E+05
  0.114281E+00  0.292899E+05  0.192871E+05  0.214945E+01  0.000000E+00  0.382388E+03  0.265033E+05
  0.116111E+00  0.287852E+05  0.192940E+05 -0.401858E+01  0.000000E+00  0.367883E+03  0.260969E+05
  0.117941E+00  0.283047E+05  0.193289E+05  0.193070E+01  0.000000E+00  0.353189E+03  0.257142E+05
  0.119770E+00  0.278450E+05  0.193765E+05  0.108048E+02  0.000000E+00  0.337468E+03  0.253500E+05
  0.121600E+00  0.274024E+05  0.194224E+05  0.162223E+02  0.000000E+00  0.322196E+03  0.249995E+05
  0.123430E+00  0.269737E+05  0.194533E+05  0.174122E+02  0.000000E+00  0.309018E+03  0.246580E+05
  0.125259E+00  0.265559E+05  0.194578E+05  0.151031E+02  0.000000E+00  0.297818E+03  0.243213E+05
  0.127089E+00  0.261460E+05  0.194261E+05  0.854273E+01  0.000000E+00  0.287155E+03  0.239858E+05
  0.128919E+00  0.257418E+05  0.193505E+05 -0.181366E+01  0.000000E+00  0.275983E+03  0.236482E+05
  0.130748E+00  0.253411E+05  0.192258E+05 -0.104016E+02  0.000000E+00  0.264432E+03  0.233061E+05
  0.132578E+00  0.249425E+05  0.190485E+05 -0.957568E+01  0.000000E+00  0.253226E+03  0.229579E+05
  0.134408E+00  0.245448E+05  0.188177E+05  0.985007E+00  0.000000E+00  0.242858E+03  0.226024E+05
  0.136237E+00  0.241472E+05  0.185343E+05  0.109475E+02  0.000000E+00  0.233393E+03  0.222393E+05
  0.138067E+00  0.237495E+05  0.182013E+05  0.103551E+02  0.000000E+00  0.224572E+03  0.218686E+05
  0.139897E+00  0.233518E+05  0.178233E+05  0.312994E+01  0.000000E+00  0.215938E+03  0.214913E+05
  0.141726E+00  0.229545E+05  0.174061E+05  0.322542E+01  0.000000E+00  0.207124E+03  0.211084E+05
  0.143556E+00  0.225584E+05  0.169571E+05  0.152891E+02  0.000000E+00  0.198251E+03  0.207217E+05
  0.145386E+00  0.221644E+05  0.164841E+05  0.258289E+02  0.000000E+00  0.189868E+03  0.203332E+05
  0.147215E+00  0.217738E+05  0.159958E+05  0.195867E+02  0.000000E+00  0.182269E+03  0.199451E+05
  0.149045E+00  0.213878E+05  0.155008E+05  0.527240E+00  0.000000E+00  0.175069E+03  0.195598E+05
  0.150875E+00  0.210078E+05  0.150078E+05 -0.117488E+02  0.000000E+00  0.167730E+03  0.191796E+05
  0.152704E+00  0.206351E+05  0.145250E+05 -0.611219E+01  0.000000E+00  0.160400E+03  0.188069E+05
  0.154534E+00  0.202712E+05  0.140601E+05  0.779086E+01  0.000000E+00  0.153794E+03  0.184439E+05
  0.156364E+00  0.199172E+05  0.136200E+05  0.139421E+02  0.000000E+00  0.148165E+03  0.180926E+05
  0.158193E+00  0.195742E+05  0.132105E+05  0.919780E+01  0.000000E+00  0.142839E+03  0.177548E+05
  0.160023E+00  0.192431E+05  0.128363E+05  0.238967E+01  0.000000E+00  0.137064E+03  0.174318E+05
  0.161853E+00  0.189247E+05  0.125009E+05 -0.532317E+00  0.000000E+00  0.131069E+03  0.171249E+05
  0.163683E+00  0.186194E+05  0.122064E+05 -0.204357E+01  0.000000E+00  0.125817E+03  0.168346E+05
  0.165512E+00  0.183274E+05  0.119538E+05 -0.471121E+01  0.000000E+00  0.121753E+03  0.165614E+05
  0.167342E+00  0.180489E+05  0.117427E+05 -0.553926E+01  0.000000E+00  0.118232E+03  0.163052E+05
  0.169172E+00  0.177835E+05  0.115718E+05 -0.163497E+01  0.000000E+00  0.114348E+03  0.160656E+05
  0.171001E+00  0.175308E+05  0.114385E+05  0.389296E+01  0.000000E+00  0.110015E+03  0.158419E+05
  0.172831E+00  0.172903E+05  0.113394E+05  0.598098E+01  0.000000E+00  0.105914E+03  0.156331E+05
  0.174661E+00  0.170612E+05  0.112704E+05  0.465812E+01  0.000000E+00  0.102554E+03  0.154379E+05
  0.176490E+00  0.168424E+05  0.112266E+05  0.400140E+01  0.000000E+00  0.997370E+02  0.152549E+05
  0.178320E+00  0.166329E+05  0.112028E+05  0.558184E+01  0.000000E+00  0.969571E+02  0.150824E+05
  0.180150E+00  0.164317E+05  0.111938E+05  0.678266E+01  0.000000E+00  0.940293E+02  0.149188E+05
  0.181979E+00  0.162376E+05  0.111941E+05  0.528633E+01  0.000000E+00  0.911427E+02  0.147622E+05
  0.183809E+00  0.160494E+05  0.111982E+05  0.197103E+01  0.000000E+00  0.884830E+02  0.146110E+05
  0.185639E+00  0.158659E+05  0.112013E+05 -0.951895E+00  0.000000E+00  0.860254E+02  0.144635E+05
  0.187468E+00  0.156861E+05  0.111987E+05 -0.200409E+01  0.000000E+00  0.836575E+02  0.143181E+05
  0.189298E+00  0.155090E+05  0.111864E+05 -0.289235E+00  0.000000E+00  0.813248E+02  0.141734E+05
  0.191128E+00  0.153337E+05  0.111607E+05  0.389978E+01  0.000000E+00  0.790228E+02  0.140282E+05
  0.192957E+00  0.151594E+05  0.111191E+05  0.737293E+01  0.000000E+00  0.767696E+02  0.138814E+05
  0.194787E+00  0.149855E+05  0.110595E+05  0.581010E+01  0.000000E+00  0.746024E+02  0.137323E+05
  0.196617E+00  0.148115E+05  0.109806E+05 -0.742042E+00  0.000000E+00  0.725713E+02  0.135801E+05
  0.198446E+00  0.146371E+05  0.108820E+05 -0.625570E+01  0.000000E+00  0.706190E+02  0.134247E+05
  0.200276E+00  0.144620E+05  0.107638E+05 -0.518855E+01  0.000000E+00  0.685792E+02  0.132659E+05
  0.202106E+00  0.142863E+05  0.106270E+05  0.701711E+00  0.000000E+00  0.663943E+02  0.131038E+05
  0.203935E+00  0.141100E+05  0.104730E+05  0.477270E+01  0.000000E+00  0.642699E+02  0.129386E+05
  0.205765E+00  0.139333E+05  0.103039E+05  0.403038E+01  0.000000E+00  0.624672E+02  0.127709E+05
  0.207595E+00  0.137566E+05  0.101221E+05  0.199942E+01  0.000000E+00  0.609399E+02  0.126012E+05
  0.209424E+00  0.135802E+05  0.993028E+04  0.264813E+01  0.000000E+00  0.593284E+02  0.124303E+05
  0.211254E+00  0.134046E+05  0.973154E+04  0.483406E+01  0.000000E+00  0.573922E+02  0.122591E+05
  0.213084E+00  0.132303E+05  0.952892E+04  0.488241E+01  0.000000E+00  0.553353E+02  0.120883E+05
  0.214913E+00  0.130579E+05  0.932553E+04  0.237471E+01  0.000000E+00  0.535704E+02  0.119188E+05
  0.216743E+00  0.128878E+05  0.912438E+04  0.340001E+00  0.000000E+00  0.522094E+02  0.117517E+05
  0.218573E+00  0.127206E+05  0.892830E+04  0.451592E+00  0.000000E+00  0.509452E+02  0.115876E+05
  0.220402E+00  0.125568E+05  0.873988E+04  0.105347E+01  0.000000E+00  0.494646E+02  0.114274E+05
  0.222232E+00  0.123969E+05  0.856136E+04  0.489246E+00  0.000000E+00  0.478288E+02  0.112718E+05
  0.224062E+00  0.122411E+05  0.839462E+04 -0.128218E+00  0.000000E+00  0.463403E+02  0.111213E+05
  0.225892E+00  0.120898E+05  0.824113E+04  0.978028E+00  0.000000E+00  0.451261E+02  0.109764E+05
  0.227721E+00  0.119433E+05  0.810193E+04  0.291374E+01  0.000000E+00  0.440120E+02  0.108374E+05
  0.229551E+00  0.118016E+05  0.797759E+04  0.291244E+01  0.000000E+00  0.428044E+02  0.107046E+05
  0.231381E+00  0.116649E+05  0.786827E+04  0.159925E+00  0.000000E+00  0.415467E+02  0.105781E+05
  0.233210E+00  0.115331E+05  0.777370E+04 -0.284594E+01  0.000000E+00  0.404197E+02  0.104577E+05
  0.235040E+00  0.114061E+05  0.769322E+04 -0.316596E+01  0.000000E+00  0.394784E+02  0.103433E+05
  0.236870E+00  0.112837E+05  0.762585E+04 -0.620666E+00  0.000000E+00  0.385981E+02  0.102345E+05
  0.238699E+00  0.111657E+05  0.757027E+04  0.240610E+01  0.000000E+00  0.376542E+02  0.101311E+05
  0.240529E+00  0.110518E+05  0.752496E+04  0.366346E+01  0.000000E+00  0.366589E+02  0.100325E+05
  0.242359E+00  0.109417E+05  0.748819E+04  0.290522E+01  0.000000E+00  0.357069E+02  0.993815E+04
  0.244188E+00  0.108348E+05  0.745812E+04  0.147607E+01  0.000000E+00  0.348610E+02  0.984753E+04
  0.246018E+00  0.107310E+05  0.743287E+04  0.750838E+00  0.000000E+00  0.341216E+02  0.976003E+04
  0.247848E+00  0.106297E+05  0.741054E+04  0.102919E+01  0.000000E+00  0.334485E+02  0.967502E+04
  0.249677E+00  0.105305E+05  0.738929E+04  0.154078E+01  0.000000E+00  0.327682E+02  0.959189E+04
  0.251507E+00  0.104331E+05  0.736741E+04  0.135624E+01  0.000000E+00  0.320070E+02  0.951007E+04
  0.253337E+00  0.103371E+05  0.734332E+04  0.411345E+00  0.000000E+00  0.311753E+02  0.942902E+04
  0.255166E+00  0.102420E+05  0.731564E+04 -0.370793E+00  0.000000E+00  0.303934E+02  0.934827E+04
  0.256996E+00  0.101478E+05  0.728324E+04 -0.105802E+00  0.000000E+00  0.297674E+02  0.926741E+04
  0.258826E+00  0.100539E+05  0.724520E+04  0.980887E+00  0.000000E+00  0.292426E+02  0.918610E+04
  0.260655E+00  0.996040E+04  0.720086E+04  0.175215E+01  0.000000E+00  0.286503E+02  0.910406E+04
  0.262485E+00  0.986697E+04  0.714985E+04  0.142972E+01  0.000000E+00  0.279194E+02  0.902111E+04
  0.264315E+00  0.977354E+04  0.709202E+04  0.380478E+00  0.000000E+00  0.271751E+02  0.893714E+04
  0.266144E+00  0.968008E+04  0.702750E+04 -0.467059E+00  0.000000E+00  0.265762E+02  0.885216E+04
  0.267974E+00  0.958657E+04  0.695662E+04 -0.663626E+00  0.000000E+00  0.261034E+02  0.876619E+04
  0.269804E+00  0.949306E+04  0.687992E+04 -0.392289E+00  0.000000E+00  0.255879E+02  0.867935E+04
  0.271633E+00  0.939963E+04  0.679812E+04  0.176630E+00  0.000000E+00  0.249398E+02  0.859181E+04
  0.273463E+00  0.930640E+04  0.671209E+04  0.112113E+01  0.000000E+00  0.242621E+02  0.850379E+04
  0.275293E+00  0.921352E+04  0.662279E+04  0.221628E+01  0.000000E+00  0.237006E+02  0.841558E+04
  0.277122E+00  0.912115E+04  0.653125E+04  0.265899E+01  0.000000E+00  0.232471E+02  0.832745E+04
  0.278952E+00  0.902948E+04  0.643856E+04  0.186705E+01  0.000000E+00  0.227633E+02  0.823970E+04
  0.280782E+00  0.893870E+04  0.634578E+04  0.425119E+00  0.000000E+00  0.221779E+02  0.815266E+04
  0.282612E+00  0.884899E+04  0.625396E+04 -0.319369E+00  0.000000E+00  0.215791E+02  0.806662E+04
  0.284441E+00  0.876055E+04  0.616408E+04  0.211221E+00  0.000000E+00  0.210905E+02  0.798190E+04
  0.286271E+00  0.867354E+04  0.607702E+04  0.110508E+01  0.000000E+00  0.207114E+02  0.789876E+04
  0.288101E+00  0.858811E+04  0.599356E+04  0.111346E+01  0.000000E+00  0.203296E+02  0.781744E+04
  0.289930E+00  0.850441E+04  0.591436E+04  0.238659E+00  0.000000E+00  0.198658E+02  0.773813E+04
  0.291760E+00  0.842254E+04  0.583993E+04 -0.336733E+00  0.000000E+00  0.193535E+02  0.766101E+04
  0.293590E+00  0.834257E+04  0.577061E+04  0.137642E+00  0.000000E+00  0.188779E+02  0.758619E+04
  0.295419E+00  0.826456E+04  0.570663E+04  0.100655E+01  0.000000E+00  0.184811E+02  0.751375E+04
  0.297249E+00  0.818853E+04  0.564804E+04  0.111924E+01  0.000000E+00  0.181428E+02  0.744370E+04
  0.299079E+00  0.811442E+04  0.559473E+04  0.302851E+00  0.000000E+00  0.178042E+02  0.737600E+04
  0.300908E+00  0.804225E+04  0.554651E+04 -0.534303E+00  0.000000E+00  0.174687E+02  0.731062E+04
  0.302738E+00  0.797196E+04  0.550305E+04 -0.599813E+00  0.000000E+00  0.170865E+02  0.724747E+04
  0.304568E+00  0.790347E+04  0.546393E+04 -0.137588E-01  0.000000E+00  0.166867E+02  0.718640E+04
  0.306397E+00  0.783667E+04  0.542861E+04  0.635240E+00  0.000000E+00  0.163223E+02  0.712728E+04
  0.308227E+00  0.777144E+04  0.539652E+04  0.104730E+01  0.000000E+00  0.160201E+02  0.706990E+04
  0.310057E+00  0.770766E+04  0.536704E+04  0.125056E+01  0.000000E+00  0.157554E+02  0.701408E+04
  0.311886E+00  0.764517E+04  0.533950E+04  0.121057E+01  0.000000E+00  0.154822E+02  0.695960E+04
  0.313716E+00  0.758385E+04  0.531326E+04  0.825370E+00  0.000000E+00  0.151882E+02  0.690624E+04
  0.315546E+00  0.752353E+04  0.528769E+04  0.257291E+00  0.000000E+00  0.149021E+02  0.685379E+04
  0.317375E+00  0.746408E+04  0.526218E+04 -0.794259E-01  0.000000E+00  0.146421E+02  0.680206E+04
  0.319205E+00  0.740536E+04  0.523619E+04  0.355129E-01  0.000000E+00  0.143791E+02  0.675084E+04
  0.321035E+00  0.734725E+04  0.520923E+04  0.384786E+00  0.000000E+00  0.140772E+02  0.669997E+04
  0.322864E+00  0.728964E+04  0.518089E+04  0.597822E+00  0.000000E+00  0.137600E+02  0.664929E+04
  0.324694E+00  0.723243E+04  0.515083E+04  0.537115E+00  0.000000E+00  0.134992E+02  0.659868E+04
  0.326524E+00  0.717554E+04  0.511881E+04  0.334631E+00  0.000000E+00  0.133237E+02  0.654804E+04
  0.328353E+00  0.711891E+04  0.508468E+04  0.185212E+00  0.000000E+00  0.131670E+02  0.649729E+04
  0.330183E+00  0.706249E+04  0.504837E+04  0.197567E+00  0.000000E+00  0.129347E+02  0.644639E+04
  0.332013E+00  0.700628E+04  0.500989E+04  0.335957E+00  0.000000E+00  0.126165E+02  0.639533E+04
  0.333842E+00  0.695024E+04  0.496935E+04  0.411471E+00  0.000000E+00  0.123006E+02  0.634410E+04
  0.335672E+00  0.689441E+04  0.492690E+04  0.241576E+00  0.000000E+00  0.120726E+02  0.629275E+04
  0.337502E+00  0.683880E+04  0.488277E+04 -0.649583E-01  0.000000E+00  0.119207E+02  0.624133E+04
  0.339332E+00  0.678344E+04  0.483725E+04 -0.101958E+00  0.000000E+00  0.117583E+02  0.618991E+04
  0.341161E+00  0.672839E+04  0.479064E+04  0.369625E+00  0.000000E+00  0.115257E+02  0.613858E+04
  0.342991E+00  0.667370E+04  0.474331E+04  0.101555E+01  0.000000E+00  0.112478E+02  0.608742E+04
  0.344821E+00  0.661944E+04  0.469560E+04  0.121584E+01  0.000000E+00  0.109940E+02  0.603655E+04
  0.346650E+00  0.656566E+04  0.464788E+04  0.784647E+00  0.000000E+00  0.108014E+02  0.598608E+04
  0.348480E+00  0.651244E+04  0.460052E+04  0.190133E+00  0.000000E+00  0.106470E+02  0.593610E+04
  0.350310E+00  0.645983E+04  0.455384E+04 -0.293164E-01  0.000000E+00  0.104821E+02  0.588673E+04
  0.352139E+00  0.640789E+04  0.450816E+04  0.135493E+00  0.000000E+00  0.102819E+02  0.583804E+04
  0.353969E+00  0.635669E+04  0.446376E+04  0.308730E+00  0.000000E+00  0.100618E+02  0.579013E+04
  0.355799E+00  0.630626E+04  0.442086E+04  0.300036E+00  0.000000E+00  0.985747E+01  0.574307E+04
  0.357628E+00  0.625664E+04  0.437966E+04  0.263592E+00  0.000000E+00  0.969018E+01  0.569693E+04
  0.359458E+00  0.620786E+04  0.434030E+04  0.330063E+00  0.000000E+00  0.954748E+01  0.565173E+04
  0.361288E+00  0.615994E+04  0.430286E+04  0.371014E+00  0.000000E+00  0.939695E+01  0.560751E+04
  0.363117E+00  0.611288E+04  0.426738E+04  0.242618E+00  0.000000E+00  0.922155E+01  0.556428E+04
  0.364947E+00  0.606669E+04  0.423386E+04  0.601458E-01  0.000000E+00  0.903971E+01  0.552204E+04
  0.366777E+00  0.602136E+04  0.420222E+04  0.425163E-01  0.000000E+00  0.888396E+01  0.548077E+04
  0.368606E+00  0.597685E+04  0.417239E+04  0.179961E+00  0.000000E+00  0.875965E+01  0.544044E+04
  0.370436E+00  0.593315E+04  0.414421E+04  0.252366E+00  0.000000E+00  0.863560E+01  0.540101E+04
  0.372266E+00  0.589022E+04  0.411753E+04  0.167590E+00  0.000000E+00  0.848295E+01  0.536242E+04
  0.374095E+00  0.584802E+04  0.409216E+04  0.103850E+00  0.000000E+00  0.831459E+01  0.532461E+04
  0.375925E+00  0.580650E+04  0.406789E+04  0.249677E+00  0.000000E+00  0.817067E+01  0.528752E+04
  0.377755E+00  0.576561E+04  0.404451E+04  0.522638E+00  0.000000E+00  0.806519E+01  0.525107E+04
  0.379584E+00  0.572531E+04  0.402180E+04  0.651231E+00  0.000000E+00  0.796401E+01  0.521519E+04
  0.381414E+00  0.568554E+04  0.399954E+04  0.490504E+00  0.000000E+00  0.782702E+01  0.517981E+04
  0.383244E+00  0.564626E+04  0.397752E+04  0.170982E+00  0.000000E+00  0.766100E+01  0.514485E+04
  0.385073E+00  0.560742E+04  0.395555E+04 -0.533510E-01  0.000000E+00  0.751283E+01  0.511026E+04
  0.386903E+00  0.556897E+04  0.393346E+04 -0.412354E-01  0.000000E+00  0.741074E+01  0.507597E+04
  0.388733E+00  0.553088E+04  0.391110E+04  0.147170E+00  0.000000E+00  0.733026E+01  0.504193E+04
  0.390562E+00  0.549311E+04  0.388834E+04  0.334401E+00  0.000000E+00  0.722744E+01  0.500808E+04
  0.392392E+00  0.545563E+04  0.386509E+04  0.376416E+00  0.000000E+00  0.709307E+01  0.497440E+04
  0.394222E+00  0.541841E+04  0.384127E+04  0.268612E+00  0.000000E+00  0.695827E+01  0.494084E+04
  0.396051E+00  0.538145E+04  0.381686E+04  0.132226E+00  0.000000E+00  0.685037E+01  0.490740E+04
  0.397881E+00  0.534472E+04  0.379183E+04  0.873105E-01  0.000000E+00  0.676000E+01  0.487406E+04
  0.399711E+00  0.530822E+04  0.376621E+04  0.134737E+00  0.000000E+00  0.665830E+01  0.484081E+04
  0.401541E+00  0.527194E+04  0.374003E+04  0.179465E+00  0.000000E+00  0.653556E+01  0.480766E+04
  0.403370E+00  0.523590E+04  0.371336E+04  0.163855E+00  0.000000E+00  0.641205E+01  0.477462E+04
  0.405200E+00  0.520009E+04  0.368628E+04  0.136765E+00  0.000000E+00  0.631335E+01  0.474171E+04
  0.407030E+00  0.516453E+04  0.365887E+04  0.172730E+00  0.000000E+00  0.624250E+01  0.470896E+04
  0.408859E+00  0.512923E+04  0.363126E+04  0.263577E+00  0.000000E+00  0.617693E+01  0.467638E+04
  0.410689E+00  0.509420E+04  0.360355E+04  0.333572E+00  0.000000E+00  0.608892E+01  0.464401E+04
  0.412519E+00  0.505947E+04  0.357586E+04  0.341274E+00  0.000000E+00  0.597046E+01  0.461188E+04
  0.414348E+00  0.502505E+04  0.354831E+04  0.312188E+00  0.000000E+00  0.584306E+01  0.458002E+04
  0.416178E+00  0.499096E+04  0.352101E+04  0.269350E+00  0.000000E+00  0.574156E+01  0.454846E+04
  0.418008E+00  0.495722E+04  0.349407E+04  0.192330E+00  0.000000E+00  0.568083E+01  0.451724E+04
  0.419837E+00  0.492384E+04  0.346758E+04  0.804445E-01  0.000000E+00  0.563664E+01  0.448638E+04
  0.421667E+00  0.489084E+04  0.344163E+04  0.112321E-01  0.000000E+00  0.556644E+01  0.445591E+04
  0.423497E+00  0.485823E+04  0.341630E+04  0.698178E-01  0.000000E+00  0.545420E+01  0.442584E+04
  0.425326E+00  0.482603E+04  0.339163E+04  0.221667E+00  0.000000E+00  0.532955E+01  0.439620E+04
  0.427156E+00  0.479423E+04  0.336767E+04  0.316423E+00  0.000000E+00  0.523582E+01  0.436699E+04
  0.428986E+00  0.476285E+04  0.334444E+04  0.250524E+00  0.000000E+00  0.518226E+01  0.433823E+04
  0.430815E+00  0.473189E+04  0.332196E+04  0.914770E-01  0.000000E+00  0.513679E+01  0.430992E+04
  0.432645E+00  0.470134E+04  0.330020E+04 -0.677511E-04  0.000000E+00  0.506643E+01  0.428204E+04
  0.434475E+00  0.467120E+04  0.327915E+04  0.449041E-01  0.000000E+00  0.497377E+01  0.425461E+04
  0.436304E+00  0.464147E+04  0.325878E+04  0.142240E+00  0.000000E+00  0.488664E+01  0.422760E+04
  0.438134E+00  0.461213E+04  0.323904E+04  0.178238E+00  0.000000E+00  0.481961E+01  0.420100E+04
  0.439964E+00  0.458317E+04  0.321986E+04  0.145007E+00  0.000000E+00  0.475889E+01  0.417479E+04
  0.441793E+00  0.455458E+04  0.320120E+04  0.122849E+00  0.000000E+00  0.468649E+01  0.414896E+04
  0.443623E+00  0.452634E+04  0.318297E+04  0.159996E+00  0.000000E+00  0.460664E+01  0.412348E+04
  0.445453E+00  0.449843E+04  0.316512E+04  0.217487E+00  0.000000E+00  0.453873E+01  0.409832E+04
  0.447282E+00  0.447084E+04  0.314755E+04  0.231865E+00  0.000000E+00  0.448920E+01  0.407346E+04
  0.449112E+00  0.444355E+04  0.313022E+04  0.191156E+00  0.000000E+00  0.444188E+01  0.404887E+04
  0.450942E+00  0.441654E+04  0.311304E+04  0.131220E+00  0.000000E+00  0.437897E+01  0.402454E+04
  0.452771E+00  0.438980E+04  0.309595E+04  0.851018E-01  0.000000E+00  0.430356E+01  0.400043E+04
  0.454601E+00  0.436330E+04  0.307890E+04  0.633263E-01  0.000000E+00  0.423505E+01  0.397652E+04
  0.456431E+00  0.433703E+04  0.306184E+04  0.704390E-01  0.000000E+00  0.418522E+01  0.395280E+04
  0.458261E+00  0.431098E+04  0.304472E+04  0.108839E+00  0.000000E+00  0.414519E+01  0.392925E+04
  0.460090E+00  0.428514E+04  0.302753E+04  0.160669E+00  0.000000E+00  0.409646E+01  0.390585E+04
  0.461920E+00  0.425950E+04  0.301022E+04  0.187795E+00  0.000000E+00  0.403076E+01  0.388260E+04
  0.463750E+00  0.423404E+04  0.299279E+04  0.164660E+00  0.000000E+00  0.395768E+01  0.385948E+04
  0.465579E+00  0.420877E+04  0.297524E+04  0.105939E+00  0.000000E+00  0.389515E+01  0.383648E+04
  0.467409E+00  0.418368E+04  0.295758E+04  0.550635E-01  0.000000E+00  0.385308E+01  0.381362E+04
  0.469239E+00  0.415876E+04  0.293980E+04  0.479848E-01  0.000000E+00  0.382333E+01  0.379088E+04
  0.471068E+00  0.413402E+04  0.292195E+04  0.875107E-01  0.000000E+00  0.378512E+01  0.376828E+04
  0.472898E+00  0.410947E+04  0.290403E+04  0.143586E+00  0.000000E+00  0.372407E+01  0.374581E+04
  0.474728E+00  0.408509E+04  0.288608E+04  0.175528E+00  0.000000E+00  0.364861E+01  0.372348E+04
  0.476557E+00  0.406090E+04  0.286814E+04  0.164834E+00  0.000000E+00  0.358397E+01  0.370130E+04
  0.478387E+00  0.403690E+04  0.285025E+04  0.133796E+00  0.000000E+00  0.354555E+01  0.367929E+04
  0.480217E+00  0.401310E+04  0.283243E+04  0.123331E+00  0.000000E+00  0.352051E+01  0.365744E+04
  0.482046E+00  0.398950E+04  0.281473E+04  0.144033E+00  0.000000E+00  0.348193E+01  0.363578E+04
  0.483876E+00  0.396610E+04  0.279717E+04  0.159111E+00  0.000000E+00  0.343381E+01  0.361429E+04
  0.485706E+00  0.394289E+04  0.277979E+04  0.130035E+00  0.000000E+00  0.337385E+01  0.359299E+04
  0.487535E+00  0.391989E+04  0.276263E+04  0.717591E-01  0.000000E+00  0.331802E+01  0.357189E+04
  0.489365E+00  0.389713E+04  0.274572E+04  0.413253E-01  0.000000E+00  0.327256E+01  0.355102E+04
  0.491195E+00  0.387459E+04  0.272907E+04  0.689550E-01  0.000000E+00  0.322944E+01  0.353037E+04
  0.493024E+00  0.385229E+04  0.271272E+04  0.121101E+00  0.000000E+00  0.318287E+01  0.350995E+04
  0.494854E+00  0.383022E+04  0.269666E+04  0.143085E+00  0.000000E+00  0.313943E+01  0.348976E+04
  0.496684E+00  0.380839E+04  0.268091E+04  0.121601E+00  0.000000E+00  0.310754E+01  0.346982E+04
  0.498513E+00  0.378679E+04  0.266546E+04  0.873022E-01  0.000000E+00  0.308277E+01  0.345010E+04
  0.500343E+00  0.376543E+04  0.265032E+04  0.671885E-01  0.000000E+00  0.305054E+01  0.343062E+04
  0.502173E+00  0.374429E+04  0.263548E+04  0.597455E-01  0.000000E+00  0.300284E+01  0.341136E+04
  0.504002E+00  0.372337E+04  0.262091E+04  0.574848E-01  0.000000E+00  0.294728E+01  0.339233E+04
  0.505832E+00  0.370267E+04  0.260662E+04  0.677329E-01  0.000000E+00  0.289873E+01  0.337351E+04
  0.507662E+00  0.368219E+04  0.259256E+04  0.959216E-01  0.000000E+00  0.286556E+01  0.335490E+04
  0.509492E+00  0.366191E+04  0.257874E+04  0.123916E+00  0.000000E+00  0.284496E+01  0.333649E+04
  0.511321E+00  0.364183E+04  0.256511E+04  0.125684E+00  0.000000E+00  0.282772E+01  0.331827E+04
  0.513151E+00  0.362194E+04  0.255167E+04  0.101419E+00  0.000000E+00  0.280431E+01  0.330023E+04
  0.514980E+00  0.360224E+04  0.253838E+04  0.790225E-01  0.000000E+00  0.276891E+01  0.328237E+04
  0.516810E+00  0.358271E+04  0.252522E+04  0.787627E-01  0.000000E+00  0.272243E+01  0.326466E+04
  0.518640E+00  0.356335E+04  0.251217E+04  0.897642E-01  0.000000E+00  0.267319E+01  0.324711E+04
  0.520470E+00  0.354416E+04  0.249920E+04  0.883511E-01  0.000000E+00  0.263160E+01  0.322970E+04
  0.522299E+00  0.352513E+04  0.248631E+04  0.702748E-01  0.000000E+00  0.260225E+01  0.321244E+04
  0.524129E+00  0.350624E+04  0.247347E+04  0.548448E-01  0.000000E+00  0.258133E+01  0.319530E+04
  0.525959E+00  0.348751E+04  0.246067E+04  0.602566E-01  0.000000E+00  0.256170E+01  0.317829E+04
  0.527788E+00  0.346892E+04  0.244789E+04  0.831142E-01  0.000000E+00  0.253845E+01  0.316140E+04
  0.529618E+00  0.345047E+04  0.243514E+04  0.102908E+00  0.000000E+00  0.250891E+01  0.314462E+04
  0.531448E+00  0.343215E+04  0.242241E+04  0.101818E+00  0.000000E+00  0.247120E+01  0.312796E+04
  0.533277E+00  0.341397E+04  0.240969E+04  0.797173E-01  0.000000E+00  0.242753E+01  0.311140E+04
  0.535107E+00  0.339592E+04  0.239699E+04  0.538530E-01  0.000000E+00  0.238774E+01  0.309496E+04
  0.536937E+00  0.337800E+04  0.238431E+04  0.447111E-01  0.000000E+00  0.236339E+01  0.307862E+04
  0.538766E+00  0.336021E+04  0.237165E+04  0.587158E-01  0.000000E+00  0.235427E+01  0.306240E+04
  0.540596E+00  0.334256E+04  0.235902E+04  0.829583E-01  0.000000E+00  0.234402E+01  0.304628E+04
  0.542426E+00  0.332503E+04  0.234644E+04  0.982745E-01  0.000000E+00  0.231479E+01  0.303027E+04
  0.544255E+00  0.330763E+04  0.233390E+04  0.974386E-01  0.000000E+00  0.226674E+01  0.301437E+04
  0.546085E+00  0.329036E+04  0.232143E+04  0.884130E-01  0.000000E+00  0.221915E+01  0.299859E+04
  0.547915E+00  0.327322E+04  0.230903E+04  0.810734E-01  0.000000E+00  0.219031E+01  0.298292E+04
  0.549744E+00  0.325621E+04  0.229671E+04  0.763476E-01  0.000000E+00  0.217952E+01  0.296738E+04
  0.551574E+00  0.323934E+04  0.228448E+04  0.705406E-01  0.000000E+00  0.217072E+01  0.295195E+04
  0.553404E+00  0.322260E+04  0.227236E+04  0.646081E-01  0.000000E+00  0.215090E+01  0.293665E+04
  0.555233E+00  0.320600E+04  0.226036E+04  0.629091E-01  0.000000E+00  0.212061E+01  0.292148E+04
  0.557063E+00  0.318953E+04  0.224847E+04  0.648684E-01  0.000000E+00  0.208793E+01  0.290643E+04
  0.558893E+00  0.317320E+04  0.223671E+04  0.648565E-01  0.000000E+00  0.205800E+01  0.289151E+04
  0.560722E+00  0.315700E+04  0.222509E+04  0.615123E-01  0.000000E+00  0.203084E+01  0.287672E+04
  0.562552E+00  0.314095E+04  0.221360E+04  0.609108E-01  0.000000E+00  0.200573E+01  0.286206E+04
  0.564382E+00  0.312503E+04  0.220226E+04  0.665779E-01  0.000000E+00  0.198309E+01  0.284754E+04
  0.566211E+00  0.310925E+04  0.219105E+04  0.710266E-01  0.000000E+00  0.196276E+01  0.283315E+04
  0.568041E+00  0.309360E+04  0.217999E+04  0.637720E-01  0.000000E+00  0.194323E+01  0.281888E+04
  0.569871E+00  0.307810E+04  0.216906E+04  0.469153E-01  0.000000E+00  0.192312E+01  0.280475E+04
  0.571701E+00  0.306272E+04  0.215827E+04  0.361750E-01  0.000000E+00  0.190159E+01  0.279075E+04
  0.573530E+00  0.304749E+04  0.214761E+04  0.435207E-01  0.000000E+00  0.187750E+01  0.277688E+04
  0.575360E+00  0.303238E+04  0.213707E+04  0.627034E-01  0.000000E+00  0.185066E+01  0.276313E+04
  0.577190E+00  0.301740E+04  0.212665E+04  0.759617E-01  0.000000E+00  0.182445E+01  0.274950E+04
  0.579019E+00  0.300256E+04  0.211634E+04  0.732569E-01  0.000000E+00  0.180427E+01  0.273599E+04
  0.580849E+00  0.298783E+04  0.210614E+04  0.608314E-01  0.000000E+00  0.179130E+01  0.272260E+04
  0.582679E+00  0.297323E+04  0.209603E+04  0.512320E-01  0.000000E+00  0.177959E+01  0.270933E+04
  0.584508E+00  0.295875E+04  0.208601E+04  0.495216E-01  0.000000E+00  0.176193E+01  0.269616E+04
  0.586338E+00  0.294439E+04  0.207607E+04  0.514729E-01  0.000000E+00  0.173798E+01  0.268310E+04
  0.588168E+00  0.293014E+04  0.206620E+04  0.519344E-01  0.000000E+00  0.171405E+01  0.267014E+04
  0.589997E+00  0.291600E+04  0.205640E+04  0.506704E-01  0.000000E+00  0.169484E+01  0.265728E+04
  0.710818E+00  0.217337E+04  0.153263E+04  0.317509E-01  0.000000E+00  0.877366E+00  0.198051E+04
  0.868196E+00  0.157745E+04  0.111260E+04  0.171984E-01  0.000000E+00  0.424400E+00  0.143750E+04
  0.106042E+01  0.113961E+04  0.803843E+03  0.823178E-02  0.000000E+00  0.208973E+00  0.103850E+04
  0.129520E+01  0.819765E+03  0.578273E+03  0.396392E-02  0.000000E+00  0.995530E-01  0.747039E+03
  0.158196E+01  0.587410E+03  0.414388E+03  0.190403E-02  0.000000E+00  0.645509E-01  0.535300E+03
  0.193220E+01  0.419427E+03  0.295898E+03  0.911414E-03  0.000000E+00  0.309820E-01  0.382221E+03
  0.236000E+01  0.298514E+03  0.210604E+03  0.434855E-03  0.000000E+00  0.148023E-01  0.272035E+03
  0.288251E+01  0.211829E+03  0.149451E+03  0.206865E-03  0.000000E+00  0.709866E-02  0.193039E+03
  0.352071E+01  0.149907E+03  0.105766E+03  0.981386E-04  0.000000E+00  0.336625E-02  0.136610E+03
  0.430020E+01  0.105820E+03  0.746622E+02  0.464415E-04  0.000000E+00  0.159262E-02  0.964343E+02
  0.525228E+01  0.745267E+02  0.525832E+02  0.219263E-04  0.000000E+00  0.746110E-03  0.679164E+02
  0.641515E+01  0.523752E+02  0.369539E+02  0.103298E-04  0.000000E+00  0.355965E-03  0.477296E+02
  0.783548E+01  0.367351E+02  0.259184E+02  0.485687E-05  0.000000E+00  0.168453E-03  0.334767E+02
  0.957028E+01  0.257182E+02  0.181448E+02  0.227941E-05  0.000000E+00  0.748332E-04  0.234369E+02
  0.116892E+02  0.179746E+02  0.126807E+02  0.106794E-05  0.000000E+00  0.375954E-04  0.163800E+02
  0.142772E+02  0.125426E+02  0.884762E+01  0.499545E-06  0.000000E+00  0.164568E-04  0.114298E+02
  0.174382E+02  0.873920E+01  0.616367E+01  0.233322E-06  0.000000E+00  0.742364E-05  0.796369E+01
  0.212990E+02  0.608073E+01  0.428760E+01  0.108826E-06  0.000000E+00  0.372516E-05  0.554097E+01
  0.260147E+02  0.422548E+01  0.297830E+01  0.506920E-07  0.000000E+00  0.170735E-05  0.385024E+01
  0.317744E+02  0.293271E+01  0.206589E+01  0.235836E-07  0.000000E+00  0.766520E-06  0.267209E+01
  0.388094E+02  0.203312E+01  0.143095E+01  0.109590E-07  0.000000E+00  0.383827E-06  0.185226E+01
  0.474019E+02  0.140796E+01  0.989655E+00  0.508682E-08  0.000000E+00  0.198681E-06  0.128251E+01
  0.578968E+02  0.974024E+00  0.683307E+00  0.235858E-08  0.000000E+00  0.708970E-07  0.887044E+00
  0.707154E+02  0.673174E+00  0.470876E+00  0.109244E-08  0.000000E+00  0.401465E-07  0.612854E+00
  0.863719E+02  0.464816E+00  0.323719E+00  0.505462E-09  0.000000E+00  0.179177E-07  0.422955E+00
  0.105495E+03  0.320658E+00  0.221873E+00  0.233619E-09  0.000000E+00  0.783535E-08  0.291564E+00
