  0.357574E-05  0.181032E+08  0.181032E+08  0.241363E+08  0.241363E+08  0.181033E+08  0.181032E+08
  0.369673E-05  0.181032E+08  0.181032E+08  0.241362E+08  0.241362E+08  0.181033E+08  0.181032E+08
  0.382181E-05  0.181032E+08  0.181032E+08  0.241361E+08  0.241361E+08  0.181033E+08  0.181032E+08
  0.395112E-05  0.181032E+08  0.181032E+08  0.241360E+08  0.241360E+08  0.181033E+08  0.181032E+08
  0.408481E-05  0.181032E+08  0.181032E+08  0.241359E+08  0.241359E+08  0.181033E+08  0.181032E+08
  0.422302E-05  0.181032E+08  0.181032E+08  0.241358E+08  0.241358E+08  0.181033E+08  0.181032E+08
  0.436590E-05  0.181032E+08  0.181032E+08  0.241357E+08  0.241356E+08  0.181033E+08  0.181032E+08
  0.451363E-05  0.181032E+08  0.181032E+08  0.241356E+08  0.241355E+08  0.181033E+08  0.181032E+08
  0.466635E-05  0.181032E+08  0.181032E+08  0.241354E+08  0.241353E+08  0.181033E+08  0.181032E+08
  0.482423E-05  0.181032E+08  0.181032E+08  0.241353E+08  0.241352E+08  0.181033E+08  0.181032E+08
  0.498746E-05  0.181032E+08  0.181032E+08  0.241351E+08  0.241350E+08  0.181033E+08  0.181032E+08
  0.515621E-05  0.181032E+08  0.181032E+08  0.241349E+08  0.241348E+08  0.181033E+08  0.181032E+08
  0.533068E-05  0.181032E+08  0.181032E+08  0.241347E+08  0.241346E+08  0.181033E+08  0.181032E+08
  0.551104E-05  0.181032E+08  0.181032E+08  0.241345E+08  0.241344E+08  0.181033E+08  0.181032E+08
  0.569751E-05  0.181032E+08  0.181032E+08  0.241343E+08  0.241342E+08  0.181033E+08  0.181032E+08
  0.589029E-05  0.181032E+08  0.181032E+08  0.241341E+08  0.241340E+08  0.181033E+08  0.181032E+08
  0.608959E-05  0.181032E+08  0.181032E+08  0.241339E+08  0.241337E+08  0.181033E+08  0.181032E+08
  0.629563E-05  0.181032E+08  0.181032E+08  0.241336E+08  0.241335E+08  0.181033E+08  0.181032E+08
  0.650864E-05  0.181032E+08  0.181032E+08  0.241333E+08  0.241332E+08  0.181033E+08  0.181032E+08
  0.672887E-05  0.181032E+08  0.181032E+08  0.241330E+08  0.241329E+08  0.181033E+08  0.181032E+08
  0.695654E-05  0.181032E+08  0.181032E+08  0.241327E+08  0.241326E+08  0.181033E+08  0.181032E+08
  0.719192E-05  0.181032E+08  0.181032E+08  0.241324E+08  0.241322E+08  0.181033E+08  0.181032E+08
  0.743526E-05  0.181032E+08  0.181032E+08  0.241320E+08  0.241318E+08  0.181033E+08  0.181032E+08
  0.768683E-05  0.181032E+08  0.181032E+08  0.241316E+08  0.241314E+08  0.181033E+08  0.181032E+08
  0.794692E-05  0.181032E+08  0.181032E+08  0.241312E+08  0.241310E+08  0.181033E+08  0.181032E+08
  0.821580E-05  0.181032E+08  0.181032E+08  0.241308E+08  0.241306E+08  0.181033E+08  0.181032E+08
  0.849379E-05  0.181032E+08  0.181032E+08  0.241303E+08  0.241301E+08  0.181033E+08  0.181032E+08
  0.878118E-05  0.181032E+08  0.181032E+08  0.241298E+08  0.241296E+08  0.181033E+08  0.181032E+08
  0.907829E-05  0.181032E+08  0.181032E+08  0.241292E+08  0.241290E+08  0.181033E+08  0.181032E+08
  0.938546E-05  0.181032E+08  0.181032E+08  0.241287E+08  0.241284E+08  0.181033E+08  0.181032E+08
  0.970302E-05  0.181032E+08  0.181032E+08  0.241281E+08  0.241278E+08  0.181033E+08  0.181032E+08
  0.100313E-04  0.181032E+08  0.181032E+08  0.241274E+08  0.241271E+08  0.181033E+08  0.181032E+08
  0.103707E-04  0.181032E+08  0.181032E+08  0.241267E+08  0.241264E+08  0.181033E+08  0.181032E+08
  0.107216E-04  0.181032E+08  0.181032E+08  0.241259E+08  0.241256E+08  0.181033E+08  0.181032E+08
  0.110844E-04  0.181032E+08  0.181032E+08  0.241251E+08  0.241248E+08  0.181033E+08  0.181032E+08
  0.114594E-04  0.181032E+08  0.181032E+08  0.241243E+08  0.241239E+08  0.181033E+08  0.181032E+08
  0.118472E-04  0.181032E+08  0.181032E+08  0.241234E+08  0.241229E+08  0.181033E+08  0.181032E+08
  0.122480E-04  0.181032E+08  0.181032E+08  0.241224E+08  0.241219E+08  0.181033E+08  0.181032E+08
  0.126624E-04  0.181032E+08  0.181032E+08  0.241213E+08  0.241208E+08  0.181033E+08  0.181032E+08
  0.130909E-04  0.181032E+08  0.181032E+08  0.241202E+08  0.241197E+08  0.181033E+08  0.181032E+08
  0.135338E-04  0.181032E+08  0.181032E+08  0.241190E+08  0.241185E+08  0.181033E+08  0.181032E+08
  0.139917E-04  0.181032E+08  0.181032E+08  0.241177E+08  0.241171E+08  0.181033E+08  0.181032E+08
  0.144652E-04  0.181032E+08  0.181032E+08  0.241164E+08  0.241157E+08  0.181033E+08  0.181032E+08
  0.149546E-04  0.181032E+08  0.181032E+08  0.241149E+08  0.241142E+08  0.181033E+08  0.181032E+08
  0.154606E-04  0.181032E+08  0.181032E+08  0.241134E+08  0.241126E+08  0.181033E+08  0.181032E+08
  0.159837E-04  0.181032E+08  0.181032E+08  0.241117E+08  0.241109E+08  0.181033E+08  0.181032E+08
  0.165245E-04  0.181032E+08  0.181032E+08  0.241099E+08  0.241091E+08  0.181033E+08  0.181032E+08
  0.170836E-04  0.181032E+08  0.181032E+08  0.241080E+08  0.241071E+08  0.181033E+08  0.181032E+08
  0.176617E-04  0.181032E+08  0.181032E+08  0.241060E+08  0.241050E+08  0.181033E+08  0.181032E+08
  0.182592E-04  0.181032E+08  0.181032E+08  0.241038E+08  0.241028E+08  0.181032E+08  0.181032E+08
  0.188770E-04  0.181032E+08  0.181032E+08  0.241014E+08  0.241004E+08  0.181032E+08  0.181032E+08
  0.195158E-04  0.181032E+08  0.181032E+08  0.240990E+08  0.240978E+08  0.181032E+08  0.181032E+08
  0.201761E-04  0.181032E+08  0.181032E+08  0.240963E+08  0.240951E+08  0.181032E+08  0.181032E+08
  0.208587E-04  0.181031E+08  0.181031E+08  0.240935E+08  0.240921E+08  0.181032E+08  0.181032E+08
  0.215645E-04  0.181031E+08  0.181031E+08  0.240904E+08  0.240890E+08  0.181032E+08  0.181031E+08
  0.222941E-04  0.181031E+08  0.181031E+08  0.240872E+08  0.240857E+08  0.181032E+08  0.181031E+08
  0.230485E-04  0.181031E+08  0.181031E+08  0.240837E+08  0.240821E+08  0.181032E+08  0.181031E+08
  0.238283E-04  0.181031E+08  0.181031E+08  0.240800E+08  0.240783E+08  0.181032E+08  0.181031E+08
  0.246346E-04  0.181031E+08  0.181031E+08  0.240761E+08  0.240742E+08  0.181032E+08  0.181031E+08
  0.254681E-04  0.181031E+08  0.181031E+08  0.240718E+08  0.240698E+08  0.181032E+08  0.181031E+08
  0.263298E-04  0.181031E+08  0.181031E+08  0.240673E+08  0.240652E+08  0.181032E+08  0.181031E+08
  0.272207E-04  0.181031E+08  0.181031E+08  0.240625E+08  0.240602E+08  0.181032E+08  0.181031E+08
  0.281417E-04  0.181031E+08  0.181031E+08  0.240573E+08  0.240549E+08  0.181032E+08  0.181031E+08
  0.290939E-04  0.181031E+08  0.181031E+08  0.240518E+08  0.240492E+08  0.181032E+08  0.181031E+08
  0.300783E-04  0.181031E+08  0.181031E+08  0.240459E+08  0.240431E+08  0.181031E+08  0.181031E+08
  0.310960E-04  0.181031E+08  0.181031E+08  0.240396E+08  0.240367E+08  0.181031E+08  0.181031E+08
  0.321481E-04  0.181031E+08  0.181030E+08  0.240329E+08  0.240297E+08  0.181031E+08  0.181031E+08
  0.332359E-04  0.181030E+08  0.181030E+08  0.240257E+08  0.240223E+08  0.181031E+08  0.181030E+08
  0.343604E-04  0.181030E+08  0.181030E+08  0.240180E+08  0.240144E+08  0.181031E+08  0.181030E+08
  0.355230E-04  0.181030E+08  0.181030E+08  0.240098E+08  0.240059E+08  0.181031E+08  0.181030E+08
  0.367249E-04  0.181030E+08  0.181030E+08  0.240010E+08  0.239969E+08  0.181031E+08  0.181030E+08
  0.379675E-04  0.181030E+08  0.181030E+08  0.239916E+08  0.239872E+08  0.181030E+08  0.181030E+08
  0.392522E-04  0.181030E+08  0.181030E+08  0.239816E+08  0.239769E+08  0.181030E+08  0.181030E+08
  0.405803E-04  0.181030E+08  0.181030E+08  0.239709E+08  0.239659E+08  0.181030E+08  0.181030E+08
  0.419533E-04  0.181029E+08  0.181029E+08  0.239595E+08  0.239541E+08  0.181030E+08  0.181029E+08
  0.433728E-04  0.181029E+08  0.181029E+08  0.239472E+08  0.239415E+08  0.181030E+08  0.181029E+08
  0.448404E-04  0.181029E+08  0.181029E+08  0.239342E+08  0.239281E+08  0.181029E+08  0.181029E+08
  0.463576E-04  0.181029E+08  0.181029E+08  0.239202E+08  0.239138E+08  0.181029E+08  0.181029E+08
  0.479261E-04  0.181029E+08  0.181028E+08  0.239054E+08  0.238984E+08  0.181029E+08  0.181029E+08
  0.495477E-04  0.181028E+08  0.181028E+08  0.238895E+08  0.238820E+08  0.181028E+08  0.181028E+08
  0.512241E-04  0.181028E+08  0.181028E+08  0.238725E+08  0.238645E+08  0.181028E+08  0.181028E+08
  0.529573E-04  0.181028E+08  0.181028E+08  0.238543E+08  0.238459E+08  0.181028E+08  0.181028E+08
  0.547492E-04  0.181028E+08  0.181027E+08  0.238349E+08  0.238259E+08  0.181027E+08  0.181028E+08
  0.566016E-04  0.181027E+08  0.181027E+08  0.238142E+08  0.238046E+08  0.181027E+08  0.181027E+08
  0.585167E-04  0.181027E+08  0.181027E+08  0.237921E+08  0.237818E+08  0.181027E+08  0.181027E+08
  0.604967E-04  0.181027E+08  0.181026E+08  0.237685E+08  0.237575E+08  0.181026E+08  0.181026E+08
  0.625436E-04  0.181026E+08  0.181026E+08  0.237433E+08  0.237316E+08  0.181026E+08  0.181026E+08
  0.646598E-04  0.181026E+08  0.181026E+08  0.237164E+08  0.237039E+08  0.181025E+08  0.181026E+08
  0.668476E-04  0.181025E+08  0.181025E+08  0.236877E+08  0.236743E+08  0.181025E+08  0.181025E+08
  0.691094E-04  0.181025E+08  0.181025E+08  0.236570E+08  0.236427E+08  0.181024E+08  0.181025E+08
  0.714477E-04  0.181024E+08  0.181024E+08  0.236243E+08  0.236090E+08  0.181023E+08  0.181024E+08
  0.738652E-04  0.181024E+08  0.181024E+08  0.235893E+08  0.235730E+08  0.181023E+08  0.181024E+08
  0.763644E-04  0.181023E+08  0.181023E+08  0.235520E+08  0.235346E+08  0.181022E+08  0.181023E+08
  0.789482E-04  0.181023E+08  0.181022E+08  0.235122E+08  0.234936E+08  0.181021E+08  0.181022E+08
  0.816195E-04  0.181022E+08  0.181022E+08  0.234697E+08  0.234499E+08  0.181020E+08  0.181022E+08
  0.843811E-04  0.181021E+08  0.181021E+08  0.234244E+08  0.234032E+08  0.181019E+08  0.181021E+08
  0.872361E-04  0.181020E+08  0.181020E+08  0.233760E+08  0.233534E+08  0.181019E+08  0.181020E+08
  0.901878E-04  0.181020E+08  0.181019E+08  0.233244E+08  0.233004E+08  0.181018E+08  0.181020E+08
  0.932393E-04  0.181019E+08  0.181018E+08  0.232694E+08  0.232437E+08  0.181016E+08  0.181019E+08
  0.963941E-04  0.181018E+08  0.181017E+08  0.232108E+08  0.231834E+08  0.181015E+08  0.181018E+08
  0.996556E-04  0.181017E+08  0.181016E+08  0.231482E+08  0.231190E+08  0.181014E+08  0.181017E+08
  0.103028E-03  0.181016E+08  0.181015E+08  0.230815E+08  0.230504E+08  0.181013E+08  0.181016E+08
  0.106513E-03  0.181015E+08  0.181014E+08  0.230105E+08  0.229772E+08  0.181011E+08  0.181015E+08
  0.110117E-03  0.181014E+08  0.181013E+08  0.229347E+08  0.228993E+08  0.181010E+08  0.181013E+08
  0.113843E-03  0.181012E+08  0.181012E+08  0.228540E+08  0.228163E+08  0.181008E+08  0.181012E+08
  0.117695E-03  0.181011E+08  0.181010E+08  0.227681E+08  0.227279E+08  0.181007E+08  0.181011E+08
  0.121677E-03  0.181010E+08  0.181009E+08  0.226766E+08  0.226337E+08  0.181005E+08  0.181009E+08
  0.125794E-03  0.181008E+08  0.181007E+08  0.225791E+08  0.225335E+08  0.181003E+08  0.181008E+08
  0.130051E-03  0.181006E+08  0.181005E+08  0.224754E+08  0.224268E+08  0.181001E+08  0.181006E+08
  0.134451E-03  0.181005E+08  0.181004E+08  0.223650E+08  0.223133E+08  0.180999E+08  0.181004E+08
  0.139000E-03  0.181003E+08  0.181002E+08  0.222476E+08  0.221925E+08  0.180996E+08  0.181002E+08
  0.143703E-03  0.181001E+08  0.181000E+08  0.221227E+08  0.220642E+08  0.180994E+08  0.181000E+08
  0.148566E-03  0.180998E+08  0.180997E+08  0.219900E+08  0.219277E+08  0.180991E+08  0.180998E+08
  0.153592E-03  0.180996E+08  0.180995E+08  0.218489E+08  0.217827E+08  0.180988E+08  0.180996E+08
  0.158789E-03  0.180994E+08  0.180992E+08  0.216991E+08  0.216288E+08  0.180985E+08  0.180993E+08
  0.164162E-03  0.180991E+08  0.180990E+08  0.215401E+08  0.214653E+08  0.180982E+08  0.180990E+08
  0.169716E-03  0.180988E+08  0.180987E+08  0.213712E+08  0.212919E+08  0.180978E+08  0.180988E+08
  0.175459E-03  0.180985E+08  0.180984E+08  0.211922E+08  0.211080E+08  0.180974E+08  0.180985E+08
  0.181395E-03  0.180982E+08  0.180980E+08  0.210024E+08  0.209130E+08  0.180970E+08  0.180981E+08
  0.187533E-03  0.180979E+08  0.180977E+08  0.208012E+08  0.207065E+08  0.180966E+08  0.180978E+08
  0.193878E-03  0.180975E+08  0.180973E+08  0.205882E+08  0.204878E+08  0.180961E+08  0.180974E+08
  0.200438E-03  0.180971E+08  0.180969E+08  0.203628E+08  0.202565E+08  0.180957E+08  0.180970E+08
  0.207220E-03  0.180967E+08  0.180965E+08  0.201245E+08  0.200119E+08  0.180951E+08  0.180966E+08
  0.214231E-03  0.180962E+08  0.180960E+08  0.198726E+08  0.197536E+08  0.180946E+08  0.180961E+08
  0.221480E-03  0.180958E+08  0.180955E+08  0.196067E+08  0.194809E+08  0.180940E+08  0.180957E+08
  0.228974E-03  0.180953E+08  0.180950E+08  0.193262E+08  0.191933E+08  0.180933E+08  0.180951E+08
  0.236721E-03  0.180947E+08  0.180945E+08  0.190305E+08  0.188903E+08  0.180927E+08  0.180946E+08
  0.244731E-03  0.180942E+08  0.180939E+08  0.187192E+08  0.185714E+08  0.180919E+08  0.180940E+08
  0.253011E-03  0.180935E+08  0.180932E+08  0.183918E+08  0.182361E+08  0.180912E+08  0.180934E+08
  0.261572E-03  0.180929E+08  0.180925E+08  0.180478E+08  0.178839E+08  0.180903E+08  0.180927E+08
  0.270422E-03  0.180922E+08  0.180918E+08  0.176868E+08  0.175146E+08  0.180894E+08  0.180920E+08
  0.279572E-03  0.180914E+08  0.180911E+08  0.173086E+08  0.171278E+08  0.180885E+08  0.180912E+08
  0.289032E-03  0.180906E+08  0.180902E+08  0.169128E+08  0.167232E+08  0.180875E+08  0.180904E+08
  0.298811E-03  0.180898E+08  0.180894E+08  0.164992E+08  0.163008E+08  0.180864E+08  0.180896E+08
  0.308921E-03  0.180889E+08  0.180884E+08  0.160677E+08  0.158603E+08  0.180853E+08  0.180887E+08
  0.319374E-03  0.180879E+08  0.180874E+08  0.156185E+08  0.154020E+08  0.180841E+08  0.180877E+08
  0.330180E-03  0.180869E+08  0.180864E+08  0.151515E+08  0.149260E+08  0.180828E+08  0.180866E+08
  0.341352E-03  0.180858E+08  0.180852E+08  0.146672E+08  0.144327E+08  0.180814E+08  0.180855E+08
  0.352902E-03  0.180846E+08  0.180840E+08  0.141659E+08  0.139225E+08  0.180799E+08  0.180843E+08
  0.364842E-03  0.180834E+08  0.180827E+08  0.136483E+08  0.133963E+08  0.180783E+08  0.180830E+08
  0.377187E-03  0.180820E+08  0.180814E+08  0.131152E+08  0.128548E+08  0.180766E+08  0.180817E+08
  0.389949E-03  0.180806E+08  0.180799E+08  0.125677E+08  0.122994E+08  0.180748E+08  0.180803E+08
  0.403143E-03  0.180791E+08  0.180784E+08  0.120071E+08  0.117313E+08  0.180729E+08  0.180787E+08
  0.416783E-03  0.180775E+08  0.180767E+08  0.114348E+08  0.111521E+08  0.180709E+08  0.180771E+08
  0.430885E-03  0.180758E+08  0.180750E+08  0.108527E+08  0.105640E+08  0.180687E+08  0.180754E+08
  0.445464E-03  0.180740E+08  0.180731E+08  0.102628E+08  0.996886E+07  0.180664E+08  0.180735E+08
  0.460537E-03  0.180720E+08  0.180711E+08  0.966743E+07  0.936935E+07  0.180640E+08  0.180715E+08
  0.476119E-03  0.180700E+08  0.180690E+08  0.906924E+07  0.876818E+07  0.180613E+08  0.180695E+08
  0.492229E-03  0.180678E+08  0.180667E+08  0.847108E+07  0.816837E+07  0.180585E+08  0.180672E+08
  0.508884E-03  0.180655E+08  0.180643E+08  0.787609E+07  0.757320E+07  0.180556E+08  0.180649E+08
  0.526102E-03  0.180630E+08  0.180618E+08  0.728763E+07  0.698617E+07  0.180524E+08  0.180624E+08
  0.543903E-03  0.180604E+08  0.180591E+08  0.670925E+07  0.641097E+07  0.180491E+08  0.180597E+08
  0.562306E-03  0.180576E+08  0.180563E+08  0.614466E+07  0.585142E+07  0.180455E+08  0.180568E+08
  0.581332E-03  0.180546E+08  0.180532E+08  0.559763E+07  0.531140E+07  0.180417E+08  0.180538E+08
  0.601001E-03  0.180515E+08  0.180500E+08  0.507198E+07  0.479477E+07  0.180377E+08  0.180506E+08
  0.621336E-03  0.180481E+08  0.180466E+08  0.457141E+07  0.430531E+07  0.180334E+08  0.180473E+08
  0.642359E-03  0.180446E+08  0.180430E+08  0.409948E+07  0.384653E+07  0.180288E+08  0.180437E+08
  0.664094E-03  0.180408E+08  0.180391E+08  0.365942E+07  0.342165E+07  0.180240E+08  0.180398E+08
  0.686563E-03  0.180368E+08  0.180351E+08  0.325407E+07  0.303338E+07  0.180189E+08  0.180358E+08
  0.709794E-03  0.180326E+08  0.180308E+08  0.288573E+07  0.268385E+07  0.180134E+08  0.180315E+08
  0.733810E-03  0.180282E+08  0.180262E+08  0.255602E+07  0.237445E+07  0.180076E+08  0.180270E+08
  0.758638E-03  0.180234E+08  0.180214E+08  0.226576E+07  0.210571E+07  0.180015E+08  0.180222E+08
  0.784307E-03  0.180184E+08  0.180163E+08  0.201491E+07  0.187721E+07  0.179950E+08  0.180171E+08
  0.810844E-03  0.180131E+08  0.180109E+08  0.180242E+07  0.168747E+07  0.179881E+08  0.180117E+08
  0.838279E-03  0.180075E+08  0.180052E+08  0.162626E+07  0.153398E+07  0.179808E+08  0.180060E+08
  0.866643E-03  0.180016E+08  0.179991E+08  0.148338E+07  0.141316E+07  0.179730E+08  0.180000E+08
  0.895966E-03  0.179953E+08  0.179928E+08  0.136980E+07  0.132048E+07  0.179648E+08  0.179936E+08
  0.926281E-03  0.179887E+08  0.179861E+08  0.128071E+07  0.125059E+07  0.179561E+08  0.179869E+08
  0.957622E-03  0.179817E+08  0.179790E+08  0.121072E+07  0.119757E+07  0.179469E+08  0.179798E+08
  0.990024E-03  0.179743E+08  0.179715E+08  0.115409E+07  0.115524E+07  0.179372E+08  0.179723E+08
  0.102352E-02  0.179665E+08  0.179636E+08  0.110509E+07  0.111749E+07  0.179268E+08  0.179643E+08
  0.105815E-02  0.179582E+08  0.179552E+08  0.105837E+07  0.107874E+07  0.179159E+08  0.179560E+08
  0.109396E-02  0.179495E+08  0.179465E+08  0.100933E+07  0.103433E+07  0.179044E+08  0.179471E+08
  0.113097E-02  0.179404E+08  0.179372E+08  0.954554E+06  0.980914E+06  0.178922E+08  0.179378E+08
  0.116924E-02  0.179307E+08  0.179274E+08  0.892056E+06  0.916807E+06  0.178793E+08  0.179280E+08
  0.120880E-02  0.179205E+08  0.179172E+08  0.821517E+06  0.842147E+06  0.178656E+08  0.179176E+08
  0.124970E-02  0.179097E+08  0.179063E+08  0.744297E+06  0.758912E+06  0.178512E+08  0.179067E+08
  0.129198E-02  0.178984E+08  0.178949E+08  0.663273E+06  0.670709E+06  0.178359E+08  0.178952E+08
  0.133570E-02  0.178864E+08  0.178829E+08  0.582456E+06  0.582328E+06  0.178198E+08  0.178830E+08
  0.138089E-02  0.178738E+08  0.178702E+08  0.506402E+06  0.499089E+06  0.178028E+08  0.178702E+08
  0.142761E-02  0.178605E+08  0.178569E+08  0.439481E+06  0.426027E+06  0.177848E+08  0.178567E+08
  0.147592E-02  0.178466E+08  0.178429E+08  0.385094E+06  0.367043E+06  0.177658E+08  0.178425E+08
  0.152586E-02  0.178318E+08  0.178281E+08  0.344968E+06  0.324150E+06  0.177458E+08  0.178276E+08
  0.157748E-02  0.178163E+08  0.178126E+08  0.318693E+06  0.296984E+06  0.177246E+08  0.178118E+08
  0.163086E-02  0.178000E+08  0.177962E+08  0.303641E+06  0.282737E+06  0.177023E+08  0.177953E+08
  0.168604E-02  0.177828E+08  0.177790E+08  0.295353E+06  0.276593E+06  0.176788E+08  0.177778E+08
  0.174309E-02  0.177648E+08  0.177609E+08  0.288409E+06  0.272678E+06  0.176540E+08  0.177594E+08
  0.180206E-02  0.177458E+08  0.177419E+08  0.277650E+06  0.265368E+06  0.176278E+08  0.177401E+08
  0.186304E-02  0.177258E+08  0.177219E+08  0.259491E+06  0.250676E+06  0.176002E+08  0.177198E+08
  0.192607E-02  0.177047E+08  0.177009E+08  0.232970E+06  0.227352E+06  0.175712E+08  0.176984E+08
  0.199124E-02  0.176826E+08  0.176788E+08  0.200157E+06  0.197289E+06  0.175405E+08  0.176760E+08
  0.205862E-02  0.176594E+08  0.176555E+08  0.165657E+06  0.164987E+06  0.175083E+08  0.176523E+08
  0.212827E-02  0.176350E+08  0.176311E+08  0.135206E+06  0.136088E+06  0.174744E+08  0.176275E+08
  0.220028E-02  0.176094E+08  0.176055E+08  0.113683E+06  0.115357E+06  0.174387E+08  0.176014E+08
  0.227473E-02  0.175824E+08  0.175786E+08  0.103201E+06  0.104782E+06  0.174011E+08  0.175741E+08
  0.235169E-02  0.175541E+08  0.175503E+08  0.102081E+06  0.102634E+06  0.173616E+08  0.175453E+08
  0.243127E-02  0.175245E+08  0.175206E+08  0.105327E+06  0.104054E+06  0.173201E+08  0.175151E+08
  0.251353E-02  0.174933E+08  0.174894E+08  0.106662E+06  0.103171E+06  0.172765E+08  0.174834E+08
  0.259857E-02  0.174606E+08  0.174567E+08  0.101404E+06  0.959277E+05  0.172307E+08  0.174502E+08
  0.268650E-02  0.174264E+08  0.174224E+08  0.888212E+05  0.822369E+05  0.171827E+08  0.174153E+08
  0.277740E-02  0.173905E+08  0.173865E+08  0.725508E+05  0.660957E+05  0.171323E+08  0.173788E+08
  0.287137E-02  0.173528E+08  0.173488E+08  0.585192E+05  0.532572E+05  0.170794E+08  0.173405E+08
  0.296852E-02  0.173134E+08  0.173093E+08  0.512555E+05  0.475575E+05  0.170240E+08  0.173004E+08
  0.306896E-02  0.172721E+08  0.172679E+08  0.508426E+05  0.482179E+05  0.169660E+08  0.172583E+08
  0.317280E-02  0.172289E+08  0.172246E+08  0.527927E+05  0.502617E+05  0.169054E+08  0.172144E+08
  0.328016E-02  0.171837E+08  0.171794E+08  0.513855E+05  0.482226E+05  0.168419E+08  0.171684E+08
  0.339114E-02  0.171364E+08  0.171320E+08  0.442505E+05  0.405814E+05  0.167755E+08  0.171203E+08
  0.350588E-02  0.170870E+08  0.170825E+08  0.343771E+05  0.311326E+05  0.167063E+08  0.170700E+08
  0.362450E-02  0.170354E+08  0.170308E+08  0.273226E+05  0.255264E+05  0.166339E+08  0.170175E+08
  0.374714E-02  0.169815E+08  0.169768E+08  0.257149E+05  0.257034E+05  0.165585E+08  0.169626E+08
  0.387393E-02  0.169252E+08  0.169205E+08  0.264972E+05  0.277838E+05  0.164800E+08  0.169054E+08
  0.400500E-02  0.168666E+08  0.168617E+08  0.244251E+05  0.262698E+05  0.163981E+08  0.168457E+08
  0.414051E-02  0.168054E+08  0.168004E+08  0.185248E+05  0.204627E+05  0.163130E+08  0.167835E+08
  0.428061E-02  0.167417E+08  0.167366E+08  0.136570E+05  0.153372E+05  0.162245E+08  0.167187E+08
  0.442544E-02  0.166754E+08  0.166702E+08  0.142130E+05  0.149758E+05  0.161326E+08  0.166513E+08
  0.457518E-02  0.166064E+08  0.166011E+08  0.176588E+05  0.168706E+05  0.160372E+08  0.165812E+08
  0.472998E-02  0.165346E+08  0.165292E+08  0.177041E+05  0.183947E+05  0.159383E+08  0.165082E+08
  0.489002E-02  0.164601E+08  0.164546E+08  0.137110E+05  0.212926E+05  0.158358E+08  0.164325E+08
  0.505548E-02  0.163827E+08  0.163771E+08  0.116644E+05  0.000000E+00  0.157297E+08  0.163539E+08
  0.522653E-02  0.163024E+08  0.162966E+08  0.137236E+05  0.000000E+00  0.156200E+08  0.162723E+08
  0.540337E-02  0.162192E+08  0.162132E+08  0.139894E+05  0.000000E+00  0.155066E+08  0.161877E+08
  0.558620E-02  0.161330E+08  0.161268E+08  0.963304E+04  0.000000E+00  0.153895E+08  0.161001E+08
  0.577521E-02  0.160437E+08  0.160373E+08  0.692178E+04  0.000000E+00  0.152687E+08  0.160095E+08
  0.597061E-02  0.159514E+08  0.159448E+08  0.869848E+04  0.000000E+00  0.151441E+08  0.159158E+08
  0.617263E-02  0.158560E+08  0.158492E+08  0.872665E+04  0.000000E+00  0.150158E+08  0.158189E+08
  0.638148E-02  0.157574E+08  0.157504E+08  0.609850E+04  0.000000E+00  0.148837E+08  0.157189E+08
  0.659740E-02  0.156584E+08  0.156511E+08  0.640750E+04  0.000000E+00  0.147545E+08  0.156185E+08
  0.682063E-02  0.155537E+08  0.155461E+08  0.662067E+04  0.000000E+00  0.146148E+08  0.155122E+08
  0.705141E-02  0.154457E+08  0.154379E+08  0.343477E+04  0.000000E+00  0.144712E+08  0.154027E+08
  0.728999E-02  0.153346E+08  0.153265E+08  0.335001E+04  0.000000E+00  0.143237E+08  0.152900E+08
  0.753665E-02  0.152201E+08  0.152117E+08  0.487137E+04  0.000000E+00  0.141723E+08  0.151739E+08
  0.779166E-02  0.151025E+08  0.150937E+08  0.301107E+04  0.000000E+00  0.140169E+08  0.150546E+08
  0.805529E-02  0.149815E+08  0.149724E+08  0.277201E+04  0.000000E+00  0.138576E+08  0.149319E+08
  0.832784E-02  0.148565E+08  0.148470E+08  0.273777E+04  0.000000E+00  0.136929E+08  0.148051E+08
  0.860962E-02  0.147288E+08  0.147190E+08  0.236125E+04  0.000000E+00  0.135256E+08  0.146757E+08
  0.890093E-02  0.145978E+08  0.145876E+08  0.245716E+04  0.000000E+00  0.133544E+08  0.145429E+08
  0.920209E-02  0.144635E+08  0.144529E+08  0.136395E+04  0.000000E+00  0.131794E+08  0.144068E+08
  0.951345E-02  0.143259E+08  0.143147E+08  0.257938E+04  0.000000E+00  0.130005E+08  0.142673E+08
  0.983534E-02  0.141849E+08  0.141733E+08  0.127385E+04  0.000000E+00  0.128178E+08  0.141245E+08
  0.101681E-01  0.140405E+08  0.140284E+08  0.121779E+04  0.000000E+00  0.126314E+08  0.139782E+08
  0.105122E-01  0.138931E+08  0.138804E+08  0.128341E+04  0.000000E+00  0.124419E+08  0.138289E+08
  0.108678E-01  0.137421E+08  0.137288E+08  0.108911E+04  0.000000E+00  0.122482E+08  0.136760E+08
  0.112356E-01  0.135876E+08  0.135737E+08  0.899495E+03  0.000000E+00  0.120510E+08  0.135196E+08
  0.116157E-01  0.134298E+08  0.134153E+08  0.126623E+04  0.000000E+00  0.118502E+08  0.133598E+08
  0.120087E-01  0.132686E+08  0.132534E+08  0.400400E+03  0.000000E+00  0.116460E+08  0.131967E+08
  0.124151E-01  0.131039E+08  0.130879E+08  0.106262E+04  0.000000E+00  0.114383E+08  0.130300E+08
  0.128351E-01  0.129358E+08  0.129192E+08  0.357157E+03  0.000000E+00  0.112273E+08  0.128600E+08
  0.132694E-01  0.127644E+08  0.127469E+08  0.503022E+03  0.000000E+00  0.110132E+08  0.126866E+08
  0.137184E-01  0.125896E+08  0.125713E+08  0.600985E+03  0.000000E+00  0.107960E+08  0.125098E+08
  0.141825E-01  0.124114E+08  0.123922E+08  0.244317E+03  0.000000E+00  0.105759E+08  0.123297E+08
  0.146624E-01  0.122298E+08  0.122097E+08  0.529393E+03  0.000000E+00  0.103531E+08  0.121462E+08
  0.151585E-01  0.120448E+08  0.120239E+08  0.358385E+03  0.000000E+00  0.101277E+08  0.119594E+08
  0.156714E-01  0.118565E+08  0.118346E+08  0.257020E+03  0.000000E+00  0.989992E+07  0.117693E+08
  0.162017E-01  0.116649E+08  0.116420E+08  0.238354E+03  0.000000E+00  0.966990E+07  0.115759E+08
  0.167499E-01  0.114701E+08  0.114462E+08  0.349043E+03  0.000000E+00  0.943780E+07  0.113793E+08
  0.173166E-01  0.112721E+08  0.112471E+08  0.283570E+03  0.000000E+00  0.920371E+07  0.111796E+08
  0.179025E-01  0.110709E+08  0.110448E+08  0.143881E+03  0.000000E+00  0.896773E+07  0.109768E+08
  0.185082E-01  0.108667E+08  0.108395E+08  0.141315E+03  0.000000E+00  0.873000E+07  0.107709E+08
  0.191345E-01  0.106595E+08  0.106311E+08  0.122164E+02  0.000000E+00  0.849074E+07  0.105622E+08
  0.197819E-01  0.104493E+08  0.104198E+08  0.658323E+02  0.000000E+00  0.825021E+07  0.103505E+08
  0.204512E-01  0.102364E+08  0.102056E+08  0.890371E+02  0.000000E+00  0.800877E+07  0.101362E+08
  0.211432E-01  0.100208E+08  0.998879E+07  0.152206E+02  0.000000E+00  0.776677E+07  0.991926E+07
  0.218586E-01  0.980269E+07  0.976946E+07  0.861811E+02  0.000000E+00  0.752461E+07  0.969995E+07
  0.225982E-01  0.958230E+07  0.954785E+07  0.207631E+03  0.000000E+00  0.728262E+07  0.947845E+07
  0.233628E-01  0.935986E+07  0.932419E+07  0.105553E+03  0.000000E+00  0.704110E+07  0.925500E+07
  0.241533E-01  0.913563E+07  0.909875E+07  0.322577E+02  0.000000E+00  0.680036E+07  0.902988E+07
  0.249705E-01  0.890990E+07  0.887184E+07  0.114354E+03  0.000000E+00  0.656069E+07  0.880338E+07
  0.258154E-01  0.868300E+07  0.864380E+07  0.792906E+02  0.000000E+00  0.632246E+07  0.857582E+07
  0.266889E-01  0.845528E+07  0.841498E+07  0.248857E+02  0.000000E+00  0.608608E+07  0.834756E+07
  0.275919E-01  0.822712E+07  0.818579E+07  0.442896E+02  0.000000E+00  0.585198E+07  0.811900E+07
  0.285255E-01  0.799895E+07  0.795666E+07  0.969646E+02  0.000000E+00  0.562061E+07  0.789055E+07
  0.294906E-01  0.777124E+07  0.772808E+07  0.867697E+02  0.000000E+00  0.539245E+07  0.766269E+07
  0.304885E-01  0.754449E+07  0.750056E+07  0.509282E+02  0.000000E+00  0.516799E+07  0.743592E+07
  0.315201E-01  0.731925E+07  0.727467E+07  0.164941E+02  0.000000E+00  0.494770E+07  0.721079E+07
  0.325865E-01  0.709609E+07  0.705100E+07  0.360591E+02  0.000000E+00  0.473200E+07  0.698787E+07
  0.336891E-01  0.687562E+07  0.683017E+07  0.442253E+02  0.000000E+00  0.452132E+07  0.676777E+07
  0.348290E-01  0.665847E+07  0.661284E+07  0.302002E+02  0.000000E+00  0.431611E+07  0.655111E+07
  0.360074E-01  0.644529E+07  0.639966E+07  0.788847E+01  0.000000E+00  0.411682E+07  0.633852E+07
  0.372258E-01  0.623671E+07  0.619128E+07  0.433851E+02  0.000000E+00  0.392389E+07  0.613065E+07
  0.384853E-01  0.603338E+07  0.598836E+07  0.204648E+02  0.000000E+00  0.373764E+07  0.592811E+07
  0.397875E-01  0.583590E+07  0.579151E+07  0.292535E+02  0.000000E+00  0.355833E+07  0.573151E+07
  0.411337E-01  0.564483E+07  0.560131E+07  0.127174E+02  0.000000E+00  0.338623E+07  0.554138E+07
  0.425255E-01  0.546068E+07  0.541826E+07  0.155283E+02  0.000000E+00  0.322157E+07  0.535823E+07
  0.439643E-01  0.528388E+07  0.524278E+07  0.190988E+02  0.000000E+00  0.306449E+07  0.518247E+07
  0.454298E-01  0.511716E+07  0.507759E+07  0.208021E+02  0.000000E+00  0.291715E+07  0.501682E+07
  0.468953E-01  0.496302E+07  0.492513E+07  0.135658E+02  0.000000E+00  0.278145E+07  0.486372E+07
  0.483608E-01  0.482054E+07  0.478443E+07  0.172097E+02  0.000000E+00  0.265634E+07  0.472225E+07
  0.498262E-01  0.468873E+07  0.465450E+07  0.129727E+02  0.000000E+00  0.254083E+07  0.459142E+07
  0.512917E-01  0.456664E+07  0.453433E+07  0.193603E+01  0.000000E+00  0.243399E+07  0.447028E+07
  0.527572E-01  0.445330E+07  0.442292E+07  0.296705E+01  0.000000E+00  0.233492E+07  0.435783E+07
  0.542227E-01  0.434773E+07  0.431929E+07  0.834367E+01  0.000000E+00  0.224279E+07  0.425313E+07
  0.556882E-01  0.424900E+07  0.422247E+07  0.668169E+01  0.000000E+00  0.215681E+07  0.415524E+07
  0.571536E-01  0.415623E+07  0.413153E+07  0.341423E+01  0.000000E+00  0.207628E+07  0.406326E+07
  0.586191E-01  0.406856E+07  0.404561E+07  0.373021E+00  0.000000E+00  0.200056E+07  0.397636E+07
  0.600846E-01  0.398518E+07  0.396388E+07  0.148064E+01  0.000000E+00  0.192905E+07  0.389374E+07
  0.615501E-01  0.390535E+07  0.388557E+07  0.110692E+02  0.000000E+00  0.186120E+07  0.381466E+07
  0.630155E-01  0.382842E+07  0.381002E+07  0.717103E+01  0.000000E+00  0.179658E+07  0.373846E+07
  0.644810E-01  0.375378E+07  0.373662E+07  0.536380E+01  0.000000E+00  0.173480E+07  0.366455E+07
  0.659465E-01  0.368091E+07  0.366483E+07 -0.198883E+01  0.000000E+00  0.167549E+07  0.359243E+07
  0.674120E-01  0.360937E+07  0.359422E+07  0.175055E+01  0.000000E+00  0.161838E+07  0.352165E+07
  0.688775E-01  0.353880E+07  0.352440E+07 -0.147165E+01  0.000000E+00  0.156321E+07  0.345185E+07
  0.703429E-01  0.346888E+07  0.345509E+07  0.275066E+01  0.000000E+00  0.150978E+07  0.338273E+07
  0.718084E-01  0.339941E+07  0.338607E+07  0.350236E+01  0.000000E+00  0.145795E+07  0.331409E+07
  0.732739E-01  0.333024E+07  0.331720E+07 -0.320693E+01  0.000000E+00  0.140759E+07  0.324577E+07
  0.747394E-01  0.326131E+07  0.324844E+07  0.152153E+01  0.000000E+00  0.135864E+07  0.317772E+07
  0.762048E-01  0.319249E+07  0.317967E+07 -0.751572E+01  0.000000E+00  0.131100E+07  0.310982E+07
  0.776703E-01  0.312389E+07  0.311101E+07  0.130832E+01  0.000000E+00  0.126466E+07  0.304216E+07
  0.791358E-01  0.305558E+07  0.304255E+07  0.402585E+01  0.000000E+00  0.121963E+07  0.297483E+07
  0.806013E-01  0.298769E+07  0.297442E+07 -0.233250E+01  0.000000E+00  0.117589E+07  0.290794E+07
  0.820668E-01  0.292037E+07  0.290680E+07  0.367429E+01  0.000000E+00  0.113347E+07  0.284164E+07
  0.835322E-01  0.285379E+07  0.283989E+07  0.701881E+01  0.000000E+00  0.109240E+07  0.277611E+07
  0.849977E-01  0.278815E+07  0.277388E+07 -0.302114E+01  0.000000E+00  0.105271E+07  0.271153E+07
  0.864632E-01  0.272365E+07  0.270900E+07 -0.629899E+01  0.000000E+00  0.101443E+07  0.264809E+07
  0.879287E-01  0.266050E+07  0.264547E+07 -0.717716E+00  0.000000E+00  0.977589E+06  0.258602E+07
  0.893941E-01  0.259890E+07  0.258351E+07  0.673067E+00  0.000000E+00  0.942209E+06  0.252549E+07
  0.908596E-01  0.253905E+07  0.252334E+07 -0.614652E+00  0.000000E+00  0.908315E+06  0.246671E+07
  0.923251E-01  0.248114E+07  0.246513E+07 -0.139933E-01  0.000000E+00  0.875923E+06  0.240985E+07
  0.941548E-01  0.241178E+07  0.239549E+07  0.388099E+01  0.000000E+00  0.837594E+06  0.234178E+07
  0.959845E-01  0.234594E+07  0.232946E+07 -0.353725E+01  0.000000E+00  0.801605E+06  0.227719E+07
  0.978141E-01  0.228381E+07  0.226725E+07  0.385924E+01  0.000000E+00  0.767923E+06  0.221627E+07
  0.996438E-01  0.222553E+07  0.220899E+07  0.377529E+01  0.000000E+00  0.736493E+06  0.215915E+07
  0.101473E+00  0.217114E+07  0.215474E+07 -0.976466E+00  0.000000E+00  0.707236E+06  0.210585E+07
  0.103303E+00  0.212061E+07  0.210446E+07  0.131661E+01  0.000000E+00  0.680052E+06  0.205636E+07
  0.105133E+00  0.207385E+07  0.205806E+07  0.381528E-01  0.000000E+00  0.654827E+06  0.201058E+07
  0.106963E+00  0.203070E+07  0.201536E+07 -0.445991E+01  0.000000E+00  0.631428E+06  0.196835E+07
  0.108792E+00  0.199093E+07  0.197613E+07  0.248348E+00  0.000000E+00  0.609710E+06  0.192943E+07
  0.110622E+00  0.195427E+07  0.194008E+07 -0.181151E+01  0.000000E+00  0.589520E+06  0.189357E+07
  0.112452E+00  0.192040E+07  0.190687E+07 -0.109870E+01  0.000000E+00  0.570704E+06  0.186045E+07
  0.114281E+00  0.188898E+07  0.187615E+07  0.327272E+00  0.000000E+00  0.553105E+06  0.182973E+07
  0.116111E+00  0.185965E+07  0.184753E+07 -0.108024E+01  0.000000E+00  0.536567E+06  0.180105E+07
  0.117941E+00  0.183202E+07  0.182062E+07 -0.994942E+00  0.000000E+00  0.520944E+06  0.177404E+07
  0.119770E+00  0.180574E+07  0.179503E+07 -0.142366E+01  0.000000E+00  0.506096E+06  0.174836E+07
  0.121600E+00  0.178045E+07  0.177041E+07  0.180259E+00  0.000000E+00  0.491897E+06  0.172364E+07
  0.123430E+00  0.175581E+07  0.174640E+07 -0.279281E+00  0.000000E+00  0.478231E+06  0.169957E+07
  0.125259E+00  0.173153E+07  0.172269E+07  0.126997E+01  0.000000E+00  0.464999E+06  0.167585E+07
  0.127089E+00  0.170735E+07  0.169901E+07  0.166339E+01  0.000000E+00  0.452117E+06  0.165223E+07
  0.128919E+00  0.168305E+07  0.167514E+07  0.584806E+00  0.000000E+00  0.439516E+06  0.162849E+07
  0.130748E+00  0.165845E+07  0.165089E+07  0.315883E+00  0.000000E+00  0.427143E+06  0.160447E+07
  0.132578E+00  0.163343E+07  0.162615E+07  0.483296E+00  0.000000E+00  0.414960E+06  0.158004E+07
  0.134408E+00  0.160791E+07  0.160083E+07  0.000000E+00  0.000000E+00  0.402944E+06  0.155513E+07
  0.136237E+00  0.158185E+07  0.157491E+07  0.000000E+00  0.000000E+00  0.391082E+06  0.152971E+07
  0.138067E+00  0.155529E+07  0.154840E+07  0.000000E+00  0.000000E+00  0.379376E+06  0.150379E+07
  0.139897E+00  0.152827E+07  0.152137E+07  0.000000E+00  0.000000E+00  0.367837E+06  0.147743E+07
  0.141726E+00  0.150088E+07  0.149392E+07  0.000000E+00  0.000000E+00  0.356481E+06  0.145072E+07
  0.143556E+00  0.147322E+07  0.146617E+07  0.000000E+00  0.000000E+00  0.345329E+06  0.142376E+07
  0.145386E+00  0.144546E+07  0.143826E+07  0.000000E+00  0.000000E+00  0.334413E+06  0.139669E+07
  0.147215E+00  0.141774E+07  0.141038E+07  0.000000E+00  0.000000E+00  0.323761E+06  0.136968E+07
  0.149045E+00  0.139022E+07  0.138269E+07  0.000000E+00  0.000000E+00  0.313402E+06  0.134288E+07
  0.150875E+00  0.136308E+07  0.135538E+07  0.000000E+00  0.000000E+00  0.303365E+06  0.131644E+07
  0.152704E+00  0.133648E+07  0.132861E+07  0.000000E+00  0.000000E+00  0.293679E+06  0.129055E+07
  0.154534E+00  0.131058E+07  0.130256E+07  0.000000E+00  0.000000E+00  0.284366E+06  0.126534E+07
  0.156364E+00  0.128552E+07  0.127737E+07  0.000000E+00  0.000000E+00  0.275444E+06  0.124095E+07
  0.158193E+00  0.126143E+07  0.125317E+07  0.000000E+00  0.000000E+00  0.266928E+06  0.121751E+07
  0.160023E+00  0.123839E+07  0.123007E+07  0.000000E+00  0.000000E+00  0.258826E+06  0.119510E+07
  0.161853E+00  0.121649E+07  0.120815E+07  0.000000E+00  0.000000E+00  0.251139E+06  0.117381E+07
  0.163683E+00  0.119578E+07  0.118745E+07  0.000000E+00  0.000000E+00  0.243864E+06  0.115368E+07
  0.165512E+00  0.117629E+07  0.116802E+07  0.000000E+00  0.000000E+00  0.236995E+06  0.113474E+07
  0.167342E+00  0.115801E+07  0.114983E+07  0.000000E+00  0.000000E+00  0.230516E+06  0.111698E+07
  0.169172E+00  0.114091E+07  0.113286E+07  0.000000E+00  0.000000E+00  0.224410E+06  0.110037E+07
  0.171001E+00  0.112493E+07  0.111706E+07  0.000000E+00  0.000000E+00  0.218653E+06  0.108486E+07
  0.172831E+00  0.111002E+07  0.110234E+07  0.000000E+00  0.000000E+00  0.213222E+06  0.107038E+07
  0.174661E+00  0.109607E+07  0.108862E+07  0.000000E+00  0.000000E+00  0.208089E+06  0.105684E+07
  0.176490E+00  0.108299E+07  0.107578E+07  0.000000E+00  0.000000E+00  0.203224E+06  0.104415E+07
  0.178320E+00  0.107066E+07  0.106371E+07  0.000000E+00  0.000000E+00  0.198597E+06  0.103219E+07
  0.180150E+00  0.105895E+07  0.105227E+07  0.000000E+00  0.000000E+00  0.194181E+06  0.102084E+07
  0.181979E+00  0.104775E+07  0.104134E+07  0.000000E+00  0.000000E+00  0.189944E+06  0.100998E+07
  0.183809E+00  0.103694E+07  0.103079E+07  0.000000E+00  0.000000E+00  0.185860E+06  0.999489E+06
  0.185639E+00  0.102638E+07  0.102049E+07  0.000000E+00  0.000000E+00  0.181903E+06  0.989257E+06
  0.187468E+00  0.101599E+07  0.101033E+07  0.000000E+00  0.000000E+00  0.178051E+06  0.979174E+06
  0.189298E+00  0.100564E+07  0.100020E+07  0.000000E+00  0.000000E+00  0.174282E+06  0.969144E+06
  0.191128E+00  0.995260E+06  0.990024E+06  0.000000E+00  0.000000E+00  0.170580E+06  0.959081E+06
  0.192957E+00  0.984775E+06  0.979714E+06  0.000000E+00  0.000000E+00  0.166931E+06  0.948915E+06
  0.194787E+00  0.974125E+06  0.969213E+06  0.000000E+00  0.000000E+00  0.163324E+06  0.938590E+06
  0.196617E+00  0.963269E+06  0.958478E+06  0.000000E+00  0.000000E+00  0.159750E+06  0.928065E+06
  0.198446E+00  0.952184E+06  0.947486E+06  0.000000E+00  0.000000E+00  0.156207E+06  0.917317E+06
  0.200276E+00  0.940862E+06  0.936231E+06  0.000000E+00  0.000000E+00  0.152692E+06  0.906341E+06
  0.202106E+00  0.929310E+06  0.924721E+06  0.000000E+00  0.000000E+00  0.149206E+06  0.895141E+06
  0.203935E+00  0.917546E+06  0.912976E+06  0.000000E+00  0.000000E+00  0.145752E+06  0.883737E+06
  0.205765E+00  0.905606E+06  0.901034E+06  0.000000E+00  0.000000E+00  0.142335E+06  0.872162E+06
  0.207595E+00  0.893533E+06  0.888943E+06  0.000000E+00  0.000000E+00  0.138961E+06  0.860460E+06
  0.209424E+00  0.881378E+06  0.876756E+06  0.000000E+00  0.000000E+00  0.135636E+06  0.848679E+06
  0.211254E+00  0.869197E+06  0.864533E+06  0.000000E+00  0.000000E+00  0.132370E+06  0.836874E+06
  0.213084E+00  0.857053E+06  0.852340E+06  0.000000E+00  0.000000E+00  0.129170E+06  0.825107E+06
  0.214913E+00  0.845010E+06  0.840245E+06  0.000000E+00  0.000000E+00  0.126044E+06  0.813438E+06
  0.216743E+00  0.833128E+06  0.828313E+06  0.000000E+00  0.000000E+00  0.122999E+06  0.801928E+06
  0.218573E+00  0.821468E+06  0.816607E+06  0.000000E+00  0.000000E+00  0.120042E+06  0.790635E+06
  0.220402E+00  0.810084E+06  0.805183E+06  0.000000E+00  0.000000E+00  0.117180E+06  0.779611E+06
  0.222232E+00  0.799023E+06  0.794092E+06  0.000000E+00  0.000000E+00  0.114415E+06  0.768902E+06
  0.224062E+00  0.788328E+06  0.783379E+06  0.000000E+00  0.000000E+00  0.111753E+06  0.758549E+06
  0.225892E+00  0.778032E+06  0.773077E+06  0.000000E+00  0.000000E+00  0.109194E+06  0.748584E+06
  0.227721E+00  0.768158E+06  0.763211E+06  0.000000E+00  0.000000E+00  0.106740E+06  0.739030E+06
  0.229551E+00  0.758720E+06  0.753795E+06  0.000000E+00  0.000000E+00  0.104390E+06  0.729899E+06
  0.231381E+00  0.749723E+06  0.744835E+06  0.000000E+00  0.000000E+00  0.102141E+06  0.721197E+06
  0.233210E+00  0.741163E+06  0.736326E+06  0.000000E+00  0.000000E+00  0.999906E+05  0.712920E+06
  0.235040E+00  0.733026E+06  0.728254E+06  0.000000E+00  0.000000E+00  0.979343E+05  0.705054E+06
  0.236870E+00  0.725293E+06  0.720596E+06  0.000000E+00  0.000000E+00  0.959669E+05  0.697579E+06
  0.238699E+00  0.717934E+06  0.713323E+06  0.000000E+00  0.000000E+00  0.940822E+05  0.690468E+06
  0.240529E+00  0.710917E+06  0.706401E+06  0.000000E+00  0.000000E+00  0.922739E+05  0.683689E+06
  0.242359E+00  0.704205E+06  0.699790E+06  0.000000E+00  0.000000E+00  0.905354E+05  0.677205E+06
  0.244188E+00  0.697756E+06  0.693446E+06  0.000000E+00  0.000000E+00  0.888594E+05  0.670977E+06
  0.246018E+00  0.691526E+06  0.687324E+06  0.000000E+00  0.000000E+00  0.872389E+05  0.664961E+06
  0.247848E+00  0.685474E+06  0.681379E+06  0.000000E+00  0.000000E+00  0.856671E+05  0.659117E+06
  0.249677E+00  0.679556E+06  0.675567E+06  0.000000E+00  0.000000E+00  0.841377E+05  0.653403E+06
  0.251507E+00  0.673731E+06  0.669845E+06  0.000000E+00  0.000000E+00  0.826444E+05  0.647780E+06
  0.253337E+00  0.667963E+06  0.664173E+06  0.000000E+00  0.000000E+00  0.811820E+05  0.642211E+06
  0.255166E+00  0.662216E+06  0.658516E+06  0.000000E+00  0.000000E+00  0.797457E+05  0.636663E+06
  0.256996E+00  0.656463E+06  0.652845E+06  0.000000E+00  0.000000E+00  0.783314E+05  0.631108E+06
  0.258826E+00  0.650678E+06  0.647133E+06  0.000000E+00  0.000000E+00  0.769358E+05  0.625522E+06
  0.260655E+00  0.644844E+06  0.641362E+06  0.000000E+00  0.000000E+00  0.755563E+05  0.619888E+06
  0.262485E+00  0.638946E+06  0.635518E+06  0.000000E+00  0.000000E+00  0.741913E+05  0.614194E+06
  0.264315E+00  0.632979E+06  0.629595E+06  0.000000E+00  0.000000E+00  0.728395E+05  0.608431E+06
  0.266144E+00  0.626939E+06  0.623591E+06  0.000000E+00  0.000000E+00  0.715007E+05  0.602598E+06
  0.267974E+00  0.620832E+06  0.617510E+06  0.000000E+00  0.000000E+00  0.701751E+05  0.596700E+06
  0.269804E+00  0.614665E+06  0.611360E+06  0.000000E+00  0.000000E+00  0.688634E+05  0.590744E+06
  0.271633E+00  0.608450E+06  0.605156E+06  0.000000E+00  0.000000E+00  0.675667E+05  0.584742E+06
  0.273463E+00  0.602202E+06  0.598913E+06  0.000000E+00  0.000000E+00  0.662865E+05  0.578708E+06
  0.275293E+00  0.595941E+06  0.592652E+06  0.000000E+00  0.000000E+00  0.650246E+05  0.572661E+06
  0.277122E+00  0.589686E+06  0.586395E+06  0.000000E+00  0.000000E+00  0.637829E+05  0.566622E+06
  0.278952E+00  0.583461E+06  0.580163E+06  0.000000E+00  0.000000E+00  0.625634E+05  0.560610E+06
  0.280782E+00  0.577286E+06  0.573982E+06  0.000000E+00  0.000000E+00  0.613679E+05  0.554648E+06
  0.282612E+00  0.571183E+06  0.567872E+06  0.000000E+00  0.000000E+00  0.601983E+05  0.548756E+06
  0.284441E+00  0.565173E+06  0.561857E+06  0.000000E+00  0.000000E+00  0.590563E+05  0.542954E+06
  0.286271E+00  0.559275E+06  0.555957E+06  0.000000E+00  0.000000E+00  0.579433E+05  0.537261E+06
  0.288101E+00  0.553507E+06  0.550188E+06  0.000000E+00  0.000000E+00  0.568604E+05  0.531694E+06
  0.289930E+00  0.547881E+06  0.544567E+06  0.000000E+00  0.000000E+00  0.558084E+05  0.526265E+06
  0.291760E+00  0.542411E+06  0.539105E+06  0.000000E+00  0.000000E+00  0.547878E+05  0.520987E+06
  0.293590E+00  0.537103E+06  0.533810E+06  0.000000E+00  0.000000E+00  0.537987E+05  0.515867E+06
  0.295419E+00  0.531964E+06  0.528689E+06  0.000000E+00  0.000000E+00  0.528412E+05  0.510910E+06
  0.297249E+00  0.526995E+06  0.523743E+06  0.000000E+00  0.000000E+00  0.519145E+05  0.506118E+06
  0.299079E+00  0.522191E+06  0.518966E+06  0.000000E+00  0.000000E+00  0.510176E+05  0.501486E+06
  0.300908E+00  0.517551E+06  0.514359E+06  0.000000E+00  0.000000E+00  0.501497E+05  0.497013E+06
  0.302738E+00  0.513070E+06  0.509913E+06  0.000000E+00  0.000000E+00  0.493096E+05  0.492692E+06
  0.304568E+00  0.508736E+06  0.505619E+06  0.000000E+00  0.000000E+00  0.484957E+05  0.488516E+06
  0.306397E+00  0.504539E+06  0.501465E+06  0.000000E+00  0.000000E+00  0.477064E+05  0.484472E+06
  0.308227E+00  0.500466E+06  0.497437E+06  0.000000E+00  0.000000E+00  0.469401E+05  0.480547E+06
  0.310057E+00  0.496503E+06  0.493520E+06  0.000000E+00  0.000000E+00  0.461948E+05  0.476729E+06
  0.311886E+00  0.492635E+06  0.489699E+06  0.000000E+00  0.000000E+00  0.454687E+05  0.473003E+06
  0.313716E+00  0.488847E+06  0.485958E+06  0.000000E+00  0.000000E+00  0.447601E+05  0.469354E+06
  0.315546E+00  0.485123E+06  0.482281E+06  0.000000E+00  0.000000E+00  0.440673E+05  0.465768E+06
  0.317375E+00  0.481450E+06  0.478653E+06  0.000000E+00  0.000000E+00  0.433886E+05  0.462230E+06
  0.319205E+00  0.477814E+06  0.475061E+06  0.000000E+00  0.000000E+00  0.427225E+05  0.458728E+06
  0.321035E+00  0.474203E+06  0.471491E+06  0.000000E+00  0.000000E+00  0.420677E+05  0.455250E+06
  0.322864E+00  0.470606E+06  0.467932E+06  0.000000E+00  0.000000E+00  0.414232E+05  0.451785E+06
  0.324694E+00  0.467014E+06  0.464375E+06  0.000000E+00  0.000000E+00  0.407878E+05  0.448326E+06
  0.326524E+00  0.463421E+06  0.460814E+06  0.000000E+00  0.000000E+00  0.401608E+05  0.444864E+06
  0.328353E+00  0.459820E+06  0.457242E+06  0.000000E+00  0.000000E+00  0.395417E+05  0.441396E+06
  0.330183E+00  0.456209E+06  0.453656E+06  0.000000E+00  0.000000E+00  0.389300E+05  0.437917E+06
  0.332013E+00  0.452587E+06  0.450056E+06  0.000000E+00  0.000000E+00  0.383256E+05  0.434428E+06
  0.333842E+00  0.448954E+06  0.446442E+06  0.000000E+00  0.000000E+00  0.377283E+05  0.430928E+06
  0.335672E+00  0.445313E+06  0.442817E+06  0.000000E+00  0.000000E+00  0.371383E+05  0.427421E+06
  0.337502E+00  0.441667E+06  0.439185E+06  0.000000E+00  0.000000E+00  0.365558E+05  0.423908E+06
  0.339332E+00  0.438022E+06  0.435550E+06  0.000000E+00  0.000000E+00  0.359810E+05  0.420396E+06
  0.341161E+00  0.434383E+06  0.431921E+06  0.000000E+00  0.000000E+00  0.354143E+05  0.416890E+06
  0.342991E+00  0.430757E+06  0.428303E+06  0.000000E+00  0.000000E+00  0.348562E+05  0.413398E+06
  0.344821E+00  0.427152E+06  0.424705E+06  0.000000E+00  0.000000E+00  0.343071E+05  0.409925E+06
  0.346650E+00  0.423575E+06  0.421134E+06  0.000000E+00  0.000000E+00  0.337674E+05  0.406479E+06
  0.348480E+00  0.420033E+06  0.417598E+06  0.000000E+00  0.000000E+00  0.332376E+05  0.403068E+06
  0.350310E+00  0.416534E+06  0.414105E+06  0.000000E+00  0.000000E+00  0.327181E+05  0.399697E+06
  0.352139E+00  0.413084E+06  0.410663E+06  0.000000E+00  0.000000E+00  0.322091E+05  0.396375E+06
  0.353969E+00  0.409690E+06  0.407276E+06  0.000000E+00  0.000000E+00  0.317111E+05  0.393105E+06
  0.355799E+00  0.406355E+06  0.403950E+06  0.000000E+00  0.000000E+00  0.312240E+05  0.389895E+06
  0.357628E+00  0.403085E+06  0.400690E+06  0.000000E+00  0.000000E+00  0.307482E+05  0.386746E+06
  0.359458E+00  0.399882E+06  0.397499E+06  0.000000E+00  0.000000E+00  0.302836E+05  0.383662E+06
  0.361288E+00  0.396749E+06  0.394379E+06  0.000000E+00  0.000000E+00  0.298301E+05  0.380646E+06
  0.363117E+00  0.393686E+06  0.391330E+06  0.000000E+00  0.000000E+00  0.293876E+05  0.377697E+06
  0.364947E+00  0.390692E+06  0.388354E+06  0.000000E+00  0.000000E+00  0.289559E+05  0.374816E+06
  0.366777E+00  0.387767E+06  0.385447E+06  0.000000E+00  0.000000E+00  0.285347E+05  0.372002E+06
  0.368606E+00  0.384909E+06  0.382608E+06  0.000000E+00  0.000000E+00  0.281236E+05  0.369251E+06
  0.370436E+00  0.382114E+06  0.379833E+06  0.000000E+00  0.000000E+00  0.277223E+05  0.366562E+06
  0.372266E+00  0.379379E+06  0.377119E+06  0.000000E+00  0.000000E+00  0.273302E+05  0.363931E+06
  0.374095E+00  0.376699E+06  0.374462E+06  0.000000E+00  0.000000E+00  0.269470E+05  0.361353E+06
  0.375925E+00  0.374070E+06  0.371855E+06  0.000000E+00  0.000000E+00  0.265720E+05  0.358823E+06
  0.377755E+00  0.371486E+06  0.369294E+06  0.000000E+00  0.000000E+00  0.262049E+05  0.356338E+06
  0.379584E+00  0.368942E+06  0.366774E+06  0.000000E+00  0.000000E+00  0.258450E+05  0.353892E+06
  0.381414E+00  0.366434E+06  0.364290E+06  0.000000E+00  0.000000E+00  0.254920E+05  0.351480E+06
  0.383244E+00  0.363957E+06  0.361835E+06  0.000000E+00  0.000000E+00  0.251454E+05  0.349097E+06
  0.385073E+00  0.361505E+06  0.359405E+06  0.000000E+00  0.000000E+00  0.248047E+05  0.346739E+06
  0.386903E+00  0.359074E+06  0.356996E+06  0.000000E+00  0.000000E+00  0.244695E+05  0.344402E+06
  0.388733E+00  0.356661E+06  0.354603E+06  0.000000E+00  0.000000E+00  0.241395E+05  0.342081E+06
  0.390562E+00  0.354262E+06  0.352224E+06  0.000000E+00  0.000000E+00  0.238144E+05  0.339774E+06
  0.392392E+00  0.351875E+06  0.349855E+06  0.000000E+00  0.000000E+00  0.234939E+05  0.337479E+06
  0.394222E+00  0.349497E+06  0.347494E+06  0.000000E+00  0.000000E+00  0.231778E+05  0.335192E+06
  0.396051E+00  0.347128E+06  0.345140E+06  0.000000E+00  0.000000E+00  0.228660E+05  0.332913E+06
  0.397881E+00  0.344765E+06  0.342793E+06  0.000000E+00  0.000000E+00  0.225583E+05  0.330641E+06
  0.399711E+00  0.342410E+06  0.340451E+06  0.000000E+00  0.000000E+00  0.222546E+05  0.328375E+06
  0.401541E+00  0.340061E+06  0.338115E+06  0.000000E+00  0.000000E+00  0.219550E+05  0.326117E+06
  0.403370E+00  0.337721E+06  0.335786E+06  0.000000E+00  0.000000E+00  0.216593E+05  0.323866E+06
  0.405200E+00  0.335390E+06  0.333465E+06  0.000000E+00  0.000000E+00  0.213677E+05  0.321624E+06
  0.407030E+00  0.333070E+06  0.331155E+06  0.000000E+00  0.000000E+00  0.210802E+05  0.319392E+06
  0.408859E+00  0.330762E+06  0.328857E+06  0.000000E+00  0.000000E+00  0.207967E+05  0.317173E+06
  0.410689E+00  0.328470E+06  0.326574E+06  0.000000E+00  0.000000E+00  0.205175E+05  0.314968E+06
  0.412519E+00  0.326194E+06  0.324307E+06  0.000000E+00  0.000000E+00  0.202425E+05  0.312780E+06
  0.414348E+00  0.323938E+06  0.322059E+06  0.000000E+00  0.000000E+00  0.199719E+05  0.310610E+06
  0.416178E+00  0.321704E+06  0.319832E+06  0.000000E+00  0.000000E+00  0.197056E+05  0.308462E+06
  0.418008E+00  0.319493E+06  0.317630E+06  0.000000E+00  0.000000E+00  0.194439E+05  0.306336E+06
  0.419837E+00  0.317307E+06  0.315453E+06  0.000000E+00  0.000000E+00  0.191867E+05  0.304234E+06
  0.421667E+00  0.315149E+06  0.313304E+06  0.000000E+00  0.000000E+00  0.189340E+05  0.302160E+06
  0.423497E+00  0.313020E+06  0.311184E+06  0.000000E+00  0.000000E+00  0.186859E+05  0.300113E+06
  0.425326E+00  0.310921E+06  0.309094E+06  0.000000E+00  0.000000E+00  0.184423E+05  0.298095E+06
  0.427156E+00  0.308853E+06  0.307036E+06  0.000000E+00  0.000000E+00  0.182034E+05  0.296106E+06
  0.428986E+00  0.306816E+06  0.305009E+06  0.000000E+00  0.000000E+00  0.179689E+05  0.294148E+06
  0.430815E+00  0.304811E+06  0.303015E+06  0.000000E+00  0.000000E+00  0.177388E+05  0.292221E+06
  0.432645E+00  0.302837E+06  0.301053E+06  0.000000E+00  0.000000E+00  0.175132E+05  0.290324E+06
  0.434475E+00  0.300895E+06  0.299121E+06  0.000000E+00  0.000000E+00  0.172918E+05  0.288457E+06
  0.436304E+00  0.298982E+06  0.297221E+06  0.000000E+00  0.000000E+00  0.170746E+05  0.286619E+06
  0.438134E+00  0.297098E+06  0.295350E+06  0.000000E+00  0.000000E+00  0.168614E+05  0.284809E+06
  0.439964E+00  0.295242E+06  0.293507E+06  0.000000E+00  0.000000E+00  0.166521E+05  0.283025E+06
  0.441793E+00  0.293413E+06  0.291690E+06  0.000000E+00  0.000000E+00  0.164465E+05  0.281268E+06
  0.443623E+00  0.291608E+06  0.289898E+06  0.000000E+00  0.000000E+00  0.162446E+05  0.279534E+06
  0.445453E+00  0.289826E+06  0.288130E+06  0.000000E+00  0.000000E+00  0.160461E+05  0.277822E+06
  0.447282E+00  0.288066E+06  0.286382E+06  0.000000E+00  0.000000E+00  0.158509E+05  0.276130E+06
  0.449112E+00  0.286325E+06  0.284654E+06  0.000000E+00  0.000000E+00  0.156589E+05  0.274458E+06
  0.450942E+00  0.284601E+06  0.282943E+06  0.000000E+00  0.000000E+00  0.154698E+05  0.272802E+06
  0.452771E+00  0.282894E+06  0.281248E+06  0.000000E+00  0.000000E+00  0.152837E+05  0.271162E+06
  0.454601E+00  0.281201E+06  0.279568E+06  0.000000E+00  0.000000E+00  0.151003E+05  0.269535E+06
  0.456431E+00  0.279521E+06  0.277900E+06  0.000000E+00  0.000000E+00  0.149196E+05  0.267922E+06
  0.458261E+00  0.277854E+06  0.276244E+06  0.000000E+00  0.000000E+00  0.147414E+05  0.266320E+06
  0.460090E+00  0.276197E+06  0.274598E+06  0.000000E+00  0.000000E+00  0.145656E+05  0.264728E+06
  0.461920E+00  0.274550E+06  0.272962E+06  0.000000E+00  0.000000E+00  0.143922E+05  0.263146E+06
  0.463750E+00  0.272913E+06  0.271335E+06  0.000000E+00  0.000000E+00  0.142211E+05  0.261574E+06
  0.465579E+00  0.271286E+06  0.269717E+06  0.000000E+00  0.000000E+00  0.140523E+05  0.260010E+06
  0.467409E+00  0.269667E+06  0.268108E+06  0.000000E+00  0.000000E+00  0.138857E+05  0.258455E+06
  0.469239E+00  0.268057E+06  0.266507E+06  0.000000E+00  0.000000E+00  0.137213E+05  0.256909E+06
  0.471068E+00  0.266457E+06  0.264915E+06  0.000000E+00  0.000000E+00  0.135591E+05  0.255372E+06
  0.472898E+00  0.264866E+06  0.263333E+06  0.000000E+00  0.000000E+00  0.133990E+05  0.253844E+06
  0.474728E+00  0.263286E+06  0.261760E+06  0.000000E+00  0.000000E+00  0.132411E+05  0.252325E+06
  0.476557E+00  0.261716E+06  0.260198E+06  0.000000E+00  0.000000E+00  0.130853E+05  0.250817E+06
  0.478387E+00  0.260157E+06  0.258648E+06  0.000000E+00  0.000000E+00  0.129317E+05  0.249320E+06
  0.480217E+00  0.258611E+06  0.257109E+06  0.000000E+00  0.000000E+00  0.127803E+05  0.247835E+06
  0.482046E+00  0.257078E+06  0.255583E+06  0.000000E+00  0.000000E+00  0.126310E+05  0.246362E+06
  0.483876E+00  0.255557E+06  0.254069E+06  0.000000E+00  0.000000E+00  0.124838E+05  0.244901E+06
  0.485706E+00  0.254049E+06  0.252569E+06  0.000000E+00  0.000000E+00  0.123388E+05  0.243453E+06
  0.487535E+00  0.252556E+06  0.251083E+06  0.000000E+00  0.000000E+00  0.121960E+05  0.242019E+06
  0.489365E+00  0.251078E+06  0.249613E+06  0.000000E+00  0.000000E+00  0.120553E+05  0.240600E+06
  0.491195E+00  0.249617E+06  0.248159E+06  0.000000E+00  0.000000E+00  0.119168E+05  0.239196E+06
  0.493024E+00  0.248172E+06  0.246721E+06  0.000000E+00  0.000000E+00  0.117805E+05  0.237809E+06
  0.494854E+00  0.246743E+06  0.245300E+06  0.000000E+00  0.000000E+00  0.116463E+05  0.236437E+06
  0.496684E+00  0.245331E+06  0.243896E+06  0.000000E+00  0.000000E+00  0.115142E+05  0.235081E+06
  0.498513E+00  0.243936E+06  0.242508E+06  0.000000E+00  0.000000E+00  0.113842E+05  0.233741E+06
  0.500343E+00  0.242557E+06  0.241137E+06  0.000000E+00  0.000000E+00  0.112563E+05  0.232417E+06
  0.502173E+00  0.241194E+06  0.239783E+06  0.000000E+00  0.000000E+00  0.111303E+05  0.231108E+06
  0.504002E+00  0.239847E+06  0.238444E+06  0.000000E+00  0.000000E+00  0.110063E+05  0.229815E+06
  0.505832E+00  0.238515E+06  0.237120E+06  0.000000E+00  0.000000E+00  0.108842E+05  0.228536E+06
  0.507662E+00  0.237198E+06  0.235811E+06  0.000000E+00  0.000000E+00  0.107640E+05  0.227272E+06
  0.509492E+00  0.235895E+06  0.234516E+06  0.000000E+00  0.000000E+00  0.106456E+05  0.226021E+06
  0.511321E+00  0.234605E+06  0.233235E+06  0.000000E+00  0.000000E+00  0.105290E+05  0.224783E+06
  0.513151E+00  0.233329E+06  0.231967E+06  0.000000E+00  0.000000E+00  0.104140E+05  0.223557E+06
  0.514980E+00  0.232064E+06  0.230710E+06  0.000000E+00  0.000000E+00  0.103007E+05  0.222343E+06
  0.516810E+00  0.230811E+06  0.229466E+06  0.000000E+00  0.000000E+00  0.101890E+05  0.221140E+06
  0.518640E+00  0.229569E+06  0.228232E+06  0.000000E+00  0.000000E+00  0.100788E+05  0.219948E+06
  0.520470E+00  0.228337E+06  0.227008E+06  0.000000E+00  0.000000E+00  0.997011E+04  0.218766E+06
  0.522299E+00  0.227115E+06  0.225794E+06  0.000000E+00  0.000000E+00  0.986289E+04  0.217593E+06
  0.524129E+00  0.225902E+06  0.224588E+06  0.000000E+00  0.000000E+00  0.975710E+04  0.216428E+06
  0.525959E+00  0.224698E+06  0.223392E+06  0.000000E+00  0.000000E+00  0.965268E+04  0.215273E+06
  0.527788E+00  0.223503E+06  0.222204E+06  0.000000E+00  0.000000E+00  0.954962E+04  0.214125E+06
  0.529618E+00  0.222315E+06  0.221024E+06  0.000000E+00  0.000000E+00  0.944787E+04  0.212986E+06
  0.531448E+00  0.221136E+06  0.219852E+06  0.000000E+00  0.000000E+00  0.934741E+04  0.211854E+06
  0.533277E+00  0.219965E+06  0.218687E+06  0.000000E+00  0.000000E+00  0.924822E+04  0.210730E+06
  0.535107E+00  0.218801E+06  0.217531E+06  0.000000E+00  0.000000E+00  0.915029E+04  0.209613E+06
  0.536937E+00  0.217645E+06  0.216381E+06  0.000000E+00  0.000000E+00  0.905358E+04  0.208503E+06
  0.538766E+00  0.216497E+06  0.215239E+06  0.000000E+00  0.000000E+00  0.895809E+04  0.207401E+06
  0.540596E+00  0.215356E+06  0.214105E+06  0.000000E+00  0.000000E+00  0.886380E+04  0.206306E+06
  0.542426E+00  0.214224E+06  0.212979E+06  0.000000E+00  0.000000E+00  0.877071E+04  0.205219E+06
  0.544255E+00  0.213099E+06  0.211860E+06  0.000000E+00  0.000000E+00  0.867879E+04  0.204140E+06
  0.546085E+00  0.211982E+06  0.210749E+06  0.000000E+00  0.000000E+00  0.858806E+04  0.203068E+06
  0.547915E+00  0.210874E+06  0.209647E+06  0.000000E+00  0.000000E+00  0.849848E+04  0.202004E+06
  0.549744E+00  0.209774E+06  0.208553E+06  0.000000E+00  0.000000E+00  0.841006E+04  0.200948E+06
  0.551574E+00  0.208682E+06  0.207467E+06  0.000000E+00  0.000000E+00  0.832279E+04  0.199901E+06
  0.553404E+00  0.207600E+06  0.206391E+06  0.000000E+00  0.000000E+00  0.823667E+04  0.198862E+06
  0.555233E+00  0.206526E+06  0.205323E+06  0.000000E+00  0.000000E+00  0.815167E+04  0.197832E+06
  0.557063E+00  0.205461E+06  0.204264E+06  0.000000E+00  0.000000E+00  0.806781E+04  0.196810E+06
  0.558893E+00  0.204406E+06  0.203214E+06  0.000000E+00  0.000000E+00  0.798505E+04  0.195797E+06
  0.560722E+00  0.203359E+06  0.202174E+06  0.000000E+00  0.000000E+00  0.790340E+04  0.194793E+06
  0.562552E+00  0.202322E+06  0.201142E+06  0.000000E+00  0.000000E+00  0.782284E+04  0.193798E+06
  0.564382E+00  0.201295E+06  0.200121E+06  0.000000E+00  0.000000E+00  0.774337E+04  0.192812E+06
  0.566211E+00  0.200277E+06  0.199108E+06  0.000000E+00  0.000000E+00  0.766496E+04  0.191835E+06
  0.568041E+00  0.199268E+06  0.198105E+06  0.000000E+00  0.000000E+00  0.758760E+04  0.190867E+06
  0.569871E+00  0.198268E+06  0.197111E+06  0.000000E+00  0.000000E+00  0.751128E+04  0.189907E+06
  0.571701E+00  0.197277E+06  0.196126E+06  0.000000E+00  0.000000E+00  0.743598E+04  0.188957E+06
  0.573530E+00  0.196296E+06  0.195150E+06  0.000000E+00  0.000000E+00  0.736169E+04  0.188015E+06
  0.575360E+00  0.195323E+06  0.194184E+06  0.000000E+00  0.000000E+00  0.728838E+04  0.187082E+06
  0.577190E+00  0.194359E+06  0.193225E+06  0.000000E+00  0.000000E+00  0.721604E+04  0.186157E+06
  0.579019E+00  0.193403E+06  0.192276E+06  0.000000E+00  0.000000E+00  0.714465E+04  0.185240E+06
  0.580849E+00  0.192456E+06  0.191334E+06  0.000000E+00  0.000000E+00  0.707418E+04  0.184331E+06
  0.582679E+00  0.191516E+06  0.190400E+06  0.000000E+00  0.000000E+00  0.700461E+04  0.183430E+06
  0.584508E+00  0.190585E+06  0.189475E+06  0.000000E+00  0.000000E+00  0.693594E+04  0.182536E+06
  0.586338E+00  0.189661E+06  0.188556E+06  0.000000E+00  0.000000E+00  0.686814E+04  0.181650E+06
  0.588168E+00  0.188744E+06  0.187645E+06  0.000000E+00  0.000000E+00  0.680118E+04  0.180770E+06
  0.589997E+00  0.187834E+06  0.186741E+06  0.000000E+00  0.000000E+00  0.673505E+04  0.179898E+06
  0.710818E+00  0.139968E+06  0.139153E+06  0.000000E+00  0.000000E+00  0.371256E+04  0.133998E+06
  0.868196E+00  0.101576E+06  0.100985E+06  0.000000E+00  0.000000E+00  0.192872E+04  0.972105E+05
  0.106042E+01  0.733742E+05  0.729470E+05  0.000000E+00  0.000000E+00  0.987547E+03  0.702034E+05
  0.129520E+01  0.527772E+05  0.524698E+05  0.000000E+00  0.000000E+00  0.499071E+03  0.504874E+05
  0.158196E+01  0.378176E+05  0.375972E+05  0.000000E+00  0.000000E+00  0.325239E+03  0.361754E+05
  0.193220E+01  0.270016E+05  0.268441E+05  0.000000E+00  0.000000E+00  0.162650E+03  0.258261E+05
  0.236000E+01  0.192169E+05  0.191047E+05  0.000000E+00  0.000000E+00  0.804899E+02  0.183788E+05
  0.288251E+01  0.136362E+05  0.135565E+05  0.000000E+00  0.000000E+00  0.394594E+02  0.130407E+05
  0.352071E+01  0.964992E+04  0.959333E+04  0.000000E+00  0.000000E+00  0.191838E+02  0.922809E+04
  0.430020E+01  0.681185E+04  0.677174E+04  0.000000E+00  0.000000E+00  0.925807E+01  0.651388E+04
  0.525228E+01  0.479736E+04  0.476894E+04  0.000000E+00  0.000000E+00  0.443919E+01  0.458740E+04
  0.641515E+01  0.337140E+04  0.335124E+04  0.000000E+00  0.000000E+00  0.211666E+01  0.322377E+04
  0.783548E+01  0.236460E+04  0.235027E+04  0.000000E+00  0.000000E+00  0.100439E+01  0.226101E+04
  0.957028E+01  0.165541E+04  0.164517E+04  0.000000E+00  0.000000E+00  0.474632E+00  0.158285E+04
  0.116892E+02  0.115693E+04  0.114957E+04  0.000000E+00  0.000000E+00  0.223498E+00  0.110619E+04
  0.142772E+02  0.807261E+03  0.801898E+03  0.000000E+00  0.000000E+00  0.104924E+00  0.771815E+03
  0.174382E+02  0.562424E+03  0.558458E+03  0.000000E+00  0.000000E+00  0.491306E-01  0.537693E+03
  0.212990E+02  0.391288E+03  0.388290E+03  0.000000E+00  0.000000E+00  0.229537E-01  0.374046E+03
  0.260147E+02  0.271856E+03  0.269527E+03  0.000000E+00  0.000000E+00  0.107027E-01  0.259840E+03
  0.317744E+02  0.188632E+03  0.186760E+03  0.000000E+00  0.000000E+00  0.498155E-02  0.180256E+03
  0.388094E+02  0.130719E+03  0.129158E+03  0.000000E+00  0.000000E+00  0.231476E-02  0.124875E+03
  0.474019E+02  0.904707E+02  0.891193E+02  0.000000E+00  0.000000E+00  0.107384E-02  0.863856E+02
  0.578968E+02  0.625326E+02  0.613200E+02  0.000000E+00  0.000000E+00  0.497324E-03  0.596673E+02
  0.707154E+02  0.431615E+02  0.420395E+02  0.000000E+00  0.000000E+00  0.229906E-03  0.411412E+02
  0.863719E+02  0.297446E+02  0.286812E+02  0.000000E+00  0.000000E+00  0.106057E-03  0.283089E+02
  0.105495E+03  0.204609E+02  0.194358E+02  0.000000E+00  0.000000E+00  0.487979E-04  0.194294E+02
