    0.10000E-03    0.39688E+03
    0.10202E-03    0.40459E+03
    0.10408E-03    0.41244E+03
    0.10618E-03    0.42046E+03
    0.10833E-03    0.42862E+03
    0.11052E-03    0.43695E+03
    0.11275E-03    0.44543E+03
    0.11503E-03    0.45409E+03
    0.11735E-03    0.46290E+03
    0.11972E-03    0.47189E+03
    0.12214E-03    0.48106E+03
    0.12461E-03    0.49040E+03
    0.12712E-03    0.49992E+03
    0.12969E-03    0.50963E+03
    0.13231E-03    0.51953E+03
    0.13499E-03    0.52962E+03
    0.13771E-03    0.53990E+03
    0.14049E-03    0.55038E+03
    0.14333E-03    0.56107E+03
    0.14623E-03    0.57196E+03
    0.14918E-03    0.58306E+03
    0.15220E-03    0.59438E+03
    0.15527E-03    0.60592E+03
    0.15841E-03    0.61768E+03
    0.16161E-03    0.62967E+03
    0.16487E-03    0.64189E+03
    0.16820E-03    0.65435E+03
    0.17160E-03    0.66705E+03
    0.17507E-03    0.67999E+03
    0.17860E-03    0.69319E+03
    0.18221E-03    0.70664E+03
    0.18589E-03    0.72035E+03
    0.18965E-03    0.73432E+03
    0.19348E-03    0.74857E+03
    0.19739E-03    0.76309E+03
    0.20138E-03    0.77789E+03
    0.20544E-03    0.79298E+03
    0.20959E-03    0.80835E+03
    0.21383E-03    0.82403E+03
    0.21815E-03    0.84001E+03
    0.22255E-03    0.85629E+03
    0.22705E-03    0.87289E+03
    0.23164E-03    0.88982E+03
    0.23632E-03    0.90706E+03
    0.24109E-03    0.92464E+03
    0.24596E-03    0.94256E+03
    0.25093E-03    0.96082E+03
    0.25600E-03    0.97944E+03
    0.26117E-03    0.99841E+03
    0.26645E-03    0.10177E+04
    0.27183E-03    0.10375E+04
    0.27732E-03    0.10575E+04
    0.28292E-03    0.10780E+04
    0.28864E-03    0.10989E+04
    0.29447E-03    0.11202E+04
    0.30042E-03    0.11418E+04
    0.30649E-03    0.11639E+04
    0.31268E-03    0.11864E+04
    0.31899E-03    0.12094E+04
    0.32544E-03    0.12328E+04
    0.33201E-03    0.12566E+04
    0.33872E-03    0.12809E+04
    0.34556E-03    0.13057E+04
    0.35254E-03    0.13309E+04
    0.35966E-03    0.13566E+04
    0.36693E-03    0.13828E+04
    0.37434E-03    0.14095E+04
    0.38190E-03    0.14367E+04
    0.38962E-03    0.14644E+04
    0.39749E-03    0.14927E+04
    0.40552E-03    0.15215E+04
    0.41371E-03    0.15508E+04
    0.42207E-03    0.15807E+04
    0.43060E-03    0.16112E+04
    0.43929E-03    0.16422E+04
    0.44817E-03    0.16739E+04
    0.45722E-03    0.17061E+04
    0.46646E-03    0.17389E+04
    0.47588E-03    0.17724E+04
    0.48550E-03    0.18065E+04
    0.49530E-03    0.18412E+04
    0.50531E-03    0.18766E+04
    0.51552E-03    0.19127E+04
    0.52593E-03    0.19494E+04
    0.53656E-03    0.19868E+04
    0.54739E-03    0.20249E+04
    0.55845E-03    0.20637E+04
    0.56973E-03    0.21033E+04
    0.58124E-03    0.21436E+04
    0.59299E-03    0.21846E+04
    0.60496E-03    0.22265E+04
    0.61719E-03    0.22690E+04
    0.62965E-03    0.23124E+04
    0.64237E-03    0.23566E+04
    0.65535E-03    0.24016E+04
    0.66859E-03    0.24474E+04
    0.68210E-03    0.24941E+04
    0.69588E-03    0.25417E+04
    0.70993E-03    0.25901E+04
    0.72427E-03    0.26394E+04
    0.73891E-03    0.26896E+04
    0.75383E-03    0.27407E+04
    0.76906E-03    0.27928E+04
    0.78460E-03    0.28458E+04
    0.80045E-03    0.28997E+04
    0.81662E-03    0.29547E+04
    0.83311E-03    0.30106E+04
    0.84994E-03    0.30676E+04
    0.86711E-03    0.31256E+04
    0.88463E-03    0.31846E+04
    0.90250E-03    0.32447E+04
    0.92073E-03    0.33059E+04
    0.93933E-03    0.33681E+04
    0.95831E-03    0.34315E+04
    0.97767E-03    0.34960E+04
    0.99742E-03    0.35616E+04
    0.10176E-02    0.36284E+04
    0.10381E-02    0.36964E+04
    0.10591E-02    0.37656E+04
    0.10805E-02    0.38360E+04
    0.11023E-02    0.39076E+04
    0.11246E-02    0.39804E+04
    0.11473E-02    0.40546E+04
    0.11705E-02    0.41300E+04
    0.11941E-02    0.42067E+04
    0.12182E-02    0.42848E+04
    0.12429E-02    0.43641E+04
    0.12680E-02    0.44449E+04
    0.12936E-02    0.45270E+04
    0.13197E-02    0.46104E+04
    0.13464E-02    0.46953E+04
    0.13736E-02    0.47817E+04
    0.14013E-02    0.48694E+04
    0.14296E-02    0.49587E+04
    0.14585E-02    0.50494E+04
    0.14880E-02    0.51416E+04
    0.15180E-02    0.52353E+04
    0.15487E-02    0.53306E+04
    0.15800E-02    0.54274E+04
    0.16119E-02    0.55257E+04
    0.16445E-02    0.56257E+04
    0.16777E-02    0.57272E+04
    0.17116E-02    0.58304E+04
    0.17462E-02    0.59352E+04
    0.17814E-02    0.60416E+04
    0.18174E-02    0.61498E+04
    0.18541E-02    0.62595E+04
    0.18916E-02    0.63710E+04
    0.19298E-02    0.64842E+04
    0.19688E-02    0.65991E+04
    0.20086E-02    0.67157E+04
    0.20491E-02    0.68341E+04
    0.20905E-02    0.69542E+04
    0.21328E-02    0.70761E+04
    0.21758E-02    0.71998E+04
    0.22198E-02    0.73253E+04
    0.22646E-02    0.74526E+04
    0.23104E-02    0.75817E+04
    0.23571E-02    0.77126E+04
    0.24047E-02    0.78453E+04
    0.24533E-02    0.79799E+04
    0.25028E-02    0.81163E+04
    0.25534E-02    0.82546E+04
    0.26050E-02    0.83947E+04
    0.26576E-02    0.85367E+04
    0.27113E-02    0.86805E+04
    0.27660E-02    0.88262E+04
    0.28219E-02    0.89737E+04
    0.28789E-02    0.91231E+04
    0.29371E-02    0.92743E+04
    0.29964E-02    0.94274E+04
    0.30569E-02    0.95824E+04
    0.31187E-02    0.97391E+04
    0.31817E-02    0.98977E+04
    0.32460E-02    0.10058E+05
    0.33115E-02    0.10220E+05
    0.33784E-02    0.10384E+05
    0.34467E-02    0.10550E+05
    0.35163E-02    0.10718E+05
    0.35874E-02    0.10887E+05
    0.36598E-02    0.11058E+05
    0.37338E-02    0.11231E+05
    0.38092E-02    0.11406E+05
    0.38861E-02    0.11582E+05
    0.39646E-02    0.11759E+05
    0.40447E-02    0.11939E+05
    0.41264E-02    0.12120E+05
    0.42098E-02    0.12302E+05
    0.42948E-02    0.12486E+05
    0.43816E-02    0.12672E+05
    0.44701E-02    0.12859E+05
    0.45604E-02    0.13047E+05
    0.46525E-02    0.13237E+05
    0.47465E-02    0.13427E+05
    0.48424E-02    0.13620E+05
    0.49402E-02    0.13813E+05
    0.50400E-02    0.14007E+05
    0.51419E-02    0.14203E+05
    0.52457E-02    0.14399E+05
    0.53517E-02    0.14596E+05
    0.54598E-02    0.14795E+05
    0.55701E-02    0.14994E+05
    0.56826E-02    0.15193E+05
    0.57974E-02    0.15394E+05
    0.59145E-02    0.15594E+05
    0.60340E-02    0.15796E+05
    0.61559E-02    0.15997E+05
    0.62803E-02    0.16199E+05
    0.64072E-02    0.16401E+05
    0.65366E-02    0.16603E+05
    0.66686E-02    0.16806E+05
    0.68033E-02    0.17007E+05
    0.69408E-02    0.17209E+05
    0.70810E-02    0.17410E+05
    0.72240E-02    0.17611E+05
    0.73700E-02    0.17811E+05
    0.75189E-02    0.18010E+05
    0.76708E-02    0.18208E+05
    0.78257E-02    0.18406E+05
    0.79838E-02    0.18602E+05
    0.81451E-02    0.18796E+05
    0.83096E-02    0.18989E+05
    0.84775E-02    0.19181E+05
    0.86488E-02    0.19370E+05
    0.88235E-02    0.19558E+05
    0.90017E-02    0.19743E+05
    0.91836E-02    0.19926E+05
    0.93691E-02    0.20107E+05
    0.95583E-02    0.20284E+05
    0.97514E-02    0.20459E+05
    0.99484E-02    0.20631E+05
    0.10149E-01    0.20799E+05
    0.10354E-01    0.20963E+05
    0.10564E-01    0.21124E+05
    0.10777E-01    0.21281E+05
    0.10995E-01    0.21433E+05
    0.11217E-01    0.21582E+05
    0.11443E-01    0.21725E+05
    0.11675E-01    0.21864E+05
    0.11910E-01    0.21997E+05
    0.12151E-01    0.22125E+05
    0.12397E-01    0.22247E+05
    0.12647E-01    0.22364E+05
    0.12902E-01    0.22474E+05
    0.13163E-01    0.22578E+05
    0.13429E-01    0.22675E+05
    0.13700E-01    0.22765E+05
    0.13977E-01    0.22849E+05
    0.14259E-01    0.22924E+05
    0.14547E-01    0.22992E+05
    0.14841E-01    0.23052E+05
    0.15141E-01    0.23104E+05
    0.15447E-01    0.23148E+05
    0.15759E-01    0.23183E+05
    0.16077E-01    0.23209E+05
    0.16402E-01    0.23226E+05
    0.16734E-01    0.23233E+05
    0.17072E-01    0.23231E+05
    0.17416E-01    0.23219E+05
    0.17768E-01    0.23197E+05
    0.18127E-01    0.23165E+05
    0.18493E-01    0.23122E+05
    0.18867E-01    0.23069E+05
    0.19248E-01    0.23006E+05
    0.19637E-01    0.22931E+05
    0.20034E-01    0.22846E+05
    0.20438E-01    0.22749E+05
    0.20851E-01    0.22642E+05
    0.21272E-01    0.22523E+05
    0.21702E-01    0.22394E+05
    0.22141E-01    0.22253E+05
    0.22588E-01    0.22101E+05
    0.23044E-01    0.21939E+05
    0.23510E-01    0.21765E+05
    0.23985E-01    0.21581E+05
    0.24469E-01    0.21386E+05
    0.24964E-01    0.21181E+05
    0.25468E-01    0.20967E+05
    0.25982E-01    0.20742E+05
    0.26507E-01    0.20508E+05
    0.27043E-01    0.20265E+05
    0.27589E-01    0.20014E+05
    0.28146E-01    0.19755E+05
    0.28715E-01    0.19488E+05
    0.29295E-01    0.19214E+05
    0.29887E-01    0.18933E+05
    0.30490E-01    0.18647E+05
    0.31106E-01    0.18356E+05
    0.31735E-01    0.18061E+05
    0.32376E-01    0.17762E+05
    0.33030E-01    0.17460E+05
    0.33697E-01    0.17156E+05
    0.34378E-01    0.16851E+05
    0.35072E-01    0.16545E+05
    0.35781E-01    0.16240E+05
    0.36504E-01    0.15935E+05
    0.37241E-01    0.15633E+05
    0.37993E-01    0.15334E+05
    0.38761E-01    0.15039E+05
    0.39544E-01    0.14748E+05
    0.40343E-01    0.14462E+05
    0.41158E-01    0.14182E+05
    0.41989E-01    0.13909E+05
    0.42838E-01    0.13643E+05
    0.43703E-01    0.13385E+05
    0.44586E-01    0.13135E+05
    0.45486E-01    0.12894E+05
    0.46405E-01    0.12661E+05
    0.47343E-01    0.12438E+05
    0.48299E-01    0.12224E+05
    0.49275E-01    0.12020E+05
    0.50270E-01    0.11825E+05
    0.51286E-01    0.11638E+05
    0.52322E-01    0.11460E+05
    0.53379E-01    0.11291E+05
    0.54457E-01    0.11129E+05
    0.55557E-01    0.10973E+05
    0.56680E-01    0.10823E+05
    0.57825E-01    0.10678E+05
    0.58993E-01    0.10537E+05
    0.60184E-01    0.10398E+05
    0.61400E-01    0.10261E+05
    0.62641E-01    0.10123E+05
    0.63906E-01    0.99829E+04
    0.65197E-01    0.98400E+04
    0.66514E-01    0.96925E+04
    0.67858E-01    0.95391E+04
    0.69229E-01    0.93785E+04
    0.70627E-01    0.92097E+04
    0.72054E-01    0.90318E+04
    0.73510E-01    0.88442E+04
    0.74994E-01    0.86465E+04
    0.76509E-01    0.84384E+04
    0.78055E-01    0.82206E+04
    0.79632E-01    0.79939E+04
    0.81241E-01    0.77593E+04
    0.82882E-01    0.75182E+04
    0.84556E-01    0.72726E+04
    0.86264E-01    0.70246E+04
    0.88007E-01    0.67763E+04
    0.89785E-01    0.65302E+04
    0.91598E-01    0.62889E+04
    0.93449E-01    0.60548E+04
    0.95337E-01    0.58302E+04
    0.97263E-01    0.56173E+04
    0.99227E-01    0.54177E+04
    0.10123E+00    0.52329E+04
    0.10328E+00    0.50639E+04
    0.10536E+00    0.49110E+04
    0.10749E+00    0.47741E+04
    0.10966E+00    0.46525E+04
    0.11188E+00    0.45449E+04
    0.11414E+00    0.44496E+04
    0.11644E+00    0.43642E+04
    0.11880E+00    0.42861E+04
    0.12120E+00    0.42122E+04
    0.12365E+00    0.41390E+04
    0.12614E+00    0.40635E+04
    0.12869E+00    0.39828E+04
    0.13129E+00    0.38945E+04
    0.13394E+00    0.37970E+04
    0.13665E+00    0.36891E+04
    0.13941E+00    0.35709E+04
    0.14223E+00    0.34435E+04
    0.14510E+00    0.33091E+04
    0.14803E+00    0.31706E+04
    0.15102E+00    0.30315E+04
    0.15407E+00    0.28953E+04
    0.15718E+00    0.27653E+04
    0.16036E+00    0.26447E+04
    0.16360E+00    0.25359E+04
    0.16690E+00    0.24401E+04
    0.17028E+00    0.23577E+04
    0.17371E+00    0.22876E+04
    0.17722E+00    0.22280E+04
    0.18080E+00    0.21764E+04
    0.18446E+00    0.21292E+04
    0.18818E+00    0.20829E+04
    0.19198E+00    0.20341E+04
    0.19586E+00    0.19802E+04
    0.19982E+00    0.19196E+04
    0.20386E+00    0.18518E+04
    0.20797E+00    0.17780E+04
    0.21218E+00    0.17007E+04
    0.21646E+00    0.16228E+04
    0.22083E+00    0.15475E+04
    0.22530E+00    0.14778E+04
    0.22985E+00    0.14157E+04
    0.23449E+00    0.13620E+04
    0.23923E+00    0.13164E+04
    0.24406E+00    0.12771E+04
    0.24899E+00    0.12418E+04
    0.25402E+00    0.12076E+04
    0.25915E+00    0.11720E+04
    0.26439E+00    0.11333E+04
    0.26973E+00    0.10911E+04
    0.27518E+00    0.10460E+04
    0.28074E+00    0.99981E+03
    0.28641E+00    0.95479E+03
    0.29219E+00    0.91295E+03
    0.29810E+00    0.87554E+03
    0.30412E+00    0.84275E+03
    0.31026E+00    0.81381E+03
    0.31653E+00    0.78711E+03
    0.32292E+00    0.76094E+03
    0.32945E+00    0.73396E+03
    0.33610E+00    0.70560E+03
    0.34289E+00    0.67627E+03
    0.34982E+00    0.64700E+03
    0.35689E+00    0.61907E+03
    0.36409E+00    0.59336E+03
    0.37145E+00    0.57011E+03
    0.37895E+00    0.54886E+03
    0.38661E+00    0.52871E+03
    0.39442E+00    0.50879E+03
    0.40239E+00    0.48862E+03
    0.41052E+00    0.46831E+03
    0.41881E+00    0.44840E+03
    0.42727E+00    0.42947E+03
    0.43590E+00    0.41186E+03
    0.44471E+00    0.39548E+03
    0.45369E+00    0.37993E+03
    0.46286E+00    0.36477E+03
    0.47221E+00    0.34979E+03
    0.48174E+00    0.33508E+03
    0.49148E+00    0.32091E+03
    0.50141E+00    0.30748E+03
    0.51153E+00    0.29480E+03
    0.52187E+00    0.28272E+03
    0.53241E+00    0.27103E+03
    0.54317E+00    0.25964E+03
    0.55414E+00    0.24862E+03
    0.56533E+00    0.23807E+03
    0.57675E+00    0.22802E+03
    0.58840E+00    0.21842E+03
    0.60029E+00    0.20918E+03
    0.61242E+00    0.20030E+03
    0.62479E+00    0.19176E+03
    0.63741E+00    0.18355E+03
    0.65029E+00    0.17568E+03
    0.66342E+00    0.16811E+03
    0.67683E+00    0.16086E+03
    0.69050E+00    0.15390E+03
    0.70445E+00    0.14723E+03
    0.71868E+00    0.14084E+03
    0.73320E+00    0.13471E+03
    0.74801E+00    0.12884E+03
    0.76312E+00    0.12321E+03
    0.77854E+00    0.11782E+03
    0.79426E+00    0.11266E+03
    0.81031E+00    0.10771E+03
    0.82668E+00    0.10297E+03
    0.84338E+00    0.98425E+02
    0.86041E+00    0.94073E+02
    0.87780E+00    0.89905E+02
    0.89553E+00    0.85913E+02
    0.91362E+00    0.82091E+02
    0.93208E+00    0.78431E+02
    0.95091E+00    0.74927E+02
    0.97011E+00    0.71573E+02
    0.98971E+00    0.68363E+02
    0.10097E+01    0.65291E+02
    0.10301E+01    0.62352E+02
    0.10509E+01    0.59540E+02
    0.10721E+01    0.56850E+02
    0.10938E+01    0.54278E+02
    0.11159E+01    0.51817E+02
    0.11384E+01    0.49464E+02
    0.11614E+01    0.47214E+02
    0.11849E+01    0.45062E+02
    0.12088E+01    0.43005E+02
    0.12333E+01    0.41039E+02
    0.12582E+01    0.39160E+02
    0.12836E+01    0.37363E+02
    0.13095E+01    0.35647E+02
    0.13360E+01    0.34006E+02
    0.13630E+01    0.32439E+02
    0.13905E+01    0.30941E+02
    0.14186E+01    0.29510E+02
    0.14472E+01    0.28144E+02
    0.14765E+01    0.26838E+02
    0.15063E+01    0.25592E+02
    0.15367E+01    0.24401E+02
    0.15678E+01    0.23264E+02
    0.15994E+01    0.22179E+02
    0.16318E+01    0.21143E+02
    0.16647E+01    0.20154E+02
    0.16984E+01    0.19209E+02
    0.17327E+01    0.18308E+02
    0.17677E+01    0.17448E+02
    0.18034E+01    0.16627E+02
    0.18398E+01    0.15844E+02
    0.18770E+01    0.15096E+02
    0.19149E+01    0.14383E+02
    0.19536E+01    0.13703E+02
    0.19930E+01    0.13054E+02
    0.20333E+01    0.12435E+02
    0.20744E+01    0.11844E+02
    0.21163E+01    0.11281E+02
    0.21590E+01    0.10744E+02
    0.22026E+01    0.10232E+02
    0.22471E+01    0.97439E+01
    0.22925E+01    0.92784E+01
    0.23388E+01    0.88346E+01
    0.23861E+01    0.84115E+01
    0.24343E+01    0.80082E+01
    0.24835E+01    0.76238E+01
    0.25336E+01    0.72574E+01
    0.25848E+01    0.69083E+01
    0.26370E+01    0.65755E+01
    0.26903E+01    0.62584E+01
    0.27447E+01    0.59563E+01
    0.28001E+01    0.56685E+01
    0.28567E+01    0.53942E+01
    0.29144E+01    0.51330E+01
    0.29733E+01    0.48841E+01
    0.30333E+01    0.46471E+01
    0.30946E+01    0.44213E+01
    0.31571E+01    0.42063E+01
    0.32209E+01    0.40015E+01
    0.32860E+01    0.38065E+01
    0.33523E+01    0.36208E+01
    0.34201E+01    0.34440E+01
    0.34892E+01    0.32756E+01
    0.35596E+01    0.31154E+01
    0.36316E+01    0.29628E+01
    0.37049E+01    0.28175E+01
    0.37798E+01    0.26793E+01
    0.38561E+01    0.25477E+01
    0.39340E+01    0.24224E+01
    0.40135E+01    0.23032E+01
    0.40946E+01    0.21898E+01
    0.41773E+01    0.20818E+01
    0.42617E+01    0.19791E+01
    0.43478E+01    0.18814E+01
    0.44356E+01    0.17884E+01
    0.45252E+01    0.16999E+01
    0.46166E+01    0.16157E+01
    0.47099E+01    0.15356E+01
    0.48050E+01    0.14595E+01
    0.49021E+01    0.13870E+01
    0.50011E+01    0.13181E+01
    0.51021E+01    0.12526E+01
    0.52052E+01    0.11902E+01
    0.53104E+01    0.11309E+01
    0.54176E+01    0.10746E+01
    0.55271E+01    0.10209E+01
    0.56387E+01    0.96997E+00
    0.57526E+01    0.92150E+00
    0.58689E+01    0.87541E+00
    0.59874E+01    0.83160E+00
    0.61084E+01    0.78995E+00
    0.62318E+01    0.75035E+00
    0.63577E+01    0.71271E+00
    0.64861E+01    0.67693E+00
    0.66171E+01    0.64292E+00
    0.67508E+01    0.61060E+00
    0.68872E+01    0.57988E+00
    0.70263E+01    0.55068E+00
    0.71682E+01    0.52293E+00
    0.73130E+01    0.49657E+00
    0.74608E+01    0.47151E+00
    0.76115E+01    0.44770E+00
    0.77653E+01    0.42508E+00
    0.79221E+01    0.40358E+00
    0.80822E+01    0.38316E+00
    0.82454E+01    0.36376E+00
    0.84120E+01    0.34533E+00
    0.85819E+01    0.32782E+00
    0.87553E+01    0.31119E+00
    0.89322E+01    0.29539E+00
    0.91126E+01    0.28038E+00
    0.92967E+01    0.26613E+00
    0.94845E+01    0.25259E+00
    0.96761E+01    0.23973E+00
    0.98716E+01    0.22752E+00
    0.10071E+02    0.21592E+00
    0.10274E+02    0.20491E+00
    0.10482E+02    0.19445E+00
    0.10694E+02    0.18452E+00
    0.10910E+02    0.17509E+00
    0.11130E+02    0.16614E+00
    0.11355E+02    0.15764E+00
    0.11584E+02    0.14957E+00
    0.11818E+02    0.14191E+00
    0.12057E+02    0.13464E+00
    0.12301E+02    0.12773E+00
    0.12549E+02    0.12118E+00
    0.12803E+02    0.11496E+00
    0.13061E+02    0.10905E+00
    0.13325E+02    0.10345E+00
    0.13594E+02    0.98125E-01
    0.13869E+02    0.93075E-01
    0.14149E+02    0.88283E-01
    0.14435E+02    0.83734E-01
    0.14727E+02    0.79418E-01
    0.15024E+02    0.75322E-01
    0.15328E+02    0.71435E-01
    0.15637E+02    0.67746E-01
    0.15953E+02    0.64246E-01
    0.16275E+02    0.60925E-01
    0.16604E+02    0.57774E-01
    0.16940E+02    0.54785E-01
    0.17282E+02    0.51948E-01
    0.17631E+02    0.49257E-01
    0.17987E+02    0.46704E-01
    0.18351E+02    0.44282E-01
    0.18721E+02    0.41985E-01
    0.19099E+02    0.39805E-01
    0.19485E+02    0.37738E-01
    0.19879E+02    0.35777E-01
    0.20280E+02    0.33916E-01
    0.20690E+02    0.32152E-01
    0.21108E+02    0.30479E-01
    0.21535E+02    0.28892E-01
    0.21970E+02    0.27386E-01
    0.22413E+02    0.25959E-01
    0.22866E+02    0.24605E-01
    0.23328E+02    0.23321E-01
    0.23799E+02    0.22104E-01
    0.24280E+02    0.20949E-01
    0.24771E+02    0.19854E-01
    0.25271E+02    0.18816E-01
    0.25782E+02    0.17832E-01
    0.26302E+02    0.16899E-01
    0.26834E+02    0.16014E-01
    0.27376E+02    0.15175E-01
    0.27929E+02    0.14380E-01
    0.28493E+02    0.13626E-01
    0.29069E+02    0.12911E-01
    0.29656E+02    0.12233E-01
    0.30255E+02    0.11591E-01
    0.30866E+02    0.10982E-01
    0.31490E+02    0.10404E-01
    0.32126E+02    0.98570E-02
    0.32775E+02    0.93383E-02
    0.33437E+02    0.88466E-02
    0.34112E+02    0.83806E-02
    0.34801E+02    0.79390E-02
    0.35504E+02    0.75204E-02
    0.36222E+02    0.71236E-02
    0.36953E+02    0.67476E-02
    0.37700E+02    0.63913E-02
    0.38462E+02    0.60536E-02
    0.39239E+02    0.57336E-02
    0.40031E+02    0.54304E-02
    0.40840E+02    0.51430E-02
    0.41665E+02    0.48707E-02
    0.42507E+02    0.46127E-02
    0.43365E+02    0.43682E-02
    0.44241E+02    0.41366E-02
    0.45135E+02    0.39171E-02
    0.46047E+02    0.37092E-02
    0.46977E+02    0.35122E-02
    0.47926E+02    0.33255E-02
    0.48894E+02    0.31487E-02
    0.49882E+02    0.29812E-02
    0.50890E+02    0.28225E-02
    0.51918E+02    0.26722E-02
    0.52966E+02    0.25298E-02
    0.54036E+02    0.23949E-02
    0.55128E+02    0.22671E-02
    0.56242E+02    0.21461E-02
    0.57378E+02    0.20314E-02
    0.58537E+02    0.19228E-02
    0.59720E+02    0.18200E-02
    0.60926E+02    0.17226E-02
    0.62157E+02    0.16303E-02
    0.63412E+02    0.15429E-02
    0.64693E+02    0.14602E-02
    0.66000E+02    0.13818E-02
    0.67334E+02    0.13076E-02
    0.68694E+02    0.12374E-02
    0.70082E+02    0.11709E-02
    0.71497E+02    0.11079E-02
    0.72942E+02    0.10482E-02
    0.74415E+02    0.99177E-03
    0.75918E+02    0.93829E-03
    0.77452E+02    0.88766E-03
    0.79017E+02    0.83971E-03
    0.80613E+02    0.79431E-03
    0.82241E+02    0.75132E-03
    0.83903E+02    0.71061E-03
    0.85598E+02    0.67206E-03
    0.87327E+02    0.63557E-03
    0.89091E+02    0.60102E-03
    0.90891E+02    0.56832E-03
    0.92727E+02    0.53737E-03
    0.94600E+02    0.50809E-03
    0.96511E+02    0.48040E-03
    0.98461E+02    0.45419E-03
    0.10045E+03    0.42942E-03
    0.10248E+03    0.40598E-03
