  0.351880E-05  0.197746E+08  0.197746E+08  0.263646E+08  0.263646E+08  0.000000E+00  0.197746E+08
  0.363805E-05  0.197746E+08  0.197746E+08  0.263645E+08  0.263645E+08  0.000000E+00  0.197746E+08
  0.376134E-05  0.197746E+08  0.197746E+08  0.263644E+08  0.263644E+08  0.000000E+00  0.197746E+08
  0.388880E-05  0.197746E+08  0.197746E+08  0.263643E+08  0.263642E+08  0.000000E+00  0.197746E+08
  0.402059E-05  0.197746E+08  0.197746E+08  0.263642E+08  0.263641E+08  0.000000E+00  0.197746E+08
  0.415684E-05  0.197746E+08  0.197746E+08  0.263640E+08  0.263640E+08  0.000000E+00  0.197746E+08
  0.429771E-05  0.197746E+08  0.197746E+08  0.263639E+08  0.263638E+08  0.000000E+00  0.197746E+08
  0.444336E-05  0.197746E+08  0.197746E+08  0.263637E+08  0.263636E+08  0.000000E+00  0.197746E+08
  0.459394E-05  0.197746E+08  0.197746E+08  0.263635E+08  0.263635E+08  0.000000E+00  0.197746E+08
  0.474962E-05  0.197746E+08  0.197746E+08  0.263634E+08  0.263633E+08  0.000000E+00  0.197746E+08
  0.491058E-05  0.197746E+08  0.197746E+08  0.263632E+08  0.263631E+08  0.000000E+00  0.197746E+08
  0.507699E-05  0.197746E+08  0.197746E+08  0.263630E+08  0.263629E+08  0.000000E+00  0.197746E+08
  0.524905E-05  0.197746E+08  0.197746E+08  0.263627E+08  0.263626E+08  0.000000E+00  0.197746E+08
  0.542693E-05  0.197746E+08  0.197746E+08  0.263625E+08  0.263624E+08  0.000000E+00  0.197746E+08
  0.561084E-05  0.197746E+08  0.197746E+08  0.263623E+08  0.263622E+08  0.000000E+00  0.197746E+08
  0.580099E-05  0.197746E+08  0.197746E+08  0.263620E+08  0.263619E+08  0.000000E+00  0.197746E+08
  0.599757E-05  0.197746E+08  0.197746E+08  0.263617E+08  0.263616E+08  0.000000E+00  0.197746E+08
  0.620082E-05  0.197746E+08  0.197746E+08  0.263614E+08  0.263613E+08  0.000000E+00  0.197746E+08
  0.641096E-05  0.197746E+08  0.197746E+08  0.263611E+08  0.263609E+08  0.000000E+00  0.197746E+08
  0.662822E-05  0.197746E+08  0.197746E+08  0.263607E+08  0.263606E+08  0.000000E+00  0.197746E+08
  0.685284E-05  0.197746E+08  0.197746E+08  0.263604E+08  0.263602E+08  0.000000E+00  0.197746E+08
  0.708508E-05  0.197746E+08  0.197746E+08  0.263600E+08  0.263598E+08  0.000000E+00  0.197746E+08
  0.732518E-05  0.197746E+08  0.197746E+08  0.263595E+08  0.263593E+08  0.000000E+00  0.197746E+08
  0.757342E-05  0.197746E+08  0.197746E+08  0.263591E+08  0.263589E+08  0.000000E+00  0.197746E+08
  0.783008E-05  0.197746E+08  0.197746E+08  0.263586E+08  0.263584E+08  0.000000E+00  0.197746E+08
  0.809543E-05  0.197746E+08  0.197746E+08  0.263581E+08  0.263578E+08  0.000000E+00  0.197746E+08
  0.836977E-05  0.197746E+08  0.197746E+08  0.263575E+08  0.263573E+08  0.000000E+00  0.197746E+08
  0.865341E-05  0.197746E+08  0.197746E+08  0.263569E+08  0.263566E+08  0.000000E+00  0.197746E+08
  0.894667E-05  0.197746E+08  0.197746E+08  0.263563E+08  0.263560E+08  0.000000E+00  0.197746E+08
  0.924986E-05  0.197746E+08  0.197746E+08  0.263556E+08  0.263553E+08  0.000000E+00  0.197746E+08
  0.956332E-05  0.197746E+08  0.197746E+08  0.263549E+08  0.263545E+08  0.000000E+00  0.197746E+08
  0.988741E-05  0.197746E+08  0.197746E+08  0.263541E+08  0.263537E+08  0.000000E+00  0.197746E+08
  0.102225E-04  0.197746E+08  0.197746E+08  0.263533E+08  0.263529E+08  0.000000E+00  0.197746E+08
  0.105689E-04  0.197746E+08  0.197746E+08  0.263524E+08  0.263520E+08  0.000000E+00  0.197746E+08
  0.109271E-04  0.197746E+08  0.197746E+08  0.263514E+08  0.263510E+08  0.000000E+00  0.197746E+08
  0.112974E-04  0.197746E+08  0.197746E+08  0.263504E+08  0.263500E+08  0.000000E+00  0.197746E+08
  0.116802E-04  0.197746E+08  0.197746E+08  0.263493E+08  0.263488E+08  0.000000E+00  0.197746E+08
  0.120761E-04  0.197746E+08  0.197746E+08  0.263482E+08  0.263476E+08  0.000000E+00  0.197746E+08
  0.124853E-04  0.197746E+08  0.197746E+08  0.263469E+08  0.263464E+08  0.000000E+00  0.197746E+08
  0.129084E-04  0.197746E+08  0.197746E+08  0.263456E+08  0.263450E+08  0.000000E+00  0.197746E+08
  0.133459E-04  0.197746E+08  0.197746E+08  0.263442E+08  0.263436E+08  0.000000E+00  0.197746E+08
  0.137981E-04  0.197746E+08  0.197746E+08  0.263427E+08  0.263420E+08  0.000000E+00  0.197746E+08
  0.142657E-04  0.197746E+08  0.197746E+08  0.263411E+08  0.263403E+08  0.000000E+00  0.197746E+08
  0.147492E-04  0.197746E+08  0.197746E+08  0.263393E+08  0.263386E+08  0.000000E+00  0.197746E+08
  0.152490E-04  0.197746E+08  0.197746E+08  0.263375E+08  0.263367E+08  0.000000E+00  0.197746E+08
  0.157658E-04  0.197746E+08  0.197745E+08  0.263355E+08  0.263346E+08  0.000000E+00  0.197746E+08
  0.163001E-04  0.197745E+08  0.197745E+08  0.263334E+08  0.263324E+08  0.000000E+00  0.197745E+08
  0.168525E-04  0.197745E+08  0.197745E+08  0.263311E+08  0.263301E+08  0.000000E+00  0.197745E+08
  0.174236E-04  0.197745E+08  0.197745E+08  0.263287E+08  0.263276E+08  0.000000E+00  0.197745E+08
  0.180140E-04  0.197745E+08  0.197745E+08  0.263262E+08  0.263250E+08  0.000000E+00  0.197745E+08
  0.186245E-04  0.197745E+08  0.197745E+08  0.263234E+08  0.263222E+08  0.000000E+00  0.197745E+08
  0.192557E-04  0.197745E+08  0.197745E+08  0.263205E+08  0.263191E+08  0.000000E+00  0.197745E+08
  0.199082E-04  0.197745E+08  0.197745E+08  0.263173E+08  0.263159E+08  0.000000E+00  0.197745E+08
  0.205829E-04  0.197745E+08  0.197745E+08  0.263140E+08  0.263124E+08  0.000000E+00  0.197745E+08
  0.212804E-04  0.197745E+08  0.197745E+08  0.263104E+08  0.263087E+08  0.000000E+00  0.197745E+08
  0.220016E-04  0.197745E+08  0.197745E+08  0.263065E+08  0.263048E+08  0.000000E+00  0.197745E+08
  0.227472E-04  0.197745E+08  0.197745E+08  0.263024E+08  0.263006E+08  0.000000E+00  0.197745E+08
  0.235181E-04  0.197745E+08  0.197745E+08  0.262980E+08  0.262960E+08  0.000000E+00  0.197745E+08
  0.243151E-04  0.197745E+08  0.197745E+08  0.262933E+08  0.262912E+08  0.000000E+00  0.197745E+08
  0.251391E-04  0.197745E+08  0.197745E+08  0.262883E+08  0.262861E+08  0.000000E+00  0.197745E+08
  0.259910E-04  0.197744E+08  0.197744E+08  0.262830E+08  0.262805E+08  0.000000E+00  0.197744E+08
  0.268718E-04  0.197744E+08  0.197744E+08  0.262772E+08  0.262747E+08  0.000000E+00  0.197744E+08
  0.277825E-04  0.197744E+08  0.197744E+08  0.262711E+08  0.262684E+08  0.000000E+00  0.197744E+08
  0.287240E-04  0.197744E+08  0.197744E+08  0.262646E+08  0.262616E+08  0.000000E+00  0.197744E+08
  0.296974E-04  0.197744E+08  0.197744E+08  0.262576E+08  0.262544E+08  0.000000E+00  0.197744E+08
  0.307038E-04  0.197744E+08  0.197744E+08  0.262501E+08  0.262468E+08  0.000000E+00  0.197744E+08
  0.317443E-04  0.197744E+08  0.197744E+08  0.262422E+08  0.262385E+08  0.000000E+00  0.197744E+08
  0.328201E-04  0.197744E+08  0.197743E+08  0.262336E+08  0.262298E+08  0.000000E+00  0.197744E+08
  0.339323E-04  0.197743E+08  0.197743E+08  0.262245E+08  0.262204E+08  0.000000E+00  0.197743E+08
  0.350822E-04  0.197743E+08  0.197743E+08  0.262148E+08  0.262104E+08  0.000000E+00  0.197743E+08
  0.362711E-04  0.197743E+08  0.197743E+08  0.262044E+08  0.261997E+08  0.000000E+00  0.197743E+08
  0.375003E-04  0.197743E+08  0.197743E+08  0.261933E+08  0.261882E+08  0.000000E+00  0.197743E+08
  0.387712E-04  0.197742E+08  0.197742E+08  0.261814E+08  0.261760E+08  0.000000E+00  0.197742E+08
  0.400851E-04  0.197742E+08  0.197742E+08  0.261687E+08  0.261630E+08  0.000000E+00  0.197742E+08
  0.414435E-04  0.197742E+08  0.197742E+08  0.261551E+08  0.261490E+08  0.000000E+00  0.197742E+08
  0.428480E-04  0.197742E+08  0.197742E+08  0.261407E+08  0.261341E+08  0.000000E+00  0.197742E+08
  0.443000E-04  0.197741E+08  0.197741E+08  0.261252E+08  0.261182E+08  0.000000E+00  0.197741E+08
  0.458013E-04  0.197741E+08  0.197741E+08  0.261086E+08  0.261012E+08  0.000000E+00  0.197741E+08
  0.473535E-04  0.197741E+08  0.197741E+08  0.260910E+08  0.260830E+08  0.000000E+00  0.197741E+08
  0.489582E-04  0.197740E+08  0.197740E+08  0.260721E+08  0.260636E+08  0.000000E+00  0.197740E+08
  0.506173E-04  0.197740E+08  0.197740E+08  0.260520E+08  0.260428E+08  0.000000E+00  0.197740E+08
  0.523327E-04  0.197740E+08  0.197739E+08  0.260304E+08  0.260207E+08  0.000000E+00  0.197740E+08
  0.541062E-04  0.197739E+08  0.197739E+08  0.260074E+08  0.259970E+08  0.000000E+00  0.197739E+08
  0.559398E-04  0.197739E+08  0.197738E+08  0.259829E+08  0.259718E+08  0.000000E+00  0.197739E+08
  0.578355E-04  0.197738E+08  0.197738E+08  0.259566E+08  0.259448E+08  0.000000E+00  0.197738E+08
  0.597955E-04  0.197738E+08  0.197737E+08  0.259286E+08  0.259160E+08  0.000000E+00  0.197738E+08
  0.618219E-04  0.197737E+08  0.197737E+08  0.258987E+08  0.258852E+08  0.000000E+00  0.197737E+08
  0.639169E-04  0.197736E+08  0.197736E+08  0.258668E+08  0.258523E+08  0.000000E+00  0.197736E+08
  0.660830E-04  0.197736E+08  0.197735E+08  0.258327E+08  0.258173E+08  0.000000E+00  0.197736E+08
  0.683225E-04  0.197735E+08  0.197735E+08  0.257963E+08  0.257798E+08  0.000000E+00  0.197735E+08
  0.706378E-04  0.197734E+08  0.197734E+08  0.257574E+08  0.257398E+08  0.000000E+00  0.197734E+08
  0.730317E-04  0.197733E+08  0.197733E+08  0.257160E+08  0.256972E+08  0.000000E+00  0.197733E+08
  0.755066E-04  0.197733E+08  0.197732E+08  0.256717E+08  0.256516E+08  0.000000E+00  0.197732E+08
  0.780654E-04  0.197732E+08  0.197731E+08  0.256245E+08  0.256031E+08  0.000000E+00  0.197732E+08
  0.807110E-04  0.197731E+08  0.197730E+08  0.255741E+08  0.255512E+08  0.000000E+00  0.197731E+08
  0.834462E-04  0.197730E+08  0.197729E+08  0.255203E+08  0.254959E+08  0.000000E+00  0.197729E+08
  0.862741E-04  0.197728E+08  0.197728E+08  0.254629E+08  0.254369E+08  0.000000E+00  0.197728E+08
  0.891978E-04  0.197727E+08  0.197727E+08  0.254017E+08  0.253740E+08  0.000000E+00  0.197727E+08
  0.922206E-04  0.197726E+08  0.197725E+08  0.253365E+08  0.253068E+08  0.000000E+00  0.197726E+08
  0.953458E-04  0.197724E+08  0.197724E+08  0.252669E+08  0.252353E+08  0.000000E+00  0.197724E+08
  0.985770E-04  0.197723E+08  0.197722E+08  0.251927E+08  0.251590E+08  0.000000E+00  0.197723E+08
  0.101918E-03  0.197721E+08  0.197721E+08  0.251136E+08  0.250777E+08  0.000000E+00  0.197721E+08
  0.105371E-03  0.197720E+08  0.197719E+08  0.250293E+08  0.249910E+08  0.000000E+00  0.197720E+08
  0.108942E-03  0.197718E+08  0.197717E+08  0.249395E+08  0.248987E+08  0.000000E+00  0.197718E+08
  0.112634E-03  0.197716E+08  0.197715E+08  0.248439E+08  0.248004E+08  0.000000E+00  0.197716E+08
  0.116451E-03  0.197714E+08  0.197713E+08  0.247420E+08  0.246957E+08  0.000000E+00  0.197714E+08
  0.120398E-03  0.197712E+08  0.197711E+08  0.246335E+08  0.245842E+08  0.000000E+00  0.197712E+08
  0.124478E-03  0.197709E+08  0.197708E+08  0.245180E+08  0.244655E+08  0.000000E+00  0.197709E+08
  0.128696E-03  0.197707E+08  0.197706E+08  0.243952E+08  0.243392E+08  0.000000E+00  0.197707E+08
  0.133058E-03  0.197704E+08  0.197703E+08  0.242644E+08  0.242049E+08  0.000000E+00  0.197704E+08
  0.137567E-03  0.197701E+08  0.197700E+08  0.241254E+08  0.240621E+08  0.000000E+00  0.197701E+08
  0.142229E-03  0.197698E+08  0.197697E+08  0.239776E+08  0.239103E+08  0.000000E+00  0.197698E+08
  0.147049E-03  0.197695E+08  0.197694E+08  0.238206E+08  0.237490E+08  0.000000E+00  0.197695E+08
  0.152032E-03  0.197691E+08  0.197690E+08  0.236538E+08  0.235777E+08  0.000000E+00  0.197691E+08
  0.157184E-03  0.197688E+08  0.197686E+08  0.234767E+08  0.233959E+08  0.000000E+00  0.197687E+08
  0.162511E-03  0.197684E+08  0.197682E+08  0.232887E+08  0.232029E+08  0.000000E+00  0.197683E+08
  0.168018E-03  0.197679E+08  0.197678E+08  0.230893E+08  0.229983E+08  0.000000E+00  0.197679E+08
  0.173712E-03  0.197675E+08  0.197673E+08  0.228780E+08  0.227813E+08  0.000000E+00  0.197674E+08
  0.179599E-03  0.197670E+08  0.197668E+08  0.226540E+08  0.225515E+08  0.000000E+00  0.197670E+08
  0.185685E-03  0.197665E+08  0.197663E+08  0.224168E+08  0.223083E+08  0.000000E+00  0.197664E+08
  0.191978E-03  0.197659E+08  0.197657E+08  0.221659E+08  0.220509E+08  0.000000E+00  0.197659E+08
  0.198484E-03  0.197653E+08  0.197651E+08  0.219005E+08  0.217788E+08  0.000000E+00  0.197653E+08
  0.205210E-03  0.197647E+08  0.197645E+08  0.216201E+08  0.214914E+08  0.000000E+00  0.197646E+08
  0.212165E-03  0.197640E+08  0.197638E+08  0.213240E+08  0.211880E+08  0.000000E+00  0.197640E+08
  0.219355E-03  0.197633E+08  0.197630E+08  0.210118E+08  0.208681E+08  0.000000E+00  0.197632E+08
  0.226788E-03  0.197625E+08  0.197622E+08  0.206826E+08  0.205311E+08  0.000000E+00  0.197625E+08
  0.234474E-03  0.197617E+08  0.197614E+08  0.203362E+08  0.201764E+08  0.000000E+00  0.197616E+08
  0.242420E-03  0.197608E+08  0.197605E+08  0.199718E+08  0.198036E+08  0.000000E+00  0.197608E+08
  0.250635E-03  0.197599E+08  0.197595E+08  0.195890E+08  0.194120E+08  0.000000E+00  0.197598E+08
  0.259129E-03  0.197589E+08  0.197585E+08  0.191874E+08  0.190015E+08  0.000000E+00  0.197588E+08
  0.267910E-03  0.197578E+08  0.197574E+08  0.187666E+08  0.185715E+08  0.000000E+00  0.197578E+08
  0.276990E-03  0.197567E+08  0.197563E+08  0.183264E+08  0.181219E+08  0.000000E+00  0.197566E+08
  0.286376E-03  0.197555E+08  0.197551E+08  0.178665E+08  0.176525E+08  0.000000E+00  0.197554E+08
  0.296081E-03  0.197542E+08  0.197537E+08  0.173869E+08  0.171633E+08  0.000000E+00  0.197541E+08
  0.306115E-03  0.197528E+08  0.197523E+08  0.168876E+08  0.166544E+08  0.000000E+00  0.197528E+08
  0.316489E-03  0.197514E+08  0.197508E+08  0.163689E+08  0.161259E+08  0.000000E+00  0.197513E+08
  0.327214E-03  0.197498E+08  0.197493E+08  0.158310E+08  0.155785E+08  0.000000E+00  0.197497E+08
  0.338303E-03  0.197482E+08  0.197476E+08  0.152745E+08  0.150126E+08  0.000000E+00  0.197481E+08
  0.349768E-03  0.197464E+08  0.197458E+08  0.147002E+08  0.144291E+08  0.000000E+00  0.197463E+08
  0.361621E-03  0.197445E+08  0.197438E+08  0.141090E+08  0.138291E+08  0.000000E+00  0.197444E+08
  0.373876E-03  0.197425E+08  0.197418E+08  0.135021E+08  0.132138E+08  0.000000E+00  0.197424E+08
  0.386546E-03  0.197404E+08  0.197396E+08  0.128810E+08  0.125849E+08  0.000000E+00  0.197403E+08
  0.399646E-03  0.197381E+08  0.197373E+08  0.122474E+08  0.119443E+08  0.000000E+00  0.197380E+08
  0.413189E-03  0.197357E+08  0.197349E+08  0.116034E+08  0.112942E+08  0.000000E+00  0.197356E+08
  0.427192E-03  0.197332E+08  0.197323E+08  0.109514E+08  0.106369E+08  0.000000E+00  0.197330E+08
  0.441669E-03  0.197305E+08  0.197295E+08  0.102939E+08  0.997539E+07  0.000000E+00  0.197303E+08
  0.456636E-03  0.197276E+08  0.197266E+08  0.963396E+07  0.931273E+07  0.000000E+00  0.197274E+08
  0.472111E-03  0.197245E+08  0.197235E+08  0.897481E+07  0.865232E+07  0.000000E+00  0.197244E+08
  0.488111E-03  0.197213E+08  0.197202E+08  0.831998E+07  0.799787E+07  0.000000E+00  0.197211E+08
  0.504652E-03  0.197179E+08  0.197166E+08  0.767326E+07  0.735330E+07  0.000000E+00  0.197177E+08
  0.521754E-03  0.197142E+08  0.197129E+08  0.703863E+07  0.672273E+07  0.000000E+00  0.197140E+08
  0.539436E-03  0.197103E+08  0.197090E+08  0.642022E+07  0.611043E+07  0.000000E+00  0.197101E+08
  0.557716E-03  0.197062E+08  0.197048E+08  0.582226E+07  0.552072E+07  0.000000E+00  0.197060E+08
  0.576617E-03  0.197019E+08  0.197004E+08  0.524895E+07  0.495787E+07  0.000000E+00  0.197016E+08
  0.596158E-03  0.196973E+08  0.196957E+08  0.470442E+07  0.442602E+07  0.000000E+00  0.196970E+08
  0.616361E-03  0.196924E+08  0.196907E+08  0.419252E+07  0.392904E+07  0.000000E+00  0.196922E+08
  0.637248E-03  0.196873E+08  0.196855E+08  0.371681E+07  0.347037E+07  0.000000E+00  0.196870E+08
  0.658844E-03  0.196818E+08  0.196800E+08  0.328032E+07  0.305294E+07  0.000000E+00  0.196815E+08
  0.681171E-03  0.196761E+08  0.196741E+08  0.288547E+07  0.267894E+07  0.000000E+00  0.196758E+08
  0.704255E-03  0.196700E+08  0.196680E+08  0.253388E+07  0.234973E+07  0.000000E+00  0.196697E+08
  0.728122E-03  0.196636E+08  0.196615E+08  0.222630E+07  0.206571E+07  0.000000E+00  0.196633E+08
  0.752797E-03  0.196568E+08  0.196546E+08  0.196244E+07  0.182617E+07  0.000000E+00  0.196565E+08
  0.778308E-03  0.196497E+08  0.196474E+08  0.174092E+07  0.162924E+07  0.000000E+00  0.196493E+08
  0.804684E-03  0.196422E+08  0.196397E+08  0.155924E+07  0.147187E+07  0.000000E+00  0.196418E+08
  0.831954E-03  0.196342E+08  0.196317E+08  0.141377E+07  0.134985E+07  0.000000E+00  0.196338E+08
  0.860148E-03  0.196259E+08  0.196233E+08  0.129989E+07  0.125794E+07  0.000000E+00  0.196255E+08
  0.889297E-03  0.196171E+08  0.196144E+08  0.121208E+07  0.119005E+07  0.000000E+00  0.196167E+08
  0.919434E-03  0.196079E+08  0.196051E+08  0.114421E+07  0.113949E+07  0.000000E+00  0.196074E+08
  0.950592E-03  0.195982E+08  0.195952E+08  0.108987E+07  0.109936E+07  0.000000E+00  0.195977E+08
  0.982807E-03  0.195879E+08  0.195849E+08  0.104270E+07  0.106296E+07  0.000000E+00  0.195875E+08
  0.101611E-02  0.195772E+08  0.195741E+08  0.996884E+06  0.102425E+07  0.000000E+00  0.195767E+08
  0.105055E-02  0.195659E+08  0.195627E+08  0.947531E+06  0.978325E+06  0.000000E+00  0.195654E+08
  0.108615E-02  0.195541E+08  0.195508E+08  0.891120E+06  0.921828E+06  0.000000E+00  0.195536E+08
  0.112296E-02  0.195417E+08  0.195383E+08  0.825807E+06  0.853298E+06  0.000000E+00  0.195411E+08
  0.116101E-02  0.195286E+08  0.195252E+08  0.751611E+06  0.773333E+06  0.000000E+00  0.195281E+08
  0.120036E-02  0.195150E+08  0.195114E+08  0.670403E+06  0.684544E+06  0.000000E+00  0.195144E+08
  0.124104E-02  0.195006E+08  0.194970E+08  0.585673E+06  0.591273E+06  0.000000E+00  0.195000E+08
  0.128309E-02  0.194856E+08  0.194819E+08  0.502048E+06  0.499032E+06  0.000000E+00  0.194850E+08
  0.132658E-02  0.194698E+08  0.194661E+08  0.424598E+06  0.413737E+06  0.000000E+00  0.194692E+08
  0.137153E-02  0.194533E+08  0.194495E+08  0.358001E+06  0.340774E+06  0.000000E+00  0.194527E+08
  0.141801E-02  0.194361E+08  0.194322E+08  0.305679E+06  0.284064E+06  0.000000E+00  0.194355E+08
  0.146607E-02  0.194180E+08  0.194141E+08  0.269060E+06  0.245272E+06  0.000000E+00  0.194174E+08
  0.151575E-02  0.193991E+08  0.193951E+08  0.247150E+06  0.223355E+06  0.000000E+00  0.193984E+08
  0.156712E-02  0.193793E+08  0.193753E+08  0.236551E+06  0.214611E+06  0.000000E+00  0.193786E+08
  0.162022E-02  0.193585E+08  0.193545E+08  0.232020E+06  0.213302E+06  0.000000E+00  0.193579E+08
  0.167513E-02  0.193369E+08  0.193329E+08  0.227541E+06  0.212820E+06  0.000000E+00  0.193363E+08
  0.173190E-02  0.193143E+08  0.193102E+08  0.217731E+06  0.207203E+06  0.000000E+00  0.193136E+08
  0.179059E-02  0.192906E+08  0.192866E+08  0.199257E+06  0.192643E+06  0.000000E+00  0.192900E+08
  0.185127E-02  0.192659E+08  0.192619E+08  0.171863E+06  0.168566E+06  0.000000E+00  0.192653E+08
  0.191401E-02  0.192401E+08  0.192361E+08  0.138590E+06  0.137851E+06  0.000000E+00  0.192395E+08
  0.197887E-02  0.192132E+08  0.192092E+08  0.104970E+06  0.105978E+06  0.000000E+00  0.192126E+08
  0.204594E-02  0.191852E+08  0.191811E+08  0.772603E+05  0.791919E+05  0.000000E+00  0.191845E+08
  0.211527E-02  0.191559E+08  0.191518E+08  0.601910E+05  0.622041E+05  0.000000E+00  0.191552E+08
  0.218695E-02  0.191253E+08  0.191213E+08  0.550238E+05  0.562609E+05  0.000000E+00  0.191247E+08
  0.226107E-02  0.190935E+08  0.190894E+08  0.588015E+05  0.584671E+05  0.000000E+00  0.190928E+08
  0.233769E-02  0.190603E+08  0.190562E+08  0.653519E+05  0.628911E+05  0.000000E+00  0.190596E+08
  0.241691E-02  0.190257E+08  0.190217E+08  0.678992E+05  0.632291E+05  0.000000E+00  0.190251E+08
  0.249882E-02  0.189897E+08  0.189856E+08  0.622618E+05  0.559255E+05  0.000000E+00  0.189891E+08
  0.258350E-02  0.189522E+08  0.189481E+08  0.490258E+05  0.421151E+05  0.000000E+00  0.189516E+08
  0.267105E-02  0.189132E+08  0.189091E+08  0.332756E+05  0.270530E+05  0.000000E+00  0.189126E+08
  0.276157E-02  0.188726E+08  0.188684E+08  0.216320E+05  0.169648E+05  0.000000E+00  0.188720E+08
  0.285516E-02  0.188304E+08  0.188262E+08  0.180656E+05  0.149734E+05  0.000000E+00  0.188298E+08
  0.295191E-02  0.187865E+08  0.187823E+08  0.211664E+05  0.188183E+05  0.000000E+00  0.187859E+08
  0.305195E-02  0.187409E+08  0.187366E+08  0.250895E+05  0.223645E+05  0.000000E+00  0.187403E+08
  0.315538E-02  0.186936E+08  0.186891E+08  0.239852E+05  0.203045E+05  0.000000E+00  0.186929E+08
  0.326231E-02  0.186444E+08  0.186399E+08  0.167356E+05  0.125724E+05  0.000000E+00  0.186437E+08
  0.337287E-02  0.185933E+08  0.185887E+08  0.784940E+04  0.446006E+04  0.000000E+00  0.185926E+08
  0.348717E-02  0.185403E+08  0.185357E+08  0.315275E+04  0.167186E+04  0.000000E+00  0.185396E+08
  0.360534E-02  0.184854E+08  0.184806E+08  0.393624E+04  0.457680E+04  0.000000E+00  0.184846E+08
  0.372752E-02  0.184284E+08  0.184235E+08  0.567055E+04  0.771999E+04  0.000000E+00  0.184276E+08
  0.385385E-02  0.183693E+08  0.183644E+08  0.339941E+04  0.589537E+04  0.000000E+00  0.183685E+08
  0.398445E-02  0.183081E+08  0.183030E+08 -0.189159E+04  0.351620E+03  0.000000E+00  0.183073E+08
  0.411948E-02  0.182447E+08  0.182396E+08 -0.419320E+04 -0.278831E+04  0.000000E+00  0.182439E+08
  0.425908E-02  0.181790E+08  0.181738E+08 -0.650321E+03 -0.767069E+03  0.000000E+00  0.181782E+08
  0.440341E-02  0.181111E+08  0.181058E+08  0.378405E+04  0.226151E+04  0.000000E+00  0.181103E+08
  0.455264E-02  0.180408E+08  0.180354E+08  0.309167E+04  0.662035E+04  0.000000E+00  0.180400E+08
  0.470692E-02  0.179681E+08  0.179625E+08 -0.600945E+03  0.130882E+05  0.000000E+00  0.179672E+08
  0.486644E-02  0.178930E+08  0.178872E+08 -0.568618E+03  0.000000E+00  0.000000E+00  0.178921E+08
  0.503135E-02  0.178153E+08  0.178094E+08  0.260447E+04  0.000000E+00  0.000000E+00  0.178144E+08
  0.520186E-02  0.177350E+08  0.177290E+08  0.188688E+04  0.000000E+00  0.000000E+00  0.177341E+08
  0.537814E-02  0.176522E+08  0.176459E+08 -0.245950E+04  0.000000E+00  0.000000E+00  0.176512E+08
  0.556040E-02  0.175666E+08  0.175602E+08 -0.285492E+04  0.000000E+00  0.000000E+00  0.175656E+08
  0.574884E-02  0.174783E+08  0.174717E+08  0.154483E+03  0.000000E+00  0.000000E+00  0.174773E+08
  0.594366E-02  0.173872E+08  0.173804E+08 -0.372683E+03  0.000000E+00  0.000000E+00  0.173862E+08
  0.614508E-02  0.172933E+08  0.172863E+08 -0.202698E+04  0.000000E+00  0.000000E+00  0.172922E+08
  0.635333E-02  0.171965E+08  0.171892E+08 -0.543384E+03  0.000000E+00  0.000000E+00  0.171953E+08
  0.656864E-02  0.170967E+08  0.170892E+08 -0.140941E+04  0.000000E+00  0.000000E+00  0.170955E+08
  0.679124E-02  0.169939E+08  0.169862E+08 -0.397656E+04  0.000000E+00  0.000000E+00  0.169927E+08
  0.702139E-02  0.168881E+08  0.168800E+08 -0.191987E+04  0.000000E+00  0.000000E+00  0.168868E+08
  0.725933E-02  0.167791E+08  0.167708E+08 -0.106748E+04  0.000000E+00  0.000000E+00  0.167778E+08
  0.750534E-02  0.166670E+08  0.166583E+08 -0.287933E+04  0.000000E+00  0.000000E+00  0.166656E+08
  0.775969E-02  0.165516E+08  0.165426E+08 -0.205944E+04  0.000000E+00  0.000000E+00  0.165502E+08
  0.802265E-02  0.164330E+08  0.164236E+08 -0.220054E+04  0.000000E+00  0.000000E+00  0.164315E+08
  0.829453E-02  0.163110E+08  0.163013E+08 -0.125530E+04  0.000000E+00  0.000000E+00  0.163095E+08
  0.857562E-02  0.161856E+08  0.161755E+08 -0.405117E+03  0.000000E+00  0.000000E+00  0.161841E+08
  0.886624E-02  0.160568E+08  0.160463E+08 -0.226670E+04  0.000000E+00  0.000000E+00  0.160552E+08
  0.916671E-02  0.159246E+08  0.159136E+08 -0.959583E+03  0.000000E+00  0.000000E+00  0.159228E+08
  0.947735E-02  0.157887E+08  0.157773E+08 -0.265422E+04  0.000000E+00  0.000000E+00  0.157869E+08
  0.979853E-02  0.156493E+08  0.156374E+08 -0.140417E+04  0.000000E+00  0.000000E+00  0.156474E+08
  0.101306E-01  0.155062E+08  0.154937E+08 -0.199293E+04  0.000000E+00  0.000000E+00  0.155043E+08
  0.104739E-01  0.153594E+08  0.153464E+08 -0.138740E+04  0.000000E+00  0.000000E+00  0.153574E+08
  0.108288E-01  0.152089E+08  0.151953E+08 -0.152589E+04  0.000000E+00  0.000000E+00  0.152068E+08
  0.111958E-01  0.150546E+08  0.150403E+08 -0.110842E+04  0.000000E+00  0.000000E+00  0.150523E+08
  0.115752E-01  0.148964E+08  0.148815E+08 -0.169557E+04  0.000000E+00  0.000000E+00  0.148941E+08
  0.119675E-01  0.147343E+08  0.147187E+08 -0.118962E+04  0.000000E+00  0.000000E+00  0.147319E+08
  0.123731E-01  0.145683E+08  0.145520E+08 -0.128252E+04  0.000000E+00  0.000000E+00  0.145657E+08
  0.127924E-01  0.143983E+08  0.143813E+08 -0.143554E+04  0.000000E+00  0.000000E+00  0.143956E+08
  0.132259E-01  0.142243E+08  0.142065E+08 -0.813704E+03  0.000000E+00  0.000000E+00  0.142215E+08
  0.136741E-01  0.140462E+08  0.140276E+08 -0.621811E+03  0.000000E+00  0.000000E+00  0.140433E+08
  0.141375E-01  0.138641E+08  0.138445E+08 -0.114000E+04  0.000000E+00  0.000000E+00  0.138610E+08
  0.146166E-01  0.136778E+08  0.136574E+08 -0.926492E+03  0.000000E+00  0.000000E+00  0.136746E+08
  0.151119E-01  0.134874E+08  0.134661E+08 -0.802305E+03  0.000000E+00  0.000000E+00  0.134841E+08
  0.156241E-01  0.132929E+08  0.132706E+08 -0.816821E+03  0.000000E+00  0.000000E+00  0.132894E+08
  0.161536E-01  0.130942E+08  0.130709E+08 -0.699361E+03  0.000000E+00  0.000000E+00  0.130906E+08
  0.167010E-01  0.128915E+08  0.128670E+08 -0.642925E+03  0.000000E+00  0.000000E+00  0.128876E+08
  0.172669E-01  0.126846E+08  0.126591E+08 -0.707707E+03  0.000000E+00  0.000000E+00  0.126806E+08
  0.178521E-01  0.124736E+08  0.124470E+08 -0.540432E+03  0.000000E+00  0.000000E+00  0.124694E+08
  0.184571E-01  0.122586E+08  0.122309E+08 -0.402003E+03  0.000000E+00  0.000000E+00  0.122543E+08
  0.190826E-01  0.120397E+08  0.120107E+08 -0.600345E+03  0.000000E+00  0.000000E+00  0.120352E+08
  0.197293E-01  0.118169E+08  0.117868E+08 -0.518821E+03  0.000000E+00  0.000000E+00  0.118122E+08
  0.203979E-01  0.115903E+08  0.115590E+08 -0.466971E+03  0.000000E+00  0.000000E+00  0.115855E+08
  0.210891E-01  0.113602E+08  0.113276E+08 -0.362691E+03  0.000000E+00  0.000000E+00  0.113551E+08
  0.218038E-01  0.111266E+08  0.110928E+08 -0.262617E+03  0.000000E+00  0.000000E+00  0.111213E+08
  0.225427E-01  0.108898E+08  0.108547E+08 -0.362221E+03  0.000000E+00  0.000000E+00  0.108843E+08
  0.233067E-01  0.106500E+08  0.106137E+08 -0.250579E+03  0.000000E+00  0.000000E+00  0.106443E+08
  0.240965E-01  0.104074E+08  0.103699E+08 -0.313458E+03  0.000000E+00  0.000000E+00  0.104016E+08
  0.249131E-01  0.101624E+08  0.101237E+08 -0.248013E+03  0.000000E+00  0.000000E+00  0.101564E+08
  0.257574E-01  0.991540E+07  0.987554E+07 -0.246003E+03  0.000000E+00  0.000000E+00  0.990918E+07
  0.266302E-01  0.966670E+07  0.962572E+07 -0.226026E+03  0.000000E+00  0.000000E+00  0.966029E+07
  0.275327E-01  0.941677E+07  0.937474E+07 -0.233597E+03  0.000000E+00  0.000000E+00  0.941020E+07
  0.284658E-01  0.916612E+07  0.912312E+07 -0.141809E+03  0.000000E+00  0.000000E+00  0.915940E+07
  0.294304E-01  0.891528E+07  0.887140E+07 -0.183299E+03  0.000000E+00  0.000000E+00  0.890842E+07
  0.304278E-01  0.866485E+07  0.862019E+07 -0.159999E+03  0.000000E+00  0.000000E+00  0.865787E+07
  0.314589E-01  0.841546E+07  0.837015E+07 -0.173507E+03  0.000000E+00  0.000000E+00  0.840838E+07
  0.325251E-01  0.816778E+07  0.812196E+07 -0.119229E+03  0.000000E+00  0.000000E+00  0.816062E+07
  0.336273E-01  0.792254E+07  0.787636E+07 -0.120767E+03  0.000000E+00  0.000000E+00  0.791532E+07
  0.347669E-01  0.768046E+07  0.763410E+07 -0.823564E+02  0.000000E+00  0.000000E+00  0.767321E+07
  0.359451E-01  0.744231E+07  0.739595E+07 -0.712015E+02  0.000000E+00  0.000000E+00  0.743506E+07
  0.371632E-01  0.720886E+07  0.716271E+07 -0.992757E+02  0.000000E+00  0.000000E+00  0.720164E+07
  0.384226E-01  0.698086E+07  0.693513E+07 -0.941128E+02  0.000000E+00  0.000000E+00  0.697371E+07
  0.397247E-01  0.675905E+07  0.671398E+07 -0.824837E+02  0.000000E+00  0.000000E+00  0.675201E+07
  0.410709E-01  0.654412E+07  0.649993E+07 -0.744036E+02  0.000000E+00  0.000000E+00  0.653722E+07
  0.424628E-01  0.633670E+07  0.629363E+07 -0.550359E+02  0.000000E+00  0.000000E+00  0.632997E+07
  0.439018E-01  0.613731E+07  0.609559E+07 -0.511006E+02  0.000000E+00  0.000000E+00  0.613079E+07
  0.453652E-01  0.594937E+07  0.590921E+07 -0.457728E+02  0.000000E+00  0.000000E+00  0.594310E+07
  0.468286E-01  0.577544E+07  0.573698E+07 -0.465216E+02  0.000000E+00  0.000000E+00  0.576943E+07
  0.482920E-01  0.561450E+07  0.557786E+07 -0.430579E+02  0.000000E+00  0.000000E+00  0.560878E+07
  0.497554E-01  0.546550E+07  0.543076E+07 -0.536912E+02  0.000000E+00  0.000000E+00  0.546007E+07
  0.512188E-01  0.532737E+07  0.529458E+07 -0.326543E+02  0.000000E+00  0.000000E+00  0.532225E+07
  0.526822E-01  0.519903E+07  0.516821E+07 -0.310736E+02  0.000000E+00  0.000000E+00  0.519421E+07
  0.541455E-01  0.507940E+07  0.505055E+07 -0.373691E+02  0.000000E+00  0.000000E+00  0.507489E+07
  0.556089E-01  0.496745E+07  0.494052E+07 -0.315840E+02  0.000000E+00  0.000000E+00  0.496324E+07
  0.570723E-01  0.486215E+07  0.483708E+07 -0.331054E+02  0.000000E+00  0.000000E+00  0.485823E+07
  0.585357E-01  0.476253E+07  0.473924E+07 -0.214474E+02  0.000000E+00  0.000000E+00  0.475890E+07
  0.599991E-01  0.466771E+07  0.464608E+07 -0.183785E+02  0.000000E+00  0.000000E+00  0.466433E+07
  0.614625E-01  0.457682E+07  0.455674E+07 -0.183666E+02  0.000000E+00  0.000000E+00  0.457368E+07
  0.629259E-01  0.448911E+07  0.447043E+07 -0.243580E+02  0.000000E+00  0.000000E+00  0.448620E+07
  0.643893E-01  0.440390E+07  0.438647E+07 -0.182756E+02  0.000000E+00  0.000000E+00  0.440118E+07
  0.658527E-01  0.432059E+07  0.430426E+07 -0.184707E+02  0.000000E+00  0.000000E+00  0.431804E+07
  0.673161E-01  0.423867E+07  0.422326E+07 -0.124601E+02  0.000000E+00  0.000000E+00  0.423626E+07
  0.687795E-01  0.415771E+07  0.414307E+07 -0.163791E+02  0.000000E+00  0.000000E+00  0.415542E+07
  0.702429E-01  0.407739E+07  0.406336E+07 -0.145244E+02  0.000000E+00  0.000000E+00  0.407519E+07
  0.717063E-01  0.399745E+07  0.398388E+07 -0.110017E+02  0.000000E+00  0.000000E+00  0.399533E+07
  0.731697E-01  0.391772E+07  0.390446E+07 -0.152971E+02  0.000000E+00  0.000000E+00  0.391565E+07
  0.746330E-01  0.383817E+07  0.382508E+07 -0.126453E+02  0.000000E+00  0.000000E+00  0.383613E+07
  0.760964E-01  0.375863E+07  0.374558E+07 -0.814583E+01  0.000000E+00  0.000000E+00  0.375659E+07
  0.775598E-01  0.367923E+07  0.366612E+07 -0.181841E+02  0.000000E+00  0.000000E+00  0.367718E+07
  0.790232E-01  0.360008E+07  0.358682E+07 -0.168364E+02  0.000000E+00  0.000000E+00  0.359801E+07
  0.804866E-01  0.352133E+07  0.350782E+07 -0.103268E+02  0.000000E+00  0.000000E+00  0.351922E+07
  0.819500E-01  0.344315E+07  0.342934E+07 -0.149387E+02  0.000000E+00  0.000000E+00  0.344099E+07
  0.834134E-01  0.336576E+07  0.335161E+07 -0.577776E+01  0.000000E+00  0.000000E+00  0.336355E+07
  0.848768E-01  0.328939E+07  0.327487E+07 -0.625078E+01  0.000000E+00  0.000000E+00  0.328712E+07
  0.863402E-01  0.321430E+07  0.319939E+07 -0.137605E+02  0.000000E+00  0.000000E+00  0.321197E+07
  0.878036E-01  0.314072E+07  0.312543E+07 -0.852412E+01  0.000000E+00  0.000000E+00  0.313833E+07
  0.892670E-01  0.306891E+07  0.305326E+07 -0.908710E+01  0.000000E+00  0.000000E+00  0.306646E+07
  0.907304E-01  0.299910E+07  0.298312E+07 -0.113836E+02  0.000000E+00  0.000000E+00  0.299660E+07
  0.921938E-01  0.293150E+07  0.291523E+07 -0.125746E+02  0.000000E+00  0.000000E+00  0.292896E+07
  0.940230E-01  0.285042E+07  0.283386E+07 -0.488764E+01  0.000000E+00  0.000000E+00  0.284783E+07
  0.958523E-01  0.277342E+07  0.275667E+07 -0.976535E+01  0.000000E+00  0.000000E+00  0.277081E+07
  0.976815E-01  0.270075E+07  0.268391E+07 -0.982461E+01  0.000000E+00  0.000000E+00  0.269812E+07
  0.995107E-01  0.263255E+07  0.261574E+07 -0.283909E+01  0.000000E+00  0.000000E+00  0.262993E+07
  0.101340E+00  0.256890E+07  0.255224E+07 -0.523792E+01  0.000000E+00  0.000000E+00  0.256630E+07
  0.103169E+00  0.250977E+07  0.249336E+07 -0.329613E+01  0.000000E+00  0.000000E+00  0.250720E+07
  0.104998E+00  0.245505E+07  0.243901E+07 -0.470139E+01  0.000000E+00  0.000000E+00  0.245254E+07
  0.106828E+00  0.240455E+07  0.238898E+07 -0.515072E+01  0.000000E+00  0.000000E+00  0.240212E+07
  0.108657E+00  0.235802E+07  0.234299E+07 -0.378981E+01  0.000000E+00  0.000000E+00  0.235567E+07
  0.110486E+00  0.231512E+07  0.230072E+07 -0.632566E+01  0.000000E+00  0.000000E+00  0.231287E+07
  0.112315E+00  0.227550E+07  0.226176E+07 -0.414167E+01  0.000000E+00  0.000000E+00  0.227335E+07
  0.114145E+00  0.223873E+07  0.222570E+07 -0.461693E+01  0.000000E+00  0.000000E+00  0.223670E+07
  0.115974E+00  0.220441E+07  0.219211E+07 -0.283862E+01  0.000000E+00  0.000000E+00  0.220249E+07
  0.117803E+00  0.217211E+07  0.216053E+07 -0.242763E+01  0.000000E+00  0.000000E+00  0.217030E+07
  0.119632E+00  0.214136E+07  0.213050E+07 -0.329685E+01  0.000000E+00  0.000000E+00  0.213967E+07
  0.121462E+00  0.211175E+07  0.210156E+07 -0.104442E+01  0.000000E+00  0.000000E+00  0.211016E+07
  0.123291E+00  0.208287E+07  0.207332E+07 -0.450140E+01  0.000000E+00  0.000000E+00  0.208138E+07
  0.125120E+00  0.205437E+07  0.204539E+07 -0.360981E+01  0.000000E+00  0.000000E+00  0.205297E+07
  0.126949E+00  0.202596E+07  0.201748E+07 -0.263917E+01  0.000000E+00  0.000000E+00  0.202463E+07
  0.128779E+00  0.199737E+07  0.198934E+07 -0.448745E+01  0.000000E+00  0.000000E+00  0.199612E+07
  0.130608E+00  0.196843E+07  0.196075E+07 -0.269357E+01  0.000000E+00  0.000000E+00  0.196723E+07
  0.132437E+00  0.193898E+07  0.193158E+07 -0.291154E+01  0.000000E+00  0.000000E+00  0.193782E+07
  0.134266E+00  0.190893E+07  0.190173E+07 -0.123939E+01  0.000000E+00  0.000000E+00  0.190780E+07
  0.136096E+00  0.187823E+07  0.187115E+07  0.000000E+00  0.000000E+00  0.000000E+00  0.187712E+07
  0.137925E+00  0.184690E+07  0.183988E+07  0.000000E+00  0.000000E+00  0.000000E+00  0.184580E+07
  0.139754E+00  0.181500E+07  0.180798E+07  0.000000E+00  0.000000E+00  0.000000E+00  0.181390E+07
  0.141583E+00  0.178264E+07  0.177555E+07  0.000000E+00  0.000000E+00  0.000000E+00  0.178153E+07
  0.143413E+00  0.174996E+07  0.174277E+07  0.000000E+00  0.000000E+00  0.000000E+00  0.174884E+07
  0.145242E+00  0.171715E+07  0.170982E+07  0.000000E+00  0.000000E+00  0.000000E+00  0.171600E+07
  0.147071E+00  0.168439E+07  0.167690E+07  0.000000E+00  0.000000E+00  0.000000E+00  0.168322E+07
  0.148900E+00  0.165189E+07  0.164422E+07  0.000000E+00  0.000000E+00  0.000000E+00  0.165069E+07
  0.150730E+00  0.161983E+07  0.161198E+07  0.000000E+00  0.000000E+00  0.000000E+00  0.161860E+07
  0.152559E+00  0.158841E+07  0.158040E+07  0.000000E+00  0.000000E+00  0.000000E+00  0.158716E+07
  0.154388E+00  0.155781E+07  0.154964E+07  0.000000E+00  0.000000E+00  0.000000E+00  0.155653E+07
  0.156217E+00  0.152820E+07  0.151990E+07  0.000000E+00  0.000000E+00  0.000000E+00  0.152690E+07
  0.158047E+00  0.149972E+07  0.149132E+07  0.000000E+00  0.000000E+00  0.000000E+00  0.149841E+07
  0.159876E+00  0.147250E+07  0.146404E+07  0.000000E+00  0.000000E+00  0.000000E+00  0.147118E+07
  0.161705E+00  0.144663E+07  0.143815E+07  0.000000E+00  0.000000E+00  0.000000E+00  0.144531E+07
  0.163534E+00  0.142219E+07  0.141372E+07  0.000000E+00  0.000000E+00  0.000000E+00  0.142086E+07
  0.165364E+00  0.139919E+07  0.139078E+07  0.000000E+00  0.000000E+00  0.000000E+00  0.139787E+07
  0.167193E+00  0.137762E+07  0.136931E+07  0.000000E+00  0.000000E+00  0.000000E+00  0.137632E+07
  0.169022E+00  0.135744E+07  0.134927E+07  0.000000E+00  0.000000E+00  0.000000E+00  0.135616E+07
  0.170851E+00  0.133858E+07  0.133059E+07  0.000000E+00  0.000000E+00  0.000000E+00  0.133734E+07
  0.172681E+00  0.132098E+07  0.131318E+07  0.000000E+00  0.000000E+00  0.000000E+00  0.131976E+07
  0.174510E+00  0.130451E+07  0.129695E+07  0.000000E+00  0.000000E+00  0.000000E+00  0.130333E+07
  0.176339E+00  0.128906E+07  0.128175E+07  0.000000E+00  0.000000E+00  0.000000E+00  0.128792E+07
  0.178168E+00  0.127449E+07  0.126744E+07  0.000000E+00  0.000000E+00  0.000000E+00  0.127339E+07
  0.179998E+00  0.126067E+07  0.125389E+07  0.000000E+00  0.000000E+00  0.000000E+00  0.125961E+07
  0.181827E+00  0.124744E+07  0.124094E+07  0.000000E+00  0.000000E+00  0.000000E+00  0.124643E+07
  0.183656E+00  0.123466E+07  0.122842E+07  0.000000E+00  0.000000E+00  0.000000E+00  0.123368E+07
  0.185485E+00  0.122217E+07  0.121618E+07  0.000000E+00  0.000000E+00  0.000000E+00  0.122123E+07
  0.187314E+00  0.120984E+07  0.120410E+07  0.000000E+00  0.000000E+00  0.000000E+00  0.120895E+07
  0.189144E+00  0.119757E+07  0.119206E+07  0.000000E+00  0.000000E+00  0.000000E+00  0.119671E+07
  0.190973E+00  0.118525E+07  0.117994E+07  0.000000E+00  0.000000E+00  0.000000E+00  0.118442E+07
  0.192802E+00  0.117280E+07  0.116766E+07  0.000000E+00  0.000000E+00  0.000000E+00  0.117200E+07
  0.194631E+00  0.116015E+07  0.115516E+07  0.000000E+00  0.000000E+00  0.000000E+00  0.115937E+07
  0.196461E+00  0.114726E+07  0.114239E+07  0.000000E+00  0.000000E+00  0.000000E+00  0.114650E+07
  0.198290E+00  0.113409E+07  0.112931E+07  0.000000E+00  0.000000E+00  0.000000E+00  0.113334E+07
  0.200119E+00  0.112064E+07  0.111593E+07  0.000000E+00  0.000000E+00  0.000000E+00  0.111990E+07
  0.201948E+00  0.110690E+07  0.110223E+07  0.000000E+00  0.000000E+00  0.000000E+00  0.110617E+07
  0.203778E+00  0.109291E+07  0.108826E+07  0.000000E+00  0.000000E+00  0.000000E+00  0.109218E+07
  0.205607E+00  0.107871E+07  0.107406E+07  0.000000E+00  0.000000E+00  0.000000E+00  0.107798E+07
  0.207436E+00  0.106436E+07  0.105968E+07  0.000000E+00  0.000000E+00  0.000000E+00  0.106363E+07
  0.209265E+00  0.104991E+07  0.104520E+07  0.000000E+00  0.000000E+00  0.000000E+00  0.104917E+07
  0.211095E+00  0.103544E+07  0.103068E+07  0.000000E+00  0.000000E+00  0.000000E+00  0.103469E+07
  0.212924E+00  0.102102E+07  0.101622E+07  0.000000E+00  0.000000E+00  0.000000E+00  0.102027E+07
  0.214753E+00  0.100672E+07  0.100187E+07  0.000000E+00  0.000000E+00  0.000000E+00  0.100596E+07
  0.216582E+00  0.992617E+06  0.987715E+06  0.000000E+00  0.000000E+00  0.000000E+00  0.991851E+06
  0.218412E+00  0.978779E+06  0.973831E+06  0.000000E+00  0.000000E+00  0.000000E+00  0.978006E+06
  0.220241E+00  0.965270E+06  0.960283E+06  0.000000E+00  0.000000E+00  0.000000E+00  0.964491E+06
  0.222070E+00  0.952148E+06  0.947132E+06  0.000000E+00  0.000000E+00  0.000000E+00  0.951365E+06
  0.223899E+00  0.939466E+06  0.934432E+06  0.000000E+00  0.000000E+00  0.000000E+00  0.938679E+06
  0.225729E+00  0.927262E+06  0.922224E+06  0.000000E+00  0.000000E+00  0.000000E+00  0.926475E+06
  0.227558E+00  0.915564E+06  0.910535E+06  0.000000E+00  0.000000E+00  0.000000E+00  0.914778E+06
  0.229387E+00  0.904386E+06  0.899382E+06  0.000000E+00  0.000000E+00  0.000000E+00  0.903604E+06
  0.231216E+00  0.893732E+06  0.888767E+06  0.000000E+00  0.000000E+00  0.000000E+00  0.892956E+06
  0.233046E+00  0.883594E+06  0.878682E+06  0.000000E+00  0.000000E+00  0.000000E+00  0.882827E+06
  0.234875E+00  0.873955E+06  0.869110E+06  0.000000E+00  0.000000E+00  0.000000E+00  0.873198E+06
  0.236704E+00  0.864790E+06  0.860022E+06  0.000000E+00  0.000000E+00  0.000000E+00  0.864045E+06
  0.238533E+00  0.856066E+06  0.851387E+06  0.000000E+00  0.000000E+00  0.000000E+00  0.855335E+06
  0.240363E+00  0.847748E+06  0.843166E+06  0.000000E+00  0.000000E+00  0.000000E+00  0.847032E+06
  0.242192E+00  0.839790E+06  0.835311E+06  0.000000E+00  0.000000E+00  0.000000E+00  0.839091E+06
  0.244021E+00  0.832142E+06  0.827770E+06  0.000000E+00  0.000000E+00  0.000000E+00  0.831459E+06
  0.245850E+00  0.824750E+06  0.820488E+06  0.000000E+00  0.000000E+00  0.000000E+00  0.824084E+06
  0.247680E+00  0.817564E+06  0.813410E+06  0.000000E+00  0.000000E+00  0.000000E+00  0.816914E+06
  0.249509E+00  0.810529E+06  0.806482E+06  0.000000E+00  0.000000E+00  0.000000E+00  0.809897E+06
  0.251338E+00  0.803599E+06  0.799655E+06  0.000000E+00  0.000000E+00  0.000000E+00  0.802983E+06
  0.253167E+00  0.796730E+06  0.792884E+06  0.000000E+00  0.000000E+00  0.000000E+00  0.796129E+06
  0.254997E+00  0.789884E+06  0.786128E+06  0.000000E+00  0.000000E+00  0.000000E+00  0.789297E+06
  0.256826E+00  0.783027E+06  0.779353E+06  0.000000E+00  0.000000E+00  0.000000E+00  0.782453E+06
  0.258655E+00  0.776133E+06  0.772532E+06  0.000000E+00  0.000000E+00  0.000000E+00  0.775570E+06
  0.260484E+00  0.769178E+06  0.765641E+06  0.000000E+00  0.000000E+00  0.000000E+00  0.768625E+06
  0.262314E+00  0.762147E+06  0.758663E+06  0.000000E+00  0.000000E+00  0.000000E+00  0.761602E+06
  0.264143E+00  0.755030E+06  0.751590E+06  0.000000E+00  0.000000E+00  0.000000E+00  0.754492E+06
  0.265972E+00  0.747826E+06  0.744420E+06  0.000000E+00  0.000000E+00  0.000000E+00  0.747293E+06
  0.267801E+00  0.740540E+06  0.737160E+06  0.000000E+00  0.000000E+00  0.000000E+00  0.740011E+06
  0.269631E+00  0.733182E+06  0.729820E+06  0.000000E+00  0.000000E+00  0.000000E+00  0.732657E+06
  0.271460E+00  0.725770E+06  0.722418E+06  0.000000E+00  0.000000E+00  0.000000E+00  0.725246E+06
  0.273289E+00  0.718323E+06  0.714976E+06  0.000000E+00  0.000000E+00  0.000000E+00  0.717800E+06
  0.275118E+00  0.710864E+06  0.707518E+06  0.000000E+00  0.000000E+00  0.000000E+00  0.710341E+06
  0.276947E+00  0.703417E+06  0.700067E+06  0.000000E+00  0.000000E+00  0.000000E+00  0.702894E+06
  0.278777E+00  0.696006E+06  0.692650E+06  0.000000E+00  0.000000E+00  0.000000E+00  0.695482E+06
  0.280606E+00  0.688657E+06  0.685294E+06  0.000000E+00  0.000000E+00  0.000000E+00  0.688132E+06
  0.282435E+00  0.681395E+06  0.678026E+06  0.000000E+00  0.000000E+00  0.000000E+00  0.680869E+06
  0.284264E+00  0.674245E+06  0.670872E+06  0.000000E+00  0.000000E+00  0.000000E+00  0.673718E+06
  0.286094E+00  0.667231E+06  0.663855E+06  0.000000E+00  0.000000E+00  0.000000E+00  0.666704E+06
  0.287923E+00  0.660374E+06  0.656998E+06  0.000000E+00  0.000000E+00  0.000000E+00  0.659846E+06
  0.289752E+00  0.653690E+06  0.650320E+06  0.000000E+00  0.000000E+00  0.000000E+00  0.653163E+06
  0.291581E+00  0.647193E+06  0.643832E+06  0.000000E+00  0.000000E+00  0.000000E+00  0.646668E+06
  0.293411E+00  0.640892E+06  0.637544E+06  0.000000E+00  0.000000E+00  0.000000E+00  0.640368E+06
  0.295240E+00  0.634790E+06  0.631462E+06  0.000000E+00  0.000000E+00  0.000000E+00  0.634270E+06
  0.297069E+00  0.628889E+06  0.625585E+06  0.000000E+00  0.000000E+00  0.000000E+00  0.628373E+06
  0.298898E+00  0.623186E+06  0.619911E+06  0.000000E+00  0.000000E+00  0.000000E+00  0.622675E+06
  0.300728E+00  0.617678E+06  0.614436E+06  0.000000E+00  0.000000E+00  0.000000E+00  0.617172E+06
  0.302557E+00  0.612356E+06  0.609151E+06  0.000000E+00  0.000000E+00  0.000000E+00  0.611856E+06
  0.304386E+00  0.607210E+06  0.604045E+06  0.000000E+00  0.000000E+00  0.000000E+00  0.606715E+06
  0.306215E+00  0.602224E+06  0.599103E+06  0.000000E+00  0.000000E+00  0.000000E+00  0.601737E+06
  0.308045E+00  0.597384E+06  0.594309E+06  0.000000E+00  0.000000E+00  0.000000E+00  0.596904E+06
  0.309874E+00  0.592672E+06  0.589644E+06  0.000000E+00  0.000000E+00  0.000000E+00  0.592199E+06
  0.311703E+00  0.588069E+06  0.585089E+06  0.000000E+00  0.000000E+00  0.000000E+00  0.587603E+06
  0.313532E+00  0.583556E+06  0.580624E+06  0.000000E+00  0.000000E+00  0.000000E+00  0.583098E+06
  0.315362E+00  0.579117E+06  0.576232E+06  0.000000E+00  0.000000E+00  0.000000E+00  0.578666E+06
  0.317191E+00  0.574736E+06  0.571896E+06  0.000000E+00  0.000000E+00  0.000000E+00  0.574292E+06
  0.319020E+00  0.570396E+06  0.567601E+06  0.000000E+00  0.000000E+00  0.000000E+00  0.569960E+06
  0.320849E+00  0.566086E+06  0.563332E+06  0.000000E+00  0.000000E+00  0.000000E+00  0.565656E+06
  0.322679E+00  0.561792E+06  0.559076E+06  0.000000E+00  0.000000E+00  0.000000E+00  0.561368E+06
  0.324508E+00  0.557503E+06  0.554823E+06  0.000000E+00  0.000000E+00  0.000000E+00  0.557085E+06
  0.326337E+00  0.553212E+06  0.550564E+06  0.000000E+00  0.000000E+00  0.000000E+00  0.552798E+06
  0.328166E+00  0.548912E+06  0.546292E+06  0.000000E+00  0.000000E+00  0.000000E+00  0.548502E+06
  0.329996E+00  0.544599E+06  0.542004E+06  0.000000E+00  0.000000E+00  0.000000E+00  0.544193E+06
  0.331825E+00  0.540272E+06  0.537700E+06  0.000000E+00  0.000000E+00  0.000000E+00  0.539870E+06
  0.333654E+00  0.535934E+06  0.533380E+06  0.000000E+00  0.000000E+00  0.000000E+00  0.535535E+06
  0.335483E+00  0.531588E+06  0.529050E+06  0.000000E+00  0.000000E+00  0.000000E+00  0.531192E+06
  0.337313E+00  0.527239E+06  0.524714E+06  0.000000E+00  0.000000E+00  0.000000E+00  0.526844E+06
  0.339142E+00  0.522892E+06  0.520378E+06  0.000000E+00  0.000000E+00  0.000000E+00  0.522499E+06
  0.340971E+00  0.518554E+06  0.516050E+06  0.000000E+00  0.000000E+00  0.000000E+00  0.518163E+06
  0.342800E+00  0.514233E+06  0.511737E+06  0.000000E+00  0.000000E+00  0.000000E+00  0.513843E+06
  0.344630E+00  0.509937E+06  0.507447E+06  0.000000E+00  0.000000E+00  0.000000E+00  0.509548E+06
  0.346459E+00  0.505674E+06  0.503191E+06  0.000000E+00  0.000000E+00  0.000000E+00  0.505286E+06
  0.348288E+00  0.501454E+06  0.498978E+06  0.000000E+00  0.000000E+00  0.000000E+00  0.501068E+06
  0.350117E+00  0.497287E+06  0.494817E+06  0.000000E+00  0.000000E+00  0.000000E+00  0.496901E+06
  0.351947E+00  0.493179E+06  0.490716E+06  0.000000E+00  0.000000E+00  0.000000E+00  0.492794E+06
  0.353776E+00  0.489138E+06  0.486683E+06  0.000000E+00  0.000000E+00  0.000000E+00  0.488754E+06
  0.355605E+00  0.485169E+06  0.482724E+06  0.000000E+00  0.000000E+00  0.000000E+00  0.484787E+06
  0.357434E+00  0.481278E+06  0.478843E+06  0.000000E+00  0.000000E+00  0.000000E+00  0.480897E+06
  0.359264E+00  0.477465E+06  0.475043E+06  0.000000E+00  0.000000E+00  0.000000E+00  0.477087E+06
  0.361093E+00  0.473735E+06  0.471327E+06  0.000000E+00  0.000000E+00  0.000000E+00  0.473359E+06
  0.362922E+00  0.470087E+06  0.467694E+06  0.000000E+00  0.000000E+00  0.000000E+00  0.469713E+06
  0.364751E+00  0.466523E+06  0.464147E+06  0.000000E+00  0.000000E+00  0.000000E+00  0.466151E+06
  0.366580E+00  0.463040E+06  0.460683E+06  0.000000E+00  0.000000E+00  0.000000E+00  0.462672E+06
  0.368410E+00  0.459637E+06  0.457299E+06  0.000000E+00  0.000000E+00  0.000000E+00  0.459271E+06
  0.370239E+00  0.456309E+06  0.453993E+06  0.000000E+00  0.000000E+00  0.000000E+00  0.455947E+06
  0.372068E+00  0.453053E+06  0.450758E+06  0.000000E+00  0.000000E+00  0.000000E+00  0.452694E+06
  0.373897E+00  0.449861E+06  0.447589E+06  0.000000E+00  0.000000E+00  0.000000E+00  0.449506E+06
  0.375727E+00  0.446729E+06  0.444480E+06  0.000000E+00  0.000000E+00  0.000000E+00  0.446377E+06
  0.377556E+00  0.443650E+06  0.441425E+06  0.000000E+00  0.000000E+00  0.000000E+00  0.443302E+06
  0.379385E+00  0.440618E+06  0.438416E+06  0.000000E+00  0.000000E+00  0.000000E+00  0.440274E+06
  0.381214E+00  0.437627E+06  0.435450E+06  0.000000E+00  0.000000E+00  0.000000E+00  0.437287E+06
  0.383044E+00  0.434673E+06  0.432518E+06  0.000000E+00  0.000000E+00  0.000000E+00  0.434337E+06
  0.384873E+00  0.431750E+06  0.429617E+06  0.000000E+00  0.000000E+00  0.000000E+00  0.431416E+06
  0.386702E+00  0.428851E+06  0.426740E+06  0.000000E+00  0.000000E+00  0.000000E+00  0.428521E+06
  0.388531E+00  0.425973E+06  0.423883E+06  0.000000E+00  0.000000E+00  0.000000E+00  0.425647E+06
  0.390361E+00  0.423111E+06  0.421040E+06  0.000000E+00  0.000000E+00  0.000000E+00  0.422788E+06
  0.392190E+00  0.420262E+06  0.418209E+06  0.000000E+00  0.000000E+00  0.000000E+00  0.419941E+06
  0.394019E+00  0.417422E+06  0.415387E+06  0.000000E+00  0.000000E+00  0.000000E+00  0.417104E+06
  0.395848E+00  0.414592E+06  0.412573E+06  0.000000E+00  0.000000E+00  0.000000E+00  0.414277E+06
  0.397678E+00  0.411770E+06  0.409766E+06  0.000000E+00  0.000000E+00  0.000000E+00  0.411457E+06
  0.399507E+00  0.408957E+06  0.406966E+06  0.000000E+00  0.000000E+00  0.000000E+00  0.408646E+06
  0.401336E+00  0.406153E+06  0.404174E+06  0.000000E+00  0.000000E+00  0.000000E+00  0.405843E+06
  0.403165E+00  0.403358E+06  0.401391E+06  0.000000E+00  0.000000E+00  0.000000E+00  0.403051E+06
  0.404995E+00  0.400574E+06  0.398619E+06  0.000000E+00  0.000000E+00  0.000000E+00  0.400269E+06
  0.406824E+00  0.397804E+06  0.395858E+06  0.000000E+00  0.000000E+00  0.000000E+00  0.397500E+06
  0.408653E+00  0.395048E+06  0.393111E+06  0.000000E+00  0.000000E+00  0.000000E+00  0.394745E+06
  0.410482E+00  0.392310E+06  0.390383E+06  0.000000E+00  0.000000E+00  0.000000E+00  0.392009E+06
  0.412312E+00  0.389593E+06  0.387674E+06  0.000000E+00  0.000000E+00  0.000000E+00  0.389293E+06
  0.414141E+00  0.386900E+06  0.384990E+06  0.000000E+00  0.000000E+00  0.000000E+00  0.386602E+06
  0.415970E+00  0.384234E+06  0.382332E+06  0.000000E+00  0.000000E+00  0.000000E+00  0.383937E+06
  0.417799E+00  0.381598E+06  0.379704E+06  0.000000E+00  0.000000E+00  0.000000E+00  0.381302E+06
  0.419629E+00  0.378992E+06  0.377107E+06  0.000000E+00  0.000000E+00  0.000000E+00  0.378698E+06
  0.421458E+00  0.376420E+06  0.374544E+06  0.000000E+00  0.000000E+00  0.000000E+00  0.376127E+06
  0.423287E+00  0.373883E+06  0.372016E+06  0.000000E+00  0.000000E+00  0.000000E+00  0.373591E+06
  0.425116E+00  0.371381E+06  0.369524E+06  0.000000E+00  0.000000E+00  0.000000E+00  0.371091E+06
  0.426946E+00  0.368917E+06  0.367070E+06  0.000000E+00  0.000000E+00  0.000000E+00  0.368628E+06
  0.428775E+00  0.366490E+06  0.364654E+06  0.000000E+00  0.000000E+00  0.000000E+00  0.366203E+06
  0.430604E+00  0.364102E+06  0.362277E+06  0.000000E+00  0.000000E+00  0.000000E+00  0.363816E+06
  0.432433E+00  0.361751E+06  0.359938E+06  0.000000E+00  0.000000E+00  0.000000E+00  0.361468E+06
  0.434263E+00  0.359438E+06  0.357636E+06  0.000000E+00  0.000000E+00  0.000000E+00  0.359156E+06
  0.436092E+00  0.357160E+06  0.355371E+06  0.000000E+00  0.000000E+00  0.000000E+00  0.356880E+06
  0.437921E+00  0.354916E+06  0.353140E+06  0.000000E+00  0.000000E+00  0.000000E+00  0.354638E+06
  0.439750E+00  0.352704E+06  0.350941E+06  0.000000E+00  0.000000E+00  0.000000E+00  0.352428E+06
  0.441580E+00  0.350523E+06  0.348773E+06  0.000000E+00  0.000000E+00  0.000000E+00  0.350249E+06
  0.443409E+00  0.348370E+06  0.346633E+06  0.000000E+00  0.000000E+00  0.000000E+00  0.348099E+06
  0.445238E+00  0.346244E+06  0.344521E+06  0.000000E+00  0.000000E+00  0.000000E+00  0.345975E+06
  0.447067E+00  0.344144E+06  0.342434E+06  0.000000E+00  0.000000E+00  0.000000E+00  0.343876E+06
  0.448896E+00  0.342066E+06  0.340369E+06  0.000000E+00  0.000000E+00  0.000000E+00  0.341801E+06
  0.450726E+00  0.340009E+06  0.338325E+06  0.000000E+00  0.000000E+00  0.000000E+00  0.339746E+06
  0.452555E+00  0.337970E+06  0.336299E+06  0.000000E+00  0.000000E+00  0.000000E+00  0.337709E+06
  0.454384E+00  0.335948E+06  0.334289E+06  0.000000E+00  0.000000E+00  0.000000E+00  0.335689E+06
  0.456213E+00  0.333942E+06  0.332294E+06  0.000000E+00  0.000000E+00  0.000000E+00  0.333684E+06
  0.458043E+00  0.331949E+06  0.330313E+06  0.000000E+00  0.000000E+00  0.000000E+00  0.331693E+06
  0.459872E+00  0.329968E+06  0.328344E+06  0.000000E+00  0.000000E+00  0.000000E+00  0.329715E+06
  0.461701E+00  0.328001E+06  0.326387E+06  0.000000E+00  0.000000E+00  0.000000E+00  0.327749E+06
  0.463530E+00  0.326045E+06  0.324442E+06  0.000000E+00  0.000000E+00  0.000000E+00  0.325794E+06
  0.465360E+00  0.324101E+06  0.322507E+06  0.000000E+00  0.000000E+00  0.000000E+00  0.323852E+06
  0.467189E+00  0.322168E+06  0.320584E+06  0.000000E+00  0.000000E+00  0.000000E+00  0.321920E+06
  0.469018E+00  0.320245E+06  0.318670E+06  0.000000E+00  0.000000E+00  0.000000E+00  0.319999E+06
  0.470847E+00  0.318334E+06  0.316768E+06  0.000000E+00  0.000000E+00  0.000000E+00  0.318090E+06
  0.472677E+00  0.316435E+06  0.314877E+06  0.000000E+00  0.000000E+00  0.000000E+00  0.316192E+06
  0.474506E+00  0.314548E+06  0.312998E+06  0.000000E+00  0.000000E+00  0.000000E+00  0.314306E+06
  0.476335E+00  0.312674E+06  0.311132E+06  0.000000E+00  0.000000E+00  0.000000E+00  0.312433E+06
  0.478164E+00  0.310814E+06  0.309280E+06  0.000000E+00  0.000000E+00  0.000000E+00  0.310575E+06
  0.479994E+00  0.308970E+06  0.307443E+06  0.000000E+00  0.000000E+00  0.000000E+00  0.308731E+06
  0.481823E+00  0.307141E+06  0.305622E+06  0.000000E+00  0.000000E+00  0.000000E+00  0.306904E+06
  0.483652E+00  0.305328E+06  0.303817E+06  0.000000E+00  0.000000E+00  0.000000E+00  0.305092E+06
  0.485481E+00  0.303532E+06  0.302028E+06  0.000000E+00  0.000000E+00  0.000000E+00  0.303297E+06
  0.487311E+00  0.301754E+06  0.300257E+06  0.000000E+00  0.000000E+00  0.000000E+00  0.301520E+06
  0.489140E+00  0.299993E+06  0.298504E+06  0.000000E+00  0.000000E+00  0.000000E+00  0.299761E+06
  0.490969E+00  0.298251E+06  0.296770E+06  0.000000E+00  0.000000E+00  0.000000E+00  0.298020E+06
  0.492798E+00  0.296529E+06  0.295055E+06  0.000000E+00  0.000000E+00  0.000000E+00  0.296298E+06
  0.494628E+00  0.294826E+06  0.293359E+06  0.000000E+00  0.000000E+00  0.000000E+00  0.294596E+06
  0.496457E+00  0.293142E+06  0.291684E+06  0.000000E+00  0.000000E+00  0.000000E+00  0.292914E+06
  0.498286E+00  0.291478E+06  0.290027E+06  0.000000E+00  0.000000E+00  0.000000E+00  0.291251E+06
  0.500115E+00  0.289832E+06  0.288390E+06  0.000000E+00  0.000000E+00  0.000000E+00  0.289607E+06
  0.501945E+00  0.288205E+06  0.286771E+06  0.000000E+00  0.000000E+00  0.000000E+00  0.287981E+06
  0.503774E+00  0.286596E+06  0.285171E+06  0.000000E+00  0.000000E+00  0.000000E+00  0.286374E+06
  0.505603E+00  0.285005E+06  0.283588E+06  0.000000E+00  0.000000E+00  0.000000E+00  0.284784E+06
  0.507432E+00  0.283431E+06  0.282022E+06  0.000000E+00  0.000000E+00  0.000000E+00  0.283211E+06
  0.509262E+00  0.281874E+06  0.280474E+06  0.000000E+00  0.000000E+00  0.000000E+00  0.281655E+06
  0.511091E+00  0.280333E+06  0.278941E+06  0.000000E+00  0.000000E+00  0.000000E+00  0.280115E+06
  0.512920E+00  0.278807E+06  0.277424E+06  0.000000E+00  0.000000E+00  0.000000E+00  0.278591E+06
  0.514749E+00  0.277296E+06  0.275921E+06  0.000000E+00  0.000000E+00  0.000000E+00  0.277081E+06
  0.516579E+00  0.275798E+06  0.274431E+06  0.000000E+00  0.000000E+00  0.000000E+00  0.275584E+06
  0.518408E+00  0.274313E+06  0.272954E+06  0.000000E+00  0.000000E+00  0.000000E+00  0.274101E+06
  0.520237E+00  0.272840E+06  0.271490E+06  0.000000E+00  0.000000E+00  0.000000E+00  0.272629E+06
  0.522066E+00  0.271379E+06  0.270036E+06  0.000000E+00  0.000000E+00  0.000000E+00  0.271169E+06
  0.523896E+00  0.269929E+06  0.268594E+06  0.000000E+00  0.000000E+00  0.000000E+00  0.269720E+06
  0.525725E+00  0.268489E+06  0.267163E+06  0.000000E+00  0.000000E+00  0.000000E+00  0.268282E+06
  0.527554E+00  0.267061E+06  0.265742E+06  0.000000E+00  0.000000E+00  0.000000E+00  0.266855E+06
  0.529383E+00  0.265642E+06  0.264330E+06  0.000000E+00  0.000000E+00  0.000000E+00  0.265437E+06
  0.531213E+00  0.264233E+06  0.262929E+06  0.000000E+00  0.000000E+00  0.000000E+00  0.264030E+06
  0.533042E+00  0.262834E+06  0.261536E+06  0.000000E+00  0.000000E+00  0.000000E+00  0.262631E+06
  0.534871E+00  0.261444E+06  0.260153E+06  0.000000E+00  0.000000E+00  0.000000E+00  0.261242E+06
  0.536700E+00  0.260062E+06  0.258778E+06  0.000000E+00  0.000000E+00  0.000000E+00  0.259862E+06
  0.538530E+00  0.258691E+06  0.257413E+06  0.000000E+00  0.000000E+00  0.000000E+00  0.258491E+06
  0.540359E+00  0.257329E+06  0.256058E+06  0.000000E+00  0.000000E+00  0.000000E+00  0.257130E+06
  0.542188E+00  0.255976E+06  0.254712E+06  0.000000E+00  0.000000E+00  0.000000E+00  0.255779E+06
  0.544017E+00  0.254634E+06  0.253375E+06  0.000000E+00  0.000000E+00  0.000000E+00  0.254437E+06
  0.545846E+00  0.253302E+06  0.252049E+06  0.000000E+00  0.000000E+00  0.000000E+00  0.253106E+06
  0.547676E+00  0.251979E+06  0.250733E+06  0.000000E+00  0.000000E+00  0.000000E+00  0.251785E+06
  0.549505E+00  0.250667E+06  0.249427E+06  0.000000E+00  0.000000E+00  0.000000E+00  0.250473E+06
  0.551334E+00  0.249365E+06  0.248131E+06  0.000000E+00  0.000000E+00  0.000000E+00  0.249172E+06
  0.553163E+00  0.248074E+06  0.246845E+06  0.000000E+00  0.000000E+00  0.000000E+00  0.247882E+06
  0.554993E+00  0.246793E+06  0.245571E+06  0.000000E+00  0.000000E+00  0.000000E+00  0.246602E+06
  0.556822E+00  0.245524E+06  0.244307E+06  0.000000E+00  0.000000E+00  0.000000E+00  0.245334E+06
  0.558651E+00  0.244266E+06  0.243055E+06  0.000000E+00  0.000000E+00  0.000000E+00  0.244077E+06
  0.560480E+00  0.243019E+06  0.241814E+06  0.000000E+00  0.000000E+00  0.000000E+00  0.242831E+06
  0.562310E+00  0.241783E+06  0.240584E+06  0.000000E+00  0.000000E+00  0.000000E+00  0.241596E+06
  0.564139E+00  0.240558E+06  0.239365E+06  0.000000E+00  0.000000E+00  0.000000E+00  0.240372E+06
  0.565968E+00  0.239344E+06  0.238157E+06  0.000000E+00  0.000000E+00  0.000000E+00  0.239159E+06
  0.567797E+00  0.238141E+06  0.236960E+06  0.000000E+00  0.000000E+00  0.000000E+00  0.237956E+06
  0.569627E+00  0.236948E+06  0.235773E+06  0.000000E+00  0.000000E+00  0.000000E+00  0.236765E+06
  0.571456E+00  0.235767E+06  0.234597E+06  0.000000E+00  0.000000E+00  0.000000E+00  0.235584E+06
  0.573285E+00  0.234595E+06  0.233432E+06  0.000000E+00  0.000000E+00  0.000000E+00  0.234414E+06
  0.575114E+00  0.233435E+06  0.232277E+06  0.000000E+00  0.000000E+00  0.000000E+00  0.233254E+06
  0.576944E+00  0.232284E+06  0.231132E+06  0.000000E+00  0.000000E+00  0.000000E+00  0.232104E+06
  0.578773E+00  0.231143E+06  0.229997E+06  0.000000E+00  0.000000E+00  0.000000E+00  0.230964E+06
  0.580602E+00  0.230011E+06  0.228871E+06  0.000000E+00  0.000000E+00  0.000000E+00  0.229833E+06
  0.699499E+00  0.171523E+06  0.170674E+06  0.000000E+00  0.000000E+00  0.000000E+00  0.171390E+06
  0.854371E+00  0.124546E+06  0.123930E+06  0.000000E+00  0.000000E+00  0.000000E+00  0.124450E+06
  0.104353E+01  0.900071E+05  0.895617E+05  0.000000E+00  0.000000E+00  0.000000E+00  0.899375E+05
  0.127457E+01  0.647679E+05  0.644473E+05  0.000000E+00  0.000000E+00  0.000000E+00  0.647178E+05
  0.155676E+01  0.464242E+05  0.461944E+05  0.000000E+00  0.000000E+00  0.000000E+00  0.463883E+05
  0.190144E+01  0.331573E+05  0.329930E+05  0.000000E+00  0.000000E+00  0.000000E+00  0.331317E+05
  0.232242E+01  0.236047E+05  0.234875E+05  0.000000E+00  0.000000E+00  0.000000E+00  0.235864E+05
  0.283661E+01  0.167540E+05  0.166707E+05  0.000000E+00  0.000000E+00  0.000000E+00  0.167410E+05
  0.346464E+01  0.118589E+05  0.117998E+05  0.000000E+00  0.000000E+00  0.000000E+00  0.118497E+05
  0.423172E+01  0.837290E+04  0.833094E+04  0.000000E+00  0.000000E+00  0.000000E+00  0.836634E+04
  0.516864E+01  0.589785E+04  0.586808E+04  0.000000E+00  0.000000E+00  0.000000E+00  0.589320E+04
  0.631299E+01  0.414549E+04  0.412434E+04  0.000000E+00  0.000000E+00  0.000000E+00  0.414218E+04
  0.771071E+01  0.290798E+04  0.289291E+04  0.000000E+00  0.000000E+00  0.000000E+00  0.290562E+04
  0.941788E+01  0.203611E+04  0.202532E+04  0.000000E+00  0.000000E+00  0.000000E+00  0.203443E+04
  0.115030E+02  0.142319E+04  0.141539E+04  0.000000E+00  0.000000E+00  0.000000E+00  0.142197E+04
  0.140498E+02  0.993163E+03  0.987458E+03  0.000000E+00  0.000000E+00  0.000000E+00  0.992271E+03
  0.171605E+02  0.692022E+03  0.687772E+03  0.000000E+00  0.000000E+00  0.000000E+00  0.691358E+03
  0.209599E+02  0.481501E+03  0.478260E+03  0.000000E+00  0.000000E+00  0.000000E+00  0.480995E+03
  0.256004E+02  0.334567E+03  0.332020E+03  0.000000E+00  0.000000E+00  0.000000E+00  0.334169E+03
  0.312685E+02  0.232166E+03  0.230093E+03  0.000000E+00  0.000000E+00  0.000000E+00  0.231842E+03
  0.381914E+02  0.160900E+03  0.159149E+03  0.000000E+00  0.000000E+00  0.000000E+00  0.160626E+03
  0.466470E+02  0.111367E+03  0.109831E+03  0.000000E+00  0.000000E+00  0.000000E+00  0.111127E+03
  0.569749E+02  0.769803E+02  0.755860E+02  0.000000E+00  0.000000E+00  0.000000E+00  0.767625E+02
  0.695893E+02  0.531361E+02  0.518331E+02  0.000000E+00  0.000000E+00  0.000000E+00  0.529325E+02
  0.849965E+02  0.366196E+02  0.353749E+02  0.000000E+00  0.000000E+00  0.000000E+00  0.364251E+02
  0.103815E+03  0.251902E+02  0.239831E+02  0.000000E+00  0.000000E+00  0.000000E+00  0.250016E+02
