  0.351880E-05  0.119600E+08  0.119600E+08  0.159462E+08  0.159461E+08  0.000000E+00  0.119600E+08
  0.363805E-05  0.119600E+08  0.119600E+08  0.159461E+08  0.159461E+08  0.000000E+00  0.119600E+08
  0.376134E-05  0.119600E+08  0.119600E+08  0.159461E+08  0.159461E+08  0.000000E+00  0.119600E+08
  0.388880E-05  0.119600E+08  0.119600E+08  0.159460E+08  0.159460E+08  0.000000E+00  0.119600E+08
  0.402059E-05  0.119600E+08  0.119600E+08  0.159460E+08  0.159460E+08  0.000000E+00  0.119600E+08
  0.415684E-05  0.119600E+08  0.119600E+08  0.159460E+08  0.159459E+08  0.000000E+00  0.119600E+08
  0.429771E-05  0.119600E+08  0.119600E+08  0.159459E+08  0.159459E+08  0.000000E+00  0.119600E+08
  0.444336E-05  0.119600E+08  0.119600E+08  0.159459E+08  0.159458E+08  0.000000E+00  0.119600E+08
  0.459394E-05  0.119600E+08  0.119600E+08  0.159458E+08  0.159458E+08  0.000000E+00  0.119600E+08
  0.474962E-05  0.119600E+08  0.119600E+08  0.159457E+08  0.159457E+08  0.000000E+00  0.119600E+08
  0.491058E-05  0.119600E+08  0.119600E+08  0.159457E+08  0.159456E+08  0.000000E+00  0.119600E+08
  0.507699E-05  0.119600E+08  0.119600E+08  0.159456E+08  0.159456E+08  0.000000E+00  0.119600E+08
  0.524905E-05  0.119600E+08  0.119600E+08  0.159455E+08  0.159455E+08  0.000000E+00  0.119600E+08
  0.542693E-05  0.119600E+08  0.119600E+08  0.159455E+08  0.159454E+08  0.000000E+00  0.119600E+08
  0.561084E-05  0.119600E+08  0.119600E+08  0.159454E+08  0.159453E+08  0.000000E+00  0.119600E+08
  0.580099E-05  0.119600E+08  0.119600E+08  0.159453E+08  0.159452E+08  0.000000E+00  0.119600E+08
  0.599757E-05  0.119600E+08  0.119600E+08  0.159452E+08  0.159451E+08  0.000000E+00  0.119600E+08
  0.620082E-05  0.119600E+08  0.119600E+08  0.159451E+08  0.159450E+08  0.000000E+00  0.119600E+08
  0.641096E-05  0.119600E+08  0.119600E+08  0.159450E+08  0.159449E+08  0.000000E+00  0.119600E+08
  0.662822E-05  0.119600E+08  0.119600E+08  0.159449E+08  0.159448E+08  0.000000E+00  0.119600E+08
  0.685284E-05  0.119600E+08  0.119600E+08  0.159447E+08  0.159447E+08  0.000000E+00  0.119600E+08
  0.708508E-05  0.119600E+08  0.119600E+08  0.159446E+08  0.159445E+08  0.000000E+00  0.119600E+08
  0.732518E-05  0.119600E+08  0.119600E+08  0.159444E+08  0.159444E+08  0.000000E+00  0.119600E+08
  0.757342E-05  0.119600E+08  0.119600E+08  0.159443E+08  0.159442E+08  0.000000E+00  0.119600E+08
  0.783008E-05  0.119600E+08  0.119600E+08  0.159441E+08  0.159440E+08  0.000000E+00  0.119600E+08
  0.809543E-05  0.119600E+08  0.119600E+08  0.159440E+08  0.159439E+08  0.000000E+00  0.119600E+08
  0.836977E-05  0.119600E+08  0.119600E+08  0.159438E+08  0.159437E+08  0.000000E+00  0.119600E+08
  0.865341E-05  0.119600E+08  0.119600E+08  0.159436E+08  0.159435E+08  0.000000E+00  0.119600E+08
  0.894667E-05  0.119600E+08  0.119600E+08  0.159434E+08  0.159432E+08  0.000000E+00  0.119600E+08
  0.924986E-05  0.119600E+08  0.119600E+08  0.159431E+08  0.159430E+08  0.000000E+00  0.119600E+08
  0.956332E-05  0.119600E+08  0.119600E+08  0.159429E+08  0.159427E+08  0.000000E+00  0.119600E+08
  0.988741E-05  0.119600E+08  0.119600E+08  0.159426E+08  0.159425E+08  0.000000E+00  0.119600E+08
  0.102225E-04  0.119600E+08  0.119600E+08  0.159423E+08  0.159422E+08  0.000000E+00  0.119600E+08
  0.105689E-04  0.119600E+08  0.119600E+08  0.159420E+08  0.159419E+08  0.000000E+00  0.119600E+08
  0.109271E-04  0.119600E+08  0.119600E+08  0.159417E+08  0.159415E+08  0.000000E+00  0.119600E+08
  0.112974E-04  0.119600E+08  0.119600E+08  0.159414E+08  0.159412E+08  0.000000E+00  0.119600E+08
  0.116802E-04  0.119600E+08  0.119600E+08  0.159410E+08  0.159408E+08  0.000000E+00  0.119600E+08
  0.120761E-04  0.119600E+08  0.119600E+08  0.159406E+08  0.159404E+08  0.000000E+00  0.119600E+08
  0.124853E-04  0.119600E+08  0.119600E+08  0.159402E+08  0.159400E+08  0.000000E+00  0.119600E+08
  0.129084E-04  0.119600E+08  0.119600E+08  0.159398E+08  0.159395E+08  0.000000E+00  0.119600E+08
  0.133459E-04  0.119600E+08  0.119600E+08  0.159393E+08  0.159390E+08  0.000000E+00  0.119600E+08
  0.137981E-04  0.119600E+08  0.119600E+08  0.159388E+08  0.159385E+08  0.000000E+00  0.119600E+08
  0.142657E-04  0.119600E+08  0.119600E+08  0.159382E+08  0.159379E+08  0.000000E+00  0.119600E+08
  0.147492E-04  0.119600E+08  0.119600E+08  0.159376E+08  0.159373E+08  0.000000E+00  0.119600E+08
  0.152490E-04  0.119600E+08  0.119600E+08  0.159370E+08  0.159367E+08  0.000000E+00  0.119600E+08
  0.157658E-04  0.119600E+08  0.119600E+08  0.159364E+08  0.159360E+08  0.000000E+00  0.119600E+08
  0.163001E-04  0.119600E+08  0.119600E+08  0.159356E+08  0.159352E+08  0.000000E+00  0.119600E+08
  0.168525E-04  0.119600E+08  0.119600E+08  0.159349E+08  0.159345E+08  0.000000E+00  0.119600E+08
  0.174236E-04  0.119600E+08  0.119600E+08  0.159341E+08  0.159336E+08  0.000000E+00  0.119600E+08
  0.180140E-04  0.119600E+08  0.119600E+08  0.159332E+08  0.159327E+08  0.000000E+00  0.119600E+08
  0.186245E-04  0.119600E+08  0.119600E+08  0.159323E+08  0.159318E+08  0.000000E+00  0.119600E+08
  0.192557E-04  0.119600E+08  0.119600E+08  0.159313E+08  0.159307E+08  0.000000E+00  0.119600E+08
  0.199082E-04  0.119600E+08  0.119600E+08  0.159302E+08  0.159296E+08  0.000000E+00  0.119600E+08
  0.205829E-04  0.119600E+08  0.119600E+08  0.159291E+08  0.159284E+08  0.000000E+00  0.119600E+08
  0.212804E-04  0.119599E+08  0.119599E+08  0.159279E+08  0.159272E+08  0.000000E+00  0.119599E+08
  0.220016E-04  0.119599E+08  0.119599E+08  0.159266E+08  0.159258E+08  0.000000E+00  0.119599E+08
  0.227472E-04  0.119599E+08  0.119599E+08  0.159252E+08  0.159244E+08  0.000000E+00  0.119599E+08
  0.235181E-04  0.119599E+08  0.119599E+08  0.159237E+08  0.159229E+08  0.000000E+00  0.119599E+08
  0.243151E-04  0.119599E+08  0.119599E+08  0.159222E+08  0.159212E+08  0.000000E+00  0.119599E+08
  0.251391E-04  0.119599E+08  0.119599E+08  0.159205E+08  0.159195E+08  0.000000E+00  0.119599E+08
  0.259910E-04  0.119599E+08  0.119599E+08  0.159187E+08  0.159176E+08  0.000000E+00  0.119599E+08
  0.268718E-04  0.119599E+08  0.119599E+08  0.159167E+08  0.159156E+08  0.000000E+00  0.119599E+08
  0.277825E-04  0.119599E+08  0.119599E+08  0.159147E+08  0.159135E+08  0.000000E+00  0.119599E+08
  0.287240E-04  0.119599E+08  0.119599E+08  0.159125E+08  0.159112E+08  0.000000E+00  0.119599E+08
  0.296974E-04  0.119599E+08  0.119599E+08  0.159101E+08  0.159088E+08  0.000000E+00  0.119599E+08
  0.307038E-04  0.119599E+08  0.119599E+08  0.159076E+08  0.159061E+08  0.000000E+00  0.119599E+08
  0.317443E-04  0.119599E+08  0.119599E+08  0.159049E+08  0.159034E+08  0.000000E+00  0.119599E+08
  0.328201E-04  0.119599E+08  0.119599E+08  0.159020E+08  0.159004E+08  0.000000E+00  0.119599E+08
  0.339323E-04  0.119599E+08  0.119599E+08  0.158989E+08  0.158972E+08  0.000000E+00  0.119599E+08
  0.350822E-04  0.119598E+08  0.119598E+08  0.158957E+08  0.158938E+08  0.000000E+00  0.119598E+08
  0.362711E-04  0.119598E+08  0.119598E+08  0.158922E+08  0.158901E+08  0.000000E+00  0.119598E+08
  0.375003E-04  0.119598E+08  0.119598E+08  0.158884E+08  0.158862E+08  0.000000E+00  0.119598E+08
  0.387712E-04  0.119598E+08  0.119598E+08  0.158844E+08  0.158821E+08  0.000000E+00  0.119598E+08
  0.400851E-04  0.119598E+08  0.119598E+08  0.158801E+08  0.158776E+08  0.000000E+00  0.119598E+08
  0.414435E-04  0.119598E+08  0.119598E+08  0.158755E+08  0.158729E+08  0.000000E+00  0.119598E+08
  0.428480E-04  0.119598E+08  0.119598E+08  0.158706E+08  0.158678E+08  0.000000E+00  0.119598E+08
  0.443000E-04  0.119598E+08  0.119597E+08  0.158654E+08  0.158624E+08  0.000000E+00  0.119598E+08
  0.458013E-04  0.119597E+08  0.119597E+08  0.158598E+08  0.158566E+08  0.000000E+00  0.119597E+08
  0.473535E-04  0.119597E+08  0.119597E+08  0.158539E+08  0.158504E+08  0.000000E+00  0.119597E+08
  0.489582E-04  0.119597E+08  0.119597E+08  0.158475E+08  0.158438E+08  0.000000E+00  0.119597E+08
  0.506173E-04  0.119597E+08  0.119597E+08  0.158407E+08  0.158367E+08  0.000000E+00  0.119597E+08
  0.523327E-04  0.119597E+08  0.119596E+08  0.158334E+08  0.158292E+08  0.000000E+00  0.119596E+08
  0.541062E-04  0.119596E+08  0.119596E+08  0.158256E+08  0.158211E+08  0.000000E+00  0.119596E+08
  0.559398E-04  0.119596E+08  0.119596E+08  0.158173E+08  0.158125E+08  0.000000E+00  0.119596E+08
  0.578355E-04  0.119596E+08  0.119596E+08  0.158084E+08  0.158033E+08  0.000000E+00  0.119596E+08
  0.597955E-04  0.119595E+08  0.119595E+08  0.157989E+08  0.157935E+08  0.000000E+00  0.119595E+08
  0.618219E-04  0.119595E+08  0.119595E+08  0.157888E+08  0.157830E+08  0.000000E+00  0.119595E+08
  0.639169E-04  0.119595E+08  0.119595E+08  0.157779E+08  0.157717E+08  0.000000E+00  0.119595E+08
  0.660830E-04  0.119594E+08  0.119594E+08  0.157664E+08  0.157597E+08  0.000000E+00  0.119594E+08
  0.683225E-04  0.119594E+08  0.119594E+08  0.157540E+08  0.157469E+08  0.000000E+00  0.119594E+08
  0.706378E-04  0.119594E+08  0.119593E+08  0.157408E+08  0.157332E+08  0.000000E+00  0.119594E+08
  0.730317E-04  0.119593E+08  0.119593E+08  0.157267E+08  0.157186E+08  0.000000E+00  0.119593E+08
  0.755066E-04  0.119593E+08  0.119592E+08  0.157117E+08  0.157030E+08  0.000000E+00  0.119593E+08
  0.780654E-04  0.119592E+08  0.119592E+08  0.156956E+08  0.156864E+08  0.000000E+00  0.119592E+08
  0.807110E-04  0.119592E+08  0.119591E+08  0.156784E+08  0.156686E+08  0.000000E+00  0.119592E+08
  0.834462E-04  0.119591E+08  0.119591E+08  0.156601E+08  0.156496E+08  0.000000E+00  0.119591E+08
  0.862741E-04  0.119590E+08  0.119590E+08  0.156405E+08  0.156293E+08  0.000000E+00  0.119590E+08
  0.891978E-04  0.119590E+08  0.119589E+08  0.156196E+08  0.156076E+08  0.000000E+00  0.119590E+08
  0.922206E-04  0.119589E+08  0.119589E+08  0.155973E+08  0.155845E+08  0.000000E+00  0.119589E+08
  0.953458E-04  0.119588E+08  0.119588E+08  0.155735E+08  0.155598E+08  0.000000E+00  0.119588E+08
  0.985770E-04  0.119588E+08  0.119587E+08  0.155481E+08  0.155335E+08  0.000000E+00  0.119587E+08
  0.101918E-03  0.119587E+08  0.119586E+08  0.155210E+08  0.155054E+08  0.000000E+00  0.119587E+08
  0.105371E-03  0.119586E+08  0.119585E+08  0.154921E+08  0.154754E+08  0.000000E+00  0.119586E+08
  0.108942E-03  0.119585E+08  0.119584E+08  0.154612E+08  0.154434E+08  0.000000E+00  0.119585E+08
  0.112634E-03  0.119584E+08  0.119583E+08  0.154283E+08  0.154093E+08  0.000000E+00  0.119584E+08
  0.116451E-03  0.119583E+08  0.119582E+08  0.153931E+08  0.153729E+08  0.000000E+00  0.119582E+08
  0.120398E-03  0.119581E+08  0.119581E+08  0.153557E+08  0.153340E+08  0.000000E+00  0.119581E+08
  0.124478E-03  0.119580E+08  0.119579E+08  0.153157E+08  0.152926E+08  0.000000E+00  0.119580E+08
  0.128696E-03  0.119579E+08  0.119578E+08  0.152731E+08  0.152485E+08  0.000000E+00  0.119579E+08
  0.133058E-03  0.119577E+08  0.119577E+08  0.152277E+08  0.152015E+08  0.000000E+00  0.119577E+08
  0.137567E-03  0.119576E+08  0.119575E+08  0.151793E+08  0.151513E+08  0.000000E+00  0.119576E+08
  0.142229E-03  0.119574E+08  0.119573E+08  0.151277E+08  0.150979E+08  0.000000E+00  0.119574E+08
  0.147049E-03  0.119572E+08  0.119571E+08  0.150728E+08  0.150410E+08  0.000000E+00  0.119572E+08
  0.152032E-03  0.119570E+08  0.119569E+08  0.150142E+08  0.149804E+08  0.000000E+00  0.119570E+08
  0.157184E-03  0.119568E+08  0.119567E+08  0.149519E+08  0.149159E+08  0.000000E+00  0.119568E+08
  0.162511E-03  0.119566E+08  0.119565E+08  0.148856E+08  0.148472E+08  0.000000E+00  0.119566E+08
  0.168018E-03  0.119564E+08  0.119563E+08  0.148150E+08  0.147741E+08  0.000000E+00  0.119564E+08
  0.173712E-03  0.119561E+08  0.119560E+08  0.147399E+08  0.146963E+08  0.000000E+00  0.119561E+08
  0.179599E-03  0.119559E+08  0.119557E+08  0.146600E+08  0.146136E+08  0.000000E+00  0.119558E+08
  0.185685E-03  0.119556E+08  0.119554E+08  0.145751E+08  0.145257E+08  0.000000E+00  0.119556E+08
  0.191978E-03  0.119553E+08  0.119551E+08  0.144848E+08  0.144323E+08  0.000000E+00  0.119552E+08
  0.198484E-03  0.119549E+08  0.119548E+08  0.143889E+08  0.143331E+08  0.000000E+00  0.119549E+08
  0.205210E-03  0.119546E+08  0.119544E+08  0.142871E+08  0.142278E+08  0.000000E+00  0.119546E+08
  0.212165E-03  0.119542E+08  0.119541E+08  0.141790E+08  0.141160E+08  0.000000E+00  0.119542E+08
  0.219355E-03  0.119538E+08  0.119536E+08  0.140644E+08  0.139974E+08  0.000000E+00  0.119538E+08
  0.226788E-03  0.119534E+08  0.119532E+08  0.139428E+08  0.138717E+08  0.000000E+00  0.119534E+08
  0.234474E-03  0.119530E+08  0.119528E+08  0.138140E+08  0.137385E+08  0.000000E+00  0.119529E+08
  0.242420E-03  0.119525E+08  0.119523E+08  0.136775E+08  0.135975E+08  0.000000E+00  0.119525E+08
  0.250635E-03  0.119520E+08  0.119517E+08  0.135331E+08  0.134483E+08  0.000000E+00  0.119519E+08
  0.259129E-03  0.119514E+08  0.119512E+08  0.133803E+08  0.132905E+08  0.000000E+00  0.119514E+08
  0.267910E-03  0.119508E+08  0.119506E+08  0.132189E+08  0.131237E+08  0.000000E+00  0.119508E+08
  0.276990E-03  0.119502E+08  0.119499E+08  0.130484E+08  0.129477E+08  0.000000E+00  0.119502E+08
  0.286376E-03  0.119496E+08  0.119492E+08  0.128685E+08  0.127621E+08  0.000000E+00  0.119495E+08
  0.296081E-03  0.119489E+08  0.119485E+08  0.126789E+08  0.125664E+08  0.000000E+00  0.119488E+08
  0.306115E-03  0.119481E+08  0.119477E+08  0.124792E+08  0.123605E+08  0.000000E+00  0.119480E+08
  0.316489E-03  0.119473E+08  0.119469E+08  0.122691E+08  0.121439E+08  0.000000E+00  0.119472E+08
  0.327214E-03  0.119464E+08  0.119460E+08  0.120484E+08  0.119164E+08  0.000000E+00  0.119464E+08
  0.338303E-03  0.119455E+08  0.119451E+08  0.118167E+08  0.116777E+08  0.000000E+00  0.119454E+08
  0.349768E-03  0.119445E+08  0.119441E+08  0.115738E+08  0.114277E+08  0.000000E+00  0.119445E+08
  0.361621E-03  0.119435E+08  0.119430E+08  0.113196E+08  0.111661E+08  0.000000E+00  0.119434E+08
  0.373876E-03  0.119424E+08  0.119419E+08  0.110539E+08  0.108929E+08  0.000000E+00  0.119423E+08
  0.386546E-03  0.119412E+08  0.119407E+08  0.107767E+08  0.106080E+08  0.000000E+00  0.119411E+08
  0.399646E-03  0.119399E+08  0.119394E+08  0.104880E+08  0.103115E+08  0.000000E+00  0.119399E+08
  0.413189E-03  0.119386E+08  0.119380E+08  0.101878E+08  0.100035E+08  0.000000E+00  0.119385E+08
  0.427192E-03  0.119372E+08  0.119365E+08  0.987636E+07  0.968410E+07  0.000000E+00  0.119371E+08
  0.441669E-03  0.119357E+08  0.119350E+08  0.955391E+07  0.935377E+07  0.000000E+00  0.119355E+08
  0.456636E-03  0.119340E+08  0.119333E+08  0.922087E+07  0.901291E+07  0.000000E+00  0.119339E+08
  0.472111E-03  0.119323E+08  0.119315E+08  0.887775E+07  0.866210E+07  0.000000E+00  0.119322E+08
  0.488111E-03  0.119305E+08  0.119297E+08  0.852521E+07  0.830209E+07  0.000000E+00  0.119304E+08
  0.504652E-03  0.119285E+08  0.119277E+08  0.816407E+07  0.793376E+07  0.000000E+00  0.119284E+08
  0.521754E-03  0.119265E+08  0.119255E+08  0.779529E+07  0.755816E+07  0.000000E+00  0.119263E+08
  0.539436E-03  0.119243E+08  0.119233E+08  0.742001E+07  0.717652E+07  0.000000E+00  0.119241E+08
  0.557716E-03  0.119219E+08  0.119209E+08  0.703952E+07  0.679024E+07  0.000000E+00  0.119218E+08
  0.576617E-03  0.119195E+08  0.119184E+08  0.665533E+07  0.640093E+07  0.000000E+00  0.119193E+08
  0.596158E-03  0.119168E+08  0.119157E+08  0.626909E+07  0.601035E+07  0.000000E+00  0.119167E+08
  0.616361E-03  0.119141E+08  0.119128E+08  0.588264E+07  0.562046E+07  0.000000E+00  0.119139E+08
  0.637248E-03  0.119111E+08  0.119098E+08  0.549798E+07  0.523337E+07  0.000000E+00  0.119109E+08
  0.658844E-03  0.119080E+08  0.119066E+08  0.511725E+07  0.485134E+07  0.000000E+00  0.119077E+08
  0.681171E-03  0.119046E+08  0.119032E+08  0.474272E+07  0.447676E+07  0.000000E+00  0.119044E+08
  0.704255E-03  0.119011E+08  0.118996E+08  0.437677E+07  0.411210E+07  0.000000E+00  0.119009E+08
  0.728122E-03  0.118974E+08  0.118958E+08  0.402180E+07  0.375987E+07  0.000000E+00  0.118971E+08
  0.752797E-03  0.118935E+08  0.118918E+08  0.368026E+07  0.342258E+07  0.000000E+00  0.118932E+08
  0.778308E-03  0.118893E+08  0.118875E+08  0.335451E+07  0.310266E+07  0.000000E+00  0.118890E+08
  0.804684E-03  0.118849E+08  0.118831E+08  0.304682E+07  0.280241E+07  0.000000E+00  0.118846E+08
  0.831954E-03  0.118802E+08  0.118783E+08  0.275926E+07  0.252391E+07  0.000000E+00  0.118799E+08
  0.860148E-03  0.118753E+08  0.118733E+08  0.249364E+07  0.226893E+07  0.000000E+00  0.118750E+08
  0.889297E-03  0.118701E+08  0.118681E+08  0.225141E+07  0.203886E+07  0.000000E+00  0.118698E+08
  0.919434E-03  0.118647E+08  0.118625E+08  0.203359E+07  0.183460E+07  0.000000E+00  0.118643E+08
  0.950592E-03  0.118589E+08  0.118567E+08  0.184070E+07  0.165651E+07  0.000000E+00  0.118586E+08
  0.982807E-03  0.118529E+08  0.118505E+08  0.167267E+07  0.150431E+07  0.000000E+00  0.118525E+08
  0.101611E-02  0.118465E+08  0.118441E+08  0.152881E+07  0.137706E+07  0.000000E+00  0.118461E+08
  0.105055E-02  0.118397E+08  0.118373E+08  0.140777E+07  0.127313E+07  0.000000E+00  0.118394E+08
  0.108615E-02  0.118327E+08  0.118301E+08  0.130756E+07  0.119020E+07  0.000000E+00  0.118323E+08
  0.112296E-02  0.118252E+08  0.118226E+08  0.122558E+07  0.112531E+07  0.000000E+00  0.118248E+08
  0.116101E-02  0.118174E+08  0.118147E+08  0.115871E+07  0.107499E+07  0.000000E+00  0.118170E+08
  0.120036E-02  0.118092E+08  0.118065E+08  0.110347E+07  0.103541E+07  0.000000E+00  0.118088E+08
  0.124104E-02  0.118006E+08  0.117978E+08  0.105614E+07  0.100251E+07  0.000000E+00  0.118002E+08
  0.128309E-02  0.117916E+08  0.117887E+08  0.101305E+07  0.972341E+06  0.000000E+00  0.117911E+08
  0.132658E-02  0.117821E+08  0.117792E+08  0.970780E+06  0.941257E+06  0.000000E+00  0.117817E+08
  0.137153E-02  0.117722E+08  0.117692E+08  0.926450E+06  0.906229E+06  0.000000E+00  0.117717E+08
  0.141801E-02  0.117618E+08  0.117587E+08  0.877954E+06  0.865093E+06  0.000000E+00  0.117613E+08
  0.146607E-02  0.117509E+08  0.117478E+08  0.824167E+06  0.816764E+06  0.000000E+00  0.117504E+08
  0.151575E-02  0.117395E+08  0.117364E+08  0.765075E+06  0.761361E+06  0.000000E+00  0.117390E+08
  0.156712E-02  0.117276E+08  0.117244E+08  0.701793E+06  0.700210E+06  0.000000E+00  0.117271E+08
  0.162022E-02  0.117151E+08  0.117119E+08  0.636450E+06  0.635712E+06  0.000000E+00  0.117146E+08
  0.167513E-02  0.117020E+08  0.116988E+08  0.571927E+06  0.571046E+06  0.000000E+00  0.117015E+08
  0.173190E-02  0.116884E+08  0.116852E+08  0.511454E+06  0.509745E+06  0.000000E+00  0.116879E+08
  0.179059E-02  0.116741E+08  0.116709E+08  0.458116E+06  0.455154E+06  0.000000E+00  0.116736E+08
  0.185127E-02  0.116592E+08  0.116560E+08  0.414308E+06  0.409875E+06  0.000000E+00  0.116587E+08
  0.191401E-02  0.116436E+08  0.116404E+08  0.381251E+06  0.375261E+06  0.000000E+00  0.116431E+08
  0.197887E-02  0.116274E+08  0.116241E+08  0.358658E+06  0.351098E+06  0.000000E+00  0.116269E+08
  0.204594E-02  0.116104E+08  0.116072E+08  0.344666E+06  0.335549E+06  0.000000E+00  0.116099E+08
  0.211527E-02  0.115927E+08  0.115895E+08  0.336084E+06  0.325448E+06  0.000000E+00  0.115922E+08
  0.218695E-02  0.115742E+08  0.115710E+08  0.328978E+06  0.316918E+06  0.000000E+00  0.115737E+08
  0.226107E-02  0.115550E+08  0.115517E+08  0.319509E+06  0.306244E+06  0.000000E+00  0.115545E+08
  0.233769E-02  0.115349E+08  0.115317E+08  0.304852E+06  0.290790E+06  0.000000E+00  0.115344E+08
  0.241691E-02  0.115140E+08  0.115107E+08  0.283962E+06  0.269730E+06  0.000000E+00  0.115135E+08
  0.249882E-02  0.114923E+08  0.114890E+08  0.257915E+06  0.244328E+06  0.000000E+00  0.114917E+08
  0.258350E-02  0.114696E+08  0.114663E+08  0.229646E+06  0.217580E+06  0.000000E+00  0.114691E+08
  0.267105E-02  0.114460E+08  0.114426E+08  0.203047E+06  0.193248E+06  0.000000E+00  0.114455E+08
  0.276157E-02  0.114215E+08  0.114180E+08  0.181643E+06  0.174513E+06  0.000000E+00  0.114209E+08
  0.285516E-02  0.113959E+08  0.113925E+08  0.167269E+06  0.162709E+06  0.000000E+00  0.113954E+08
  0.295191E-02  0.113694E+08  0.113659E+08  0.159289E+06  0.156689E+06  0.000000E+00  0.113689E+08
  0.305195E-02  0.113418E+08  0.113382E+08  0.154810E+06  0.153215E+06  0.000000E+00  0.113413E+08
  0.315538E-02  0.113132E+08  0.113095E+08  0.149945E+06  0.148364E+06  0.000000E+00  0.113126E+08
  0.326231E-02  0.112834E+08  0.112797E+08  0.141697E+06  0.139420E+06  0.000000E+00  0.112828E+08
  0.337287E-02  0.112525E+08  0.112487E+08  0.129539E+06  0.126321E+06  0.000000E+00  0.112519E+08
  0.348717E-02  0.112205E+08  0.112166E+08  0.115755E+06  0.111741E+06  0.000000E+00  0.112199E+08
  0.360534E-02  0.111872E+08  0.111832E+08  0.104090E+06  0.995318E+05  0.000000E+00  0.111866E+08
  0.372752E-02  0.111528E+08  0.111487E+08  0.973029E+05  0.922649E+05  0.000000E+00  0.111521E+08
  0.385385E-02  0.111170E+08  0.111128E+08  0.951092E+05  0.894134E+05  0.000000E+00  0.111164E+08
  0.398445E-02  0.110800E+08  0.110757E+08  0.941155E+05  0.876316E+05  0.000000E+00  0.110793E+08
  0.411948E-02  0.110416E+08  0.110373E+08  0.901636E+05  0.832441E+05  0.000000E+00  0.110410E+08
  0.425908E-02  0.110019E+08  0.109974E+08  0.815955E+05  0.752315E+05  0.000000E+00  0.110012E+08
  0.440341E-02  0.109608E+08  0.109562E+08  0.707569E+05  0.661487E+05  0.000000E+00  0.109601E+08
  0.455264E-02  0.109183E+08  0.109136E+08  0.620552E+05  0.597939E+05  0.000000E+00  0.109176E+08
  0.470692E-02  0.108743E+08  0.108695E+08  0.579052E+05  0.574586E+05  0.000000E+00  0.108736E+08
  0.486644E-02  0.108288E+08  0.108239E+08  0.564178E+05  0.565116E+05  0.000000E+00  0.108281E+08
  0.503135E-02  0.107818E+08  0.107767E+08  0.535848E+05  0.532456E+05  0.000000E+00  0.107810E+08
  0.520186E-02  0.107333E+08  0.107280E+08  0.479771E+05  0.472063E+05  0.000000E+00  0.107325E+08
  0.537814E-02  0.106832E+08  0.106777E+08  0.424014E+05  0.417606E+05  0.000000E+00  0.106823E+08
  0.556040E-02  0.106314E+08  0.106257E+08  0.399215E+05  0.396430E+05  0.000000E+00  0.106305E+08
  0.574884E-02  0.105780E+08  0.105721E+08  0.392025E+05  0.391111E+05  0.000000E+00  0.105771E+08
  0.594366E-02  0.105229E+08  0.105168E+08  0.362700E+05  0.369465E+05  0.000000E+00  0.105219E+08
  0.614508E-02  0.104660E+08  0.104598E+08  0.309683E+05  0.335025E+05  0.000000E+00  0.104651E+08
  0.635333E-02  0.104075E+08  0.104010E+08  0.278507E+05  0.000000E+00  0.000000E+00  0.104064E+08
  0.656864E-02  0.103471E+08  0.103403E+08  0.286886E+05  0.000000E+00  0.000000E+00  0.103460E+08
  0.679124E-02  0.102849E+08  0.102779E+08  0.289410E+05  0.000000E+00  0.000000E+00  0.102838E+08
  0.702139E-02  0.102209E+08  0.102136E+08  0.257735E+05  0.000000E+00  0.000000E+00  0.102197E+08
  0.725933E-02  0.101549E+08  0.101474E+08  0.233579E+05  0.000000E+00  0.000000E+00  0.101538E+08
  0.750534E-02  0.100871E+08  0.100792E+08  0.240572E+05  0.000000E+00  0.000000E+00  0.100859E+08
  0.775969E-02  0.100173E+08  0.100091E+08  0.231538E+05  0.000000E+00  0.000000E+00  0.100160E+08
  0.802265E-02  0.994554E+07  0.993694E+07  0.193668E+05  0.000000E+00  0.000000E+00  0.994419E+07
  0.829453E-02  0.987175E+07  0.986278E+07  0.174676E+05  0.000000E+00  0.000000E+00  0.987034E+07
  0.857562E-02  0.979591E+07  0.978654E+07  0.165751E+05  0.000000E+00  0.000000E+00  0.979445E+07
  0.886624E-02  0.971799E+07  0.970819E+07  0.143328E+05  0.000000E+00  0.000000E+00  0.971646E+07
  0.916671E-02  0.963796E+07  0.962772E+07  0.141907E+05  0.000000E+00  0.000000E+00  0.963636E+07
  0.947735E-02  0.955578E+07  0.954507E+07  0.141391E+05  0.000000E+00  0.000000E+00  0.955411E+07
  0.979853E-02  0.947143E+07  0.946022E+07  0.122077E+05  0.000000E+00  0.000000E+00  0.946968E+07
  0.101306E-01  0.938488E+07  0.937314E+07  0.120365E+05  0.000000E+00  0.000000E+00  0.938304E+07
  0.104739E-01  0.929608E+07  0.928379E+07  0.107448E+05  0.000000E+00  0.000000E+00  0.929416E+07
  0.108288E-01  0.920502E+07  0.919214E+07  0.878543E+04  0.000000E+00  0.000000E+00  0.920301E+07
  0.111958E-01  0.911166E+07  0.909815E+07  0.926282E+04  0.000000E+00  0.000000E+00  0.910955E+07
  0.115752E-01  0.901597E+07  0.900181E+07  0.825495E+04  0.000000E+00  0.000000E+00  0.901376E+07
  0.119675E-01  0.891792E+07  0.890309E+07  0.797764E+04  0.000000E+00  0.000000E+00  0.891560E+07
  0.123731E-01  0.881750E+07  0.880194E+07  0.721518E+04  0.000000E+00  0.000000E+00  0.881507E+07
  0.127924E-01  0.871467E+07  0.869835E+07  0.666014E+04  0.000000E+00  0.000000E+00  0.871212E+07
  0.132259E-01  0.860940E+07  0.859230E+07  0.571725E+04  0.000000E+00  0.000000E+00  0.860673E+07
  0.136741E-01  0.850169E+07  0.848376E+07  0.531498E+04  0.000000E+00  0.000000E+00  0.849889E+07
  0.141375E-01  0.839151E+07  0.837271E+07  0.520441E+04  0.000000E+00  0.000000E+00  0.838857E+07
  0.146166E-01  0.827884E+07  0.825914E+07  0.490545E+04  0.000000E+00  0.000000E+00  0.827576E+07
  0.151119E-01  0.816368E+07  0.814304E+07  0.434211E+04  0.000000E+00  0.000000E+00  0.816046E+07
  0.156241E-01  0.804602E+07  0.802440E+07  0.398958E+04  0.000000E+00  0.000000E+00  0.804264E+07
  0.161536E-01  0.792586E+07  0.790323E+07  0.332850E+04  0.000000E+00  0.000000E+00  0.792232E+07
  0.167010E-01  0.780320E+07  0.777952E+07  0.351923E+04  0.000000E+00  0.000000E+00  0.779950E+07
  0.172669E-01  0.767805E+07  0.765329E+07  0.333809E+04  0.000000E+00  0.000000E+00  0.767418E+07
  0.178521E-01  0.755045E+07  0.752457E+07  0.262966E+04  0.000000E+00  0.000000E+00  0.754640E+07
  0.184571E-01  0.742041E+07  0.739339E+07  0.254180E+04  0.000000E+00  0.000000E+00  0.741619E+07
  0.190826E-01  0.728799E+07  0.725979E+07  0.255566E+04  0.000000E+00  0.000000E+00  0.728358E+07
  0.197293E-01  0.715323E+07  0.712384E+07  0.226267E+04  0.000000E+00  0.000000E+00  0.714864E+07
  0.203979E-01  0.701620E+07  0.698560E+07  0.183675E+04  0.000000E+00  0.000000E+00  0.701142E+07
  0.210891E-01  0.687700E+07  0.684516E+07  0.182207E+04  0.000000E+00  0.000000E+00  0.687202E+07
  0.218038E-01  0.673571E+07  0.670264E+07  0.180450E+04  0.000000E+00  0.000000E+00  0.673054E+07
  0.225427E-01  0.659247E+07  0.655815E+07  0.145320E+04  0.000000E+00  0.000000E+00  0.658711E+07
  0.233067E-01  0.644740E+07  0.641186E+07  0.137324E+04  0.000000E+00  0.000000E+00  0.644185E+07
  0.240965E-01  0.630069E+07  0.626392E+07  0.116173E+04  0.000000E+00  0.000000E+00  0.629494E+07
  0.249131E-01  0.615250E+07  0.611454E+07  0.112199E+04  0.000000E+00  0.000000E+00  0.614657E+07
  0.257574E-01  0.600307E+07  0.596395E+07  0.105235E+04  0.000000E+00  0.000000E+00  0.599695E+07
  0.266302E-01  0.585262E+07  0.581239E+07  0.921953E+03  0.000000E+00  0.000000E+00  0.584633E+07
  0.275327E-01  0.570143E+07  0.566015E+07  0.883095E+03  0.000000E+00  0.000000E+00  0.569498E+07
  0.284658E-01  0.554980E+07  0.550754E+07  0.861527E+03  0.000000E+00  0.000000E+00  0.554320E+07
  0.294304E-01  0.539805E+07  0.535491E+07  0.716928E+03  0.000000E+00  0.000000E+00  0.539131E+07
  0.304278E-01  0.524654E+07  0.520261E+07  0.613481E+03  0.000000E+00  0.000000E+00  0.523968E+07
  0.314589E-01  0.509565E+07  0.505107E+07  0.611610E+03  0.000000E+00  0.000000E+00  0.508868E+07
  0.325251E-01  0.494579E+07  0.490069E+07  0.556593E+03  0.000000E+00  0.000000E+00  0.493874E+07
  0.336273E-01  0.479739E+07  0.475192E+07  0.474313E+03  0.000000E+00  0.000000E+00  0.479029E+07
  0.347669E-01  0.465090E+07  0.460524E+07  0.444922E+03  0.000000E+00  0.000000E+00  0.464377E+07
  0.359451E-01  0.450678E+07  0.446111E+07  0.440060E+03  0.000000E+00  0.000000E+00  0.449964E+07
  0.371632E-01  0.436548E+07  0.432001E+07  0.390115E+03  0.000000E+00  0.000000E+00  0.435838E+07
  0.384226E-01  0.422748E+07  0.418241E+07  0.342101E+03  0.000000E+00  0.000000E+00  0.422044E+07
  0.397247E-01  0.409321E+07  0.404877E+07  0.307404E+03  0.000000E+00  0.000000E+00  0.408626E+07
  0.410709E-01  0.396308E+07  0.391951E+07  0.275638E+03  0.000000E+00  0.000000E+00  0.395627E+07
  0.424628E-01  0.383748E+07  0.379501E+07  0.246438E+03  0.000000E+00  0.000000E+00  0.383085E+07
  0.439018E-01  0.371673E+07  0.367559E+07  0.230572E+03  0.000000E+00  0.000000E+00  0.371031E+07
  0.453652E-01  0.360291E+07  0.356329E+07  0.191831E+03  0.000000E+00  0.000000E+00  0.359672E+07
  0.468286E-01  0.349754E+07  0.345960E+07  0.195157E+03  0.000000E+00  0.000000E+00  0.349162E+07
  0.482920E-01  0.340004E+07  0.336389E+07  0.166326E+03  0.000000E+00  0.000000E+00  0.339439E+07
  0.497554E-01  0.330975E+07  0.327548E+07  0.160684E+03  0.000000E+00  0.000000E+00  0.330439E+07
  0.512188E-01  0.322604E+07  0.319369E+07  0.151932E+03  0.000000E+00  0.000000E+00  0.322098E+07
  0.526822E-01  0.314825E+07  0.311785E+07  0.125334E+03  0.000000E+00  0.000000E+00  0.314350E+07
  0.541455E-01  0.307573E+07  0.304728E+07  0.112535E+03  0.000000E+00  0.000000E+00  0.307129E+07
  0.556089E-01  0.300786E+07  0.298131E+07  0.107405E+03  0.000000E+00  0.000000E+00  0.300371E+07
  0.570723E-01  0.294402E+07  0.291931E+07  0.102951E+03  0.000000E+00  0.000000E+00  0.294016E+07
  0.585357E-01  0.288363E+07  0.286068E+07  0.100956E+03  0.000000E+00  0.000000E+00  0.288005E+07
  0.599991E-01  0.282614E+07  0.280483E+07  0.871735E+02  0.000000E+00  0.000000E+00  0.282281E+07
  0.614625E-01  0.277105E+07  0.275126E+07  0.815423E+02  0.000000E+00  0.000000E+00  0.276796E+07
  0.629259E-01  0.271788E+07  0.269949E+07  0.811065E+02  0.000000E+00  0.000000E+00  0.271501E+07
  0.643893E-01  0.266624E+07  0.264908E+07  0.708854E+02  0.000000E+00  0.000000E+00  0.266356E+07
  0.658527E-01  0.261576E+07  0.259968E+07  0.645152E+02  0.000000E+00  0.000000E+00  0.261324E+07
  0.673161E-01  0.256612E+07  0.255096E+07  0.680949E+02  0.000000E+00  0.000000E+00  0.256375E+07
  0.687795E-01  0.251708E+07  0.250268E+07  0.583647E+02  0.000000E+00  0.000000E+00  0.251483E+07
  0.702429E-01  0.246843E+07  0.245464E+07  0.576278E+02  0.000000E+00  0.000000E+00  0.246628E+07
  0.717063E-01  0.242002E+07  0.240668E+07  0.493225E+02  0.000000E+00  0.000000E+00  0.241794E+07
  0.731697E-01  0.237176E+07  0.235872E+07  0.502687E+02  0.000000E+00  0.000000E+00  0.236972E+07
  0.746330E-01  0.232360E+07  0.231073E+07  0.490949E+02  0.000000E+00  0.000000E+00  0.232159E+07
  0.760964E-01  0.227546E+07  0.226264E+07  0.389396E+02  0.000000E+00  0.000000E+00  0.227346E+07
  0.775598E-01  0.222742E+07  0.221453E+07  0.324696E+02  0.000000E+00  0.000000E+00  0.222540E+07
  0.790232E-01  0.217953E+07  0.216648E+07  0.453274E+02  0.000000E+00  0.000000E+00  0.217749E+07
  0.804866E-01  0.213188E+07  0.211860E+07  0.320005E+02  0.000000E+00  0.000000E+00  0.212980E+07
  0.819500E-01  0.208458E+07  0.207100E+07  0.275459E+02  0.000000E+00  0.000000E+00  0.208246E+07
  0.834134E-01  0.203777E+07  0.202385E+07  0.325862E+02  0.000000E+00  0.000000E+00  0.203559E+07
  0.848768E-01  0.199158E+07  0.197728E+07  0.309681E+02  0.000000E+00  0.000000E+00  0.198934E+07
  0.863402E-01  0.194615E+07  0.193148E+07  0.298441E+02  0.000000E+00  0.000000E+00  0.194386E+07
  0.878036E-01  0.190165E+07  0.188659E+07  0.319830E+02  0.000000E+00  0.000000E+00  0.189929E+07
  0.892670E-01  0.185821E+07  0.184279E+07  0.226215E+02  0.000000E+00  0.000000E+00  0.185580E+07
  0.907304E-01  0.181598E+07  0.180023E+07  0.253162E+02  0.000000E+00  0.000000E+00  0.181352E+07
  0.921938E-01  0.177509E+07  0.175906E+07  0.356982E+02  0.000000E+00  0.000000E+00  0.177258E+07
  0.940230E-01  0.172604E+07  0.170972E+07  0.231251E+02  0.000000E+00  0.000000E+00  0.172349E+07
  0.958523E-01  0.167945E+07  0.166294E+07  0.125775E+02  0.000000E+00  0.000000E+00  0.167687E+07
  0.976815E-01  0.163547E+07  0.161887E+07  0.212635E+02  0.000000E+00  0.000000E+00  0.163288E+07
  0.995107E-01  0.159420E+07  0.157763E+07  0.205073E+02  0.000000E+00  0.000000E+00  0.159161E+07
  0.101340E+00  0.155567E+07  0.153924E+07  0.134291E+02  0.000000E+00  0.000000E+00  0.155310E+07
  0.103169E+00  0.151987E+07  0.150369E+07  0.187706E+02  0.000000E+00  0.000000E+00  0.151734E+07
  0.104998E+00  0.148673E+07  0.147091E+07  0.197061E+02  0.000000E+00  0.000000E+00  0.148426E+07
  0.106828E+00  0.145614E+07  0.144078E+07  0.113821E+02  0.000000E+00  0.000000E+00  0.145374E+07
  0.108657E+00  0.142795E+07  0.141313E+07  0.116596E+02  0.000000E+00  0.000000E+00  0.142563E+07
  0.110486E+00  0.140195E+07  0.138774E+07  0.139220E+02  0.000000E+00  0.000000E+00  0.139973E+07
  0.112315E+00  0.137793E+07  0.136438E+07  0.984508E+01  0.000000E+00  0.000000E+00  0.137581E+07
  0.114145E+00  0.135564E+07  0.134279E+07  0.112274E+02  0.000000E+00  0.000000E+00  0.135363E+07
  0.115974E+00  0.133483E+07  0.132270E+07  0.142621E+02  0.000000E+00  0.000000E+00  0.133293E+07
  0.117803E+00  0.131523E+07  0.130382E+07  0.941673E+01  0.000000E+00  0.000000E+00  0.131345E+07
  0.119632E+00  0.129658E+07  0.128587E+07  0.746357E+01  0.000000E+00  0.000000E+00  0.129491E+07
  0.121462E+00  0.127862E+07  0.126858E+07  0.105212E+02  0.000000E+00  0.000000E+00  0.127705E+07
  0.123291E+00  0.126111E+07  0.125169E+07  0.864377E+01  0.000000E+00  0.000000E+00  0.125964E+07
  0.125120E+00  0.124382E+07  0.123498E+07  0.749993E+01  0.000000E+00  0.000000E+00  0.124244E+07
  0.126949E+00  0.122660E+07  0.121825E+07  0.113183E+02  0.000000E+00  0.000000E+00  0.122529E+07
  0.128779E+00  0.120927E+07  0.120136E+07  0.105556E+02  0.000000E+00  0.000000E+00  0.120803E+07
  0.130608E+00  0.119173E+07  0.118417E+07  0.650972E+01  0.000000E+00  0.000000E+00  0.119055E+07
  0.132437E+00  0.117389E+07  0.116661E+07  0.703602E+01  0.000000E+00  0.000000E+00  0.117276E+07
  0.134266E+00  0.115569E+07  0.114861E+07  0.820201E+01  0.000000E+00  0.000000E+00  0.115459E+07
  0.136096E+00  0.113711E+07  0.113015E+07  0.000000E+00  0.000000E+00  0.000000E+00  0.113602E+07
  0.137925E+00  0.111814E+07  0.111124E+07  0.000000E+00  0.000000E+00  0.000000E+00  0.111706E+07
  0.139754E+00  0.109884E+07  0.109193E+07  0.000000E+00  0.000000E+00  0.000000E+00  0.109776E+07
  0.141583E+00  0.107926E+07  0.107229E+07  0.000000E+00  0.000000E+00  0.000000E+00  0.107817E+07
  0.143413E+00  0.105949E+07  0.105241E+07  0.000000E+00  0.000000E+00  0.000000E+00  0.105838E+07
  0.145242E+00  0.103964E+07  0.103243E+07  0.000000E+00  0.000000E+00  0.000000E+00  0.103851E+07
  0.147071E+00  0.101983E+07  0.101245E+07  0.000000E+00  0.000000E+00  0.000000E+00  0.101867E+07
  0.148900E+00  0.100016E+07  0.992614E+06  0.000000E+00  0.000000E+00  0.000000E+00  0.998984E+06
  0.150730E+00  0.980773E+06  0.973047E+06  0.000000E+00  0.000000E+00  0.000000E+00  0.979566E+06
  0.152559E+00  0.961770E+06  0.953875E+06  0.000000E+00  0.000000E+00  0.000000E+00  0.960536E+06
  0.154388E+00  0.943259E+06  0.935211E+06  0.000000E+00  0.000000E+00  0.000000E+00  0.942002E+06
  0.156217E+00  0.925345E+06  0.917168E+06  0.000000E+00  0.000000E+00  0.000000E+00  0.924067E+06
  0.158047E+00  0.908117E+06  0.899842E+06  0.000000E+00  0.000000E+00  0.000000E+00  0.906824E+06
  0.159876E+00  0.891648E+06  0.883309E+06  0.000000E+00  0.000000E+00  0.000000E+00  0.890345E+06
  0.161705E+00  0.875996E+06  0.867632E+06  0.000000E+00  0.000000E+00  0.000000E+00  0.874689E+06
  0.163534E+00  0.861200E+06  0.852853E+06  0.000000E+00  0.000000E+00  0.000000E+00  0.859896E+06
  0.165364E+00  0.847276E+06  0.838986E+06  0.000000E+00  0.000000E+00  0.000000E+00  0.845981E+06
  0.167193E+00  0.834216E+06  0.826024E+06  0.000000E+00  0.000000E+00  0.000000E+00  0.832936E+06
  0.169022E+00  0.821996E+06  0.813939E+06  0.000000E+00  0.000000E+00  0.000000E+00  0.820737E+06
  0.170851E+00  0.810577E+06  0.802691E+06  0.000000E+00  0.000000E+00  0.000000E+00  0.809345E+06
  0.172681E+00  0.799909E+06  0.792225E+06  0.000000E+00  0.000000E+00  0.000000E+00  0.798709E+06
  0.174510E+00  0.789929E+06  0.782471E+06  0.000000E+00  0.000000E+00  0.000000E+00  0.788764E+06
  0.176339E+00  0.780564E+06  0.773352E+06  0.000000E+00  0.000000E+00  0.000000E+00  0.779437E+06
  0.178168E+00  0.771734E+06  0.764782E+06  0.000000E+00  0.000000E+00  0.000000E+00  0.770647E+06
  0.179998E+00  0.763353E+06  0.756669E+06  0.000000E+00  0.000000E+00  0.000000E+00  0.762308E+06
  0.181827E+00  0.755330E+06  0.748915E+06  0.000000E+00  0.000000E+00  0.000000E+00  0.754328E+06
  0.183656E+00  0.747575E+06  0.741425E+06  0.000000E+00  0.000000E+00  0.000000E+00  0.746614E+06
  0.185485E+00  0.740001E+06  0.734105E+06  0.000000E+00  0.000000E+00  0.000000E+00  0.739080E+06
  0.187314E+00  0.732529E+06  0.726874E+06  0.000000E+00  0.000000E+00  0.000000E+00  0.731646E+06
  0.189144E+00  0.725089E+06  0.719654E+06  0.000000E+00  0.000000E+00  0.000000E+00  0.724240E+06
  0.190973E+00  0.717621E+06  0.712385E+06  0.000000E+00  0.000000E+00  0.000000E+00  0.716803E+06
  0.192802E+00  0.710076E+06  0.705013E+06  0.000000E+00  0.000000E+00  0.000000E+00  0.709285E+06
  0.194631E+00  0.702412E+06  0.697497E+06  0.000000E+00  0.000000E+00  0.000000E+00  0.701644E+06
  0.196461E+00  0.694601E+06  0.689805E+06  0.000000E+00  0.000000E+00  0.000000E+00  0.693852E+06
  0.198290E+00  0.686626E+06  0.681922E+06  0.000000E+00  0.000000E+00  0.000000E+00  0.685891E+06
  0.200119E+00  0.678480E+06  0.673841E+06  0.000000E+00  0.000000E+00  0.000000E+00  0.677755E+06
  0.201948E+00  0.670165E+06  0.665567E+06  0.000000E+00  0.000000E+00  0.000000E+00  0.669446E+06
  0.203778E+00  0.661697E+06  0.657116E+06  0.000000E+00  0.000000E+00  0.000000E+00  0.660982E+06
  0.205607E+00  0.653104E+06  0.648520E+06  0.000000E+00  0.000000E+00  0.000000E+00  0.652388E+06
  0.207436E+00  0.644417E+06  0.639814E+06  0.000000E+00  0.000000E+00  0.000000E+00  0.643698E+06
  0.209265E+00  0.635675E+06  0.631039E+06  0.000000E+00  0.000000E+00  0.000000E+00  0.634950E+06
  0.211095E+00  0.626919E+06  0.622240E+06  0.000000E+00  0.000000E+00  0.000000E+00  0.626188E+06
  0.212924E+00  0.618195E+06  0.613468E+06  0.000000E+00  0.000000E+00  0.000000E+00  0.617457E+06
  0.214753E+00  0.609546E+06  0.604767E+06  0.000000E+00  0.000000E+00  0.000000E+00  0.608800E+06
  0.216582E+00  0.601015E+06  0.596186E+06  0.000000E+00  0.000000E+00  0.000000E+00  0.600261E+06
  0.218412E+00  0.592644E+06  0.587768E+06  0.000000E+00  0.000000E+00  0.000000E+00  0.591882E+06
  0.220241E+00  0.584470E+06  0.579556E+06  0.000000E+00  0.000000E+00  0.000000E+00  0.583702E+06
  0.222070E+00  0.576531E+06  0.571587E+06  0.000000E+00  0.000000E+00  0.000000E+00  0.575758E+06
  0.223899E+00  0.568857E+06  0.563895E+06  0.000000E+00  0.000000E+00  0.000000E+00  0.568081E+06
  0.225729E+00  0.561471E+06  0.556505E+06  0.000000E+00  0.000000E+00  0.000000E+00  0.560695E+06
  0.227558E+00  0.554391E+06  0.549434E+06  0.000000E+00  0.000000E+00  0.000000E+00  0.553617E+06
  0.229387E+00  0.547625E+06  0.542692E+06  0.000000E+00  0.000000E+00  0.000000E+00  0.546854E+06
  0.231216E+00  0.541175E+06  0.536280E+06  0.000000E+00  0.000000E+00  0.000000E+00  0.540410E+06
  0.233046E+00  0.535036E+06  0.530194E+06  0.000000E+00  0.000000E+00  0.000000E+00  0.534280E+06
  0.234875E+00  0.529199E+06  0.524422E+06  0.000000E+00  0.000000E+00  0.000000E+00  0.528453E+06
  0.236704E+00  0.523648E+06  0.518948E+06  0.000000E+00  0.000000E+00  0.000000E+00  0.522913E+06
  0.238533E+00  0.518363E+06  0.513750E+06  0.000000E+00  0.000000E+00  0.000000E+00  0.517642E+06
  0.240363E+00  0.513323E+06  0.508806E+06  0.000000E+00  0.000000E+00  0.000000E+00  0.512617E+06
  0.242192E+00  0.508501E+06  0.504086E+06  0.000000E+00  0.000000E+00  0.000000E+00  0.507811E+06
  0.244021E+00  0.503866E+06  0.499556E+06  0.000000E+00  0.000000E+00  0.000000E+00  0.503192E+06
  0.245850E+00  0.499386E+06  0.495184E+06  0.000000E+00  0.000000E+00  0.000000E+00  0.498729E+06
  0.247680E+00  0.495030E+06  0.490936E+06  0.000000E+00  0.000000E+00  0.000000E+00  0.494390E+06
  0.249509E+00  0.490766E+06  0.486778E+06  0.000000E+00  0.000000E+00  0.000000E+00  0.490143E+06
  0.251338E+00  0.486566E+06  0.482680E+06  0.000000E+00  0.000000E+00  0.000000E+00  0.485959E+06
  0.253167E+00  0.482403E+06  0.478614E+06  0.000000E+00  0.000000E+00  0.000000E+00  0.481811E+06
  0.254997E+00  0.478255E+06  0.474554E+06  0.000000E+00  0.000000E+00  0.000000E+00  0.477677E+06
  0.256826E+00  0.474100E+06  0.470481E+06  0.000000E+00  0.000000E+00  0.000000E+00  0.473535E+06
  0.258655E+00  0.469923E+06  0.466376E+06  0.000000E+00  0.000000E+00  0.000000E+00  0.469369E+06
  0.260484E+00  0.465711E+06  0.462226E+06  0.000000E+00  0.000000E+00  0.000000E+00  0.465166E+06
  0.262314E+00  0.461452E+06  0.458020E+06  0.000000E+00  0.000000E+00  0.000000E+00  0.460916E+06
  0.264143E+00  0.457142E+06  0.453754E+06  0.000000E+00  0.000000E+00  0.000000E+00  0.456613E+06
  0.265972E+00  0.452780E+06  0.449426E+06  0.000000E+00  0.000000E+00  0.000000E+00  0.452256E+06
  0.267801E+00  0.448369E+06  0.445040E+06  0.000000E+00  0.000000E+00  0.000000E+00  0.447849E+06
  0.269631E+00  0.443916E+06  0.440604E+06  0.000000E+00  0.000000E+00  0.000000E+00  0.443398E+06
  0.271460E+00  0.439429E+06  0.436128E+06  0.000000E+00  0.000000E+00  0.000000E+00  0.438913E+06
  0.273289E+00  0.434922E+06  0.431625E+06  0.000000E+00  0.000000E+00  0.000000E+00  0.434407E+06
  0.275118E+00  0.430408E+06  0.427111E+06  0.000000E+00  0.000000E+00  0.000000E+00  0.429893E+06
  0.276947E+00  0.425902E+06  0.422601E+06  0.000000E+00  0.000000E+00  0.000000E+00  0.425386E+06
  0.278777E+00  0.421417E+06  0.418111E+06  0.000000E+00  0.000000E+00  0.000000E+00  0.420900E+06
  0.280606E+00  0.416970E+06  0.413657E+06  0.000000E+00  0.000000E+00  0.000000E+00  0.416452E+06
  0.282435E+00  0.412575E+06  0.409256E+06  0.000000E+00  0.000000E+00  0.000000E+00  0.412056E+06
  0.284264E+00  0.408248E+06  0.404924E+06  0.000000E+00  0.000000E+00  0.000000E+00  0.407729E+06
  0.286094E+00  0.404004E+06  0.400677E+06  0.000000E+00  0.000000E+00  0.000000E+00  0.403484E+06
  0.287923E+00  0.399854E+06  0.396527E+06  0.000000E+00  0.000000E+00  0.000000E+00  0.399334E+06
  0.289752E+00  0.395808E+06  0.392487E+06  0.000000E+00  0.000000E+00  0.000000E+00  0.395289E+06
  0.291581E+00  0.391876E+06  0.388563E+06  0.000000E+00  0.000000E+00  0.000000E+00  0.391358E+06
  0.293411E+00  0.388062E+06  0.384763E+06  0.000000E+00  0.000000E+00  0.000000E+00  0.387546E+06
  0.295240E+00  0.384368E+06  0.381088E+06  0.000000E+00  0.000000E+00  0.000000E+00  0.383855E+06
  0.297069E+00  0.380795E+06  0.377538E+06  0.000000E+00  0.000000E+00  0.000000E+00  0.380286E+06
  0.298898E+00  0.377342E+06  0.374114E+06  0.000000E+00  0.000000E+00  0.000000E+00  0.376838E+06
  0.300728E+00  0.374007E+06  0.370811E+06  0.000000E+00  0.000000E+00  0.000000E+00  0.373507E+06
  0.302557E+00  0.370784E+06  0.367625E+06  0.000000E+00  0.000000E+00  0.000000E+00  0.370290E+06
  0.304386E+00  0.367667E+06  0.364548E+06  0.000000E+00  0.000000E+00  0.000000E+00  0.367179E+06
  0.306215E+00  0.364647E+06  0.361571E+06  0.000000E+00  0.000000E+00  0.000000E+00  0.364166E+06
  0.308045E+00  0.361715E+06  0.358684E+06  0.000000E+00  0.000000E+00  0.000000E+00  0.361242E+06
  0.309874E+00  0.358861E+06  0.355876E+06  0.000000E+00  0.000000E+00  0.000000E+00  0.358394E+06
  0.311703E+00  0.356072E+06  0.353135E+06  0.000000E+00  0.000000E+00  0.000000E+00  0.355613E+06
  0.313532E+00  0.353338E+06  0.350448E+06  0.000000E+00  0.000000E+00  0.000000E+00  0.352887E+06
  0.315362E+00  0.350649E+06  0.347805E+06  0.000000E+00  0.000000E+00  0.000000E+00  0.350204E+06
  0.317191E+00  0.347994E+06  0.345196E+06  0.000000E+00  0.000000E+00  0.000000E+00  0.347557E+06
  0.319020E+00  0.345366E+06  0.342611E+06  0.000000E+00  0.000000E+00  0.000000E+00  0.344935E+06
  0.320849E+00  0.342754E+06  0.340040E+06  0.000000E+00  0.000000E+00  0.000000E+00  0.342330E+06
  0.322679E+00  0.340153E+06  0.337477E+06  0.000000E+00  0.000000E+00  0.000000E+00  0.339735E+06
  0.324508E+00  0.337556E+06  0.334915E+06  0.000000E+00  0.000000E+00  0.000000E+00  0.337143E+06
  0.326337E+00  0.334957E+06  0.332348E+06  0.000000E+00  0.000000E+00  0.000000E+00  0.334549E+06
  0.328166E+00  0.332353E+06  0.329772E+06  0.000000E+00  0.000000E+00  0.000000E+00  0.331949E+06
  0.329996E+00  0.329741E+06  0.327185E+06  0.000000E+00  0.000000E+00  0.000000E+00  0.329342E+06
  0.331825E+00  0.327121E+06  0.324587E+06  0.000000E+00  0.000000E+00  0.000000E+00  0.326725E+06
  0.333654E+00  0.324495E+06  0.321979E+06  0.000000E+00  0.000000E+00  0.000000E+00  0.324102E+06
  0.335483E+00  0.321864E+06  0.319363E+06  0.000000E+00  0.000000E+00  0.000000E+00  0.321473E+06
  0.337313E+00  0.319231E+06  0.316743E+06  0.000000E+00  0.000000E+00  0.000000E+00  0.318842E+06
  0.339142E+00  0.316599E+06  0.314123E+06  0.000000E+00  0.000000E+00  0.000000E+00  0.316212E+06
  0.340971E+00  0.313973E+06  0.311506E+06  0.000000E+00  0.000000E+00  0.000000E+00  0.313588E+06
  0.342800E+00  0.311358E+06  0.308899E+06  0.000000E+00  0.000000E+00  0.000000E+00  0.310974E+06
  0.344630E+00  0.308758E+06  0.306305E+06  0.000000E+00  0.000000E+00  0.000000E+00  0.308374E+06
  0.346459E+00  0.306178E+06  0.303731E+06  0.000000E+00  0.000000E+00  0.000000E+00  0.305795E+06
  0.348288E+00  0.303623E+06  0.301183E+06  0.000000E+00  0.000000E+00  0.000000E+00  0.303242E+06
  0.350117E+00  0.301101E+06  0.298667E+06  0.000000E+00  0.000000E+00  0.000000E+00  0.300720E+06
  0.351947E+00  0.298614E+06  0.296188E+06  0.000000E+00  0.000000E+00  0.000000E+00  0.298235E+06
  0.353776E+00  0.296168E+06  0.293750E+06  0.000000E+00  0.000000E+00  0.000000E+00  0.295790E+06
  0.355605E+00  0.293766E+06  0.291357E+06  0.000000E+00  0.000000E+00  0.000000E+00  0.293390E+06
  0.357434E+00  0.291410E+06  0.289011E+06  0.000000E+00  0.000000E+00  0.000000E+00  0.291035E+06
  0.359264E+00  0.289102E+06  0.286715E+06  0.000000E+00  0.000000E+00  0.000000E+00  0.288729E+06
  0.361093E+00  0.286844E+06  0.284471E+06  0.000000E+00  0.000000E+00  0.000000E+00  0.286473E+06
  0.362922E+00  0.284635E+06  0.282277E+06  0.000000E+00  0.000000E+00  0.000000E+00  0.284267E+06
  0.364751E+00  0.282477E+06  0.280136E+06  0.000000E+00  0.000000E+00  0.000000E+00  0.282111E+06
  0.366580E+00  0.280368E+06  0.278045E+06  0.000000E+00  0.000000E+00  0.000000E+00  0.280005E+06
  0.368410E+00  0.278307E+06  0.276004E+06  0.000000E+00  0.000000E+00  0.000000E+00  0.277948E+06
  0.370239E+00  0.276292E+06  0.274010E+06  0.000000E+00  0.000000E+00  0.000000E+00  0.275936E+06
  0.372068E+00  0.274320E+06  0.272059E+06  0.000000E+00  0.000000E+00  0.000000E+00  0.273967E+06
  0.373897E+00  0.272387E+06  0.270149E+06  0.000000E+00  0.000000E+00  0.000000E+00  0.272038E+06
  0.375727E+00  0.270490E+06  0.268275E+06  0.000000E+00  0.000000E+00  0.000000E+00  0.270144E+06
  0.377556E+00  0.268626E+06  0.266433E+06  0.000000E+00  0.000000E+00  0.000000E+00  0.268283E+06
  0.379385E+00  0.266789E+06  0.264620E+06  0.000000E+00  0.000000E+00  0.000000E+00  0.266450E+06
  0.381214E+00  0.264978E+06  0.262832E+06  0.000000E+00  0.000000E+00  0.000000E+00  0.264643E+06
  0.383044E+00  0.263189E+06  0.261065E+06  0.000000E+00  0.000000E+00  0.000000E+00  0.262857E+06
  0.384873E+00  0.261418E+06  0.259317E+06  0.000000E+00  0.000000E+00  0.000000E+00  0.261090E+06
  0.386702E+00  0.259663E+06  0.257583E+06  0.000000E+00  0.000000E+00  0.000000E+00  0.259338E+06
  0.388531E+00  0.257920E+06  0.255860E+06  0.000000E+00  0.000000E+00  0.000000E+00  0.257598E+06
  0.390361E+00  0.256187E+06  0.254146E+06  0.000000E+00  0.000000E+00  0.000000E+00  0.255868E+06
  0.392190E+00  0.254461E+06  0.252439E+06  0.000000E+00  0.000000E+00  0.000000E+00  0.254145E+06
  0.394019E+00  0.252742E+06  0.250736E+06  0.000000E+00  0.000000E+00  0.000000E+00  0.252428E+06
  0.395848E+00  0.251028E+06  0.249038E+06  0.000000E+00  0.000000E+00  0.000000E+00  0.250717E+06
  0.397678E+00  0.249319E+06  0.247344E+06  0.000000E+00  0.000000E+00  0.000000E+00  0.249011E+06
  0.399507E+00  0.247616E+06  0.245654E+06  0.000000E+00  0.000000E+00  0.000000E+00  0.247309E+06
  0.401336E+00  0.245918E+06  0.243969E+06  0.000000E+00  0.000000E+00  0.000000E+00  0.245613E+06
  0.403165E+00  0.244226E+06  0.242288E+06  0.000000E+00  0.000000E+00  0.000000E+00  0.243923E+06
  0.404995E+00  0.242541E+06  0.240614E+06  0.000000E+00  0.000000E+00  0.000000E+00  0.242240E+06
  0.406824E+00  0.240863E+06  0.238946E+06  0.000000E+00  0.000000E+00  0.000000E+00  0.240564E+06
  0.408653E+00  0.239195E+06  0.237287E+06  0.000000E+00  0.000000E+00  0.000000E+00  0.238897E+06
  0.410482E+00  0.237538E+06  0.235638E+06  0.000000E+00  0.000000E+00  0.000000E+00  0.237241E+06
  0.412312E+00  0.235893E+06  0.234002E+06  0.000000E+00  0.000000E+00  0.000000E+00  0.235597E+06
  0.414141E+00  0.234262E+06  0.232380E+06  0.000000E+00  0.000000E+00  0.000000E+00  0.233968E+06
  0.415970E+00  0.232649E+06  0.230774E+06  0.000000E+00  0.000000E+00  0.000000E+00  0.232356E+06
  0.417799E+00  0.231052E+06  0.229186E+06  0.000000E+00  0.000000E+00  0.000000E+00  0.230761E+06
  0.419629E+00  0.229475E+06  0.227618E+06  0.000000E+00  0.000000E+00  0.000000E+00  0.229185E+06
  0.421458E+00  0.227918E+06  0.226070E+06  0.000000E+00  0.000000E+00  0.000000E+00  0.227629E+06
  0.423287E+00  0.226382E+06  0.224543E+06  0.000000E+00  0.000000E+00  0.000000E+00  0.226094E+06
  0.425116E+00  0.224867E+06  0.223038E+06  0.000000E+00  0.000000E+00  0.000000E+00  0.224581E+06
  0.426946E+00  0.223375E+06  0.221556E+06  0.000000E+00  0.000000E+00  0.000000E+00  0.223091E+06
  0.428775E+00  0.221906E+06  0.220097E+06  0.000000E+00  0.000000E+00  0.000000E+00  0.221623E+06
  0.430604E+00  0.220460E+06  0.218662E+06  0.000000E+00  0.000000E+00  0.000000E+00  0.220179E+06
  0.432433E+00  0.219037E+06  0.217250E+06  0.000000E+00  0.000000E+00  0.000000E+00  0.218757E+06
  0.434263E+00  0.217636E+06  0.215861E+06  0.000000E+00  0.000000E+00  0.000000E+00  0.217358E+06
  0.436092E+00  0.216256E+06  0.214494E+06  0.000000E+00  0.000000E+00  0.000000E+00  0.215981E+06
  0.437921E+00  0.214898E+06  0.213148E+06  0.000000E+00  0.000000E+00  0.000000E+00  0.214624E+06
  0.439750E+00  0.213558E+06  0.211821E+06  0.000000E+00  0.000000E+00  0.000000E+00  0.213287E+06
  0.441580E+00  0.212238E+06  0.210513E+06  0.000000E+00  0.000000E+00  0.000000E+00  0.211968E+06
  0.443409E+00  0.210934E+06  0.209223E+06  0.000000E+00  0.000000E+00  0.000000E+00  0.210667E+06
  0.445238E+00  0.209647E+06  0.207949E+06  0.000000E+00  0.000000E+00  0.000000E+00  0.209381E+06
  0.447067E+00  0.208375E+06  0.206690E+06  0.000000E+00  0.000000E+00  0.000000E+00  0.208111E+06
  0.448896E+00  0.207116E+06  0.205444E+06  0.000000E+00  0.000000E+00  0.000000E+00  0.206855E+06
  0.450726E+00  0.205871E+06  0.204211E+06  0.000000E+00  0.000000E+00  0.000000E+00  0.205612E+06
  0.452555E+00  0.204636E+06  0.202989E+06  0.000000E+00  0.000000E+00  0.000000E+00  0.204379E+06
  0.454384E+00  0.203412E+06  0.201777E+06  0.000000E+00  0.000000E+00  0.000000E+00  0.203157E+06
  0.456213E+00  0.202197E+06  0.200574E+06  0.000000E+00  0.000000E+00  0.000000E+00  0.201943E+06
  0.458043E+00  0.200990E+06  0.199378E+06  0.000000E+00  0.000000E+00  0.000000E+00  0.200738E+06
  0.459872E+00  0.199791E+06  0.198190E+06  0.000000E+00  0.000000E+00  0.000000E+00  0.199541E+06
  0.461701E+00  0.198599E+06  0.197009E+06  0.000000E+00  0.000000E+00  0.000000E+00  0.198351E+06
  0.463530E+00  0.197415E+06  0.195835E+06  0.000000E+00  0.000000E+00  0.000000E+00  0.197168E+06
  0.465360E+00  0.196238E+06  0.194668E+06  0.000000E+00  0.000000E+00  0.000000E+00  0.195993E+06
  0.467189E+00  0.195067E+06  0.193507E+06  0.000000E+00  0.000000E+00  0.000000E+00  0.194824E+06
  0.469018E+00  0.193904E+06  0.192352E+06  0.000000E+00  0.000000E+00  0.000000E+00  0.193661E+06
  0.470847E+00  0.192747E+06  0.191203E+06  0.000000E+00  0.000000E+00  0.000000E+00  0.192505E+06
  0.472677E+00  0.191597E+06  0.190062E+06  0.000000E+00  0.000000E+00  0.000000E+00  0.191357E+06
  0.474506E+00  0.190454E+06  0.188927E+06  0.000000E+00  0.000000E+00  0.000000E+00  0.190215E+06
  0.476335E+00  0.189320E+06  0.187800E+06  0.000000E+00  0.000000E+00  0.000000E+00  0.189082E+06
  0.478164E+00  0.188194E+06  0.186682E+06  0.000000E+00  0.000000E+00  0.000000E+00  0.187957E+06
  0.479994E+00  0.187077E+06  0.185573E+06  0.000000E+00  0.000000E+00  0.000000E+00  0.186842E+06
  0.481823E+00  0.185970E+06  0.184473E+06  0.000000E+00  0.000000E+00  0.000000E+00  0.185736E+06
  0.483652E+00  0.184872E+06  0.183383E+06  0.000000E+00  0.000000E+00  0.000000E+00  0.184639E+06
  0.485481E+00  0.183785E+06  0.182303E+06  0.000000E+00  0.000000E+00  0.000000E+00  0.183553E+06
  0.487311E+00  0.182708E+06  0.181233E+06  0.000000E+00  0.000000E+00  0.000000E+00  0.182478E+06
  0.489140E+00  0.181642E+06  0.180175E+06  0.000000E+00  0.000000E+00  0.000000E+00  0.181413E+06
  0.490969E+00  0.180587E+06  0.179127E+06  0.000000E+00  0.000000E+00  0.000000E+00  0.180359E+06
  0.492798E+00  0.179544E+06  0.178092E+06  0.000000E+00  0.000000E+00  0.000000E+00  0.179318E+06
  0.494628E+00  0.178513E+06  0.177068E+06  0.000000E+00  0.000000E+00  0.000000E+00  0.178287E+06
  0.496457E+00  0.177494E+06  0.176057E+06  0.000000E+00  0.000000E+00  0.000000E+00  0.177269E+06
  0.498286E+00  0.176486E+06  0.175057E+06  0.000000E+00  0.000000E+00  0.000000E+00  0.176263E+06
  0.500115E+00  0.175490E+06  0.174069E+06  0.000000E+00  0.000000E+00  0.000000E+00  0.175268E+06
  0.501945E+00  0.174505E+06  0.173092E+06  0.000000E+00  0.000000E+00  0.000000E+00  0.174284E+06
  0.503774E+00  0.173531E+06  0.172126E+06  0.000000E+00  0.000000E+00  0.000000E+00  0.173311E+06
  0.505603E+00  0.172567E+06  0.171171E+06  0.000000E+00  0.000000E+00  0.000000E+00  0.172349E+06
  0.507432E+00  0.171614E+06  0.170226E+06  0.000000E+00  0.000000E+00  0.000000E+00  0.171397E+06
  0.509262E+00  0.170671E+06  0.169291E+06  0.000000E+00  0.000000E+00  0.000000E+00  0.170456E+06
  0.511091E+00  0.169738E+06  0.168366E+06  0.000000E+00  0.000000E+00  0.000000E+00  0.169524E+06
  0.512920E+00  0.168814E+06  0.167451E+06  0.000000E+00  0.000000E+00  0.000000E+00  0.168601E+06
  0.514749E+00  0.167899E+06  0.166544E+06  0.000000E+00  0.000000E+00  0.000000E+00  0.167687E+06
  0.516579E+00  0.166992E+06  0.165645E+06  0.000000E+00  0.000000E+00  0.000000E+00  0.166782E+06
  0.518408E+00  0.166093E+06  0.164754E+06  0.000000E+00  0.000000E+00  0.000000E+00  0.165884E+06
  0.520237E+00  0.165201E+06  0.163870E+06  0.000000E+00  0.000000E+00  0.000000E+00  0.164993E+06
  0.522066E+00  0.164316E+06  0.162993E+06  0.000000E+00  0.000000E+00  0.000000E+00  0.164109E+06
  0.523896E+00  0.163438E+06  0.162123E+06  0.000000E+00  0.000000E+00  0.000000E+00  0.163232E+06
  0.525725E+00  0.162567E+06  0.161259E+06  0.000000E+00  0.000000E+00  0.000000E+00  0.162362E+06
  0.527554E+00  0.161702E+06  0.160402E+06  0.000000E+00  0.000000E+00  0.000000E+00  0.161498E+06
  0.529383E+00  0.160843E+06  0.159550E+06  0.000000E+00  0.000000E+00  0.000000E+00  0.160641E+06
  0.531213E+00  0.159990E+06  0.158704E+06  0.000000E+00  0.000000E+00  0.000000E+00  0.159789E+06
  0.533042E+00  0.159142E+06  0.157863E+06  0.000000E+00  0.000000E+00  0.000000E+00  0.158942E+06
  0.534871E+00  0.158300E+06  0.157028E+06  0.000000E+00  0.000000E+00  0.000000E+00  0.158102E+06
  0.536700E+00  0.157464E+06  0.156199E+06  0.000000E+00  0.000000E+00  0.000000E+00  0.157266E+06
  0.538530E+00  0.156634E+06  0.155375E+06  0.000000E+00  0.000000E+00  0.000000E+00  0.156437E+06
  0.540359E+00  0.155809E+06  0.154556E+06  0.000000E+00  0.000000E+00  0.000000E+00  0.155613E+06
  0.542188E+00  0.154990E+06  0.153744E+06  0.000000E+00  0.000000E+00  0.000000E+00  0.154795E+06
  0.544017E+00  0.154177E+06  0.152937E+06  0.000000E+00  0.000000E+00  0.000000E+00  0.153984E+06
  0.545846E+00  0.153371E+06  0.152137E+06  0.000000E+00  0.000000E+00  0.000000E+00  0.153178E+06
  0.547676E+00  0.152570E+06  0.151342E+06  0.000000E+00  0.000000E+00  0.000000E+00  0.152378E+06
  0.549505E+00  0.151775E+06  0.150553E+06  0.000000E+00  0.000000E+00  0.000000E+00  0.151585E+06
  0.551334E+00  0.150987E+06  0.149771E+06  0.000000E+00  0.000000E+00  0.000000E+00  0.150797E+06
  0.553163E+00  0.150205E+06  0.148995E+06  0.000000E+00  0.000000E+00  0.000000E+00  0.150016E+06
  0.554993E+00  0.149430E+06  0.148225E+06  0.000000E+00  0.000000E+00  0.000000E+00  0.149242E+06
  0.556822E+00  0.148661E+06  0.147463E+06  0.000000E+00  0.000000E+00  0.000000E+00  0.148474E+06
  0.558651E+00  0.147900E+06  0.146707E+06  0.000000E+00  0.000000E+00  0.000000E+00  0.147713E+06
  0.560480E+00  0.147145E+06  0.145957E+06  0.000000E+00  0.000000E+00  0.000000E+00  0.146959E+06
  0.562310E+00  0.146396E+06  0.145215E+06  0.000000E+00  0.000000E+00  0.000000E+00  0.146212E+06
  0.564139E+00  0.145655E+06  0.144479E+06  0.000000E+00  0.000000E+00  0.000000E+00  0.145471E+06
  0.565968E+00  0.144920E+06  0.143750E+06  0.000000E+00  0.000000E+00  0.000000E+00  0.144737E+06
  0.567797E+00  0.144191E+06  0.143027E+06  0.000000E+00  0.000000E+00  0.000000E+00  0.144009E+06
  0.569627E+00  0.143469E+06  0.142311E+06  0.000000E+00  0.000000E+00  0.000000E+00  0.143288E+06
  0.571456E+00  0.142754E+06  0.141601E+06  0.000000E+00  0.000000E+00  0.000000E+00  0.142574E+06
  0.573285E+00  0.142044E+06  0.140898E+06  0.000000E+00  0.000000E+00  0.000000E+00  0.141865E+06
  0.575114E+00  0.141342E+06  0.140201E+06  0.000000E+00  0.000000E+00  0.000000E+00  0.141163E+06
  0.576944E+00  0.140645E+06  0.139510E+06  0.000000E+00  0.000000E+00  0.000000E+00  0.140468E+06
  0.578773E+00  0.139954E+06  0.138825E+06  0.000000E+00  0.000000E+00  0.000000E+00  0.139778E+06
  0.580602E+00  0.139269E+06  0.138146E+06  0.000000E+00  0.000000E+00  0.000000E+00  0.139093E+06
  0.699499E+00  0.103855E+06  0.103018E+06  0.000000E+00  0.000000E+00  0.000000E+00  0.103724E+06
  0.854371E+00  0.754109E+05  0.748037E+05  0.000000E+00  0.000000E+00  0.000000E+00  0.753160E+05
  0.104353E+01  0.544980E+05  0.540593E+05  0.000000E+00  0.000000E+00  0.000000E+00  0.544295E+05
  0.127457E+01  0.392161E+05  0.389003E+05  0.000000E+00  0.000000E+00  0.000000E+00  0.391667E+05
  0.155676E+01  0.281092E+05  0.278829E+05  0.000000E+00  0.000000E+00  0.000000E+00  0.280739E+05
  0.190144E+01  0.200763E+05  0.199146E+05  0.000000E+00  0.000000E+00  0.000000E+00  0.200510E+05
  0.232242E+01  0.142923E+05  0.141771E+05  0.000000E+00  0.000000E+00  0.000000E+00  0.142743E+05
  0.283661E+01  0.101443E+05  0.100624E+05  0.000000E+00  0.000000E+00  0.000000E+00  0.101315E+05
  0.346464E+01  0.718043E+04  0.712237E+04  0.000000E+00  0.000000E+00  0.000000E+00  0.717136E+04
  0.423172E+01  0.506969E+04  0.502858E+04  0.000000E+00  0.000000E+00  0.000000E+00  0.506326E+04
  0.516864E+01  0.357108E+04  0.354200E+04  0.000000E+00  0.000000E+00  0.000000E+00  0.356654E+04
  0.631299E+01  0.251005E+04  0.248948E+04  0.000000E+00  0.000000E+00  0.000000E+00  0.250684E+04
  0.771071E+01  0.176076E+04  0.174619E+04  0.000000E+00  0.000000E+00  0.000000E+00  0.175848E+04
  0.941788E+01  0.123286E+04  0.122252E+04  0.000000E+00  0.000000E+00  0.000000E+00  0.123124E+04
  0.115030E+02  0.861738E+03  0.854364E+03  0.000000E+00  0.000000E+00  0.000000E+00  0.860586E+03
  0.140498E+02  0.601366E+03  0.596066E+03  0.000000E+00  0.000000E+00  0.000000E+00  0.600538E+03
  0.171605E+02  0.419030E+03  0.415177E+03  0.000000E+00  0.000000E+00  0.000000E+00  0.418428E+03
  0.209599E+02  0.291564E+03  0.288716E+03  0.000000E+00  0.000000E+00  0.000000E+00  0.291119E+03
  0.256004E+02  0.202598E+03  0.200447E+03  0.000000E+00  0.000000E+00  0.000000E+00  0.202262E+03
  0.312685E+02  0.140597E+03  0.138925E+03  0.000000E+00  0.000000E+00  0.000000E+00  0.140336E+03
  0.381914E+02  0.974471E+02  0.961042E+02  0.000000E+00  0.000000E+00  0.000000E+00  0.972372E+02
  0.466470E+02  0.674564E+02  0.663370E+02  0.000000E+00  0.000000E+00  0.000000E+00  0.672815E+02
  0.569749E+02  0.466367E+02  0.456677E+02  0.000000E+00  0.000000E+00  0.000000E+00  0.464853E+02
  0.695893E+02  0.322000E+02  0.313312E+02  0.000000E+00  0.000000E+00  0.000000E+00  0.320643E+02
  0.849965E+02  0.222002E+02  0.213973E+02  0.000000E+00  0.000000E+00  0.000000E+00  0.220747E+02
  0.103815E+03  0.152804E+02  0.145210E+02  0.000000E+00  0.000000E+00  0.000000E+00  0.151617E+02
