  0.351880E-05  0.228092E+07  0.228092E+07  0.304122E+07  0.304122E+07  0.000000E+00  0.228092E+07
  0.363805E-05  0.228092E+07  0.228092E+07  0.304121E+07  0.304121E+07  0.000000E+00  0.228092E+07
  0.376134E-05  0.228092E+07  0.228092E+07  0.304121E+07  0.304121E+07  0.000000E+00  0.228092E+07
  0.388880E-05  0.228092E+07  0.228092E+07  0.304121E+07  0.304121E+07  0.000000E+00  0.228092E+07
  0.402059E-05  0.228092E+07  0.228092E+07  0.304121E+07  0.304121E+07  0.000000E+00  0.228092E+07
  0.415684E-05  0.228092E+07  0.228092E+07  0.304121E+07  0.304121E+07  0.000000E+00  0.228092E+07
  0.429771E-05  0.228092E+07  0.228092E+07  0.304121E+07  0.304121E+07  0.000000E+00  0.228092E+07
  0.444336E-05  0.228092E+07  0.228092E+07  0.304120E+07  0.304120E+07  0.000000E+00  0.228092E+07
  0.459394E-05  0.228092E+07  0.228092E+07  0.304120E+07  0.304120E+07  0.000000E+00  0.228092E+07
  0.474962E-05  0.228092E+07  0.228092E+07  0.304120E+07  0.304120E+07  0.000000E+00  0.228092E+07
  0.491058E-05  0.228092E+07  0.228092E+07  0.304120E+07  0.304120E+07  0.000000E+00  0.228092E+07
  0.507699E-05  0.228092E+07  0.228092E+07  0.304120E+07  0.304120E+07  0.000000E+00  0.228092E+07
  0.524905E-05  0.228092E+07  0.228092E+07  0.304119E+07  0.304119E+07  0.000000E+00  0.228092E+07
  0.542693E-05  0.228092E+07  0.228092E+07  0.304119E+07  0.304119E+07  0.000000E+00  0.228092E+07
  0.561084E-05  0.228092E+07  0.228092E+07  0.304119E+07  0.304119E+07  0.000000E+00  0.228092E+07
  0.580099E-05  0.228092E+07  0.228092E+07  0.304118E+07  0.304118E+07  0.000000E+00  0.228092E+07
  0.599757E-05  0.228092E+07  0.228092E+07  0.304118E+07  0.304118E+07  0.000000E+00  0.228092E+07
  0.620082E-05  0.228092E+07  0.228092E+07  0.304118E+07  0.304118E+07  0.000000E+00  0.228092E+07
  0.641096E-05  0.228092E+07  0.228092E+07  0.304117E+07  0.304117E+07  0.000000E+00  0.228092E+07
  0.662822E-05  0.228092E+07  0.228092E+07  0.304117E+07  0.304117E+07  0.000000E+00  0.228092E+07
  0.685284E-05  0.228092E+07  0.228092E+07  0.304116E+07  0.304116E+07  0.000000E+00  0.228092E+07
  0.708508E-05  0.228092E+07  0.228092E+07  0.304116E+07  0.304116E+07  0.000000E+00  0.228092E+07
  0.732518E-05  0.228092E+07  0.228092E+07  0.304115E+07  0.304115E+07  0.000000E+00  0.228092E+07
  0.757342E-05  0.228092E+07  0.228092E+07  0.304115E+07  0.304115E+07  0.000000E+00  0.228092E+07
  0.783008E-05  0.228092E+07  0.228092E+07  0.304114E+07  0.304114E+07  0.000000E+00  0.228092E+07
  0.809543E-05  0.228092E+07  0.228092E+07  0.304114E+07  0.304114E+07  0.000000E+00  0.228092E+07
  0.836977E-05  0.228092E+07  0.228092E+07  0.304113E+07  0.304113E+07  0.000000E+00  0.228092E+07
  0.865341E-05  0.228092E+07  0.228092E+07  0.304112E+07  0.304112E+07  0.000000E+00  0.228092E+07
  0.894667E-05  0.228092E+07  0.228092E+07  0.304112E+07  0.304111E+07  0.000000E+00  0.228092E+07
  0.924986E-05  0.228092E+07  0.228092E+07  0.304111E+07  0.304111E+07  0.000000E+00  0.228092E+07
  0.956332E-05  0.228092E+07  0.228092E+07  0.304110E+07  0.304110E+07  0.000000E+00  0.228092E+07
  0.988741E-05  0.228092E+07  0.228092E+07  0.304109E+07  0.304109E+07  0.000000E+00  0.228092E+07
  0.102225E-04  0.228092E+07  0.228092E+07  0.304108E+07  0.304108E+07  0.000000E+00  0.228092E+07
  0.105689E-04  0.228092E+07  0.228092E+07  0.304107E+07  0.304107E+07  0.000000E+00  0.228092E+07
  0.109271E-04  0.228092E+07  0.228092E+07  0.304106E+07  0.304106E+07  0.000000E+00  0.228092E+07
  0.112974E-04  0.228092E+07  0.228092E+07  0.304105E+07  0.304104E+07  0.000000E+00  0.228092E+07
  0.116802E-04  0.228092E+07  0.228092E+07  0.304103E+07  0.304103E+07  0.000000E+00  0.228092E+07
  0.120761E-04  0.228092E+07  0.228092E+07  0.304102E+07  0.304102E+07  0.000000E+00  0.228092E+07
  0.124853E-04  0.228092E+07  0.228092E+07  0.304100E+07  0.304100E+07  0.000000E+00  0.228092E+07
  0.129084E-04  0.228092E+07  0.228092E+07  0.304099E+07  0.304098E+07  0.000000E+00  0.228092E+07
  0.133459E-04  0.228092E+07  0.228092E+07  0.304097E+07  0.304097E+07  0.000000E+00  0.228092E+07
  0.137981E-04  0.228092E+07  0.228092E+07  0.304095E+07  0.304095E+07  0.000000E+00  0.228092E+07
  0.142657E-04  0.228092E+07  0.228092E+07  0.304093E+07  0.304093E+07  0.000000E+00  0.228092E+07
  0.147492E-04  0.228092E+07  0.228092E+07  0.304091E+07  0.304091E+07  0.000000E+00  0.228092E+07
  0.152490E-04  0.228092E+07  0.228092E+07  0.304089E+07  0.304089E+07  0.000000E+00  0.228092E+07
  0.157658E-04  0.228092E+07  0.228092E+07  0.304087E+07  0.304086E+07  0.000000E+00  0.228092E+07
  0.163001E-04  0.228092E+07  0.228092E+07  0.304084E+07  0.304084E+07  0.000000E+00  0.228092E+07
  0.168525E-04  0.228092E+07  0.228092E+07  0.304082E+07  0.304081E+07  0.000000E+00  0.228092E+07
  0.174236E-04  0.228092E+07  0.228092E+07  0.304079E+07  0.304078E+07  0.000000E+00  0.228092E+07
  0.180140E-04  0.228092E+07  0.228092E+07  0.304076E+07  0.304075E+07  0.000000E+00  0.228092E+07
  0.186245E-04  0.228092E+07  0.228092E+07  0.304072E+07  0.304072E+07  0.000000E+00  0.228092E+07
  0.192557E-04  0.228092E+07  0.228092E+07  0.304069E+07  0.304068E+07  0.000000E+00  0.228092E+07
  0.199082E-04  0.228092E+07  0.228092E+07  0.304065E+07  0.304064E+07  0.000000E+00  0.228092E+07
  0.205829E-04  0.228092E+07  0.228092E+07  0.304061E+07  0.304060E+07  0.000000E+00  0.228092E+07
  0.212804E-04  0.228092E+07  0.228092E+07  0.304057E+07  0.304056E+07  0.000000E+00  0.228092E+07
  0.220016E-04  0.228092E+07  0.228092E+07  0.304052E+07  0.304051E+07  0.000000E+00  0.228092E+07
  0.227472E-04  0.228092E+07  0.228092E+07  0.304047E+07  0.304046E+07  0.000000E+00  0.228092E+07
  0.235181E-04  0.228092E+07  0.228092E+07  0.304042E+07  0.304041E+07  0.000000E+00  0.228092E+07
  0.243151E-04  0.228092E+07  0.228092E+07  0.304036E+07  0.304035E+07  0.000000E+00  0.228092E+07
  0.251391E-04  0.228092E+07  0.228092E+07  0.304030E+07  0.304029E+07  0.000000E+00  0.228092E+07
  0.259910E-04  0.228091E+07  0.228091E+07  0.304024E+07  0.304022E+07  0.000000E+00  0.228091E+07
  0.268718E-04  0.228091E+07  0.228091E+07  0.304017E+07  0.304016E+07  0.000000E+00  0.228091E+07
  0.277825E-04  0.228091E+07  0.228091E+07  0.304010E+07  0.304008E+07  0.000000E+00  0.228091E+07
  0.287240E-04  0.228091E+07  0.228091E+07  0.304002E+07  0.304000E+07  0.000000E+00  0.228091E+07
  0.296974E-04  0.228091E+07  0.228091E+07  0.303994E+07  0.303992E+07  0.000000E+00  0.228091E+07
  0.307038E-04  0.228091E+07  0.228091E+07  0.303985E+07  0.303983E+07  0.000000E+00  0.228091E+07
  0.317443E-04  0.228091E+07  0.228091E+07  0.303975E+07  0.303973E+07  0.000000E+00  0.228091E+07
  0.328201E-04  0.228091E+07  0.228091E+07  0.303965E+07  0.303962E+07  0.000000E+00  0.228091E+07
  0.339323E-04  0.228091E+07  0.228091E+07  0.303954E+07  0.303951E+07  0.000000E+00  0.228091E+07
  0.350822E-04  0.228091E+07  0.228091E+07  0.303942E+07  0.303940E+07  0.000000E+00  0.228091E+07
  0.362711E-04  0.228090E+07  0.228090E+07  0.303930E+07  0.303927E+07  0.000000E+00  0.228090E+07
  0.375003E-04  0.228090E+07  0.228090E+07  0.303916E+07  0.303913E+07  0.000000E+00  0.228090E+07
  0.387712E-04  0.228090E+07  0.228090E+07  0.303902E+07  0.303899E+07  0.000000E+00  0.228090E+07
  0.400851E-04  0.228090E+07  0.228090E+07  0.303887E+07  0.303883E+07  0.000000E+00  0.228090E+07
  0.414435E-04  0.228090E+07  0.228090E+07  0.303871E+07  0.303867E+07  0.000000E+00  0.228090E+07
  0.428480E-04  0.228090E+07  0.228090E+07  0.303853E+07  0.303849E+07  0.000000E+00  0.228090E+07
  0.443000E-04  0.228090E+07  0.228089E+07  0.303835E+07  0.303830E+07  0.000000E+00  0.228089E+07
  0.458013E-04  0.228089E+07  0.228089E+07  0.303815E+07  0.303810E+07  0.000000E+00  0.228089E+07
  0.473535E-04  0.228089E+07  0.228089E+07  0.303794E+07  0.303789E+07  0.000000E+00  0.228089E+07
  0.489582E-04  0.228089E+07  0.228089E+07  0.303771E+07  0.303766E+07  0.000000E+00  0.228089E+07
  0.506173E-04  0.228089E+07  0.228089E+07  0.303746E+07  0.303741E+07  0.000000E+00  0.228089E+07
  0.523327E-04  0.228088E+07  0.228088E+07  0.303721E+07  0.303715E+07  0.000000E+00  0.228088E+07
  0.541062E-04  0.228088E+07  0.228088E+07  0.303693E+07  0.303686E+07  0.000000E+00  0.228088E+07
  0.559398E-04  0.228088E+07  0.228088E+07  0.303663E+07  0.303656E+07  0.000000E+00  0.228088E+07
  0.578355E-04  0.228087E+07  0.228087E+07  0.303631E+07  0.303624E+07  0.000000E+00  0.228087E+07
  0.597955E-04  0.228087E+07  0.228087E+07  0.303598E+07  0.303590E+07  0.000000E+00  0.228087E+07
  0.618219E-04  0.228087E+07  0.228087E+07  0.303561E+07  0.303553E+07  0.000000E+00  0.228087E+07
  0.639169E-04  0.228086E+07  0.228086E+07  0.303523E+07  0.303514E+07  0.000000E+00  0.228086E+07
  0.660830E-04  0.228086E+07  0.228086E+07  0.303481E+07  0.303472E+07  0.000000E+00  0.228086E+07
  0.683225E-04  0.228085E+07  0.228085E+07  0.303437E+07  0.303427E+07  0.000000E+00  0.228085E+07
  0.706378E-04  0.228085E+07  0.228085E+07  0.303390E+07  0.303379E+07  0.000000E+00  0.228085E+07
  0.730317E-04  0.228084E+07  0.228084E+07  0.303339E+07  0.303328E+07  0.000000E+00  0.228084E+07
  0.755066E-04  0.228084E+07  0.228084E+07  0.303285E+07  0.303273E+07  0.000000E+00  0.228084E+07
  0.780654E-04  0.228083E+07  0.228083E+07  0.303228E+07  0.303214E+07  0.000000E+00  0.228083E+07
  0.807110E-04  0.228082E+07  0.228082E+07  0.303166E+07  0.303152E+07  0.000000E+00  0.228082E+07
  0.834462E-04  0.228082E+07  0.228082E+07  0.303100E+07  0.303085E+07  0.000000E+00  0.228082E+07
  0.862741E-04  0.228081E+07  0.228081E+07  0.303030E+07  0.303013E+07  0.000000E+00  0.228081E+07
  0.891978E-04  0.228080E+07  0.228080E+07  0.302954E+07  0.302937E+07  0.000000E+00  0.228080E+07
  0.922206E-04  0.228079E+07  0.228079E+07  0.302874E+07  0.302855E+07  0.000000E+00  0.228079E+07
  0.953458E-04  0.228078E+07  0.228078E+07  0.302788E+07  0.302768E+07  0.000000E+00  0.228078E+07
  0.985770E-04  0.228078E+07  0.228077E+07  0.302696E+07  0.302675E+07  0.000000E+00  0.228078E+07
  0.101918E-03  0.228076E+07  0.228076E+07  0.302598E+07  0.302576E+07  0.000000E+00  0.228076E+07
  0.105371E-03  0.228075E+07  0.228075E+07  0.302493E+07  0.302469E+07  0.000000E+00  0.228075E+07
  0.108942E-03  0.228074E+07  0.228074E+07  0.302381E+07  0.302355E+07  0.000000E+00  0.228074E+07
  0.112634E-03  0.228073E+07  0.228073E+07  0.302262E+07  0.302234E+07  0.000000E+00  0.228073E+07
  0.116451E-03  0.228072E+07  0.228071E+07  0.302134E+07  0.302104E+07  0.000000E+00  0.228072E+07
  0.120398E-03  0.228070E+07  0.228070E+07  0.301997E+07  0.301965E+07  0.000000E+00  0.228070E+07
  0.124478E-03  0.228069E+07  0.228068E+07  0.301851E+07  0.301817E+07  0.000000E+00  0.228069E+07
  0.128696E-03  0.228067E+07  0.228067E+07  0.301695E+07  0.301659E+07  0.000000E+00  0.228067E+07
  0.133058E-03  0.228065E+07  0.228065E+07  0.301528E+07  0.301490E+07  0.000000E+00  0.228065E+07
  0.137567E-03  0.228063E+07  0.228063E+07  0.301350E+07  0.301309E+07  0.000000E+00  0.228063E+07
  0.142229E-03  0.228061E+07  0.228061E+07  0.301160E+07  0.301116E+07  0.000000E+00  0.228061E+07
  0.147049E-03  0.228059E+07  0.228059E+07  0.300956E+07  0.300909E+07  0.000000E+00  0.228059E+07
  0.152032E-03  0.228057E+07  0.228057E+07  0.300739E+07  0.300689E+07  0.000000E+00  0.228057E+07
  0.157184E-03  0.228054E+07  0.228054E+07  0.300507E+07  0.300454E+07  0.000000E+00  0.228054E+07
  0.162511E-03  0.228052E+07  0.228051E+07  0.300259E+07  0.300202E+07  0.000000E+00  0.228052E+07
  0.168018E-03  0.228049E+07  0.228049E+07  0.299995E+07  0.299934E+07  0.000000E+00  0.228049E+07
  0.173712E-03  0.228046E+07  0.228046E+07  0.299712E+07  0.299647E+07  0.000000E+00  0.228046E+07
  0.179599E-03  0.228043E+07  0.228042E+07  0.299410E+07  0.299341E+07  0.000000E+00  0.228043E+07
  0.185685E-03  0.228039E+07  0.228039E+07  0.299088E+07  0.299014E+07  0.000000E+00  0.228039E+07
  0.191978E-03  0.228036E+07  0.228035E+07  0.298744E+07  0.298664E+07  0.000000E+00  0.228036E+07
  0.198484E-03  0.228032E+07  0.228031E+07  0.298376E+07  0.298292E+07  0.000000E+00  0.228032E+07
  0.205210E-03  0.228028E+07  0.228027E+07  0.297984E+07  0.297894E+07  0.000000E+00  0.228028E+07
  0.212165E-03  0.228023E+07  0.228023E+07  0.297565E+07  0.297469E+07  0.000000E+00  0.228023E+07
  0.219355E-03  0.228018E+07  0.228018E+07  0.297118E+07  0.297015E+07  0.000000E+00  0.228018E+07
  0.226788E-03  0.228013E+07  0.228013E+07  0.296640E+07  0.296531E+07  0.000000E+00  0.228013E+07
  0.234474E-03  0.228008E+07  0.228007E+07  0.296131E+07  0.296014E+07  0.000000E+00  0.228008E+07
  0.242420E-03  0.228002E+07  0.228001E+07  0.295587E+07  0.295463E+07  0.000000E+00  0.228002E+07
  0.250635E-03  0.227996E+07  0.227995E+07  0.295007E+07  0.294874E+07  0.000000E+00  0.227996E+07
  0.259129E-03  0.227989E+07  0.227988E+07  0.294388E+07  0.294246E+07  0.000000E+00  0.227989E+07
  0.267910E-03  0.227982E+07  0.227981E+07  0.293728E+07  0.293577E+07  0.000000E+00  0.227982E+07
  0.276990E-03  0.227974E+07  0.227973E+07  0.293024E+07  0.292863E+07  0.000000E+00  0.227974E+07
  0.286376E-03  0.227966E+07  0.227965E+07  0.292273E+07  0.292101E+07  0.000000E+00  0.227966E+07
  0.296081E-03  0.227958E+07  0.227956E+07  0.291472E+07  0.291289E+07  0.000000E+00  0.227958E+07
  0.306115E-03  0.227948E+07  0.227947E+07  0.290618E+07  0.290423E+07  0.000000E+00  0.227948E+07
  0.316489E-03  0.227939E+07  0.227937E+07  0.289708E+07  0.289501E+07  0.000000E+00  0.227938E+07
  0.327214E-03  0.227928E+07  0.227926E+07  0.288738E+07  0.288517E+07  0.000000E+00  0.227928E+07
  0.338303E-03  0.227917E+07  0.227915E+07  0.287705E+07  0.287470E+07  0.000000E+00  0.227916E+07
  0.349768E-03  0.227905E+07  0.227903E+07  0.286604E+07  0.286354E+07  0.000000E+00  0.227904E+07
  0.361621E-03  0.227892E+07  0.227890E+07  0.285432E+07  0.285166E+07  0.000000E+00  0.227892E+07
  0.373876E-03  0.227878E+07  0.227876E+07  0.284184E+07  0.283901E+07  0.000000E+00  0.227878E+07
  0.386546E-03  0.227863E+07  0.227861E+07  0.282855E+07  0.282554E+07  0.000000E+00  0.227863E+07
  0.399646E-03  0.227848E+07  0.227845E+07  0.281442E+07  0.281122E+07  0.000000E+00  0.227847E+07
  0.413189E-03  0.227831E+07  0.227829E+07  0.279938E+07  0.279598E+07  0.000000E+00  0.227831E+07
  0.427192E-03  0.227813E+07  0.227811E+07  0.278339E+07  0.277978E+07  0.000000E+00  0.227813E+07
  0.441669E-03  0.227794E+07  0.227791E+07  0.276639E+07  0.276256E+07  0.000000E+00  0.227794E+07
  0.456636E-03  0.227774E+07  0.227771E+07  0.274832E+07  0.274426E+07  0.000000E+00  0.227773E+07
  0.472111E-03  0.227752E+07  0.227749E+07  0.272913E+07  0.272483E+07  0.000000E+00  0.227751E+07
  0.488111E-03  0.227729E+07  0.227725E+07  0.270876E+07  0.270420E+07  0.000000E+00  0.227728E+07
  0.504652E-03  0.227704E+07  0.227700E+07  0.268714E+07  0.268231E+07  0.000000E+00  0.227703E+07
  0.521754E-03  0.227677E+07  0.227674E+07  0.266420E+07  0.265910E+07  0.000000E+00  0.227677E+07
  0.539436E-03  0.227649E+07  0.227645E+07  0.263989E+07  0.263449E+07  0.000000E+00  0.227648E+07
  0.557716E-03  0.227619E+07  0.227615E+07  0.261414E+07  0.260843E+07  0.000000E+00  0.227618E+07
  0.576617E-03  0.227587E+07  0.227582E+07  0.258687E+07  0.258084E+07  0.000000E+00  0.227586E+07
  0.596158E-03  0.227552E+07  0.227548E+07  0.255801E+07  0.255165E+07  0.000000E+00  0.227552E+07
  0.616361E-03  0.227516E+07  0.227511E+07  0.252750E+07  0.252080E+07  0.000000E+00  0.227515E+07
  0.637248E-03  0.227477E+07  0.227471E+07  0.249526E+07  0.248821E+07  0.000000E+00  0.227476E+07
  0.658844E-03  0.227435E+07  0.227429E+07  0.246123E+07  0.245382E+07  0.000000E+00  0.227434E+07
  0.681171E-03  0.227391E+07  0.227384E+07  0.242533E+07  0.241755E+07  0.000000E+00  0.227390E+07
  0.704255E-03  0.227344E+07  0.227337E+07  0.238750E+07  0.237935E+07  0.000000E+00  0.227342E+07
  0.728122E-03  0.227293E+07  0.227286E+07  0.234769E+07  0.233914E+07  0.000000E+00  0.227292E+07
  0.752797E-03  0.227239E+07  0.227232E+07  0.230582E+07  0.229688E+07  0.000000E+00  0.227238E+07
  0.778308E-03  0.227182E+07  0.227174E+07  0.226184E+07  0.225252E+07  0.000000E+00  0.227181E+07
  0.804684E-03  0.227121E+07  0.227112E+07  0.221572E+07  0.220599E+07  0.000000E+00  0.227120E+07
  0.831954E-03  0.227056E+07  0.227047E+07  0.216740E+07  0.215728E+07  0.000000E+00  0.227055E+07
  0.860148E-03  0.226987E+07  0.226977E+07  0.211685E+07  0.210635E+07  0.000000E+00  0.226985E+07
  0.889297E-03  0.226913E+07  0.226903E+07  0.206406E+07  0.205319E+07  0.000000E+00  0.226912E+07
  0.919434E-03  0.226835E+07  0.226824E+07  0.200902E+07  0.199779E+07  0.000000E+00  0.226833E+07
  0.950592E-03  0.226752E+07  0.226740E+07  0.195174E+07  0.194016E+07  0.000000E+00  0.226750E+07
  0.982807E-03  0.226663E+07  0.226650E+07  0.189225E+07  0.188034E+07  0.000000E+00  0.226661E+07
  0.101611E-02  0.226569E+07  0.226555E+07  0.183058E+07  0.181838E+07  0.000000E+00  0.226567E+07
  0.105055E-02  0.226469E+07  0.226454E+07  0.176681E+07  0.175435E+07  0.000000E+00  0.226466E+07
  0.108615E-02  0.226362E+07  0.226347E+07  0.170102E+07  0.168834E+07  0.000000E+00  0.226360E+07
  0.112296E-02  0.226249E+07  0.226233E+07  0.163333E+07  0.162048E+07  0.000000E+00  0.226247E+07
  0.116101E-02  0.226129E+07  0.226112E+07  0.156389E+07  0.155092E+07  0.000000E+00  0.226127E+07
  0.120036E-02  0.226002E+07  0.225984E+07  0.149287E+07  0.147985E+07  0.000000E+00  0.225999E+07
  0.124104E-02  0.225867E+07  0.225847E+07  0.142048E+07  0.140747E+07  0.000000E+00  0.225864E+07
  0.128309E-02  0.225724E+07  0.225703E+07  0.134696E+07  0.133404E+07  0.000000E+00  0.225721E+07
  0.132658E-02  0.225572E+07  0.225550E+07  0.127259E+07  0.125984E+07  0.000000E+00  0.225569E+07
  0.137153E-02  0.225412E+07  0.225388E+07  0.119769E+07  0.118520E+07  0.000000E+00  0.225408E+07
  0.141801E-02  0.225242E+07  0.225217E+07  0.112260E+07  0.111046E+07  0.000000E+00  0.225238E+07
  0.146607E-02  0.225062E+07  0.225035E+07  0.104772E+07  0.103603E+07  0.000000E+00  0.225058E+07
  0.151575E-02  0.224871E+07  0.224843E+07  0.973454E+06  0.962306E+06  0.000000E+00  0.224867E+07
  0.156712E-02  0.224670E+07  0.224641E+07  0.900254E+06  0.889749E+06  0.000000E+00  0.224666E+07
  0.162022E-02  0.224458E+07  0.224427E+07  0.828590E+06  0.818824E+06  0.000000E+00  0.224453E+07
  0.167513E-02  0.224234E+07  0.224201E+07  0.758949E+06  0.750013E+06  0.000000E+00  0.224229E+07
  0.173190E-02  0.223998E+07  0.223963E+07  0.691829E+06  0.683804E+06  0.000000E+00  0.223993E+07
  0.179059E-02  0.223749E+07  0.223712E+07  0.627724E+06  0.620677E+06  0.000000E+00  0.223743E+07
  0.185127E-02  0.223487E+07  0.223447E+07  0.567114E+06  0.561098E+06  0.000000E+00  0.223481E+07
  0.191401E-02  0.223211E+07  0.223169E+07  0.510452E+06  0.505496E+06  0.000000E+00  0.223205E+07
  0.197887E-02  0.222921E+07  0.222877E+07  0.458146E+06  0.454256E+06  0.000000E+00  0.222914E+07
  0.204594E-02  0.222617E+07  0.222569E+07  0.410544E+06  0.407696E+06  0.000000E+00  0.222609E+07
  0.211527E-02  0.222297E+07  0.222247E+07  0.367913E+06  0.366051E+06  0.000000E+00  0.222289E+07
  0.218695E-02  0.221961E+07  0.221908E+07  0.330426E+06  0.329460E+06  0.000000E+00  0.221953E+07
  0.226107E-02  0.221610E+07  0.221553E+07  0.298144E+06  0.297946E+06  0.000000E+00  0.221601E+07
  0.233769E-02  0.221241E+07  0.221181E+07  0.270998E+06  0.271408E+06  0.000000E+00  0.221232E+07
  0.241691E-02  0.220856E+07  0.220792E+07  0.248785E+06  0.249610E+06  0.000000E+00  0.220846E+07
  0.249882E-02  0.220453E+07  0.220385E+07  0.231158E+06  0.232180E+06  0.000000E+00  0.220442E+07
  0.258350E-02  0.220031E+07  0.219960E+07  0.217631E+06  0.218613E+06  0.000000E+00  0.220020E+07
  0.267105E-02  0.219592E+07  0.219515E+07  0.207588E+06  0.208288E+06  0.000000E+00  0.219580E+07
  0.276157E-02  0.219133E+07  0.219052E+07  0.200302E+06  0.200487E+06  0.000000E+00  0.219120E+07
  0.285516E-02  0.218654E+07  0.218568E+07  0.194968E+06  0.194429E+06  0.000000E+00  0.218641E+07
  0.295191E-02  0.218156E+07  0.218064E+07  0.190741E+06  0.189312E+06  0.000000E+00  0.218142E+07
  0.305195E-02  0.217637E+07  0.217539E+07  0.186788E+06  0.184364E+06  0.000000E+00  0.217622E+07
  0.315538E-02  0.217097E+07  0.216993E+07  0.182343E+06  0.178894E+06  0.000000E+00  0.217080E+07
  0.326231E-02  0.216535E+07  0.216425E+07  0.176769E+06  0.172351E+06  0.000000E+00  0.216518E+07
  0.337287E-02  0.215951E+07  0.215834E+07  0.169610E+06  0.164374E+06  0.000000E+00  0.215933E+07
  0.348717E-02  0.215344E+07  0.215219E+07  0.160644E+06  0.154825E+06  0.000000E+00  0.215325E+07
  0.360534E-02  0.214714E+07  0.214581E+07  0.149909E+06  0.143813E+06  0.000000E+00  0.214693E+07
  0.372752E-02  0.214060E+07  0.213919E+07  0.137709E+06  0.131688E+06  0.000000E+00  0.214038E+07
  0.385385E-02  0.213382E+07  0.213231E+07  0.124591E+06  0.118999E+06  0.000000E+00  0.213358E+07
  0.398445E-02  0.212678E+07  0.212518E+07  0.111284E+06  0.106437E+06  0.000000E+00  0.212653E+07
  0.411948E-02  0.211949E+07  0.211778E+07  0.986068E+05  0.947294E+05  0.000000E+00  0.211922E+07
  0.425908E-02  0.211194E+07  0.211011E+07  0.873534E+05  0.845387E+05  0.000000E+00  0.211165E+07
  0.440341E-02  0.210411E+07  0.210217E+07  0.781623E+05  0.763419E+05  0.000000E+00  0.210381E+07
  0.455264E-02  0.209601E+07  0.209394E+07  0.713981E+05  0.703381E+05  0.000000E+00  0.209569E+07
  0.470692E-02  0.208763E+07  0.208543E+07  0.670656E+05  0.663936E+05  0.000000E+00  0.208728E+07
  0.486644E-02  0.207895E+07  0.207662E+07  0.647825E+05  0.640478E+05  0.000000E+00  0.207859E+07
  0.503135E-02  0.206999E+07  0.206750E+07  0.638282E+05  0.625894E+05  0.000000E+00  0.206960E+07
  0.520186E-02  0.206072E+07  0.205807E+07  0.632738E+05  0.612002E+05  0.000000E+00  0.206031E+07
  0.537814E-02  0.205115E+07  0.204833E+07  0.621790E+05  0.591416E+05  0.000000E+00  0.205071E+07
  0.556040E-02  0.204127E+07  0.203827E+07  0.598182E+05  0.559424E+05  0.000000E+00  0.204080E+07
  0.574884E-02  0.203107E+07  0.202787E+07  0.558793E+05  0.515354E+05  0.000000E+00  0.203057E+07
  0.594366E-02  0.202054E+07  0.201714E+07  0.505711E+05  0.462882E+05  0.000000E+00  0.202001E+07
  0.614508E-02  0.200968E+07  0.200606E+07  0.445865E+05  0.409011E+05  0.000000E+00  0.200912E+07
  0.635333E-02  0.199849E+07  0.199464E+07  0.389025E+05  0.361798E+05  0.000000E+00  0.199789E+07
  0.656864E-02  0.198695E+07  0.198286E+07  0.344572E+05  0.327449E+05  0.000000E+00  0.198631E+07
  0.679124E-02  0.197507E+07  0.197071E+07  0.317989E+05  0.307808E+05  0.000000E+00  0.197439E+07
  0.702139E-02  0.196283E+07  0.195819E+07  0.308452E+05  0.299377E+05  0.000000E+00  0.196210E+07
  0.725933E-02  0.195023E+07  0.194530E+07  0.308778E+05  0.294584E+05  0.000000E+00  0.194946E+07
  0.750534E-02  0.193726E+07  0.193202E+07  0.308233E+05  0.285103E+05  0.000000E+00  0.193644E+07
  0.775969E-02  0.192391E+07  0.191834E+07  0.297418E+05  0.265920E+05  0.000000E+00  0.192304E+07
  0.802265E-02  0.191019E+07  0.190427E+07  0.273100E+05  0.238058E+05  0.000000E+00  0.190927E+07
  0.829453E-02  0.189608E+07  0.188979E+07  0.240305E+05  0.208161E+05  0.000000E+00  0.189510E+07
  0.857562E-02  0.188159E+07  0.187490E+07  0.209892E+05  0.184628E+05  0.000000E+00  0.188054E+07
  0.886624E-02  0.186669E+07  0.185959E+07  0.182777E+05  0.172230E+05  0.000000E+00  0.186558E+07
  0.916671E-02  0.185139E+07  0.184385E+07  0.176755E+05  0.168687E+05  0.000000E+00  0.185021E+07
  0.947735E-02  0.183568E+07  0.182768E+07  0.179162E+05  0.166065E+05  0.000000E+00  0.183443E+07
  0.979853E-02  0.181956E+07  0.181107E+07  0.178047E+05  0.156704E+05  0.000000E+00  0.181823E+07
  0.101306E-01  0.180301E+07  0.179400E+07  0.165176E+05  0.139477E+05  0.000000E+00  0.180160E+07
  0.104739E-01  0.178604E+07  0.177649E+07  0.143051E+05  0.120877E+05  0.000000E+00  0.178455E+07
  0.108288E-01  0.176863E+07  0.175851E+07  0.123222E+05  0.109109E+05  0.000000E+00  0.176705E+07
  0.111958E-01  0.175079E+07  0.174006E+07  0.112370E+05  0.105975E+05  0.000000E+00  0.174911E+07
  0.115752E-01  0.173250E+07  0.172114E+07  0.113976E+05  0.104839E+05  0.000000E+00  0.173073E+07
  0.119675E-01  0.171377E+07  0.170174E+07  0.114382E+05  0.978206E+04  0.000000E+00  0.171189E+07
  0.123731E-01  0.169458E+07  0.168185E+07  0.104238E+05  0.850153E+04  0.000000E+00  0.169259E+07
  0.127924E-01  0.167493E+07  0.166146E+07  0.877215E+04  0.743841E+04  0.000000E+00  0.167283E+07
  0.132259E-01  0.165482E+07  0.164058E+07  0.776871E+04  0.712325E+04  0.000000E+00  0.165260E+07
  0.136741E-01  0.163424E+07  0.161920E+07  0.789326E+04  0.707538E+04  0.000000E+00  0.163189E+07
  0.141375E-01  0.161320E+07  0.159731E+07  0.779988E+04  0.651231E+04  0.000000E+00  0.161072E+07
  0.146166E-01  0.159168E+07  0.157491E+07  0.696812E+04  0.556751E+04  0.000000E+00  0.158906E+07
  0.151119E-01  0.156968E+07  0.155201E+07  0.577460E+04  0.000000E+00  0.000000E+00  0.156692E+07
  0.156241E-01  0.154721E+07  0.152859E+07  0.542806E+04  0.000000E+00  0.000000E+00  0.154430E+07
  0.161536E-01  0.152427E+07  0.150465E+07  0.568929E+04  0.000000E+00  0.000000E+00  0.152120E+07
  0.167010E-01  0.150085E+07  0.148021E+07  0.512372E+04  0.000000E+00  0.000000E+00  0.149762E+07
  0.172669E-01  0.147695E+07  0.145527E+07  0.419701E+04  0.000000E+00  0.000000E+00  0.147356E+07
  0.178521E-01  0.145259E+07  0.142982E+07  0.397738E+04  0.000000E+00  0.000000E+00  0.144903E+07
  0.184571E-01  0.142776E+07  0.140388E+07  0.412994E+04  0.000000E+00  0.000000E+00  0.142403E+07
  0.190826E-01  0.140248E+07  0.137745E+07  0.351275E+04  0.000000E+00  0.000000E+00  0.139857E+07
  0.197293E-01  0.137675E+07  0.135056E+07  0.297493E+04  0.000000E+00  0.000000E+00  0.137266E+07
  0.203979E-01  0.135059E+07  0.132322E+07  0.308758E+04  0.000000E+00  0.000000E+00  0.134631E+07
  0.210891E-01  0.132401E+07  0.129544E+07  0.284119E+04  0.000000E+00  0.000000E+00  0.131955E+07
  0.218038E-01  0.129704E+07  0.126726E+07  0.240111E+04  0.000000E+00  0.000000E+00  0.129238E+07
  0.225427E-01  0.126968E+07  0.123870E+07  0.256261E+04  0.000000E+00  0.000000E+00  0.126484E+07
  0.233067E-01  0.124198E+07  0.120979E+07  0.244518E+04  0.000000E+00  0.000000E+00  0.123695E+07
  0.240965E-01  0.121396E+07  0.118058E+07  0.217892E+04  0.000000E+00  0.000000E+00  0.120874E+07
  0.249131E-01  0.118565E+07  0.115110E+07  0.214707E+04  0.000000E+00  0.000000E+00  0.118025E+07
  0.257574E-01  0.115710E+07  0.112141E+07  0.157157E+04  0.000000E+00  0.000000E+00  0.115153E+07
  0.266302E-01  0.112835E+07  0.109157E+07  0.129627E+04  0.000000E+00  0.000000E+00  0.112260E+07
  0.275327E-01  0.109945E+07  0.106163E+07  0.128492E+04  0.000000E+00  0.000000E+00  0.109354E+07
  0.284658E-01  0.107046E+07  0.103167E+07  0.126307E+04  0.000000E+00  0.000000E+00  0.106440E+07
  0.294304E-01  0.104143E+07  0.100176E+07  0.119593E+04  0.000000E+00  0.000000E+00  0.103523E+07
  0.304278E-01  0.101244E+07  0.971985E+06  0.859809E+03  0.000000E+00  0.000000E+00  0.100612E+07
  0.314589E-01  0.983551E+06  0.942426E+06  0.992724E+03  0.000000E+00  0.000000E+00  0.977126E+06
  0.325251E-01  0.954845E+06  0.913179E+06  0.800338E+03  0.000000E+00  0.000000E+00  0.948335E+06
  0.336273E-01  0.926401E+06  0.884340E+06  0.745875E+03  0.000000E+00  0.000000E+00  0.919829E+06
  0.347669E-01  0.898303E+06  0.856009E+06  0.683194E+03  0.000000E+00  0.000000E+00  0.891695E+06
  0.359451E-01  0.870638E+06  0.828286E+06  0.610164E+03  0.000000E+00  0.000000E+00  0.864020E+06
  0.371632E-01  0.843492E+06  0.801273E+06  0.567362E+03  0.000000E+00  0.000000E+00  0.836895E+06
  0.384226E-01  0.816952E+06  0.775070E+06  0.481058E+03  0.000000E+00  0.000000E+00  0.810408E+06
  0.397247E-01  0.791102E+06  0.749768E+06  0.494119E+03  0.000000E+00  0.000000E+00  0.784644E+06
  0.410709E-01  0.766022E+06  0.725456E+06  0.373875E+03  0.000000E+00  0.000000E+00  0.759684E+06
  0.424628E-01  0.741784E+06  0.702207E+06  0.404357E+03  0.000000E+00  0.000000E+00  0.735600E+06
  0.439018E-01  0.718448E+06  0.680083E+06  0.340925E+03  0.000000E+00  0.000000E+00  0.712453E+06
  0.453652E-01  0.696418E+06  0.659454E+06  0.310529E+03  0.000000E+00  0.000000E+00  0.690642E+06
  0.468286E-01  0.675995E+06  0.640575E+06  0.274698E+03  0.000000E+00  0.000000E+00  0.670461E+06
  0.482920E-01  0.657067E+06  0.623303E+06  0.246836E+03  0.000000E+00  0.000000E+00  0.651791E+06
  0.497554E-01  0.639515E+06  0.607490E+06  0.238183E+03  0.000000E+00  0.000000E+00  0.634511E+06
  0.512188E-01  0.623218E+06  0.592986E+06  0.227838E+03  0.000000E+00  0.000000E+00  0.618494E+06
  0.526822E-01  0.608056E+06  0.579640E+06  0.202833E+03  0.000000E+00  0.000000E+00  0.603616E+06
  0.541455E-01  0.593907E+06  0.567302E+06  0.178892E+03  0.000000E+00  0.000000E+00  0.589750E+06
  0.556089E-01  0.580653E+06  0.555828E+06  0.175499E+03  0.000000E+00  0.000000E+00  0.576774E+06
  0.570723E-01  0.568181E+06  0.545079E+06  0.158809E+03  0.000000E+00  0.000000E+00  0.564571E+06
  0.585357E-01  0.556380E+06  0.534923E+06  0.157438E+03  0.000000E+00  0.000000E+00  0.553028E+06
  0.599991E-01  0.545149E+06  0.525239E+06  0.122432E+03  0.000000E+00  0.000000E+00  0.542038E+06
  0.614625E-01  0.534391E+06  0.515914E+06  0.146059E+03  0.000000E+00  0.000000E+00  0.531504E+06
  0.629259E-01  0.524021E+06  0.506848E+06  0.114025E+03  0.000000E+00  0.000000E+00  0.521338E+06
  0.643893E-01  0.513959E+06  0.497953E+06  0.112303E+03  0.000000E+00  0.000000E+00  0.511458E+06
  0.658527E-01  0.504138E+06  0.489152E+06  0.106151E+03  0.000000E+00  0.000000E+00  0.501796E+06
  0.673161E-01  0.494498E+06  0.480384E+06  0.977134E+02  0.000000E+00  0.000000E+00  0.492293E+06
  0.687795E-01  0.484992E+06  0.471598E+06  0.777415E+02  0.000000E+00  0.000000E+00  0.482899E+06
  0.702429E-01  0.475579E+06  0.462757E+06  0.905097E+02  0.000000E+00  0.000000E+00  0.473576E+06
  0.717063E-01  0.466231E+06  0.453836E+06  0.848631E+02  0.000000E+00  0.000000E+00  0.464294E+06
  0.731697E-01  0.456927E+06  0.444823E+06  0.908533E+02  0.000000E+00  0.000000E+00  0.455035E+06
  0.746330E-01  0.447659E+06  0.435719E+06  0.660583E+02  0.000000E+00  0.000000E+00  0.445794E+06
  0.760964E-01  0.438409E+06  0.426516E+06  0.586783E+02  0.000000E+00  0.000000E+00  0.436551E+06
  0.775598E-01  0.429190E+06  0.417241E+06  0.732970E+02  0.000000E+00  0.000000E+00  0.427323E+06
  0.790232E-01  0.420012E+06  0.407918E+06  0.619758E+02  0.000000E+00  0.000000E+00  0.418123E+06
  0.804866E-01  0.410890E+06  0.398577E+06  0.644957E+02  0.000000E+00  0.000000E+00  0.408966E+06
  0.819500E-01  0.401843E+06  0.389251E+06  0.608308E+02  0.000000E+00  0.000000E+00  0.399876E+06
  0.834134E-01  0.392894E+06  0.379981E+06  0.651413E+02  0.000000E+00  0.000000E+00  0.390876E+06
  0.848768E-01  0.384067E+06  0.370806E+06  0.550199E+02  0.000000E+00  0.000000E+00  0.381995E+06
  0.863402E-01  0.375390E+06  0.361768E+06  0.356888E+02  0.000000E+00  0.000000E+00  0.373261E+06
  0.878036E-01  0.366888E+06  0.352908E+06  0.356043E+02  0.000000E+00  0.000000E+00  0.364704E+06
  0.892670E-01  0.358590E+06  0.344267E+06  0.410064E+02  0.000000E+00  0.000000E+00  0.356352E+06
  0.907304E-01  0.350521E+06  0.335882E+06  0.284215E+02  0.000000E+00  0.000000E+00  0.348234E+06
  0.921938E-01  0.342704E+06  0.327788E+06  0.216009E+02  0.000000E+00  0.000000E+00  0.340373E+06
  0.940230E-01  0.333319E+06  0.318126E+06  0.547251E+02  0.000000E+00  0.000000E+00  0.330945E+06
  0.958523E-01  0.324397E+06  0.309016E+06  0.282980E+02  0.000000E+00  0.000000E+00  0.321994E+06
  0.976815E-01  0.315964E+06  0.300495E+06  0.427568E+02  0.000000E+00  0.000000E+00  0.313547E+06
  0.995107E-01  0.308037E+06  0.292585E+06  0.373308E+02  0.000000E+00  0.000000E+00  0.305622E+06
  0.101340E+00  0.300623E+06  0.285296E+06  0.218029E+02  0.000000E+00  0.000000E+00  0.298228E+06
  0.103169E+00  0.293720E+06  0.278623E+06  0.166421E+02  0.000000E+00  0.000000E+00  0.291361E+06
  0.104998E+00  0.287316E+06  0.272550E+06  0.266689E+02  0.000000E+00  0.000000E+00  0.285009E+06
  0.106828E+00  0.281390E+06  0.267046E+06  0.225270E+02  0.000000E+00  0.000000E+00  0.279149E+06
  0.108657E+00  0.275914E+06  0.262071E+06  0.189752E+02  0.000000E+00  0.000000E+00  0.273751E+06
  0.110486E+00  0.270852E+06  0.257576E+06  0.238422E+02  0.000000E+00  0.000000E+00  0.268778E+06
  0.112315E+00  0.266163E+06  0.253504E+06  0.158053E+02  0.000000E+00  0.000000E+00  0.264185E+06
  0.114145E+00  0.261801E+06  0.249795E+06  0.230670E+02  0.000000E+00  0.000000E+00  0.259925E+06
  0.115974E+00  0.257722E+06  0.246385E+06  0.102252E+02  0.000000E+00  0.000000E+00  0.255951E+06
  0.117803E+00  0.253876E+06  0.243211E+06  0.200954E+02  0.000000E+00  0.000000E+00  0.252209E+06
  0.119632E+00  0.250213E+06  0.240205E+06  0.189549E+02  0.000000E+00  0.000000E+00  0.248650E+06
  0.121462E+00  0.246686E+06  0.237307E+06  0.123489E+02  0.000000E+00  0.000000E+00  0.245221E+06
  0.123291E+00  0.243250E+06  0.234458E+06  0.203211E+02  0.000000E+00  0.000000E+00  0.241876E+06
  0.125120E+00  0.239865E+06  0.231607E+06  0.185006E+02  0.000000E+00  0.000000E+00  0.238575E+06
  0.126949E+00  0.236498E+06  0.228714E+06  0.981312E+01  0.000000E+00  0.000000E+00  0.235282E+06
  0.128779E+00  0.233121E+06  0.225743E+06  0.723483E+01  0.000000E+00  0.000000E+00  0.231968E+06
  0.130608E+00  0.229711E+06  0.222668E+06  0.144994E+02  0.000000E+00  0.000000E+00  0.228611E+06
  0.132437E+00  0.226253E+06  0.219471E+06  0.599963E+01  0.000000E+00  0.000000E+00  0.225193E+06
  0.134266E+00  0.222735E+06  0.216141E+06  0.159964E+02  0.000000E+00  0.000000E+00  0.221705E+06
  0.136096E+00  0.219151E+06  0.212676E+06  0.000000E+00  0.000000E+00  0.000000E+00  0.218139E+06
  0.137925E+00  0.215503E+06  0.209081E+06  0.000000E+00  0.000000E+00  0.000000E+00  0.214500E+06
  0.139754E+00  0.211797E+06  0.205371E+06  0.000000E+00  0.000000E+00  0.000000E+00  0.210793E+06
  0.141583E+00  0.208044E+06  0.201562E+06  0.000000E+00  0.000000E+00  0.000000E+00  0.207031E+06
  0.143413E+00  0.204259E+06  0.197681E+06  0.000000E+00  0.000000E+00  0.000000E+00  0.203231E+06
  0.145242E+00  0.200464E+06  0.193756E+06  0.000000E+00  0.000000E+00  0.000000E+00  0.199416E+06
  0.147071E+00  0.196678E+06  0.189819E+06  0.000000E+00  0.000000E+00  0.000000E+00  0.195607E+06
  0.148900E+00  0.192923E+06  0.185900E+06  0.000000E+00  0.000000E+00  0.000000E+00  0.191826E+06
  0.150730E+00  0.189221E+06  0.182031E+06  0.000000E+00  0.000000E+00  0.000000E+00  0.188097E+06
  0.152559E+00  0.185591E+06  0.178242E+06  0.000000E+00  0.000000E+00  0.000000E+00  0.184443E+06
  0.154388E+00  0.182055E+06  0.174560E+06  0.000000E+00  0.000000E+00  0.000000E+00  0.180884E+06
  0.156217E+00  0.178631E+06  0.171013E+06  0.000000E+00  0.000000E+00  0.000000E+00  0.177440E+06
  0.158047E+00  0.175334E+06  0.167622E+06  0.000000E+00  0.000000E+00  0.000000E+00  0.174129E+06
  0.159876E+00  0.172180E+06  0.164406E+06  0.000000E+00  0.000000E+00  0.000000E+00  0.170965E+06
  0.161705E+00  0.169177E+06  0.161378E+06  0.000000E+00  0.000000E+00  0.000000E+00  0.167959E+06
  0.163534E+00  0.166335E+06  0.158548E+06  0.000000E+00  0.000000E+00  0.000000E+00  0.165118E+06
  0.165364E+00  0.163655E+06  0.155919E+06  0.000000E+00  0.000000E+00  0.000000E+00  0.162446E+06
  0.167193E+00  0.161136E+06  0.153490E+06  0.000000E+00  0.000000E+00  0.000000E+00  0.159941E+06
  0.169022E+00  0.158774E+06  0.151253E+06  0.000000E+00  0.000000E+00  0.000000E+00  0.157599E+06
  0.170851E+00  0.156562E+06  0.149199E+06  0.000000E+00  0.000000E+00  0.000000E+00  0.155411E+06
  0.172681E+00  0.154490E+06  0.147314E+06  0.000000E+00  0.000000E+00  0.000000E+00  0.153369E+06
  0.174510E+00  0.152547E+06  0.145582E+06  0.000000E+00  0.000000E+00  0.000000E+00  0.151459E+06
  0.176339E+00  0.150721E+06  0.143985E+06  0.000000E+00  0.000000E+00  0.000000E+00  0.149668E+06
  0.178168E+00  0.148995E+06  0.142502E+06  0.000000E+00  0.000000E+00  0.000000E+00  0.147980E+06
  0.179998E+00  0.147354E+06  0.141112E+06  0.000000E+00  0.000000E+00  0.000000E+00  0.146379E+06
  0.181827E+00  0.145783E+06  0.139792E+06  0.000000E+00  0.000000E+00  0.000000E+00  0.144847E+06
  0.183656E+00  0.144263E+06  0.138520E+06  0.000000E+00  0.000000E+00  0.000000E+00  0.143366E+06
  0.185485E+00  0.142779E+06  0.137275E+06  0.000000E+00  0.000000E+00  0.000000E+00  0.141919E+06
  0.187314E+00  0.141316E+06  0.136038E+06  0.000000E+00  0.000000E+00  0.000000E+00  0.140491E+06
  0.189144E+00  0.139861E+06  0.134791E+06  0.000000E+00  0.000000E+00  0.000000E+00  0.139069E+06
  0.190973E+00  0.138404E+06  0.133520E+06  0.000000E+00  0.000000E+00  0.000000E+00  0.137641E+06
  0.192802E+00  0.136935E+06  0.132215E+06  0.000000E+00  0.000000E+00  0.000000E+00  0.136197E+06
  0.194631E+00  0.135446E+06  0.130864E+06  0.000000E+00  0.000000E+00  0.000000E+00  0.134730E+06
  0.196461E+00  0.133932E+06  0.129463E+06  0.000000E+00  0.000000E+00  0.000000E+00  0.133234E+06
  0.198290E+00  0.132390E+06  0.128008E+06  0.000000E+00  0.000000E+00  0.000000E+00  0.131705E+06
  0.200119E+00  0.130818E+06  0.126498E+06  0.000000E+00  0.000000E+00  0.000000E+00  0.130143E+06
  0.201948E+00  0.129217E+06  0.124935E+06  0.000000E+00  0.000000E+00  0.000000E+00  0.128548E+06
  0.203778E+00  0.127589E+06  0.123324E+06  0.000000E+00  0.000000E+00  0.000000E+00  0.126922E+06
  0.205607E+00  0.125939E+06  0.121671E+06  0.000000E+00  0.000000E+00  0.000000E+00  0.125272E+06
  0.207436E+00  0.124273E+06  0.119987E+06  0.000000E+00  0.000000E+00  0.000000E+00  0.123603E+06
  0.209265E+00  0.122598E+06  0.118282E+06  0.000000E+00  0.000000E+00  0.000000E+00  0.121924E+06
  0.211095E+00  0.120922E+06  0.116565E+06  0.000000E+00  0.000000E+00  0.000000E+00  0.120241E+06
  0.212924E+00  0.119253E+06  0.114850E+06  0.000000E+00  0.000000E+00  0.000000E+00  0.118565E+06
  0.214753E+00  0.117598E+06  0.113146E+06  0.000000E+00  0.000000E+00  0.000000E+00  0.116902E+06
  0.216582E+00  0.115966E+06  0.111466E+06  0.000000E+00  0.000000E+00  0.000000E+00  0.115263E+06
  0.218412E+00  0.114364E+06  0.109820E+06  0.000000E+00  0.000000E+00  0.000000E+00  0.113654E+06
  0.220241E+00  0.112799E+06  0.108218E+06  0.000000E+00  0.000000E+00  0.000000E+00  0.112083E+06
  0.222070E+00  0.111278E+06  0.106669E+06  0.000000E+00  0.000000E+00  0.000000E+00  0.110558E+06
  0.223899E+00  0.109806E+06  0.105180E+06  0.000000E+00  0.000000E+00  0.000000E+00  0.109084E+06
  0.225729E+00  0.108389E+06  0.103757E+06  0.000000E+00  0.000000E+00  0.000000E+00  0.107665E+06
  0.227558E+00  0.107028E+06  0.102405E+06  0.000000E+00  0.000000E+00  0.000000E+00  0.106306E+06
  0.229387E+00  0.105727E+06  0.101124E+06  0.000000E+00  0.000000E+00  0.000000E+00  0.105008E+06
  0.231216E+00  0.104484E+06  0.999167E+05  0.000000E+00  0.000000E+00  0.000000E+00  0.103770E+06
  0.233046E+00  0.103299E+06  0.987802E+05  0.000000E+00  0.000000E+00  0.000000E+00  0.102593E+06
  0.234875E+00  0.102171E+06  0.977123E+05  0.000000E+00  0.000000E+00  0.000000E+00  0.101474E+06
  0.236704E+00  0.101096E+06  0.967090E+05  0.000000E+00  0.000000E+00  0.000000E+00  0.100410E+06
  0.238533E+00  0.100071E+06  0.957654E+05  0.000000E+00  0.000000E+00  0.000000E+00  0.993982E+05
  0.240363E+00  0.990921E+05  0.948757E+05  0.000000E+00  0.000000E+00  0.000000E+00  0.984333E+05
  0.242192E+00  0.981543E+05  0.940330E+05  0.000000E+00  0.000000E+00  0.000000E+00  0.975104E+05
  0.244021E+00  0.972520E+05  0.932296E+05  0.000000E+00  0.000000E+00  0.000000E+00  0.966235E+05
  0.245850E+00  0.963792E+05  0.924578E+05  0.000000E+00  0.000000E+00  0.000000E+00  0.957665E+05
  0.247680E+00  0.955302E+05  0.917098E+05  0.000000E+00  0.000000E+00  0.000000E+00  0.949333E+05
  0.249509E+00  0.946992E+05  0.909779E+05  0.000000E+00  0.000000E+00  0.000000E+00  0.941178E+05
  0.251338E+00  0.938808E+05  0.902549E+05  0.000000E+00  0.000000E+00  0.000000E+00  0.933143E+05
  0.253167E+00  0.930703E+05  0.895346E+05  0.000000E+00  0.000000E+00  0.000000E+00  0.925178E+05
  0.254997E+00  0.922633E+05  0.888114E+05  0.000000E+00  0.000000E+00  0.000000E+00  0.917239E+05
  0.256826E+00  0.914560E+05  0.880803E+05  0.000000E+00  0.000000E+00  0.000000E+00  0.909286E+05
  0.258655E+00  0.906455E+05  0.873377E+05  0.000000E+00  0.000000E+00  0.000000E+00  0.901287E+05
  0.260484E+00  0.898293E+05  0.865804E+05  0.000000E+00  0.000000E+00  0.000000E+00  0.893216E+05
  0.262314E+00  0.890053E+05  0.858063E+05  0.000000E+00  0.000000E+00  0.000000E+00  0.885055E+05
  0.264143E+00  0.881727E+05  0.850145E+05  0.000000E+00  0.000000E+00  0.000000E+00  0.876792E+05
  0.265972E+00  0.873311E+05  0.842050E+05  0.000000E+00  0.000000E+00  0.000000E+00  0.868426E+05
  0.267801E+00  0.864811E+05  0.833789E+05  0.000000E+00  0.000000E+00  0.000000E+00  0.859964E+05
  0.269631E+00  0.856239E+05  0.825380E+05  0.000000E+00  0.000000E+00  0.000000E+00  0.851418E+05
  0.271460E+00  0.847612E+05  0.816851E+05  0.000000E+00  0.000000E+00  0.000000E+00  0.842806E+05
  0.273289E+00  0.838952E+05  0.808233E+05  0.000000E+00  0.000000E+00  0.000000E+00  0.834153E+05
  0.275118E+00  0.830285E+05  0.799563E+05  0.000000E+00  0.000000E+00  0.000000E+00  0.825485E+05
  0.276947E+00  0.821636E+05  0.790879E+05  0.000000E+00  0.000000E+00  0.000000E+00  0.816830E+05
  0.278777E+00  0.813031E+05  0.782219E+05  0.000000E+00  0.000000E+00  0.000000E+00  0.808217E+05
  0.280606E+00  0.804499E+05  0.773623E+05  0.000000E+00  0.000000E+00  0.000000E+00  0.799675E+05
  0.282435E+00  0.796069E+05  0.765130E+05  0.000000E+00  0.000000E+00  0.000000E+00  0.791235E+05
  0.284264E+00  0.787767E+05  0.756779E+05  0.000000E+00  0.000000E+00  0.000000E+00  0.782925E+05
  0.286094E+00  0.779620E+05  0.748605E+05  0.000000E+00  0.000000E+00  0.000000E+00  0.774774E+05
  0.287923E+00  0.771650E+05  0.740638E+05  0.000000E+00  0.000000E+00  0.000000E+00  0.766805E+05
  0.289752E+00  0.763878E+05  0.732905E+05  0.000000E+00  0.000000E+00  0.000000E+00  0.759038E+05
  0.291581E+00  0.756317E+05  0.725425E+05  0.000000E+00  0.000000E+00  0.000000E+00  0.751490E+05
  0.293411E+00  0.748977E+05  0.718210E+05  0.000000E+00  0.000000E+00  0.000000E+00  0.744170E+05
  0.295240E+00  0.741863E+05  0.711267E+05  0.000000E+00  0.000000E+00  0.000000E+00  0.737083E+05
  0.297069E+00  0.734976E+05  0.704597E+05  0.000000E+00  0.000000E+00  0.000000E+00  0.730229E+05
  0.298898E+00  0.728314E+05  0.698196E+05  0.000000E+00  0.000000E+00  0.000000E+00  0.723608E+05
  0.300728E+00  0.721871E+05  0.692057E+05  0.000000E+00  0.000000E+00  0.000000E+00  0.717213E+05
  0.302557E+00  0.715640E+05  0.686167E+05  0.000000E+00  0.000000E+00  0.000000E+00  0.711035E+05
  0.304386E+00  0.709608E+05  0.680509E+05  0.000000E+00  0.000000E+00  0.000000E+00  0.705061E+05
  0.306215E+00  0.703760E+05  0.675062E+05  0.000000E+00  0.000000E+00  0.000000E+00  0.699276E+05
  0.308045E+00  0.698078E+05  0.669801E+05  0.000000E+00  0.000000E+00  0.000000E+00  0.693660E+05
  0.309874E+00  0.692543E+05  0.664700E+05  0.000000E+00  0.000000E+00  0.000000E+00  0.688192E+05
  0.311703E+00  0.687133E+05  0.659732E+05  0.000000E+00  0.000000E+00  0.000000E+00  0.682851E+05
  0.313532E+00  0.681829E+05  0.654869E+05  0.000000E+00  0.000000E+00  0.000000E+00  0.677616E+05
  0.315362E+00  0.676610E+05  0.650086E+05  0.000000E+00  0.000000E+00  0.000000E+00  0.672466E+05
  0.317191E+00  0.671461E+05  0.645359E+05  0.000000E+00  0.000000E+00  0.000000E+00  0.667382E+05
  0.319020E+00  0.666363E+05  0.640667E+05  0.000000E+00  0.000000E+00  0.000000E+00  0.662348E+05
  0.320849E+00  0.661301E+05  0.635988E+05  0.000000E+00  0.000000E+00  0.000000E+00  0.657346E+05
  0.322679E+00  0.656262E+05  0.631306E+05  0.000000E+00  0.000000E+00  0.000000E+00  0.652363E+05
  0.324508E+00  0.651234E+05  0.626606E+05  0.000000E+00  0.000000E+00  0.000000E+00  0.647386E+05
  0.326337E+00  0.646206E+05  0.621876E+05  0.000000E+00  0.000000E+00  0.000000E+00  0.642405E+05
  0.328166E+00  0.641173E+05  0.617107E+05  0.000000E+00  0.000000E+00  0.000000E+00  0.637412E+05
  0.329996E+00  0.636129E+05  0.612297E+05  0.000000E+00  0.000000E+00  0.000000E+00  0.632405E+05
  0.331825E+00  0.631073E+05  0.607444E+05  0.000000E+00  0.000000E+00  0.000000E+00  0.627381E+05
  0.333654E+00  0.626008E+05  0.602553E+05  0.000000E+00  0.000000E+00  0.000000E+00  0.622343E+05
  0.335483E+00  0.620937E+05  0.597629E+05  0.000000E+00  0.000000E+00  0.000000E+00  0.617295E+05
  0.337313E+00  0.615866E+05  0.592680E+05  0.000000E+00  0.000000E+00  0.000000E+00  0.612243E+05
  0.339142E+00  0.610801E+05  0.587716E+05  0.000000E+00  0.000000E+00  0.000000E+00  0.607194E+05
  0.340971E+00  0.605748E+05  0.582748E+05  0.000000E+00  0.000000E+00  0.000000E+00  0.602155E+05
  0.342800E+00  0.600717E+05  0.577789E+05  0.000000E+00  0.000000E+00  0.000000E+00  0.597135E+05
  0.344630E+00  0.595716E+05  0.572851E+05  0.000000E+00  0.000000E+00  0.000000E+00  0.592143E+05
  0.346459E+00  0.590755E+05  0.567947E+05  0.000000E+00  0.000000E+00  0.000000E+00  0.587191E+05
  0.348288E+00  0.585843E+05  0.563093E+05  0.000000E+00  0.000000E+00  0.000000E+00  0.582289E+05
  0.350117E+00  0.580992E+05  0.558300E+05  0.000000E+00  0.000000E+00  0.000000E+00  0.577446E+05
  0.351947E+00  0.576209E+05  0.553583E+05  0.000000E+00  0.000000E+00  0.000000E+00  0.572674E+05
  0.353776E+00  0.571503E+05  0.548950E+05  0.000000E+00  0.000000E+00  0.000000E+00  0.567979E+05
  0.355605E+00  0.566880E+05  0.544412E+05  0.000000E+00  0.000000E+00  0.000000E+00  0.563369E+05
  0.357434E+00  0.562344E+05  0.539973E+05  0.000000E+00  0.000000E+00  0.000000E+00  0.558849E+05
  0.359264E+00  0.557899E+05  0.535639E+05  0.000000E+00  0.000000E+00  0.000000E+00  0.554421E+05
  0.361093E+00  0.553547E+05  0.531412E+05  0.000000E+00  0.000000E+00  0.000000E+00  0.550088E+05
  0.362922E+00  0.549289E+05  0.527295E+05  0.000000E+00  0.000000E+00  0.000000E+00  0.545852E+05
  0.364751E+00  0.545125E+05  0.523287E+05  0.000000E+00  0.000000E+00  0.000000E+00  0.541713E+05
  0.366580E+00  0.541055E+05  0.519386E+05  0.000000E+00  0.000000E+00  0.000000E+00  0.537669E+05
  0.368410E+00  0.537075E+05  0.515588E+05  0.000000E+00  0.000000E+00  0.000000E+00  0.533718E+05
  0.370239E+00  0.533182E+05  0.511888E+05  0.000000E+00  0.000000E+00  0.000000E+00  0.529855E+05
  0.372068E+00  0.529370E+05  0.508278E+05  0.000000E+00  0.000000E+00  0.000000E+00  0.526074E+05
  0.373897E+00  0.525632E+05  0.504750E+05  0.000000E+00  0.000000E+00  0.000000E+00  0.522369E+05
  0.375727E+00  0.521963E+05  0.501295E+05  0.000000E+00  0.000000E+00  0.000000E+00  0.518734E+05
  0.377556E+00  0.518355E+05  0.497904E+05  0.000000E+00  0.000000E+00  0.000000E+00  0.515160E+05
  0.379385E+00  0.514802E+05  0.494569E+05  0.000000E+00  0.000000E+00  0.000000E+00  0.511640E+05
  0.381214E+00  0.511297E+05  0.491280E+05  0.000000E+00  0.000000E+00  0.000000E+00  0.508170E+05
  0.383044E+00  0.507835E+05  0.488030E+05  0.000000E+00  0.000000E+00  0.000000E+00  0.504741E+05
  0.384873E+00  0.504410E+05  0.484810E+05  0.000000E+00  0.000000E+00  0.000000E+00  0.501347E+05
  0.386702E+00  0.501014E+05  0.481614E+05  0.000000E+00  0.000000E+00  0.000000E+00  0.497983E+05
  0.388531E+00  0.497644E+05  0.478434E+05  0.000000E+00  0.000000E+00  0.000000E+00  0.494642E+05
  0.390361E+00  0.494293E+05  0.475264E+05  0.000000E+00  0.000000E+00  0.000000E+00  0.491320E+05
  0.392190E+00  0.490959E+05  0.472099E+05  0.000000E+00  0.000000E+00  0.000000E+00  0.488012E+05
  0.394019E+00  0.487637E+05  0.468937E+05  0.000000E+00  0.000000E+00  0.000000E+00  0.484715E+05
  0.395848E+00  0.484328E+05  0.465775E+05  0.000000E+00  0.000000E+00  0.000000E+00  0.481429E+05
  0.397678E+00  0.481030E+05  0.462614E+05  0.000000E+00  0.000000E+00  0.000000E+00  0.478153E+05
  0.399507E+00  0.477744E+05  0.459453E+05  0.000000E+00  0.000000E+00  0.000000E+00  0.474886E+05
  0.401336E+00  0.474469E+05  0.456294E+05  0.000000E+00  0.000000E+00  0.000000E+00  0.471629E+05
  0.403165E+00  0.471207E+05  0.453139E+05  0.000000E+00  0.000000E+00  0.000000E+00  0.468384E+05
  0.404995E+00  0.467959E+05  0.449989E+05  0.000000E+00  0.000000E+00  0.000000E+00  0.465151E+05
  0.406824E+00  0.464726E+05  0.446849E+05  0.000000E+00  0.000000E+00  0.000000E+00  0.461933E+05
  0.408653E+00  0.461512E+05  0.443721E+05  0.000000E+00  0.000000E+00  0.000000E+00  0.458732E+05
  0.410482E+00  0.458319E+05  0.440610E+05  0.000000E+00  0.000000E+00  0.000000E+00  0.455552E+05
  0.412312E+00  0.455151E+05  0.437520E+05  0.000000E+00  0.000000E+00  0.000000E+00  0.452396E+05
  0.414141E+00  0.452011E+05  0.434458E+05  0.000000E+00  0.000000E+00  0.000000E+00  0.449268E+05
  0.415970E+00  0.448902E+05  0.431426E+05  0.000000E+00  0.000000E+00  0.000000E+00  0.446172E+05
  0.417799E+00  0.445828E+05  0.428429E+05  0.000000E+00  0.000000E+00  0.000000E+00  0.443109E+05
  0.419629E+00  0.442790E+05  0.425470E+05  0.000000E+00  0.000000E+00  0.000000E+00  0.440083E+05
  0.421458E+00  0.439789E+05  0.422551E+05  0.000000E+00  0.000000E+00  0.000000E+00  0.437096E+05
  0.423287E+00  0.436829E+05  0.419676E+05  0.000000E+00  0.000000E+00  0.000000E+00  0.434149E+05
  0.425116E+00  0.433910E+05  0.416846E+05  0.000000E+00  0.000000E+00  0.000000E+00  0.431244E+05
  0.426946E+00  0.431033E+05  0.414062E+05  0.000000E+00  0.000000E+00  0.000000E+00  0.428381E+05
  0.428775E+00  0.428200E+05  0.411327E+05  0.000000E+00  0.000000E+00  0.000000E+00  0.425563E+05
  0.430604E+00  0.425410E+05  0.408639E+05  0.000000E+00  0.000000E+00  0.000000E+00  0.422790E+05
  0.432433E+00  0.422664E+05  0.406000E+05  0.000000E+00  0.000000E+00  0.000000E+00  0.420060E+05
  0.434263E+00  0.419960E+05  0.403406E+05  0.000000E+00  0.000000E+00  0.000000E+00  0.417374E+05
  0.436092E+00  0.417298E+05  0.400858E+05  0.000000E+00  0.000000E+00  0.000000E+00  0.414729E+05
  0.437921E+00  0.414674E+05  0.398351E+05  0.000000E+00  0.000000E+00  0.000000E+00  0.412124E+05
  0.439750E+00  0.412088E+05  0.395884E+05  0.000000E+00  0.000000E+00  0.000000E+00  0.409556E+05
  0.441580E+00  0.409536E+05  0.393453E+05  0.000000E+00  0.000000E+00  0.000000E+00  0.407023E+05
  0.443409E+00  0.407018E+05  0.391057E+05  0.000000E+00  0.000000E+00  0.000000E+00  0.404524E+05
  0.445238E+00  0.404531E+05  0.388693E+05  0.000000E+00  0.000000E+00  0.000000E+00  0.402056E+05
  0.447067E+00  0.402073E+05  0.386357E+05  0.000000E+00  0.000000E+00  0.000000E+00  0.399618E+05
  0.448896E+00  0.399642E+05  0.384046E+05  0.000000E+00  0.000000E+00  0.000000E+00  0.397205E+05
  0.450726E+00  0.397236E+05  0.381759E+05  0.000000E+00  0.000000E+00  0.000000E+00  0.394817E+05
  0.452555E+00  0.394851E+05  0.379490E+05  0.000000E+00  0.000000E+00  0.000000E+00  0.392451E+05
  0.454384E+00  0.392485E+05  0.377239E+05  0.000000E+00  0.000000E+00  0.000000E+00  0.390103E+05
  0.456213E+00  0.390138E+05  0.375002E+05  0.000000E+00  0.000000E+00  0.000000E+00  0.387773E+05
  0.458043E+00  0.387807E+05  0.372778E+05  0.000000E+00  0.000000E+00  0.000000E+00  0.385459E+05
  0.459872E+00  0.385492E+05  0.370566E+05  0.000000E+00  0.000000E+00  0.000000E+00  0.383160E+05
  0.461701E+00  0.383192E+05  0.368364E+05  0.000000E+00  0.000000E+00  0.000000E+00  0.380875E+05
  0.463530E+00  0.380907E+05  0.366174E+05  0.000000E+00  0.000000E+00  0.000000E+00  0.378605E+05
  0.465360E+00  0.378635E+05  0.363993E+05  0.000000E+00  0.000000E+00  0.000000E+00  0.376347E+05
  0.467189E+00  0.376376E+05  0.361821E+05  0.000000E+00  0.000000E+00  0.000000E+00  0.374102E+05
  0.469018E+00  0.374131E+05  0.359660E+05  0.000000E+00  0.000000E+00  0.000000E+00  0.371870E+05
  0.470847E+00  0.371900E+05  0.357508E+05  0.000000E+00  0.000000E+00  0.000000E+00  0.369651E+05
  0.472677E+00  0.369682E+05  0.355367E+05  0.000000E+00  0.000000E+00  0.000000E+00  0.367445E+05
  0.474506E+00  0.367478E+05  0.353239E+05  0.000000E+00  0.000000E+00  0.000000E+00  0.365254E+05
  0.476335E+00  0.365291E+05  0.351124E+05  0.000000E+00  0.000000E+00  0.000000E+00  0.363077E+05
  0.478164E+00  0.363120E+05  0.349024E+05  0.000000E+00  0.000000E+00  0.000000E+00  0.360918E+05
  0.479994E+00  0.360967E+05  0.346940E+05  0.000000E+00  0.000000E+00  0.000000E+00  0.358775E+05
  0.481823E+00  0.358832E+05  0.344874E+05  0.000000E+00  0.000000E+00  0.000000E+00  0.356651E+05
  0.483652E+00  0.356717E+05  0.342827E+05  0.000000E+00  0.000000E+00  0.000000E+00  0.354546E+05
  0.485481E+00  0.354620E+05  0.340798E+05  0.000000E+00  0.000000E+00  0.000000E+00  0.352461E+05
  0.487311E+00  0.352544E+05  0.338791E+05  0.000000E+00  0.000000E+00  0.000000E+00  0.350395E+05
  0.489140E+00  0.350489E+05  0.336804E+05  0.000000E+00  0.000000E+00  0.000000E+00  0.348351E+05
  0.490969E+00  0.348455E+05  0.334840E+05  0.000000E+00  0.000000E+00  0.000000E+00  0.346328E+05
  0.492798E+00  0.346444E+05  0.332899E+05  0.000000E+00  0.000000E+00  0.000000E+00  0.344327E+05
  0.494628E+00  0.344455E+05  0.330981E+05  0.000000E+00  0.000000E+00  0.000000E+00  0.342349E+05
  0.496457E+00  0.342488E+05  0.329088E+05  0.000000E+00  0.000000E+00  0.000000E+00  0.340394E+05
  0.498286E+00  0.340544E+05  0.327217E+05  0.000000E+00  0.000000E+00  0.000000E+00  0.338462E+05
  0.500115E+00  0.338622E+05  0.325369E+05  0.000000E+00  0.000000E+00  0.000000E+00  0.336551E+05
  0.501945E+00  0.336721E+05  0.323544E+05  0.000000E+00  0.000000E+00  0.000000E+00  0.334662E+05
  0.503774E+00  0.334841E+05  0.321740E+05  0.000000E+00  0.000000E+00  0.000000E+00  0.332794E+05
  0.505603E+00  0.332981E+05  0.319958E+05  0.000000E+00  0.000000E+00  0.000000E+00  0.330946E+05
  0.507432E+00  0.331141E+05  0.318196E+05  0.000000E+00  0.000000E+00  0.000000E+00  0.329118E+05
  0.509262E+00  0.329321E+05  0.316453E+05  0.000000E+00  0.000000E+00  0.000000E+00  0.327310E+05
  0.511091E+00  0.327519E+05  0.314729E+05  0.000000E+00  0.000000E+00  0.000000E+00  0.325521E+05
  0.512920E+00  0.325736E+05  0.313023E+05  0.000000E+00  0.000000E+00  0.000000E+00  0.323749E+05
  0.514749E+00  0.323969E+05  0.311334E+05  0.000000E+00  0.000000E+00  0.000000E+00  0.321995E+05
  0.516579E+00  0.322218E+05  0.309659E+05  0.000000E+00  0.000000E+00  0.000000E+00  0.320256E+05
  0.518408E+00  0.320482E+05  0.307999E+05  0.000000E+00  0.000000E+00  0.000000E+00  0.318531E+05
  0.520237E+00  0.318760E+05  0.306352E+05  0.000000E+00  0.000000E+00  0.000000E+00  0.316821E+05
  0.522066E+00  0.317052E+05  0.304717E+05  0.000000E+00  0.000000E+00  0.000000E+00  0.315124E+05
  0.523896E+00  0.315357E+05  0.303094E+05  0.000000E+00  0.000000E+00  0.000000E+00  0.313441E+05
  0.525725E+00  0.313675E+05  0.301483E+05  0.000000E+00  0.000000E+00  0.000000E+00  0.311770E+05
  0.527554E+00  0.312005E+05  0.299882E+05  0.000000E+00  0.000000E+00  0.000000E+00  0.310111E+05
  0.529383E+00  0.310347E+05  0.298292E+05  0.000000E+00  0.000000E+00  0.000000E+00  0.308464E+05
  0.531213E+00  0.308701E+05  0.296712E+05  0.000000E+00  0.000000E+00  0.000000E+00  0.306828E+05
  0.533042E+00  0.307066E+05  0.295142E+05  0.000000E+00  0.000000E+00  0.000000E+00  0.305203E+05
  0.534871E+00  0.305442E+05  0.293581E+05  0.000000E+00  0.000000E+00  0.000000E+00  0.303588E+05
  0.536700E+00  0.303828E+05  0.292029E+05  0.000000E+00  0.000000E+00  0.000000E+00  0.301984E+05
  0.538530E+00  0.302226E+05  0.290487E+05  0.000000E+00  0.000000E+00  0.000000E+00  0.300392E+05
  0.540359E+00  0.300635E+05  0.288955E+05  0.000000E+00  0.000000E+00  0.000000E+00  0.298810E+05
  0.542188E+00  0.299055E+05  0.287434E+05  0.000000E+00  0.000000E+00  0.000000E+00  0.297240E+05
  0.544017E+00  0.297488E+05  0.285923E+05  0.000000E+00  0.000000E+00  0.000000E+00  0.295681E+05
  0.545846E+00  0.295932E+05  0.284424E+05  0.000000E+00  0.000000E+00  0.000000E+00  0.294134E+05
  0.547676E+00  0.294387E+05  0.282935E+05  0.000000E+00  0.000000E+00  0.000000E+00  0.292598E+05
  0.549505E+00  0.292855E+05  0.281458E+05  0.000000E+00  0.000000E+00  0.000000E+00  0.291074E+05
  0.551334E+00  0.291334E+05  0.279992E+05  0.000000E+00  0.000000E+00  0.000000E+00  0.289562E+05
  0.553163E+00  0.289826E+05  0.278539E+05  0.000000E+00  0.000000E+00  0.000000E+00  0.288063E+05
  0.554993E+00  0.288331E+05  0.277097E+05  0.000000E+00  0.000000E+00  0.000000E+00  0.286576E+05
  0.556822E+00  0.286848E+05  0.275669E+05  0.000000E+00  0.000000E+00  0.000000E+00  0.285101E+05
  0.558651E+00  0.285379E+05  0.274254E+05  0.000000E+00  0.000000E+00  0.000000E+00  0.283640E+05
  0.560480E+00  0.283922E+05  0.272851E+05  0.000000E+00  0.000000E+00  0.000000E+00  0.282192E+05
  0.562310E+00  0.282479E+05  0.271462E+05  0.000000E+00  0.000000E+00  0.000000E+00  0.280757E+05
  0.564139E+00  0.281048E+05  0.270086E+05  0.000000E+00  0.000000E+00  0.000000E+00  0.279335E+05
  0.565968E+00  0.279630E+05  0.268722E+05  0.000000E+00  0.000000E+00  0.000000E+00  0.277925E+05
  0.567797E+00  0.278224E+05  0.267371E+05  0.000000E+00  0.000000E+00  0.000000E+00  0.276528E+05
  0.569627E+00  0.276831E+05  0.266032E+05  0.000000E+00  0.000000E+00  0.000000E+00  0.275143E+05
  0.571456E+00  0.275450E+05  0.264706E+05  0.000000E+00  0.000000E+00  0.000000E+00  0.273771E+05
  0.573285E+00  0.274081E+05  0.263392E+05  0.000000E+00  0.000000E+00  0.000000E+00  0.272411E+05
  0.575114E+00  0.272725E+05  0.262090E+05  0.000000E+00  0.000000E+00  0.000000E+00  0.271063E+05
  0.576944E+00  0.271380E+05  0.260800E+05  0.000000E+00  0.000000E+00  0.000000E+00  0.269727E+05
  0.578773E+00  0.270047E+05  0.259521E+05  0.000000E+00  0.000000E+00  0.000000E+00  0.268402E+05
  0.580602E+00  0.268724E+05  0.258252E+05  0.000000E+00  0.000000E+00  0.000000E+00  0.267088E+05
  0.699499E+00  0.200391E+05  0.192590E+05  0.000000E+00  0.000000E+00  0.000000E+00  0.199172E+05
  0.854371E+00  0.145507E+05  0.139846E+05  0.000000E+00  0.000000E+00  0.000000E+00  0.144623E+05
  0.104353E+01  0.105155E+05  0.101065E+05  0.000000E+00  0.000000E+00  0.000000E+00  0.104516E+05
  0.127457E+01  0.756682E+04  0.727256E+04  0.000000E+00  0.000000E+00  0.000000E+00  0.752084E+04
  0.155676E+01  0.542373E+04  0.521285E+04  0.000000E+00  0.000000E+00  0.000000E+00  0.539078E+04
  0.190144E+01  0.387376E+04  0.372316E+04  0.000000E+00  0.000000E+00  0.000000E+00  0.385023E+04
  0.232242E+01  0.275773E+04  0.265052E+04  0.000000E+00  0.000000E+00  0.000000E+00  0.274098E+04
  0.283661E+01  0.195736E+04  0.188127E+04  0.000000E+00  0.000000E+00  0.000000E+00  0.194548E+04
  0.346464E+01  0.138548E+04  0.133162E+04  0.000000E+00  0.000000E+00  0.000000E+00  0.137706E+04
  0.423172E+01  0.978208E+03  0.940175E+03  0.000000E+00  0.000000E+00  0.000000E+00  0.972265E+03
  0.516864E+01  0.689050E+03  0.662252E+03  0.000000E+00  0.000000E+00  0.000000E+00  0.684863E+03
  0.631299E+01  0.484323E+03  0.465479E+03  0.000000E+00  0.000000E+00  0.000000E+00  0.481379E+03
  0.771071E+01  0.339747E+03  0.326518E+03  0.000000E+00  0.000000E+00  0.000000E+00  0.337680E+03
  0.941788E+01  0.237888E+03  0.228615E+03  0.000000E+00  0.000000E+00  0.000000E+00  0.236439E+03
  0.115030E+02  0.166281E+03  0.159788E+03  0.000000E+00  0.000000E+00  0.000000E+00  0.165266E+03
  0.140498E+02  0.116042E+03  0.111500E+03  0.000000E+00  0.000000E+00  0.000000E+00  0.115332E+03
  0.171605E+02  0.808602E+02  0.776834E+02  0.000000E+00  0.000000E+00  0.000000E+00  0.803638E+02
  0.209599E+02  0.562658E+02  0.540428E+02  0.000000E+00  0.000000E+00  0.000000E+00  0.559185E+02
  0.256004E+02  0.391001E+02  0.375424E+02  0.000000E+00  0.000000E+00  0.000000E+00  0.388567E+02
  0.312685E+02  0.271371E+02  0.260426E+02  0.000000E+00  0.000000E+00  0.000000E+00  0.269661E+02
  0.381914E+02  0.188116E+02  0.180391E+02  0.000000E+00  0.000000E+00  0.000000E+00  0.186909E+02
  0.466470E+02  0.130252E+02  0.124760E+02  0.000000E+00  0.000000E+00  0.000000E+00  0.129394E+02
  0.569749E+02  0.900828E+01  0.861379E+01  0.000000E+00  0.000000E+00  0.000000E+00  0.894664E+01
  0.695893E+02  0.622299E+01  0.593540E+01  0.000000E+00  0.000000E+00  0.000000E+00  0.617805E+01
  0.849965E+02  0.429376E+01  0.407990E+01  0.000000E+00  0.000000E+00  0.000000E+00  0.426035E+01
  0.103815E+03  0.295880E+01  0.279572E+01  0.000000E+00  0.000000E+00  0.000000E+00  0.293332E+01
