  0.351880E-05  0.192537E+08  0.192537E+08  0.256701E+08  0.256701E+08  0.000000E+00  0.192537E+08
  0.363805E-05  0.192537E+08  0.192537E+08  0.256700E+08  0.256700E+08  0.000000E+00  0.192537E+08
  0.376134E-05  0.192537E+08  0.192537E+08  0.256699E+08  0.256699E+08  0.000000E+00  0.192537E+08
  0.388880E-05  0.192537E+08  0.192537E+08  0.256698E+08  0.256697E+08  0.000000E+00  0.192537E+08
  0.402059E-05  0.192537E+08  0.192537E+08  0.256697E+08  0.256696E+08  0.000000E+00  0.192537E+08
  0.415684E-05  0.192537E+08  0.192537E+08  0.256696E+08  0.256695E+08  0.000000E+00  0.192537E+08
  0.429771E-05  0.192537E+08  0.192537E+08  0.256694E+08  0.256693E+08  0.000000E+00  0.192537E+08
  0.444336E-05  0.192537E+08  0.192537E+08  0.256693E+08  0.256692E+08  0.000000E+00  0.192537E+08
  0.459394E-05  0.192537E+08  0.192537E+08  0.256691E+08  0.256690E+08  0.000000E+00  0.192537E+08
  0.474962E-05  0.192537E+08  0.192537E+08  0.256689E+08  0.256689E+08  0.000000E+00  0.192537E+08
  0.491058E-05  0.192537E+08  0.192537E+08  0.256688E+08  0.256687E+08  0.000000E+00  0.192537E+08
  0.507699E-05  0.192537E+08  0.192537E+08  0.256686E+08  0.256685E+08  0.000000E+00  0.192537E+08
  0.524905E-05  0.192537E+08  0.192537E+08  0.256684E+08  0.256683E+08  0.000000E+00  0.192537E+08
  0.542693E-05  0.192537E+08  0.192537E+08  0.256681E+08  0.256680E+08  0.000000E+00  0.192537E+08
  0.561084E-05  0.192537E+08  0.192537E+08  0.256679E+08  0.256678E+08  0.000000E+00  0.192537E+08
  0.580099E-05  0.192537E+08  0.192537E+08  0.256677E+08  0.256675E+08  0.000000E+00  0.192537E+08
  0.599757E-05  0.192537E+08  0.192537E+08  0.256674E+08  0.256673E+08  0.000000E+00  0.192537E+08
  0.620082E-05  0.192537E+08  0.192537E+08  0.256671E+08  0.256670E+08  0.000000E+00  0.192537E+08
  0.641096E-05  0.192537E+08  0.192537E+08  0.256668E+08  0.256666E+08  0.000000E+00  0.192537E+08
  0.662822E-05  0.192537E+08  0.192537E+08  0.256665E+08  0.256663E+08  0.000000E+00  0.192537E+08
  0.685284E-05  0.192537E+08  0.192537E+08  0.256661E+08  0.256659E+08  0.000000E+00  0.192537E+08
  0.708508E-05  0.192537E+08  0.192537E+08  0.256657E+08  0.256656E+08  0.000000E+00  0.192537E+08
  0.732518E-05  0.192537E+08  0.192537E+08  0.256653E+08  0.256652E+08  0.000000E+00  0.192537E+08
  0.757342E-05  0.192536E+08  0.192536E+08  0.256649E+08  0.256647E+08  0.000000E+00  0.192536E+08
  0.783008E-05  0.192536E+08  0.192536E+08  0.256644E+08  0.256642E+08  0.000000E+00  0.192536E+08
  0.809543E-05  0.192536E+08  0.192536E+08  0.256640E+08  0.256637E+08  0.000000E+00  0.192536E+08
  0.836977E-05  0.192536E+08  0.192536E+08  0.256634E+08  0.256632E+08  0.000000E+00  0.192536E+08
  0.865341E-05  0.192536E+08  0.192536E+08  0.256629E+08  0.256626E+08  0.000000E+00  0.192536E+08
  0.894667E-05  0.192536E+08  0.192536E+08  0.256623E+08  0.256620E+08  0.000000E+00  0.192536E+08
  0.924986E-05  0.192536E+08  0.192536E+08  0.256616E+08  0.256613E+08  0.000000E+00  0.192536E+08
  0.956332E-05  0.192536E+08  0.192536E+08  0.256610E+08  0.256606E+08  0.000000E+00  0.192536E+08
  0.988741E-05  0.192536E+08  0.192536E+08  0.256602E+08  0.256599E+08  0.000000E+00  0.192536E+08
  0.102225E-04  0.192536E+08  0.192536E+08  0.256594E+08  0.256591E+08  0.000000E+00  0.192536E+08
  0.105689E-04  0.192536E+08  0.192536E+08  0.256586E+08  0.256582E+08  0.000000E+00  0.192536E+08
  0.109271E-04  0.192536E+08  0.192536E+08  0.256577E+08  0.256573E+08  0.000000E+00  0.192536E+08
  0.112974E-04  0.192536E+08  0.192536E+08  0.256568E+08  0.256563E+08  0.000000E+00  0.192536E+08
  0.116802E-04  0.192536E+08  0.192536E+08  0.256557E+08  0.256553E+08  0.000000E+00  0.192536E+08
  0.120761E-04  0.192536E+08  0.192536E+08  0.256547E+08  0.256542E+08  0.000000E+00  0.192536E+08
  0.124853E-04  0.192536E+08  0.192536E+08  0.256535E+08  0.256530E+08  0.000000E+00  0.192536E+08
  0.129084E-04  0.192536E+08  0.192536E+08  0.256522E+08  0.256517E+08  0.000000E+00  0.192536E+08
  0.133459E-04  0.192536E+08  0.192536E+08  0.256509E+08  0.256503E+08  0.000000E+00  0.192536E+08
  0.137981E-04  0.192536E+08  0.192536E+08  0.256495E+08  0.256488E+08  0.000000E+00  0.192536E+08
  0.142657E-04  0.192536E+08  0.192536E+08  0.256480E+08  0.256473E+08  0.000000E+00  0.192536E+08
  0.147492E-04  0.192536E+08  0.192536E+08  0.256464E+08  0.256456E+08  0.000000E+00  0.192536E+08
  0.152490E-04  0.192536E+08  0.192536E+08  0.256446E+08  0.256438E+08  0.000000E+00  0.192536E+08
  0.157658E-04  0.192536E+08  0.192536E+08  0.256428E+08  0.256419E+08  0.000000E+00  0.192536E+08
  0.163001E-04  0.192536E+08  0.192536E+08  0.256408E+08  0.256399E+08  0.000000E+00  0.192536E+08
  0.168525E-04  0.192536E+08  0.192536E+08  0.256387E+08  0.256377E+08  0.000000E+00  0.192536E+08
  0.174236E-04  0.192536E+08  0.192536E+08  0.256364E+08  0.256353E+08  0.000000E+00  0.192536E+08
  0.180140E-04  0.192536E+08  0.192536E+08  0.256340E+08  0.256329E+08  0.000000E+00  0.192536E+08
  0.186245E-04  0.192536E+08  0.192536E+08  0.256314E+08  0.256302E+08  0.000000E+00  0.192536E+08
  0.192557E-04  0.192536E+08  0.192536E+08  0.256286E+08  0.256273E+08  0.000000E+00  0.192536E+08
  0.199082E-04  0.192536E+08  0.192536E+08  0.256257E+08  0.256243E+08  0.000000E+00  0.192536E+08
  0.205829E-04  0.192536E+08  0.192536E+08  0.256225E+08  0.256210E+08  0.000000E+00  0.192536E+08
  0.212804E-04  0.192536E+08  0.192536E+08  0.256191E+08  0.256176E+08  0.000000E+00  0.192536E+08
  0.220016E-04  0.192536E+08  0.192536E+08  0.256155E+08  0.256138E+08  0.000000E+00  0.192536E+08
  0.227472E-04  0.192535E+08  0.192535E+08  0.256116E+08  0.256099E+08  0.000000E+00  0.192535E+08
  0.235181E-04  0.192535E+08  0.192535E+08  0.256075E+08  0.256056E+08  0.000000E+00  0.192535E+08
  0.243151E-04  0.192535E+08  0.192535E+08  0.256031E+08  0.256011E+08  0.000000E+00  0.192535E+08
  0.251391E-04  0.192535E+08  0.192535E+08  0.255984E+08  0.255962E+08  0.000000E+00  0.192535E+08
  0.259910E-04  0.192535E+08  0.192535E+08  0.255934E+08  0.255911E+08  0.000000E+00  0.192535E+08
  0.268718E-04  0.192535E+08  0.192535E+08  0.255880E+08  0.255855E+08  0.000000E+00  0.192535E+08
  0.277825E-04  0.192535E+08  0.192535E+08  0.255822E+08  0.255796E+08  0.000000E+00  0.192535E+08
  0.287240E-04  0.192535E+08  0.192535E+08  0.255761E+08  0.255733E+08  0.000000E+00  0.192535E+08
  0.296974E-04  0.192535E+08  0.192535E+08  0.255695E+08  0.255665E+08  0.000000E+00  0.192535E+08
  0.307038E-04  0.192534E+08  0.192534E+08  0.255625E+08  0.255593E+08  0.000000E+00  0.192534E+08
  0.317443E-04  0.192534E+08  0.192534E+08  0.255550E+08  0.255516E+08  0.000000E+00  0.192534E+08
  0.328201E-04  0.192534E+08  0.192534E+08  0.255470E+08  0.255433E+08  0.000000E+00  0.192534E+08
  0.339323E-04  0.192534E+08  0.192534E+08  0.255384E+08  0.255345E+08  0.000000E+00  0.192534E+08
  0.350822E-04  0.192534E+08  0.192534E+08  0.255293E+08  0.255251E+08  0.000000E+00  0.192534E+08
  0.362711E-04  0.192534E+08  0.192534E+08  0.255195E+08  0.255150E+08  0.000000E+00  0.192534E+08
  0.375003E-04  0.192533E+08  0.192533E+08  0.255090E+08  0.255042E+08  0.000000E+00  0.192533E+08
  0.387712E-04  0.192533E+08  0.192533E+08  0.254979E+08  0.254927E+08  0.000000E+00  0.192533E+08
  0.400851E-04  0.192533E+08  0.192533E+08  0.254860E+08  0.254805E+08  0.000000E+00  0.192533E+08
  0.414435E-04  0.192533E+08  0.192533E+08  0.254732E+08  0.254673E+08  0.000000E+00  0.192533E+08
  0.428480E-04  0.192532E+08  0.192532E+08  0.254596E+08  0.254533E+08  0.000000E+00  0.192532E+08
  0.443000E-04  0.192532E+08  0.192532E+08  0.254450E+08  0.254383E+08  0.000000E+00  0.192532E+08
  0.458013E-04  0.192532E+08  0.192532E+08  0.254295E+08  0.254223E+08  0.000000E+00  0.192532E+08
  0.473535E-04  0.192531E+08  0.192531E+08  0.254129E+08  0.254052E+08  0.000000E+00  0.192531E+08
  0.489582E-04  0.192531E+08  0.192531E+08  0.253951E+08  0.253870E+08  0.000000E+00  0.192531E+08
  0.506173E-04  0.192531E+08  0.192531E+08  0.253762E+08  0.253675E+08  0.000000E+00  0.192531E+08
  0.523327E-04  0.192530E+08  0.192530E+08  0.253560E+08  0.253466E+08  0.000000E+00  0.192530E+08
  0.541062E-04  0.192530E+08  0.192530E+08  0.253343E+08  0.253244E+08  0.000000E+00  0.192530E+08
  0.559398E-04  0.192529E+08  0.192529E+08  0.253112E+08  0.253006E+08  0.000000E+00  0.192529E+08
  0.578355E-04  0.192529E+08  0.192529E+08  0.252866E+08  0.252752E+08  0.000000E+00  0.192529E+08
  0.597955E-04  0.192528E+08  0.192528E+08  0.252602E+08  0.252481E+08  0.000000E+00  0.192528E+08
  0.618219E-04  0.192528E+08  0.192528E+08  0.252321E+08  0.252192E+08  0.000000E+00  0.192528E+08
  0.639169E-04  0.192527E+08  0.192527E+08  0.252021E+08  0.251883E+08  0.000000E+00  0.192527E+08
  0.660830E-04  0.192527E+08  0.192526E+08  0.251700E+08  0.251553E+08  0.000000E+00  0.192527E+08
  0.683225E-04  0.192526E+08  0.192526E+08  0.251358E+08  0.251200E+08  0.000000E+00  0.192526E+08
  0.706378E-04  0.192525E+08  0.192525E+08  0.250993E+08  0.250824E+08  0.000000E+00  0.192525E+08
  0.730317E-04  0.192524E+08  0.192524E+08  0.250602E+08  0.250423E+08  0.000000E+00  0.192524E+08
  0.755066E-04  0.192524E+08  0.192523E+08  0.250186E+08  0.249994E+08  0.000000E+00  0.192523E+08
  0.780654E-04  0.192523E+08  0.192522E+08  0.249742E+08  0.249537E+08  0.000000E+00  0.192523E+08
  0.807110E-04  0.192522E+08  0.192521E+08  0.249268E+08  0.249049E+08  0.000000E+00  0.192522E+08
  0.834462E-04  0.192521E+08  0.192520E+08  0.248762E+08  0.248528E+08  0.000000E+00  0.192521E+08
  0.862741E-04  0.192519E+08  0.192519E+08  0.248222E+08  0.247973E+08  0.000000E+00  0.192519E+08
  0.891978E-04  0.192518E+08  0.192518E+08  0.247646E+08  0.247381E+08  0.000000E+00  0.192518E+08
  0.922206E-04  0.192517E+08  0.192517E+08  0.247032E+08  0.246749E+08  0.000000E+00  0.192517E+08
  0.953458E-04  0.192516E+08  0.192515E+08  0.246377E+08  0.246075E+08  0.000000E+00  0.192516E+08
  0.985770E-04  0.192514E+08  0.192514E+08  0.245679E+08  0.245357E+08  0.000000E+00  0.192514E+08
  0.101918E-03  0.192513E+08  0.192512E+08  0.244935E+08  0.244591E+08  0.000000E+00  0.192513E+08
  0.105371E-03  0.192511E+08  0.192510E+08  0.244141E+08  0.243775E+08  0.000000E+00  0.192511E+08
  0.108942E-03  0.192509E+08  0.192509E+08  0.243296E+08  0.242906E+08  0.000000E+00  0.192509E+08
  0.112634E-03  0.192507E+08  0.192507E+08  0.242396E+08  0.241979E+08  0.000000E+00  0.192507E+08
  0.116451E-03  0.192505E+08  0.192505E+08  0.241436E+08  0.240993E+08  0.000000E+00  0.192505E+08
  0.120398E-03  0.192503E+08  0.192502E+08  0.240415E+08  0.239942E+08  0.000000E+00  0.192503E+08
  0.124478E-03  0.192501E+08  0.192500E+08  0.239327E+08  0.238824E+08  0.000000E+00  0.192501E+08
  0.128696E-03  0.192499E+08  0.192498E+08  0.238170E+08  0.237634E+08  0.000000E+00  0.192498E+08
  0.133058E-03  0.192496E+08  0.192495E+08  0.236938E+08  0.236368E+08  0.000000E+00  0.192496E+08
  0.137567E-03  0.192493E+08  0.192492E+08  0.235629E+08  0.235022E+08  0.000000E+00  0.192493E+08
  0.142229E-03  0.192490E+08  0.192489E+08  0.234236E+08  0.233591E+08  0.000000E+00  0.192490E+08
  0.147049E-03  0.192487E+08  0.192486E+08  0.232756E+08  0.232070E+08  0.000000E+00  0.192487E+08
  0.152032E-03  0.192484E+08  0.192482E+08  0.231183E+08  0.230454E+08  0.000000E+00  0.192483E+08
  0.157184E-03  0.192480E+08  0.192479E+08  0.229513E+08  0.228738E+08  0.000000E+00  0.192480E+08
  0.162511E-03  0.192476E+08  0.192475E+08  0.227740E+08  0.226917E+08  0.000000E+00  0.192476E+08
  0.168018E-03  0.192472E+08  0.192470E+08  0.225859E+08  0.224985E+08  0.000000E+00  0.192472E+08
  0.173712E-03  0.192468E+08  0.192466E+08  0.223865E+08  0.222937E+08  0.000000E+00  0.192467E+08
  0.179599E-03  0.192463E+08  0.192461E+08  0.221751E+08  0.220767E+08  0.000000E+00  0.192463E+08
  0.185685E-03  0.192458E+08  0.192456E+08  0.219511E+08  0.218469E+08  0.000000E+00  0.192457E+08
  0.191978E-03  0.192452E+08  0.192450E+08  0.217141E+08  0.216036E+08  0.000000E+00  0.192452E+08
  0.198484E-03  0.192447E+08  0.192444E+08  0.214634E+08  0.213464E+08  0.000000E+00  0.192446E+08
  0.205210E-03  0.192440E+08  0.192438E+08  0.211983E+08  0.210746E+08  0.000000E+00  0.192440E+08
  0.212165E-03  0.192434E+08  0.192432E+08  0.209184E+08  0.207876E+08  0.000000E+00  0.192434E+08
  0.219355E-03  0.192427E+08  0.192424E+08  0.206230E+08  0.204848E+08  0.000000E+00  0.192427E+08
  0.226788E-03  0.192420E+08  0.192417E+08  0.203115E+08  0.201656E+08  0.000000E+00  0.192419E+08
  0.234474E-03  0.192412E+08  0.192409E+08  0.199834E+08  0.198296E+08  0.000000E+00  0.192411E+08
  0.242420E-03  0.192403E+08  0.192400E+08  0.196382E+08  0.194761E+08  0.000000E+00  0.192403E+08
  0.250635E-03  0.192394E+08  0.192391E+08  0.192754E+08  0.191048E+08  0.000000E+00  0.192394E+08
  0.259129E-03  0.192384E+08  0.192381E+08  0.188945E+08  0.187151E+08  0.000000E+00  0.192384E+08
  0.267910E-03  0.192374E+08  0.192370E+08  0.184952E+08  0.183068E+08  0.000000E+00  0.192374E+08
  0.276990E-03  0.192363E+08  0.192359E+08  0.180771E+08  0.178795E+08  0.000000E+00  0.192362E+08
  0.286376E-03  0.192351E+08  0.192347E+08  0.176400E+08  0.174330E+08  0.000000E+00  0.192351E+08
  0.296081E-03  0.192339E+08  0.192334E+08  0.171838E+08  0.169673E+08  0.000000E+00  0.192338E+08
  0.306115E-03  0.192326E+08  0.192321E+08  0.167084E+08  0.164824E+08  0.000000E+00  0.192325E+08
  0.316489E-03  0.192312E+08  0.192306E+08  0.162141E+08  0.159784E+08  0.000000E+00  0.192311E+08
  0.327214E-03  0.192296E+08  0.192291E+08  0.157009E+08  0.154558E+08  0.000000E+00  0.192296E+08
  0.338303E-03  0.192280E+08  0.192274E+08  0.151695E+08  0.149149E+08  0.000000E+00  0.192279E+08
  0.349768E-03  0.192263E+08  0.192257E+08  0.146204E+08  0.143565E+08  0.000000E+00  0.192262E+08
  0.361621E-03  0.192245E+08  0.192238E+08  0.140544E+08  0.137816E+08  0.000000E+00  0.192244E+08
  0.373876E-03  0.192226E+08  0.192219E+08  0.134726E+08  0.131913E+08  0.000000E+00  0.192225E+08
  0.386546E-03  0.192205E+08  0.192198E+08  0.128763E+08  0.125869E+08  0.000000E+00  0.192204E+08
  0.399646E-03  0.192183E+08  0.192175E+08  0.122671E+08  0.119703E+08  0.000000E+00  0.192182E+08
  0.413189E-03  0.192160E+08  0.192151E+08  0.116467E+08  0.113433E+08  0.000000E+00  0.192159E+08
  0.427192E-03  0.192135E+08  0.192126E+08  0.110174E+08  0.107082E+08  0.000000E+00  0.192134E+08
  0.441669E-03  0.192109E+08  0.192099E+08  0.103816E+08  0.100677E+08  0.000000E+00  0.192107E+08
  0.456636E-03  0.192081E+08  0.192071E+08  0.974192E+07  0.942455E+07  0.000000E+00  0.192079E+08
  0.472111E-03  0.192051E+08  0.192041E+08  0.910145E+07  0.878197E+07  0.000000E+00  0.192050E+08
  0.488111E-03  0.192020E+08  0.192008E+08  0.846349E+07  0.814341E+07  0.000000E+00  0.192018E+08
  0.504652E-03  0.191986E+08  0.191974E+08  0.783158E+07  0.751259E+07  0.000000E+00  0.191984E+08
  0.521754E-03  0.191951E+08  0.191938E+08  0.720949E+07  0.689340E+07  0.000000E+00  0.191949E+08
  0.539436E-03  0.191913E+08  0.191900E+08  0.660117E+07  0.628994E+07  0.000000E+00  0.191911E+08
  0.557716E-03  0.191873E+08  0.191859E+08  0.601069E+07  0.570637E+07  0.000000E+00  0.191871E+08
  0.576617E-03  0.191831E+08  0.191816E+08  0.544213E+07  0.514687E+07  0.000000E+00  0.191829E+08
  0.596158E-03  0.191786E+08  0.191771E+08  0.489953E+07  0.461553E+07  0.000000E+00  0.191784E+08
  0.616361E-03  0.191739E+08  0.191723E+08  0.438678E+07  0.411624E+07  0.000000E+00  0.191737E+08
  0.637248E-03  0.191689E+08  0.191672E+08  0.390747E+07  0.365254E+07  0.000000E+00  0.191686E+08
  0.658844E-03  0.191636E+08  0.191618E+08  0.346478E+07  0.322752E+07  0.000000E+00  0.191633E+08
  0.681171E-03  0.191580E+08  0.191561E+08  0.306135E+07  0.284367E+07  0.000000E+00  0.191577E+08
  0.704255E-03  0.191521E+08  0.191501E+08  0.269915E+07  0.250271E+07  0.000000E+00  0.191518E+08
  0.728122E-03  0.191459E+08  0.191438E+08  0.237929E+07  0.220546E+07  0.000000E+00  0.191456E+08
  0.752797E-03  0.191393E+08  0.191371E+08  0.210199E+07  0.195174E+07  0.000000E+00  0.191390E+08
  0.778308E-03  0.191324E+08  0.191301E+08  0.186641E+07  0.174030E+07  0.000000E+00  0.191320E+08
  0.804684E-03  0.191251E+08  0.191227E+08  0.167063E+07  0.156870E+07  0.000000E+00  0.191247E+08
  0.831954E-03  0.191174E+08  0.191149E+08  0.151166E+07  0.143338E+07  0.000000E+00  0.191170E+08
  0.860148E-03  0.191092E+08  0.191067E+08  0.138545E+07  0.132972E+07  0.000000E+00  0.191088E+08
  0.889297E-03  0.191007E+08  0.190980E+08  0.128702E+07  0.125215E+07  0.000000E+00  0.191003E+08
  0.919434E-03  0.190917E+08  0.190889E+08  0.121070E+07  0.119444E+07  0.000000E+00  0.190913E+08
  0.950592E-03  0.190823E+08  0.190794E+08  0.115037E+07  0.114995E+07  0.000000E+00  0.190818E+08
  0.982807E-03  0.190723E+08  0.190693E+08  0.109979E+07  0.111202E+07  0.000000E+00  0.190718E+08
  0.101611E-02  0.190619E+08  0.190588E+08  0.105304E+07  0.107446E+07  0.000000E+00  0.190614E+08
  0.105055E-02  0.190509E+08  0.190477E+08  0.100492E+07  0.103193E+07  0.000000E+00  0.190504E+08
  0.108615E-02  0.190394E+08  0.190361E+08  0.951369E+06  0.980427E+06  0.000000E+00  0.190389E+08
  0.112296E-02  0.190273E+08  0.190239E+08  0.889820E+06  0.917651E+06  0.000000E+00  0.190268E+08
  0.116101E-02  0.190146E+08  0.190111E+08  0.819457E+06  0.843241E+06  0.000000E+00  0.190140E+08
  0.120036E-02  0.190013E+08  0.189978E+08  0.741288E+06  0.758838E+06  0.000000E+00  0.190007E+08
  0.124104E-02  0.189873E+08  0.189837E+08  0.658029E+06  0.667925E+06  0.000000E+00  0.189868E+08
  0.128309E-02  0.189727E+08  0.189690E+08  0.573740E+06  0.575405E+06  0.000000E+00  0.189721E+08
  0.132658E-02  0.189574E+08  0.189536E+08  0.493247E+06  0.486948E+06  0.000000E+00  0.189568E+08
  0.137153E-02  0.189413E+08  0.189375E+08  0.421385E+06  0.408141E+06  0.000000E+00  0.189407E+08
  0.141801E-02  0.189245E+08  0.189206E+08  0.362146E+06  0.343573E+06  0.000000E+00  0.189239E+08
  0.146607E-02  0.189069E+08  0.189030E+08  0.317891E+06  0.295968E+06  0.000000E+00  0.189063E+08
  0.151575E-02  0.188884E+08  0.188845E+08  0.288771E+06  0.265582E+06  0.000000E+00  0.188878E+08
  0.156712E-02  0.188692E+08  0.188652E+08  0.272521E+06  0.249997E+06  0.000000E+00  0.188686E+08
  0.162022E-02  0.188490E+08  0.188450E+08  0.264760E+06  0.244462E+06  0.000000E+00  0.188484E+08
  0.167513E-02  0.188279E+08  0.188239E+08  0.259808E+06  0.242794E+06  0.000000E+00  0.188273E+08
  0.173190E-02  0.188059E+08  0.188019E+08  0.251932E+06  0.238722E+06  0.000000E+00  0.188053E+08
  0.179059E-02  0.187829E+08  0.187789E+08  0.236773E+06  0.227402E+06  0.000000E+00  0.187823E+08
  0.185127E-02  0.187588E+08  0.187548E+08  0.212575E+06  0.206718E+06  0.000000E+00  0.187582E+08
  0.191401E-02  0.187337E+08  0.187297E+08  0.180820E+06  0.177928E+06  0.000000E+00  0.187331E+08
  0.197887E-02  0.187075E+08  0.187035E+08  0.145924E+06  0.145337E+06  0.000000E+00  0.187069E+08
  0.204594E-02  0.186802E+08  0.186762E+08  0.113930E+06  0.114928E+06  0.000000E+00  0.186796E+08
  0.211527E-02  0.186517E+08  0.186477E+08  0.904573E+05  0.922534E+05  0.000000E+00  0.186510E+08
  0.218695E-02  0.186219E+08  0.186179E+08  0.785582E+05  0.802803E+05  0.000000E+00  0.186213E+08
  0.226107E-02  0.185909E+08  0.185869E+08  0.773309E+05  0.780665E+05  0.000000E+00  0.185903E+08
  0.233769E-02  0.185586E+08  0.185546E+08  0.820488E+05  0.809928E+05  0.000000E+00  0.185580E+08
  0.241691E-02  0.185249E+08  0.185209E+08  0.860234E+05  0.827219E+05  0.000000E+00  0.185243E+08
  0.249882E-02  0.184899E+08  0.184859E+08  0.836139E+05  0.782002E+05  0.000000E+00  0.184893E+08
  0.258350E-02  0.184534E+08  0.184493E+08  0.730185E+05  0.662850E+05  0.000000E+00  0.184528E+08
  0.267105E-02  0.184154E+08  0.184113E+08  0.572678E+05  0.504425E+05  0.000000E+00  0.184148E+08
  0.276157E-02  0.183759E+08  0.183718E+08  0.425253E+05  0.367705E+05  0.000000E+00  0.183752E+08
  0.285516E-02  0.183348E+08  0.183306E+08  0.343162E+05  0.301676E+05  0.000000E+00  0.183341E+08
  0.295191E-02  0.182921E+08  0.182878E+08  0.338702E+05  0.309645E+05  0.000000E+00  0.182914E+08
  0.305195E-02  0.182477E+08  0.182434E+08  0.371956E+05  0.345414E+05  0.000000E+00  0.182470E+08
  0.315538E-02  0.182016E+08  0.181972E+08  0.379985E+05  0.347068E+05  0.000000E+00  0.182009E+08
  0.326231E-02  0.181537E+08  0.181492E+08  0.326541E+05  0.286551E+05  0.000000E+00  0.181530E+08
  0.337287E-02  0.181040E+08  0.180994E+08  0.232413E+05  0.194150E+05  0.000000E+00  0.181032E+08
  0.348717E-02  0.180524E+08  0.180477E+08  0.155864E+05  0.131345E+05  0.000000E+00  0.180516E+08
  0.360534E-02  0.179988E+08  0.179941E+08  0.135506E+05  0.131014E+05  0.000000E+00  0.179981E+08
  0.372752E-02  0.179434E+08  0.179385E+08  0.150349E+05  0.162702E+05  0.000000E+00  0.179426E+08
  0.385385E-02  0.178858E+08  0.178809E+08  0.144143E+05  0.165054E+05  0.000000E+00  0.178851E+08
  0.398445E-02  0.178262E+08  0.178212E+08  0.941741E+04  0.116714E+05  0.000000E+00  0.178254E+08
  0.411948E-02  0.177645E+08  0.177594E+08  0.433737E+04  0.626409E+04  0.000000E+00  0.177637E+08
  0.425908E-02  0.177006E+08  0.176954E+08  0.458681E+04  0.552856E+04  0.000000E+00  0.176998E+08
  0.440341E-02  0.176344E+08  0.176291E+08  0.889658E+04  0.817579E+04  0.000000E+00  0.176336E+08
  0.455264E-02  0.175660E+08  0.175606E+08  0.105339E+05  0.105743E+05  0.000000E+00  0.175651E+08
  0.470692E-02  0.174952E+08  0.174897E+08  0.720310E+04  0.150832E+05  0.000000E+00  0.174943E+08
  0.486644E-02  0.174220E+08  0.174163E+08  0.465719E+04  0.000000E+00  0.000000E+00  0.174211E+08
  0.503135E-02  0.173464E+08  0.173406E+08  0.677582E+04  0.000000E+00  0.000000E+00  0.173455E+08
  0.520186E-02  0.172683E+08  0.172623E+08  0.831349E+04  0.000000E+00  0.000000E+00  0.172673E+08
  0.537814E-02  0.171876E+08  0.171814E+08  0.469043E+04  0.000000E+00  0.000000E+00  0.171866E+08
  0.556040E-02  0.171043E+08  0.170979E+08  0.141458E+04  0.000000E+00  0.000000E+00  0.171033E+08
  0.574884E-02  0.170183E+08  0.170117E+08  0.322584E+04  0.000000E+00  0.000000E+00  0.170173E+08
  0.594366E-02  0.169296E+08  0.169228E+08  0.440379E+04  0.000000E+00  0.000000E+00  0.169286E+08
  0.614508E-02  0.168382E+08  0.168312E+08  0.205974E+04  0.000000E+00  0.000000E+00  0.168371E+08
  0.635333E-02  0.167439E+08  0.167367E+08  0.206084E+04  0.000000E+00  0.000000E+00  0.167428E+08
  0.656864E-02  0.166467E+08  0.166393E+08  0.301055E+04  0.000000E+00  0.000000E+00  0.166456E+08
  0.679124E-02  0.165467E+08  0.165389E+08  0.139395E+03  0.000000E+00  0.000000E+00  0.165454E+08
  0.702139E-02  0.164436E+08  0.164356E+08 -0.430075E+03  0.000000E+00  0.000000E+00  0.164423E+08
  0.725933E-02  0.163375E+08  0.163292E+08  0.178706E+04  0.000000E+00  0.000000E+00  0.163362E+08
  0.750534E-02  0.162283E+08  0.162197E+08  0.356559E+03  0.000000E+00  0.000000E+00  0.162270E+08
  0.775969E-02  0.161160E+08  0.161071E+08 -0.174809E+03  0.000000E+00  0.000000E+00  0.161146E+08
  0.802265E-02  0.160005E+08  0.159912E+08  0.288934E+03  0.000000E+00  0.000000E+00  0.159990E+08
  0.829453E-02  0.158817E+08  0.158721E+08 -0.128532E+03  0.000000E+00  0.000000E+00  0.158802E+08
  0.857562E-02  0.157597E+08  0.157496E+08  0.137693E+04  0.000000E+00  0.000000E+00  0.157581E+08
  0.886624E-02  0.156343E+08  0.156238E+08 -0.696013E+03  0.000000E+00  0.000000E+00  0.156326E+08
  0.916671E-02  0.155055E+08  0.154945E+08  0.449922E+03  0.000000E+00  0.000000E+00  0.155037E+08
  0.947735E-02  0.153732E+08  0.153618E+08 -0.269170E+03  0.000000E+00  0.000000E+00  0.153714E+08
  0.979853E-02  0.152374E+08  0.152255E+08 -0.720250E+03  0.000000E+00  0.000000E+00  0.152356E+08
  0.101306E-01  0.150981E+08  0.150857E+08 -0.136765E+03  0.000000E+00  0.000000E+00  0.150962E+08
  0.104739E-01  0.149552E+08  0.149422E+08 -0.511559E+03  0.000000E+00  0.000000E+00  0.149532E+08
  0.108288E-01  0.148086E+08  0.147951E+08 -0.389366E+03  0.000000E+00  0.000000E+00  0.148065E+08
  0.111958E-01  0.146584E+08  0.146442E+08 -0.798585E+02  0.000000E+00  0.000000E+00  0.146562E+08
  0.115752E-01  0.145044E+08  0.144895E+08 -0.710522E+03  0.000000E+00  0.000000E+00  0.145020E+08
  0.119675E-01  0.143466E+08  0.143310E+08 -0.766113E+02  0.000000E+00  0.000000E+00  0.143441E+08
  0.123731E-01  0.141849E+08  0.141687E+08 -0.696357E+03  0.000000E+00  0.000000E+00  0.141824E+08
  0.127924E-01  0.140194E+08  0.140024E+08 -0.362691E+03  0.000000E+00  0.000000E+00  0.140167E+08
  0.132259E-01  0.138500E+08  0.138322E+08 -0.269472E+03  0.000000E+00  0.000000E+00  0.138472E+08
  0.136741E-01  0.136766E+08  0.136580E+08 -0.436459E+03  0.000000E+00  0.000000E+00  0.136737E+08
  0.141375E-01  0.134992E+08  0.134798E+08 -0.138315E+03  0.000000E+00  0.000000E+00  0.134962E+08
  0.146166E-01  0.133179E+08  0.132975E+08 -0.398417E+03  0.000000E+00  0.000000E+00  0.133147E+08
  0.151119E-01  0.131325E+08  0.131112E+08 -0.432621E+03  0.000000E+00  0.000000E+00  0.131292E+08
  0.156241E-01  0.129431E+08  0.129208E+08 -0.474851E+03  0.000000E+00  0.000000E+00  0.129396E+08
  0.161536E-01  0.127497E+08  0.127264E+08 -0.293340E+02  0.000000E+00  0.000000E+00  0.127460E+08
  0.167010E-01  0.125522E+08  0.125279E+08 -0.286689E+03  0.000000E+00  0.000000E+00  0.125484E+08
  0.172669E-01  0.123508E+08  0.123253E+08 -0.347033E+03  0.000000E+00  0.000000E+00  0.123468E+08
  0.178521E-01  0.121454E+08  0.121188E+08 -0.335214E+03  0.000000E+00  0.000000E+00  0.121412E+08
  0.184571E-01  0.119361E+08  0.119084E+08 -0.340277E+03  0.000000E+00  0.000000E+00  0.119317E+08
  0.190826E-01  0.117229E+08  0.116940E+08 -0.244313E+03  0.000000E+00  0.000000E+00  0.117184E+08
  0.197293E-01  0.115060E+08  0.114759E+08 -0.226213E+03  0.000000E+00  0.000000E+00  0.115013E+08
  0.203979E-01  0.112854E+08  0.112541E+08 -0.268693E+03  0.000000E+00  0.000000E+00  0.112805E+08
  0.210891E-01  0.110613E+08  0.110288E+08 -0.159172E+03  0.000000E+00  0.000000E+00  0.110562E+08
  0.218038E-01  0.108339E+08  0.108001E+08 -0.247572E+02  0.000000E+00  0.000000E+00  0.108286E+08
  0.225427E-01  0.106033E+08  0.105683E+08 -0.119295E+03  0.000000E+00  0.000000E+00  0.105978E+08
  0.233067E-01  0.103698E+08  0.103336E+08 -0.224880E+03  0.000000E+00  0.000000E+00  0.103641E+08
  0.240965E-01  0.101336E+08  0.100962E+08 -0.101042E+03  0.000000E+00  0.000000E+00  0.101278E+08
  0.249131E-01  0.989512E+07  0.985645E+07 -0.124412E+03  0.000000E+00  0.000000E+00  0.988908E+07
  0.257574E-01  0.965459E+07  0.961476E+07 -0.122341E+03  0.000000E+00  0.000000E+00  0.964837E+07
  0.266302E-01  0.941243E+07  0.937149E+07 -0.108010E+03  0.000000E+00  0.000000E+00  0.940604E+07
  0.275327E-01  0.916909E+07  0.912710E+07 -0.603779E+02  0.000000E+00  0.000000E+00  0.916253E+07
  0.284658E-01  0.892504E+07  0.888207E+07 -0.256842E+02  0.000000E+00  0.000000E+00  0.891832E+07
  0.294304E-01  0.868080E+07  0.863696E+07 -0.697935E+02  0.000000E+00  0.000000E+00  0.867395E+07
  0.304278E-01  0.843697E+07  0.839235E+07 -0.942997E+02  0.000000E+00  0.000000E+00  0.843000E+07
  0.314589E-01  0.819414E+07  0.814887E+07 -0.612690E+02  0.000000E+00  0.000000E+00  0.818707E+07
  0.325251E-01  0.795299E+07  0.790720E+07 -0.247785E+02  0.000000E+00  0.000000E+00  0.794584E+07
  0.336273E-01  0.771420E+07  0.766805E+07 -0.626084E+02  0.000000E+00  0.000000E+00  0.770699E+07
  0.347669E-01  0.747849E+07  0.743216E+07 -0.659478E+02  0.000000E+00  0.000000E+00  0.747125E+07
  0.359451E-01  0.724661E+07  0.720029E+07 -0.107799E+02  0.000000E+00  0.000000E+00  0.723937E+07
  0.371632E-01  0.701930E+07  0.697319E+07 -0.422875E+02  0.000000E+00  0.000000E+00  0.701210E+07
  0.384226E-01  0.679730E+07  0.675161E+07 -0.214603E+02  0.000000E+00  0.000000E+00  0.679016E+07
  0.397247E-01  0.658133E+07  0.653629E+07 -0.431637E+02  0.000000E+00  0.000000E+00  0.657430E+07
  0.410709E-01  0.637206E+07  0.632790E+07 -0.355219E+02  0.000000E+00  0.000000E+00  0.636516E+07
  0.424628E-01  0.617009E+07  0.612705E+07 -0.208944E+02  0.000000E+00  0.000000E+00  0.616336E+07
  0.439018E-01  0.597594E+07  0.593425E+07 -0.149814E+02  0.000000E+00  0.000000E+00  0.596943E+07
  0.453652E-01  0.579295E+07  0.575281E+07 -0.185513E+02  0.000000E+00  0.000000E+00  0.578667E+07
  0.468286E-01  0.562359E+07  0.558515E+07 -0.114103E+02  0.000000E+00  0.000000E+00  0.561758E+07
  0.482920E-01  0.546688E+07  0.543025E+07 -0.145141E+02  0.000000E+00  0.000000E+00  0.546115E+07
  0.497554E-01  0.532179E+07  0.528707E+07 -0.205338E+02  0.000000E+00  0.000000E+00  0.531636E+07
  0.512188E-01  0.518729E+07  0.515452E+07 -0.238732E+02  0.000000E+00  0.000000E+00  0.518217E+07
  0.526822E-01  0.506231E+07  0.503152E+07 -0.172906E+02  0.000000E+00  0.000000E+00  0.505750E+07
  0.541455E-01  0.494583E+07  0.491699E+07 -0.134127E+02  0.000000E+00  0.000000E+00  0.494132E+07
  0.556089E-01  0.483681E+07  0.480990E+07 -0.375400E+01  0.000000E+00  0.000000E+00  0.483261E+07
  0.570723E-01  0.473428E+07  0.470923E+07 -0.138612E+02  0.000000E+00  0.000000E+00  0.473036E+07
  0.585357E-01  0.463728E+07  0.461400E+07 -0.114175E+02  0.000000E+00  0.000000E+00  0.463364E+07
  0.599991E-01  0.454494E+07  0.452333E+07 -0.168165E+02  0.000000E+00  0.000000E+00  0.454156E+07
  0.614625E-01  0.445644E+07  0.443637E+07 -0.104964E+02  0.000000E+00  0.000000E+00  0.445330E+07
  0.629259E-01  0.437104E+07  0.435237E+07 -0.986827E+01  0.000000E+00  0.000000E+00  0.436812E+07
  0.643893E-01  0.428806E+07  0.427065E+07 -0.750712E+01  0.000000E+00  0.000000E+00  0.428534E+07
  0.658527E-01  0.420694E+07  0.419061E+07 -0.652387E+01  0.000000E+00  0.000000E+00  0.420439E+07
  0.673161E-01  0.412717E+07  0.411177E+07 -0.794775E+01  0.000000E+00  0.000000E+00  0.412476E+07
  0.687795E-01  0.404834E+07  0.403371E+07 -0.840743E+01  0.000000E+00  0.000000E+00  0.404605E+07
  0.702429E-01  0.397012E+07  0.395611E+07 -0.725170E+01  0.000000E+00  0.000000E+00  0.396793E+07
  0.717063E-01  0.389229E+07  0.387873E+07 -0.744637E+01  0.000000E+00  0.000000E+00  0.389017E+07
  0.731697E-01  0.381466E+07  0.380141E+07 -0.111039E+01  0.000000E+00  0.000000E+00  0.381259E+07
  0.746330E-01  0.373720E+07  0.372412E+07 -0.106219E+02  0.000000E+00  0.000000E+00  0.373516E+07
  0.760964E-01  0.365975E+07  0.364672E+07 -0.543465E+01  0.000000E+00  0.000000E+00  0.365772E+07
  0.775598E-01  0.358245E+07  0.356935E+07 -0.489934E+01  0.000000E+00  0.000000E+00  0.358040E+07
  0.790232E-01  0.350538E+07  0.349213E+07 -0.124066E+02  0.000000E+00  0.000000E+00  0.350331E+07
  0.804866E-01  0.342870E+07  0.341521E+07 -0.770622E+01  0.000000E+00  0.000000E+00  0.342659E+07
  0.819500E-01  0.335258E+07  0.333879E+07 -0.117602E+02  0.000000E+00  0.000000E+00  0.335042E+07
  0.834134E-01  0.327723E+07  0.326309E+07 -0.126850E+02  0.000000E+00  0.000000E+00  0.327502E+07
  0.848768E-01  0.320287E+07  0.318836E+07  0.164118E-01  0.000000E+00  0.000000E+00  0.320061E+07
  0.863402E-01  0.312976E+07  0.311486E+07 -0.316712E+01  0.000000E+00  0.000000E+00  0.312743E+07
  0.878036E-01  0.305812E+07  0.304284E+07 -0.897400E+01  0.000000E+00  0.000000E+00  0.305573E+07
  0.892670E-01  0.298820E+07  0.297256E+07 -0.440904E+01  0.000000E+00  0.000000E+00  0.298576E+07
  0.907304E-01  0.292023E+07  0.290426E+07 -0.462370E+01  0.000000E+00  0.000000E+00  0.291773E+07
  0.921938E-01  0.285441E+07  0.283815E+07 -0.720320E+01  0.000000E+00  0.000000E+00  0.285187E+07
  0.940230E-01  0.277547E+07  0.275892E+07 -0.820571E+01  0.000000E+00  0.000000E+00  0.277288E+07
  0.958523E-01  0.270049E+07  0.268375E+07 -0.141222E+01  0.000000E+00  0.000000E+00  0.269788E+07
  0.976815E-01  0.262973E+07  0.261291E+07 -0.436794E+01  0.000000E+00  0.000000E+00  0.262710E+07
  0.995107E-01  0.256333E+07  0.254653E+07 -0.409572E+01  0.000000E+00  0.000000E+00  0.256071E+07
  0.101340E+00  0.250135E+07  0.248470E+07 -0.148914E+01  0.000000E+00  0.000000E+00  0.249875E+07
  0.103169E+00  0.244378E+07  0.242738E+07  0.388378E+00  0.000000E+00  0.000000E+00  0.244121E+07
  0.104998E+00  0.239049E+07  0.237447E+07 -0.181682E+01  0.000000E+00  0.000000E+00  0.238799E+07
  0.106828E+00  0.234132E+07  0.232576E+07 -0.468048E+01  0.000000E+00  0.000000E+00  0.233889E+07
  0.108657E+00  0.229601E+07  0.228100E+07 -0.361759E+01  0.000000E+00  0.000000E+00  0.229367E+07
  0.110486E+00  0.225425E+07  0.223985E+07 -0.106164E+01  0.000000E+00  0.000000E+00  0.225200E+07
  0.112315E+00  0.221566E+07  0.220194E+07 -0.406877E+01  0.000000E+00  0.000000E+00  0.221352E+07
  0.114145E+00  0.217986E+07  0.216684E+07 -0.262487E+01  0.000000E+00  0.000000E+00  0.217783E+07
  0.115974E+00  0.214644E+07  0.213415E+07 -0.294964E+01  0.000000E+00  0.000000E+00  0.214452E+07
  0.117803E+00  0.211498E+07  0.210342E+07 -0.114818E+01  0.000000E+00  0.000000E+00  0.211318E+07
  0.119632E+00  0.208505E+07  0.207419E+07 -0.107804E+01  0.000000E+00  0.000000E+00  0.208335E+07
  0.121462E+00  0.205621E+07  0.204603E+07 -0.834937E+00  0.000000E+00  0.000000E+00  0.205462E+07
  0.123291E+00  0.202809E+07  0.201854E+07  0.617065E+00  0.000000E+00  0.000000E+00  0.202660E+07
  0.125120E+00  0.200034E+07  0.199136E+07 -0.338728E+01  0.000000E+00  0.000000E+00  0.199894E+07
  0.126949E+00  0.197267E+07  0.196420E+07 -0.191127E+01  0.000000E+00  0.000000E+00  0.197134E+07
  0.128779E+00  0.194483E+07  0.193680E+07 -0.454531E+00  0.000000E+00  0.000000E+00  0.194358E+07
  0.130608E+00  0.191665E+07  0.190898E+07 -0.246035E+01  0.000000E+00  0.000000E+00  0.191545E+07
  0.132437E+00  0.188797E+07  0.188058E+07 -0.317635E+01  0.000000E+00  0.000000E+00  0.188682E+07
  0.134266E+00  0.185871E+07  0.185152E+07 -0.189541E+01  0.000000E+00  0.000000E+00  0.185759E+07
  0.136096E+00  0.182882E+07  0.182175E+07  0.000000E+00  0.000000E+00  0.000000E+00  0.182772E+07
  0.137925E+00  0.179831E+07  0.179130E+07  0.000000E+00  0.000000E+00  0.000000E+00  0.179722E+07
  0.139754E+00  0.176726E+07  0.176024E+07  0.000000E+00  0.000000E+00  0.000000E+00  0.176616E+07
  0.141583E+00  0.173575E+07  0.172867E+07  0.000000E+00  0.000000E+00  0.000000E+00  0.173464E+07
  0.143413E+00  0.170393E+07  0.169675E+07  0.000000E+00  0.000000E+00  0.000000E+00  0.170281E+07
  0.145242E+00  0.167198E+07  0.166466E+07  0.000000E+00  0.000000E+00  0.000000E+00  0.167084E+07
  0.147071E+00  0.164009E+07  0.163260E+07  0.000000E+00  0.000000E+00  0.000000E+00  0.163892E+07
  0.148900E+00  0.160844E+07  0.160078E+07  0.000000E+00  0.000000E+00  0.000000E+00  0.160724E+07
  0.150730E+00  0.157723E+07  0.156939E+07  0.000000E+00  0.000000E+00  0.000000E+00  0.157600E+07
  0.152559E+00  0.154664E+07  0.153863E+07  0.000000E+00  0.000000E+00  0.000000E+00  0.154538E+07
  0.154388E+00  0.151684E+07  0.150868E+07  0.000000E+00  0.000000E+00  0.000000E+00  0.151557E+07
  0.156217E+00  0.148801E+07  0.147972E+07  0.000000E+00  0.000000E+00  0.000000E+00  0.148671E+07
  0.158047E+00  0.146028E+07  0.145189E+07  0.000000E+00  0.000000E+00  0.000000E+00  0.145897E+07
  0.159876E+00  0.143378E+07  0.142532E+07  0.000000E+00  0.000000E+00  0.000000E+00  0.143246E+07
  0.161705E+00  0.140859E+07  0.140011E+07  0.000000E+00  0.000000E+00  0.000000E+00  0.140727E+07
  0.163534E+00  0.138479E+07  0.137633E+07  0.000000E+00  0.000000E+00  0.000000E+00  0.138347E+07
  0.165364E+00  0.136239E+07  0.135399E+07  0.000000E+00  0.000000E+00  0.000000E+00  0.136108E+07
  0.167193E+00  0.134139E+07  0.133309E+07  0.000000E+00  0.000000E+00  0.000000E+00  0.134009E+07
  0.169022E+00  0.132174E+07  0.131358E+07  0.000000E+00  0.000000E+00  0.000000E+00  0.132047E+07
  0.170851E+00  0.130339E+07  0.129539E+07  0.000000E+00  0.000000E+00  0.000000E+00  0.130214E+07
  0.172681E+00  0.128624E+07  0.127845E+07  0.000000E+00  0.000000E+00  0.000000E+00  0.128502E+07
  0.174510E+00  0.127021E+07  0.126265E+07  0.000000E+00  0.000000E+00  0.000000E+00  0.126902E+07
  0.176339E+00  0.125516E+07  0.124785E+07  0.000000E+00  0.000000E+00  0.000000E+00  0.125402E+07
  0.178168E+00  0.124098E+07  0.123393E+07  0.000000E+00  0.000000E+00  0.000000E+00  0.123988E+07
  0.179998E+00  0.122752E+07  0.122074E+07  0.000000E+00  0.000000E+00  0.000000E+00  0.122646E+07
  0.181827E+00  0.121464E+07  0.120813E+07  0.000000E+00  0.000000E+00  0.000000E+00  0.121362E+07
  0.183656E+00  0.120218E+07  0.119595E+07  0.000000E+00  0.000000E+00  0.000000E+00  0.120121E+07
  0.185485E+00  0.119002E+07  0.118404E+07  0.000000E+00  0.000000E+00  0.000000E+00  0.118909E+07
  0.187314E+00  0.117802E+07  0.117229E+07  0.000000E+00  0.000000E+00  0.000000E+00  0.117713E+07
  0.189144E+00  0.116607E+07  0.116056E+07  0.000000E+00  0.000000E+00  0.000000E+00  0.116521E+07
  0.190973E+00  0.115408E+07  0.114877E+07  0.000000E+00  0.000000E+00  0.000000E+00  0.115325E+07
  0.192802E+00  0.114195E+07  0.113682E+07  0.000000E+00  0.000000E+00  0.000000E+00  0.114115E+07
  0.194631E+00  0.112964E+07  0.112465E+07  0.000000E+00  0.000000E+00  0.000000E+00  0.112886E+07
  0.196461E+00  0.111708E+07  0.111222E+07  0.000000E+00  0.000000E+00  0.000000E+00  0.111632E+07
  0.198290E+00  0.110426E+07  0.109949E+07  0.000000E+00  0.000000E+00  0.000000E+00  0.110351E+07
  0.200119E+00  0.109116E+07  0.108645E+07  0.000000E+00  0.000000E+00  0.000000E+00  0.109042E+07
  0.201948E+00  0.107779E+07  0.107312E+07  0.000000E+00  0.000000E+00  0.000000E+00  0.107706E+07
  0.203778E+00  0.106416E+07  0.105952E+07  0.000000E+00  0.000000E+00  0.000000E+00  0.106344E+07
  0.205607E+00  0.105034E+07  0.104569E+07  0.000000E+00  0.000000E+00  0.000000E+00  0.104961E+07
  0.207436E+00  0.103636E+07  0.103169E+07  0.000000E+00  0.000000E+00  0.000000E+00  0.103563E+07
  0.209265E+00  0.102229E+07  0.101759E+07  0.000000E+00  0.000000E+00  0.000000E+00  0.102156E+07
  0.211095E+00  0.100820E+07  0.100345E+07  0.000000E+00  0.000000E+00  0.000000E+00  0.100746E+07
  0.212924E+00  0.994161E+06  0.989365E+06  0.000000E+00  0.000000E+00  0.000000E+00  0.993412E+06
  0.214753E+00  0.980241E+06  0.975393E+06  0.000000E+00  0.000000E+00  0.000000E+00  0.979484E+06
  0.216582E+00  0.966511E+06  0.961612E+06  0.000000E+00  0.000000E+00  0.000000E+00  0.965746E+06
  0.218412E+00  0.953038E+06  0.948093E+06  0.000000E+00  0.000000E+00  0.000000E+00  0.952265E+06
  0.220241E+00  0.939884E+06  0.934900E+06  0.000000E+00  0.000000E+00  0.000000E+00  0.939106E+06
  0.222070E+00  0.927108E+06  0.922095E+06  0.000000E+00  0.000000E+00  0.000000E+00  0.926325E+06
  0.223899E+00  0.914759E+06  0.909728E+06  0.000000E+00  0.000000E+00  0.000000E+00  0.913973E+06
  0.225729E+00  0.902877E+06  0.897842E+06  0.000000E+00  0.000000E+00  0.000000E+00  0.902090E+06
  0.227558E+00  0.891487E+06  0.886461E+06  0.000000E+00  0.000000E+00  0.000000E+00  0.890701E+06
  0.229387E+00  0.880603E+06  0.875602E+06  0.000000E+00  0.000000E+00  0.000000E+00  0.879822E+06
  0.231216E+00  0.870229E+06  0.865267E+06  0.000000E+00  0.000000E+00  0.000000E+00  0.869454E+06
  0.233046E+00  0.860358E+06  0.855449E+06  0.000000E+00  0.000000E+00  0.000000E+00  0.859591E+06
  0.234875E+00  0.850972E+06  0.846130E+06  0.000000E+00  0.000000E+00  0.000000E+00  0.850215E+06
  0.236704E+00  0.842047E+06  0.837283E+06  0.000000E+00  0.000000E+00  0.000000E+00  0.841303E+06
  0.238533E+00  0.833553E+06  0.828877E+06  0.000000E+00  0.000000E+00  0.000000E+00  0.832823E+06
  0.240363E+00  0.825454E+06  0.820875E+06  0.000000E+00  0.000000E+00  0.000000E+00  0.824738E+06
  0.242192E+00  0.817705E+06  0.813229E+06  0.000000E+00  0.000000E+00  0.000000E+00  0.817006E+06
  0.244021E+00  0.810257E+06  0.805888E+06  0.000000E+00  0.000000E+00  0.000000E+00  0.809575E+06
  0.245850E+00  0.803060E+06  0.798800E+06  0.000000E+00  0.000000E+00  0.000000E+00  0.802394E+06
  0.247680E+00  0.796062E+06  0.791911E+06  0.000000E+00  0.000000E+00  0.000000E+00  0.795413E+06
  0.249509E+00  0.789212E+06  0.785168E+06  0.000000E+00  0.000000E+00  0.000000E+00  0.788580E+06
  0.251338E+00  0.782464E+06  0.778523E+06  0.000000E+00  0.000000E+00  0.000000E+00  0.781848E+06
  0.253167E+00  0.775776E+06  0.771932E+06  0.000000E+00  0.000000E+00  0.000000E+00  0.775175E+06
  0.254997E+00  0.769109E+06  0.765356E+06  0.000000E+00  0.000000E+00  0.000000E+00  0.768523E+06
  0.256826E+00  0.762433E+06  0.758761E+06  0.000000E+00  0.000000E+00  0.000000E+00  0.761859E+06
  0.258655E+00  0.755719E+06  0.752121E+06  0.000000E+00  0.000000E+00  0.000000E+00  0.755157E+06
  0.260484E+00  0.748948E+06  0.745412E+06  0.000000E+00  0.000000E+00  0.000000E+00  0.748395E+06
  0.262314E+00  0.742101E+06  0.738620E+06  0.000000E+00  0.000000E+00  0.000000E+00  0.741557E+06
  0.264143E+00  0.735171E+06  0.731733E+06  0.000000E+00  0.000000E+00  0.000000E+00  0.734634E+06
  0.265972E+00  0.728156E+06  0.724753E+06  0.000000E+00  0.000000E+00  0.000000E+00  0.727625E+06
  0.267801E+00  0.721062E+06  0.717685E+06  0.000000E+00  0.000000E+00  0.000000E+00  0.720534E+06
  0.269631E+00  0.713898E+06  0.710539E+06  0.000000E+00  0.000000E+00  0.000000E+00  0.713373E+06
  0.271460E+00  0.706681E+06  0.703332E+06  0.000000E+00  0.000000E+00  0.000000E+00  0.706158E+06
  0.273289E+00  0.699430E+06  0.696086E+06  0.000000E+00  0.000000E+00  0.000000E+00  0.698908E+06
  0.275118E+00  0.692168E+06  0.688823E+06  0.000000E+00  0.000000E+00  0.000000E+00  0.691645E+06
  0.276947E+00  0.684917E+06  0.681569E+06  0.000000E+00  0.000000E+00  0.000000E+00  0.684394E+06
  0.278777E+00  0.677701E+06  0.674347E+06  0.000000E+00  0.000000E+00  0.000000E+00  0.677177E+06
  0.280606E+00  0.670545E+06  0.667185E+06  0.000000E+00  0.000000E+00  0.000000E+00  0.670020E+06
  0.282435E+00  0.663474E+06  0.660108E+06  0.000000E+00  0.000000E+00  0.000000E+00  0.662948E+06
  0.284264E+00  0.656513E+06  0.653141E+06  0.000000E+00  0.000000E+00  0.000000E+00  0.655986E+06
  0.286094E+00  0.649683E+06  0.646309E+06  0.000000E+00  0.000000E+00  0.000000E+00  0.649156E+06
  0.287923E+00  0.643006E+06  0.639633E+06  0.000000E+00  0.000000E+00  0.000000E+00  0.642479E+06
  0.289752E+00  0.636498E+06  0.633130E+06  0.000000E+00  0.000000E+00  0.000000E+00  0.635972E+06
  0.291581E+00  0.630172E+06  0.626813E+06  0.000000E+00  0.000000E+00  0.000000E+00  0.629647E+06
  0.293411E+00  0.624037E+06  0.620692E+06  0.000000E+00  0.000000E+00  0.000000E+00  0.623514E+06
  0.295240E+00  0.618096E+06  0.614770E+06  0.000000E+00  0.000000E+00  0.000000E+00  0.617576E+06
  0.297069E+00  0.612350E+06  0.609048E+06  0.000000E+00  0.000000E+00  0.000000E+00  0.611834E+06
  0.298898E+00  0.606797E+06  0.603524E+06  0.000000E+00  0.000000E+00  0.000000E+00  0.606286E+06
  0.300728E+00  0.601434E+06  0.598194E+06  0.000000E+00  0.000000E+00  0.000000E+00  0.600928E+06
  0.302557E+00  0.596252E+06  0.593049E+06  0.000000E+00  0.000000E+00  0.000000E+00  0.595752E+06
  0.304386E+00  0.591240E+06  0.588078E+06  0.000000E+00  0.000000E+00  0.000000E+00  0.590746E+06
  0.306215E+00  0.586386E+06  0.583268E+06  0.000000E+00  0.000000E+00  0.000000E+00  0.585899E+06
  0.308045E+00  0.581674E+06  0.578601E+06  0.000000E+00  0.000000E+00  0.000000E+00  0.581194E+06
  0.309874E+00  0.577085E+06  0.574059E+06  0.000000E+00  0.000000E+00  0.000000E+00  0.576612E+06
  0.311703E+00  0.572603E+06  0.569625E+06  0.000000E+00  0.000000E+00  0.000000E+00  0.572138E+06
  0.313532E+00  0.568209E+06  0.565279E+06  0.000000E+00  0.000000E+00  0.000000E+00  0.567751E+06
  0.315362E+00  0.563886E+06  0.561003E+06  0.000000E+00  0.000000E+00  0.000000E+00  0.563436E+06
  0.317191E+00  0.559620E+06  0.556782E+06  0.000000E+00  0.000000E+00  0.000000E+00  0.559177E+06
  0.319020E+00  0.555395E+06  0.552601E+06  0.000000E+00  0.000000E+00  0.000000E+00  0.554958E+06
  0.320849E+00  0.551198E+06  0.548445E+06  0.000000E+00  0.000000E+00  0.000000E+00  0.550768E+06
  0.322679E+00  0.547016E+06  0.544302E+06  0.000000E+00  0.000000E+00  0.000000E+00  0.546592E+06
  0.324508E+00  0.542841E+06  0.540162E+06  0.000000E+00  0.000000E+00  0.000000E+00  0.542422E+06
  0.326337E+00  0.538662E+06  0.536016E+06  0.000000E+00  0.000000E+00  0.000000E+00  0.538249E+06
  0.328166E+00  0.534475E+06  0.531857E+06  0.000000E+00  0.000000E+00  0.000000E+00  0.534066E+06
  0.329996E+00  0.530275E+06  0.527683E+06  0.000000E+00  0.000000E+00  0.000000E+00  0.529870E+06
  0.331825E+00  0.526063E+06  0.523492E+06  0.000000E+00  0.000000E+00  0.000000E+00  0.525661E+06
  0.333654E+00  0.521839E+06  0.519287E+06  0.000000E+00  0.000000E+00  0.000000E+00  0.521440E+06
  0.335483E+00  0.517607E+06  0.515071E+06  0.000000E+00  0.000000E+00  0.000000E+00  0.517211E+06
  0.337313E+00  0.513372E+06  0.510849E+06  0.000000E+00  0.000000E+00  0.000000E+00  0.512978E+06
  0.339142E+00  0.509139E+06  0.506627E+06  0.000000E+00  0.000000E+00  0.000000E+00  0.508747E+06
  0.340971E+00  0.504916E+06  0.502413E+06  0.000000E+00  0.000000E+00  0.000000E+00  0.504525E+06
  0.342800E+00  0.500708E+06  0.498214E+06  0.000000E+00  0.000000E+00  0.000000E+00  0.500318E+06
  0.344630E+00  0.496525E+06  0.494038E+06  0.000000E+00  0.000000E+00  0.000000E+00  0.496136E+06
  0.346459E+00  0.492375E+06  0.489894E+06  0.000000E+00  0.000000E+00  0.000000E+00  0.491987E+06
  0.348288E+00  0.488266E+06  0.485791E+06  0.000000E+00  0.000000E+00  0.000000E+00  0.487879E+06
  0.350117E+00  0.484208E+06  0.481740E+06  0.000000E+00  0.000000E+00  0.000000E+00  0.483822E+06
  0.351947E+00  0.480208E+06  0.477747E+06  0.000000E+00  0.000000E+00  0.000000E+00  0.479824E+06
  0.353776E+00  0.476273E+06  0.473821E+06  0.000000E+00  0.000000E+00  0.000000E+00  0.475890E+06
  0.355605E+00  0.472410E+06  0.469966E+06  0.000000E+00  0.000000E+00  0.000000E+00  0.472028E+06
  0.357434E+00  0.468620E+06  0.466187E+06  0.000000E+00  0.000000E+00  0.000000E+00  0.468240E+06
  0.359264E+00  0.464908E+06  0.462488E+06  0.000000E+00  0.000000E+00  0.000000E+00  0.464530E+06
  0.361093E+00  0.461276E+06  0.458869E+06  0.000000E+00  0.000000E+00  0.000000E+00  0.460900E+06
  0.362922E+00  0.457724E+06  0.455333E+06  0.000000E+00  0.000000E+00  0.000000E+00  0.457351E+06
  0.364751E+00  0.454253E+06  0.451879E+06  0.000000E+00  0.000000E+00  0.000000E+00  0.453882E+06
  0.366580E+00  0.450862E+06  0.448506E+06  0.000000E+00  0.000000E+00  0.000000E+00  0.450494E+06
  0.368410E+00  0.447548E+06  0.445212E+06  0.000000E+00  0.000000E+00  0.000000E+00  0.447183E+06
  0.370239E+00  0.444308E+06  0.441994E+06  0.000000E+00  0.000000E+00  0.000000E+00  0.443947E+06
  0.372068E+00  0.441138E+06  0.438845E+06  0.000000E+00  0.000000E+00  0.000000E+00  0.440779E+06
  0.373897E+00  0.438030E+06  0.435760E+06  0.000000E+00  0.000000E+00  0.000000E+00  0.437675E+06
  0.375727E+00  0.434980E+06  0.432733E+06  0.000000E+00  0.000000E+00  0.000000E+00  0.434629E+06
  0.377556E+00  0.431982E+06  0.429758E+06  0.000000E+00  0.000000E+00  0.000000E+00  0.431634E+06
  0.379385E+00  0.429030E+06  0.426830E+06  0.000000E+00  0.000000E+00  0.000000E+00  0.428686E+06
  0.381214E+00  0.426118E+06  0.423941E+06  0.000000E+00  0.000000E+00  0.000000E+00  0.425778E+06
  0.383044E+00  0.423241E+06  0.421088E+06  0.000000E+00  0.000000E+00  0.000000E+00  0.422905E+06
  0.384873E+00  0.420394E+06  0.418263E+06  0.000000E+00  0.000000E+00  0.000000E+00  0.420062E+06
  0.386702E+00  0.417572E+06  0.415463E+06  0.000000E+00  0.000000E+00  0.000000E+00  0.417243E+06
  0.388531E+00  0.414770E+06  0.412681E+06  0.000000E+00  0.000000E+00  0.000000E+00  0.414444E+06
  0.390361E+00  0.411983E+06  0.409914E+06  0.000000E+00  0.000000E+00  0.000000E+00  0.411660E+06
  0.392190E+00  0.409209E+06  0.407158E+06  0.000000E+00  0.000000E+00  0.000000E+00  0.408888E+06
  0.394019E+00  0.406444E+06  0.404410E+06  0.000000E+00  0.000000E+00  0.000000E+00  0.406126E+06
  0.395848E+00  0.403688E+06  0.401670E+06  0.000000E+00  0.000000E+00  0.000000E+00  0.403373E+06
  0.397678E+00  0.400941E+06  0.398937E+06  0.000000E+00  0.000000E+00  0.000000E+00  0.400628E+06
  0.399507E+00  0.398201E+06  0.396212E+06  0.000000E+00  0.000000E+00  0.000000E+00  0.397890E+06
  0.401336E+00  0.395470E+06  0.393494E+06  0.000000E+00  0.000000E+00  0.000000E+00  0.395162E+06
  0.403165E+00  0.392750E+06  0.390784E+06  0.000000E+00  0.000000E+00  0.000000E+00  0.392442E+06
  0.404995E+00  0.390039E+06  0.388085E+06  0.000000E+00  0.000000E+00  0.000000E+00  0.389734E+06
  0.406824E+00  0.387341E+06  0.385397E+06  0.000000E+00  0.000000E+00  0.000000E+00  0.387038E+06
  0.408653E+00  0.384658E+06  0.382723E+06  0.000000E+00  0.000000E+00  0.000000E+00  0.384356E+06
  0.410482E+00  0.381992E+06  0.380066E+06  0.000000E+00  0.000000E+00  0.000000E+00  0.381691E+06
  0.412312E+00  0.379347E+06  0.377429E+06  0.000000E+00  0.000000E+00  0.000000E+00  0.379047E+06
  0.414141E+00  0.376725E+06  0.374815E+06  0.000000E+00  0.000000E+00  0.000000E+00  0.376426E+06
  0.415970E+00  0.374129E+06  0.372228E+06  0.000000E+00  0.000000E+00  0.000000E+00  0.373832E+06
  0.417799E+00  0.371562E+06  0.369669E+06  0.000000E+00  0.000000E+00  0.000000E+00  0.371266E+06
  0.419629E+00  0.369025E+06  0.367141E+06  0.000000E+00  0.000000E+00  0.000000E+00  0.368731E+06
  0.421458E+00  0.366520E+06  0.364646E+06  0.000000E+00  0.000000E+00  0.000000E+00  0.366228E+06
  0.423287E+00  0.364050E+06  0.362184E+06  0.000000E+00  0.000000E+00  0.000000E+00  0.363758E+06
  0.425116E+00  0.361614E+06  0.359758E+06  0.000000E+00  0.000000E+00  0.000000E+00  0.361324E+06
  0.426946E+00  0.359214E+06  0.357369E+06  0.000000E+00  0.000000E+00  0.000000E+00  0.358926E+06
  0.428775E+00  0.356851E+06  0.355017E+06  0.000000E+00  0.000000E+00  0.000000E+00  0.356565E+06
  0.430604E+00  0.354526E+06  0.352702E+06  0.000000E+00  0.000000E+00  0.000000E+00  0.354241E+06
  0.432433E+00  0.352237E+06  0.350425E+06  0.000000E+00  0.000000E+00  0.000000E+00  0.351954E+06
  0.434263E+00  0.349984E+06  0.348184E+06  0.000000E+00  0.000000E+00  0.000000E+00  0.349703E+06
  0.436092E+00  0.347766E+06  0.345979E+06  0.000000E+00  0.000000E+00  0.000000E+00  0.347487E+06
  0.437921E+00  0.345581E+06  0.343806E+06  0.000000E+00  0.000000E+00  0.000000E+00  0.345304E+06
  0.439750E+00  0.343428E+06  0.341666E+06  0.000000E+00  0.000000E+00  0.000000E+00  0.343152E+06
  0.441580E+00  0.341304E+06  0.339555E+06  0.000000E+00  0.000000E+00  0.000000E+00  0.341031E+06
  0.443409E+00  0.339208E+06  0.337472E+06  0.000000E+00  0.000000E+00  0.000000E+00  0.338937E+06
  0.445238E+00  0.337138E+06  0.335416E+06  0.000000E+00  0.000000E+00  0.000000E+00  0.336869E+06
  0.447067E+00  0.335093E+06  0.333384E+06  0.000000E+00  0.000000E+00  0.000000E+00  0.334826E+06
  0.448896E+00  0.333070E+06  0.331374E+06  0.000000E+00  0.000000E+00  0.000000E+00  0.332805E+06
  0.450726E+00  0.331067E+06  0.329384E+06  0.000000E+00  0.000000E+00  0.000000E+00  0.330804E+06
  0.452555E+00  0.329082E+06  0.327411E+06  0.000000E+00  0.000000E+00  0.000000E+00  0.328821E+06
  0.454384E+00  0.327113E+06  0.325455E+06  0.000000E+00  0.000000E+00  0.000000E+00  0.326854E+06
  0.456213E+00  0.325159E+06  0.323513E+06  0.000000E+00  0.000000E+00  0.000000E+00  0.324902E+06
  0.458043E+00  0.323218E+06  0.321584E+06  0.000000E+00  0.000000E+00  0.000000E+00  0.322963E+06
  0.459872E+00  0.321290E+06  0.319667E+06  0.000000E+00  0.000000E+00  0.000000E+00  0.321037E+06
  0.461701E+00  0.319374E+06  0.317762E+06  0.000000E+00  0.000000E+00  0.000000E+00  0.319122E+06
  0.463530E+00  0.317470E+06  0.315868E+06  0.000000E+00  0.000000E+00  0.000000E+00  0.317220E+06
  0.465360E+00  0.315577E+06  0.313984E+06  0.000000E+00  0.000000E+00  0.000000E+00  0.315328E+06
  0.467189E+00  0.313695E+06  0.312111E+06  0.000000E+00  0.000000E+00  0.000000E+00  0.313447E+06
  0.469018E+00  0.311823E+06  0.310249E+06  0.000000E+00  0.000000E+00  0.000000E+00  0.311577E+06
  0.470847E+00  0.309962E+06  0.308397E+06  0.000000E+00  0.000000E+00  0.000000E+00  0.309718E+06
  0.472677E+00  0.308113E+06  0.306556E+06  0.000000E+00  0.000000E+00  0.000000E+00  0.307869E+06
  0.474506E+00  0.306275E+06  0.304726E+06  0.000000E+00  0.000000E+00  0.000000E+00  0.306033E+06
  0.476335E+00  0.304451E+06  0.302910E+06  0.000000E+00  0.000000E+00  0.000000E+00  0.304210E+06
  0.478164E+00  0.302640E+06  0.301107E+06  0.000000E+00  0.000000E+00  0.000000E+00  0.302400E+06
  0.479994E+00  0.300844E+06  0.299318E+06  0.000000E+00  0.000000E+00  0.000000E+00  0.300605E+06
  0.481823E+00  0.299063E+06  0.297545E+06  0.000000E+00  0.000000E+00  0.000000E+00  0.298826E+06
  0.483652E+00  0.297298E+06  0.295787E+06  0.000000E+00  0.000000E+00  0.000000E+00  0.297062E+06
  0.485481E+00  0.295549E+06  0.294046E+06  0.000000E+00  0.000000E+00  0.000000E+00  0.295315E+06
  0.487311E+00  0.293818E+06  0.292322E+06  0.000000E+00  0.000000E+00  0.000000E+00  0.293584E+06
  0.489140E+00  0.292103E+06  0.290615E+06  0.000000E+00  0.000000E+00  0.000000E+00  0.291871E+06
  0.490969E+00  0.290407E+06  0.288927E+06  0.000000E+00  0.000000E+00  0.000000E+00  0.290176E+06
  0.492798E+00  0.288730E+06  0.287257E+06  0.000000E+00  0.000000E+00  0.000000E+00  0.288500E+06
  0.494628E+00  0.287072E+06  0.285606E+06  0.000000E+00  0.000000E+00  0.000000E+00  0.286843E+06
  0.496457E+00  0.285432E+06  0.283975E+06  0.000000E+00  0.000000E+00  0.000000E+00  0.285205E+06
  0.498286E+00  0.283812E+06  0.282362E+06  0.000000E+00  0.000000E+00  0.000000E+00  0.283585E+06
  0.500115E+00  0.282210E+06  0.280768E+06  0.000000E+00  0.000000E+00  0.000000E+00  0.281984E+06
  0.501945E+00  0.280625E+06  0.279192E+06  0.000000E+00  0.000000E+00  0.000000E+00  0.280402E+06
  0.503774E+00  0.279059E+06  0.277634E+06  0.000000E+00  0.000000E+00  0.000000E+00  0.278836E+06
  0.505603E+00  0.277509E+06  0.276093E+06  0.000000E+00  0.000000E+00  0.000000E+00  0.277288E+06
  0.507432E+00  0.275977E+06  0.274569E+06  0.000000E+00  0.000000E+00  0.000000E+00  0.275757E+06
  0.509262E+00  0.274461E+06  0.273061E+06  0.000000E+00  0.000000E+00  0.000000E+00  0.274242E+06
  0.511091E+00  0.272960E+06  0.271569E+06  0.000000E+00  0.000000E+00  0.000000E+00  0.272743E+06
  0.512920E+00  0.271474E+06  0.270092E+06  0.000000E+00  0.000000E+00  0.000000E+00  0.271258E+06
  0.514749E+00  0.270003E+06  0.268629E+06  0.000000E+00  0.000000E+00  0.000000E+00  0.269788E+06
  0.516579E+00  0.268544E+06  0.267179E+06  0.000000E+00  0.000000E+00  0.000000E+00  0.268331E+06
  0.518408E+00  0.267098E+06  0.265741E+06  0.000000E+00  0.000000E+00  0.000000E+00  0.266886E+06
  0.520237E+00  0.265664E+06  0.264315E+06  0.000000E+00  0.000000E+00  0.000000E+00  0.265453E+06
  0.522066E+00  0.264241E+06  0.262900E+06  0.000000E+00  0.000000E+00  0.000000E+00  0.264032E+06
  0.523896E+00  0.262829E+06  0.261496E+06  0.000000E+00  0.000000E+00  0.000000E+00  0.262621E+06
  0.525725E+00  0.261428E+06  0.260102E+06  0.000000E+00  0.000000E+00  0.000000E+00  0.261221E+06
  0.527554E+00  0.260037E+06  0.258719E+06  0.000000E+00  0.000000E+00  0.000000E+00  0.259831E+06
  0.529383E+00  0.258656E+06  0.257345E+06  0.000000E+00  0.000000E+00  0.000000E+00  0.258451E+06
  0.531213E+00  0.257284E+06  0.255980E+06  0.000000E+00  0.000000E+00  0.000000E+00  0.257080E+06
  0.533042E+00  0.255921E+06  0.254624E+06  0.000000E+00  0.000000E+00  0.000000E+00  0.255719E+06
  0.534871E+00  0.254568E+06  0.253278E+06  0.000000E+00  0.000000E+00  0.000000E+00  0.254366E+06
  0.536700E+00  0.253223E+06  0.251940E+06  0.000000E+00  0.000000E+00  0.000000E+00  0.253022E+06
  0.538530E+00  0.251887E+06  0.250610E+06  0.000000E+00  0.000000E+00  0.000000E+00  0.251688E+06
  0.540359E+00  0.250561E+06  0.249291E+06  0.000000E+00  0.000000E+00  0.000000E+00  0.250362E+06
  0.542188E+00  0.249244E+06  0.247980E+06  0.000000E+00  0.000000E+00  0.000000E+00  0.249047E+06
  0.544017E+00  0.247937E+06  0.246679E+06  0.000000E+00  0.000000E+00  0.000000E+00  0.247741E+06
  0.545846E+00  0.246640E+06  0.245388E+06  0.000000E+00  0.000000E+00  0.000000E+00  0.246444E+06
  0.547676E+00  0.245352E+06  0.244107E+06  0.000000E+00  0.000000E+00  0.000000E+00  0.245158E+06
  0.549505E+00  0.244075E+06  0.242835E+06  0.000000E+00  0.000000E+00  0.000000E+00  0.243881E+06
  0.551334E+00  0.242807E+06  0.241573E+06  0.000000E+00  0.000000E+00  0.000000E+00  0.242614E+06
  0.553163E+00  0.241549E+06  0.240322E+06  0.000000E+00  0.000000E+00  0.000000E+00  0.241358E+06
  0.554993E+00  0.240303E+06  0.239081E+06  0.000000E+00  0.000000E+00  0.000000E+00  0.240112E+06
  0.556822E+00  0.239067E+06  0.237851E+06  0.000000E+00  0.000000E+00  0.000000E+00  0.238877E+06
  0.558651E+00  0.237842E+06  0.236632E+06  0.000000E+00  0.000000E+00  0.000000E+00  0.237652E+06
  0.560480E+00  0.236627E+06  0.235423E+06  0.000000E+00  0.000000E+00  0.000000E+00  0.236439E+06
  0.562310E+00  0.235424E+06  0.234226E+06  0.000000E+00  0.000000E+00  0.000000E+00  0.235237E+06
  0.564139E+00  0.234231E+06  0.233039E+06  0.000000E+00  0.000000E+00  0.000000E+00  0.234045E+06
  0.565968E+00  0.233049E+06  0.231863E+06  0.000000E+00  0.000000E+00  0.000000E+00  0.232864E+06
  0.567797E+00  0.231878E+06  0.230697E+06  0.000000E+00  0.000000E+00  0.000000E+00  0.231693E+06
  0.569627E+00  0.230717E+06  0.229542E+06  0.000000E+00  0.000000E+00  0.000000E+00  0.230533E+06
  0.571456E+00  0.229566E+06  0.228397E+06  0.000000E+00  0.000000E+00  0.000000E+00  0.229383E+06
  0.573285E+00  0.228426E+06  0.227263E+06  0.000000E+00  0.000000E+00  0.000000E+00  0.228244E+06
  0.575114E+00  0.227295E+06  0.226139E+06  0.000000E+00  0.000000E+00  0.000000E+00  0.227115E+06
  0.576944E+00  0.226175E+06  0.225024E+06  0.000000E+00  0.000000E+00  0.000000E+00  0.225995E+06
  0.578773E+00  0.225064E+06  0.223919E+06  0.000000E+00  0.000000E+00  0.000000E+00  0.224885E+06
  0.580602E+00  0.223962E+06  0.222823E+06  0.000000E+00  0.000000E+00  0.000000E+00  0.223784E+06
  0.699499E+00  0.167012E+06  0.166163E+06  0.000000E+00  0.000000E+00  0.000000E+00  0.166879E+06
  0.854371E+00  0.121270E+06  0.120655E+06  0.000000E+00  0.000000E+00  0.000000E+00  0.121174E+06
  0.104353E+01  0.876399E+05  0.871948E+05  0.000000E+00  0.000000E+00  0.000000E+00  0.875703E+05
  0.127457E+01  0.630645E+05  0.627442E+05  0.000000E+00  0.000000E+00  0.000000E+00  0.630145E+05
  0.155676E+01  0.452033E+05  0.449736E+05  0.000000E+00  0.000000E+00  0.000000E+00  0.451674E+05
  0.190144E+01  0.322853E+05  0.321211E+05  0.000000E+00  0.000000E+00  0.000000E+00  0.322596E+05
  0.232242E+01  0.229839E+05  0.228668E+05  0.000000E+00  0.000000E+00  0.000000E+00  0.229656E+05
  0.283661E+01  0.163134E+05  0.162301E+05  0.000000E+00  0.000000E+00  0.000000E+00  0.163003E+05
  0.346464E+01  0.115470E+05  0.114879E+05  0.000000E+00  0.000000E+00  0.000000E+00  0.115378E+05
  0.423172E+01  0.815269E+04  0.811077E+04  0.000000E+00  0.000000E+00  0.000000E+00  0.814614E+04
  0.516864E+01  0.574274E+04  0.571301E+04  0.000000E+00  0.000000E+00  0.000000E+00  0.573809E+04
  0.631299E+01  0.403646E+04  0.401535E+04  0.000000E+00  0.000000E+00  0.000000E+00  0.403316E+04
  0.771071E+01  0.283150E+04  0.281646E+04  0.000000E+00  0.000000E+00  0.000000E+00  0.282915E+04
  0.941788E+01  0.198256E+04  0.197180E+04  0.000000E+00  0.000000E+00  0.000000E+00  0.198088E+04
  0.115030E+02  0.138576E+04  0.137799E+04  0.000000E+00  0.000000E+00  0.000000E+00  0.138454E+04
  0.140498E+02  0.967044E+03  0.961363E+03  0.000000E+00  0.000000E+00  0.000000E+00  0.966156E+03
  0.171605E+02  0.673823E+03  0.669597E+03  0.000000E+00  0.000000E+00  0.000000E+00  0.673163E+03
  0.209599E+02  0.468840E+03  0.465621E+03  0.000000E+00  0.000000E+00  0.000000E+00  0.468337E+03
  0.256004E+02  0.325770E+03  0.323246E+03  0.000000E+00  0.000000E+00  0.000000E+00  0.325375E+03
  0.312685E+02  0.226062E+03  0.224013E+03  0.000000E+00  0.000000E+00  0.000000E+00  0.225742E+03
  0.381914E+02  0.156670E+03  0.154943E+03  0.000000E+00  0.000000E+00  0.000000E+00  0.156400E+03
  0.466470E+02  0.108440E+03  0.106928E+03  0.000000E+00  0.000000E+00  0.000000E+00  0.108204E+03
  0.569749E+02  0.749581E+02  0.735885E+02  0.000000E+00  0.000000E+00  0.000000E+00  0.747441E+02
  0.695893E+02  0.517411E+02  0.504634E+02  0.000000E+00  0.000000E+00  0.000000E+00  0.515414E+02
  0.849965E+02  0.356590E+02  0.344400E+02  0.000000E+00  0.000000E+00  0.000000E+00  0.354686E+02
  0.103815E+03  0.245302E+02  0.233492E+02  0.000000E+00  0.000000E+00  0.000000E+00  0.243457E+02
