    0.10000E-03    0.41874E+03
    0.10202E-03    0.42688E+03
    0.10408E-03    0.43517E+03
    0.10618E-03    0.44362E+03
    0.10833E-03    0.45224E+03
    0.11052E-03    0.46102E+03
    0.11275E-03    0.46997E+03
    0.11503E-03    0.47910E+03
    0.11735E-03    0.48841E+03
    0.11972E-03    0.49789E+03
    0.12214E-03    0.50756E+03
    0.12461E-03    0.51742E+03
    0.12712E-03    0.52746E+03
    0.12969E-03    0.53771E+03
    0.13231E-03    0.54815E+03
    0.13499E-03    0.55879E+03
    0.13771E-03    0.56964E+03
    0.14049E-03    0.58070E+03
    0.14333E-03    0.59198E+03
    0.14623E-03    0.60347E+03
    0.14918E-03    0.61518E+03
    0.15220E-03    0.62713E+03
    0.15527E-03    0.63930E+03
    0.15841E-03    0.65171E+03
    0.16161E-03    0.66436E+03
    0.16487E-03    0.67725E+03
    0.16820E-03    0.69040E+03
    0.17160E-03    0.70379E+03
    0.17507E-03    0.71745E+03
    0.17860E-03    0.73137E+03
    0.18221E-03    0.74556E+03
    0.18589E-03    0.76003E+03
    0.18965E-03    0.77477E+03
    0.19348E-03    0.78980E+03
    0.19739E-03    0.80512E+03
    0.20138E-03    0.82074E+03
    0.20544E-03    0.83666E+03
    0.20959E-03    0.85288E+03
    0.21383E-03    0.86942E+03
    0.21815E-03    0.88628E+03
    0.22255E-03    0.90346E+03
    0.22705E-03    0.92098E+03
    0.23164E-03    0.93883E+03
    0.23632E-03    0.95703E+03
    0.24109E-03    0.97558E+03
    0.24596E-03    0.99448E+03
    0.25093E-03    0.10137E+04
    0.25600E-03    0.10334E+04
    0.26117E-03    0.10534E+04
    0.26645E-03    0.10738E+04
    0.27183E-03    0.10946E+04
    0.27732E-03    0.11158E+04
    0.28292E-03    0.11374E+04
    0.28864E-03    0.11594E+04
    0.29447E-03    0.11819E+04
    0.30042E-03    0.12047E+04
    0.30649E-03    0.12280E+04
    0.31268E-03    0.12518E+04
    0.31899E-03    0.12760E+04
    0.32544E-03    0.13007E+04
    0.33201E-03    0.13258E+04
    0.33872E-03    0.13515E+04
    0.34556E-03    0.13776E+04
    0.35254E-03    0.14042E+04
    0.35966E-03    0.14313E+04
    0.36693E-03    0.14590E+04
    0.37434E-03    0.14871E+04
    0.38190E-03    0.15158E+04
    0.38962E-03    0.15451E+04
    0.39749E-03    0.15749E+04
    0.40552E-03    0.16053E+04
    0.41371E-03    0.16362E+04
    0.42207E-03    0.16678E+04
    0.43060E-03    0.16999E+04
    0.43929E-03    0.17327E+04
    0.44817E-03    0.17661E+04
    0.45722E-03    0.18001E+04
    0.46646E-03    0.18347E+04
    0.47588E-03    0.18700E+04
    0.48550E-03    0.19060E+04
    0.49530E-03    0.19426E+04
    0.50531E-03    0.19799E+04
    0.51552E-03    0.20180E+04
    0.52593E-03    0.20567E+04
    0.53656E-03    0.20962E+04
    0.54739E-03    0.21364E+04
    0.55845E-03    0.21774E+04
    0.56973E-03    0.22191E+04
    0.58124E-03    0.22616E+04
    0.59299E-03    0.23049E+04
    0.60496E-03    0.23491E+04
    0.61719E-03    0.23940E+04
    0.62965E-03    0.24397E+04
    0.64237E-03    0.24864E+04
    0.65535E-03    0.25338E+04
    0.66859E-03    0.25822E+04
    0.68210E-03    0.26314E+04
    0.69588E-03    0.26816E+04
    0.70993E-03    0.27327E+04
    0.72427E-03    0.27847E+04
    0.73891E-03    0.28377E+04
    0.75383E-03    0.28916E+04
    0.76906E-03    0.29465E+04
    0.78460E-03    0.30024E+04
    0.80045E-03    0.30594E+04
    0.81662E-03    0.31174E+04
    0.83311E-03    0.31764E+04
    0.84994E-03    0.32365E+04
    0.86711E-03    0.32976E+04
    0.88463E-03    0.33599E+04
    0.90250E-03    0.34233E+04
    0.92073E-03    0.34879E+04
    0.93933E-03    0.35535E+04
    0.95831E-03    0.36204E+04
    0.97767E-03    0.36884E+04
    0.99742E-03    0.37577E+04
    0.10176E-02    0.38282E+04
    0.10381E-02    0.38999E+04
    0.10591E-02    0.39729E+04
    0.10805E-02    0.40471E+04
    0.11023E-02    0.41227E+04
    0.11246E-02    0.41996E+04
    0.11473E-02    0.42778E+04
    0.11705E-02    0.43573E+04
    0.11941E-02    0.44383E+04
    0.12182E-02    0.45206E+04
    0.12429E-02    0.46043E+04
    0.12680E-02    0.46895E+04
    0.12936E-02    0.47761E+04
    0.13197E-02    0.48642E+04
    0.13464E-02    0.49538E+04
    0.13736E-02    0.50449E+04
    0.14013E-02    0.51375E+04
    0.14296E-02    0.52316E+04
    0.14585E-02    0.53273E+04
    0.14880E-02    0.54246E+04
    0.15180E-02    0.55235E+04
    0.15487E-02    0.56240E+04
    0.15800E-02    0.57261E+04
    0.16119E-02    0.58299E+04
    0.16445E-02    0.59353E+04
    0.16777E-02    0.60425E+04
    0.17116E-02    0.61513E+04
    0.17462E-02    0.62619E+04
    0.17814E-02    0.63742E+04
    0.18174E-02    0.64882E+04
    0.18541E-02    0.66041E+04
    0.18916E-02    0.67217E+04
    0.19298E-02    0.68411E+04
    0.19688E-02    0.69623E+04
    0.20086E-02    0.70854E+04
    0.20491E-02    0.72103E+04
    0.20905E-02    0.73370E+04
    0.21328E-02    0.74656E+04
    0.21758E-02    0.75961E+04
    0.22198E-02    0.77285E+04
    0.22646E-02    0.78628E+04
    0.23104E-02    0.79990E+04
    0.23571E-02    0.81371E+04
    0.24047E-02    0.82772E+04
    0.24533E-02    0.84191E+04
    0.25028E-02    0.85631E+04
    0.25534E-02    0.87089E+04
    0.26050E-02    0.88568E+04
    0.26576E-02    0.90065E+04
    0.27113E-02    0.91583E+04
    0.27660E-02    0.93120E+04
    0.28219E-02    0.94676E+04
    0.28789E-02    0.96252E+04
    0.29371E-02    0.97848E+04
    0.29964E-02    0.99463E+04
    0.30569E-02    0.10110E+05
    0.31187E-02    0.10275E+05
    0.31817E-02    0.10443E+05
    0.32460E-02    0.10612E+05
    0.33115E-02    0.10783E+05
    0.33784E-02    0.10956E+05
    0.34467E-02    0.11131E+05
    0.35163E-02    0.11308E+05
    0.35874E-02    0.11486E+05
    0.36598E-02    0.11667E+05
    0.37338E-02    0.11849E+05
    0.38092E-02    0.12033E+05
    0.38861E-02    0.12219E+05
    0.39646E-02    0.12407E+05
    0.40447E-02    0.12596E+05
    0.41264E-02    0.12787E+05
    0.42098E-02    0.12979E+05
    0.42948E-02    0.13174E+05
    0.43816E-02    0.13369E+05
    0.44701E-02    0.13567E+05
    0.45604E-02    0.13765E+05
    0.46525E-02    0.13964E+05
    0.47465E-02    0.14169E+05
    0.48424E-02    0.14373E+05
    0.49402E-02    0.14551E+05
    0.50400E-02    0.14726E+05
    0.51419E-02    0.14928E+05
    0.52457E-02    0.15139E+05
    0.53517E-02    0.15344E+05
    0.54598E-02    0.15550E+05
    0.55701E-02    0.15759E+05
    0.56826E-02    0.15968E+05
    0.57974E-02    0.16177E+05
    0.59145E-02    0.16386E+05
    0.60340E-02    0.16597E+05
    0.61559E-02    0.16807E+05
    0.62803E-02    0.17018E+05
    0.64072E-02    0.17229E+05
    0.65366E-02    0.17439E+05
    0.66686E-02    0.17650E+05
    0.68033E-02    0.17861E+05
    0.69408E-02    0.18071E+05
    0.70810E-02    0.18280E+05
    0.72240E-02    0.18489E+05
    0.73700E-02    0.18697E+05
    0.75189E-02    0.18904E+05
    0.76708E-02    0.19111E+05
    0.78257E-02    0.19316E+05
    0.79838E-02    0.19519E+05
    0.81451E-02    0.19721E+05
    0.83096E-02    0.19922E+05
    0.84775E-02    0.20121E+05
    0.86488E-02    0.20317E+05
    0.88235E-02    0.20511E+05
    0.90017E-02    0.20703E+05
    0.91836E-02    0.20893E+05
    0.93691E-02    0.21079E+05
    0.95583E-02    0.21263E+05
    0.97514E-02    0.21443E+05
    0.99484E-02    0.21620E+05
    0.10149E-01    0.21794E+05
    0.10354E-01    0.21963E+05
    0.10564E-01    0.22129E+05
    0.10777E-01    0.22290E+05
    0.10995E-01    0.22446E+05
    0.11217E-01    0.22598E+05
    0.11443E-01    0.22745E+05
    0.11675E-01    0.22887E+05
    0.11910E-01    0.23023E+05
    0.12151E-01    0.23153E+05
    0.12397E-01    0.23278E+05
    0.12647E-01    0.23396E+05
    0.12902E-01    0.23507E+05
    0.13163E-01    0.23612E+05
    0.13429E-01    0.23710E+05
    0.13700E-01    0.23800E+05
    0.13977E-01    0.23883E+05
    0.14259E-01    0.23958E+05
    0.14547E-01    0.24025E+05
    0.14841E-01    0.24083E+05
    0.15141E-01    0.24133E+05
    0.15447E-01    0.24174E+05
    0.15759E-01    0.24206E+05
    0.16077E-01    0.24228E+05
    0.16402E-01    0.24241E+05
    0.16734E-01    0.24244E+05
    0.17072E-01    0.24237E+05
    0.17416E-01    0.24220E+05
    0.17768E-01    0.24192E+05
    0.18127E-01    0.24153E+05
    0.18493E-01    0.24104E+05
    0.18867E-01    0.24043E+05
    0.19248E-01    0.23972E+05
    0.19637E-01    0.23889E+05
    0.20034E-01    0.23795E+05
    0.20438E-01    0.23689E+05
    0.20851E-01    0.23572E+05
    0.21272E-01    0.23443E+05
    0.21702E-01    0.23303E+05
    0.22141E-01    0.23151E+05
    0.22588E-01    0.22988E+05
    0.23044E-01    0.22814E+05
    0.23510E-01    0.22628E+05
    0.23985E-01    0.22431E+05
    0.24469E-01    0.22224E+05
    0.24964E-01    0.22006E+05
    0.25468E-01    0.21777E+05
    0.25982E-01    0.21539E+05
    0.26507E-01    0.21291E+05
    0.27043E-01    0.21034E+05
    0.27589E-01    0.20768E+05
    0.28146E-01    0.20494E+05
    0.28715E-01    0.20213E+05
    0.29295E-01    0.19924E+05
    0.29887E-01    0.19629E+05
    0.30490E-01    0.19328E+05
    0.31106E-01    0.19023E+05
    0.31735E-01    0.18713E+05
    0.32376E-01    0.18399E+05
    0.33030E-01    0.18082E+05
    0.33697E-01    0.17764E+05
    0.34378E-01    0.17445E+05
    0.35072E-01    0.17125E+05
    0.35781E-01    0.16806E+05
    0.36504E-01    0.16489E+05
    0.37241E-01    0.16174E+05
    0.37993E-01    0.15862E+05
    0.38761E-01    0.15555E+05
    0.39544E-01    0.15252E+05
    0.40343E-01    0.14955E+05
    0.41158E-01    0.14664E+05
    0.41989E-01    0.14381E+05
    0.42838E-01    0.14105E+05
    0.43703E-01    0.13837E+05
    0.44586E-01    0.13578E+05
    0.45486E-01    0.13329E+05
    0.46405E-01    0.13089E+05
    0.47343E-01    0.12858E+05
    0.48299E-01    0.12637E+05
    0.49275E-01    0.12427E+05
    0.50270E-01    0.12225E+05
    0.51286E-01    0.12034E+05
    0.52322E-01    0.11851E+05
    0.53379E-01    0.11677E+05
    0.54457E-01    0.11510E+05
    0.55557E-01    0.11351E+05
    0.56680E-01    0.11198E+05
    0.57825E-01    0.11050E+05
    0.58993E-01    0.10907E+05
    0.60184E-01    0.10766E+05
    0.61400E-01    0.10626E+05
    0.62641E-01    0.10486E+05
    0.63906E-01    0.10345E+05
    0.65197E-01    0.10201E+05
    0.66514E-01    0.10052E+05
    0.67858E-01    0.98982E+04
    0.69229E-01    0.97369E+04
    0.70627E-01    0.95675E+04
    0.72054E-01    0.93891E+04
    0.73510E-01    0.92012E+04
    0.74994E-01    0.90033E+04
    0.76509E-01    0.87950E+04
    0.78055E-01    0.85772E+04
    0.79632E-01    0.83505E+04
    0.81241E-01    0.81160E+04
    0.82882E-01    0.78754E+04
    0.84556E-01    0.76303E+04
    0.86264E-01    0.73829E+04
    0.88007E-01    0.71356E+04
    0.89785E-01    0.68908E+04
    0.91598E-01    0.66511E+04
    0.93449E-01    0.64188E+04
    0.95337E-01    0.61965E+04
    0.97263E-01    0.59861E+04
    0.99227E-01    0.57895E+04
    0.10123E+00    0.56080E+04
    0.10328E+00    0.54425E+04
    0.10536E+00    0.52934E+04
    0.10749E+00    0.51606E+04
    0.10966E+00    0.50434E+04
    0.11188E+00    0.49404E+04
    0.11414E+00    0.48497E+04
    0.11644E+00    0.47693E+04
    0.11880E+00    0.46962E+04
    0.12120E+00    0.46273E+04
    0.12365E+00    0.45593E+04
    0.12614E+00    0.44890E+04
    0.12869E+00    0.44134E+04
    0.13129E+00    0.43302E+04
    0.13394E+00    0.42374E+04
    0.13665E+00    0.41341E+04
    0.13941E+00    0.40202E+04
    0.14223E+00    0.38970E+04
    0.14510E+00    0.37665E+04
    0.14803E+00    0.36318E+04
    0.15102E+00    0.34964E+04
    0.15407E+00    0.33639E+04
    0.15718E+00    0.32377E+04
    0.16036E+00    0.31210E+04
    0.16360E+00    0.30160E+04
    0.16690E+00    0.29242E+04
    0.17028E+00    0.28455E+04
    0.17371E+00    0.27792E+04
    0.17722E+00    0.27234E+04
    0.18080E+00    0.26754E+04
    0.18446E+00    0.26317E+04
    0.18818E+00    0.25888E+04
    0.19198E+00    0.25432E+04
    0.19586E+00    0.24923E+04
    0.19982E+00    0.24345E+04
    0.20386E+00    0.23693E+04
    0.20797E+00    0.22980E+04
    0.21218E+00    0.22229E+04
    0.21646E+00    0.21472E+04
    0.22083E+00    0.20740E+04
    0.22530E+00    0.20064E+04
    0.22985E+00    0.19462E+04
    0.23449E+00    0.18943E+04
    0.23923E+00    0.18502E+04
    0.24406E+00    0.18123E+04
    0.24899E+00    0.17780E+04
    0.25402E+00    0.17447E+04
    0.25915E+00    0.17100E+04
    0.26439E+00    0.16720E+04
    0.26973E+00    0.16304E+04
    0.27518E+00    0.15859E+04
    0.28074E+00    0.15403E+04
    0.28641E+00    0.14957E+04
    0.29219E+00    0.14542E+04
    0.29810E+00    0.14169E+04
    0.30412E+00    0.13840E+04
    0.31026E+00    0.13546E+04
    0.31653E+00    0.13273E+04
    0.32292E+00    0.13003E+04
    0.32945E+00    0.12725E+04
    0.33610E+00    0.12433E+04
    0.34289E+00    0.12131E+04
    0.34982E+00    0.11830E+04
    0.35689E+00    0.11541E+04
    0.36409E+00    0.11272E+04
    0.37145E+00    0.11025E+04
    0.37895E+00    0.10796E+04
    0.38661E+00    0.10576E+04
    0.39442E+00    0.10357E+04
    0.40239E+00    0.10136E+04
    0.41052E+00    0.99141E+03
    0.41881E+00    0.96952E+03
    0.42727E+00    0.94848E+03
    0.43590E+00    0.92857E+03
    0.44471E+00    0.90969E+03
    0.45369E+00    0.89150E+03
    0.46286E+00    0.87363E+03
    0.47221E+00    0.85591E+03
    0.48174E+00    0.83842E+03
    0.49148E+00    0.82137E+03
    0.50141E+00    0.80494E+03
    0.51153E+00    0.78911E+03
    0.52187E+00    0.77376E+03
    0.53241E+00    0.75873E+03
    0.54317E+00    0.74395E+03
    0.55414E+00    0.72947E+03
    0.56533E+00    0.71537E+03
    0.57675E+00    0.70167E+03
    0.58840E+00    0.68832E+03
    0.60029E+00    0.67525E+03
    0.61242E+00    0.66247E+03
    0.62479E+00    0.64996E+03
    0.63741E+00    0.63771E+03
    0.65029E+00    0.62572E+03
    0.66342E+00    0.61396E+03
    0.67683E+00    0.60245E+03
    0.69050E+00    0.59117E+03
    0.70445E+00    0.58010E+03
    0.71868E+00    0.56925E+03
    0.73320E+00    0.55860E+03
    0.74801E+00    0.54815E+03
    0.76312E+00    0.53789E+03
    0.77854E+00    0.52781E+03
    0.79426E+00    0.51790E+03
    0.81031E+00    0.50815E+03
    0.82668E+00    0.49856E+03
    0.84338E+00    0.48913E+03
    0.86041E+00    0.47984E+03
    0.87780E+00    0.47069E+03
    0.89553E+00    0.46168E+03
    0.91362E+00    0.45280E+03
    0.93208E+00    0.44405E+03
    0.95091E+00    0.43542E+03
    0.97011E+00    0.42691E+03
    0.98971E+00    0.41852E+03
    0.10097E+01    0.41023E+03
    0.10301E+01    0.40206E+03
    0.10509E+01    0.39399E+03
    0.10721E+01    0.38603E+03
    0.10938E+01    0.37817E+03
    0.11159E+01    0.37041E+03
    0.11384E+01    0.36274E+03
    0.11614E+01    0.35517E+03
    0.11849E+01    0.34770E+03
    0.12088E+01    0.34031E+03
    0.12333E+01    0.33302E+03
    0.12582E+01    0.32582E+03
    0.12836E+01    0.31870E+03
    0.13095E+01    0.31167E+03
    0.13360E+01    0.30473E+03
    0.13630E+01    0.29787E+03
    0.13905E+01    0.29110E+03
    0.14186E+01    0.28442E+03
    0.14472E+01    0.27782E+03
    0.14765E+01    0.27130E+03
    0.15063E+01    0.26487E+03
    0.15367E+01    0.25853E+03
    0.15678E+01    0.25227E+03
    0.15994E+01    0.24609E+03
    0.16318E+01    0.24000E+03
    0.16647E+01    0.23400E+03
    0.16984E+01    0.22808E+03
    0.17327E+01    0.22226E+03
    0.17677E+01    0.21651E+03
    0.18034E+01    0.21086E+03
    0.18398E+01    0.20530E+03
    0.18770E+01    0.19982E+03
    0.19149E+01    0.19443E+03
    0.19536E+01    0.18913E+03
    0.19930E+01    0.18393E+03
    0.20333E+01    0.17881E+03
    0.20744E+01    0.17379E+03
    0.21163E+01    0.16885E+03
    0.21590E+01    0.16401E+03
    0.22026E+01    0.15926E+03
    0.22471E+01    0.15461E+03
    0.22925E+01    0.15004E+03
    0.23388E+01    0.14557E+03
    0.23861E+01    0.14120E+03
    0.24343E+01    0.13691E+03
    0.24835E+01    0.13272E+03
    0.25336E+01    0.12862E+03
    0.25848E+01    0.12461E+03
    0.26370E+01    0.12070E+03
    0.26903E+01    0.11687E+03
    0.27447E+01    0.11314E+03
    0.28001E+01    0.10950E+03
    0.28567E+01    0.10595E+03
    0.29144E+01    0.10248E+03
    0.29733E+01    0.99106E+02
    0.30333E+01    0.95817E+02
    0.30946E+01    0.92615E+02
    0.31571E+01    0.89498E+02
    0.32209E+01    0.86465E+02
    0.32860E+01    0.83516E+02
    0.33523E+01    0.80648E+02
    0.34201E+01    0.77861E+02
    0.34892E+01    0.75154E+02
    0.35596E+01    0.72525E+02
    0.36316E+01    0.69972E+02
    0.37049E+01    0.67495E+02
    0.37798E+01    0.65092E+02
    0.38561E+01    0.62762E+02
    0.39340E+01    0.60503E+02
    0.40135E+01    0.58313E+02
    0.40946E+01    0.56192E+02
    0.41773E+01    0.54138E+02
    0.42617E+01    0.52149E+02
    0.43478E+01    0.50224E+02
    0.44356E+01    0.48361E+02
    0.45252E+01    0.46559E+02
    0.46166E+01    0.44817E+02
    0.47099E+01    0.43132E+02
    0.48050E+01    0.41504E+02
    0.49021E+01    0.39930E+02
    0.50011E+01    0.38411E+02
    0.51021E+01    0.36943E+02
    0.52052E+01    0.35526E+02
    0.53104E+01    0.34158E+02
    0.54176E+01    0.32838E+02
    0.55271E+01    0.31565E+02
    0.56387E+01    0.30336E+02
    0.57526E+01    0.29152E+02
    0.58689E+01    0.28010E+02
    0.59874E+01    0.26909E+02
    0.61084E+01    0.25848E+02
    0.62318E+01    0.24826E+02
    0.63577E+01    0.23841E+02
    0.64861E+01    0.22893E+02
    0.66171E+01    0.21979E+02
    0.67508E+01    0.21100E+02
    0.68872E+01    0.20254E+02
    0.70263E+01    0.19439E+02
    0.71682E+01    0.18656E+02
    0.73130E+01    0.17901E+02
    0.74608E+01    0.17176E+02
    0.76115E+01    0.16479E+02
    0.77653E+01    0.15808E+02
    0.79221E+01    0.15163E+02
    0.80822E+01    0.14543E+02
    0.82454E+01    0.13947E+02
    0.84120E+01    0.13375E+02
    0.85819E+01    0.12824E+02
    0.87553E+01    0.12296E+02
    0.89322E+01    0.11788E+02
    0.91126E+01    0.11300E+02
    0.92967E+01    0.10832E+02
    0.94845E+01    0.10382E+02
    0.96761E+01    0.99504E+01
    0.98716E+01    0.95359E+01
    0.10071E+02    0.91380E+01
    0.10274E+02    0.87560E+01
    0.10482E+02    0.83895E+01
    0.10694E+02    0.80378E+01
    0.10910E+02    0.77003E+01
    0.11130E+02    0.73766E+01
    0.11355E+02    0.70660E+01
    0.11584E+02    0.67681E+01
    0.11818E+02    0.64824E+01
    0.12057E+02    0.62084E+01
    0.12301E+02    0.59457E+01
    0.12549E+02    0.56938E+01
    0.12803E+02    0.54522E+01
    0.13061E+02    0.52207E+01
    0.13325E+02    0.49987E+01
    0.13594E+02    0.47859E+01
    0.13869E+02    0.45820E+01
    0.14149E+02    0.43866E+01
    0.14435E+02    0.41993E+01
    0.14727E+02    0.40198E+01
    0.15024E+02    0.38479E+01
    0.15328E+02    0.36831E+01
    0.15637E+02    0.35253E+01
    0.15953E+02    0.33741E+01
    0.16275E+02    0.32292E+01
    0.16604E+02    0.30905E+01
    0.16940E+02    0.29576E+01
    0.17282E+02    0.28303E+01
    0.17631E+02    0.27084E+01
    0.17987E+02    0.25917E+01
    0.18351E+02    0.24799E+01
    0.18721E+02    0.23729E+01
    0.19099E+02    0.22704E+01
    0.19485E+02    0.21722E+01
    0.19879E+02    0.20783E+01
    0.20280E+02    0.19884E+01
    0.20690E+02    0.19023E+01
    0.21108E+02    0.18198E+01
    0.21535E+02    0.17409E+01
    0.21970E+02    0.16654E+01
    0.22413E+02    0.15931E+01
    0.22866E+02    0.15239E+01
    0.23328E+02    0.14577E+01
    0.23799E+02    0.13944E+01
    0.24280E+02    0.13337E+01
    0.24771E+02    0.12757E+01
    0.25271E+02    0.12201E+01
    0.25782E+02    0.11670E+01
    0.26302E+02    0.11161E+01
    0.26834E+02    0.10675E+01
    0.27376E+02    0.10209E+01
    0.27929E+02    0.97639E+00
    0.28493E+02    0.93377E+00
    0.29069E+02    0.89300E+00
    0.29656E+02    0.85399E+00
    0.30255E+02    0.81667E+00
    0.30866E+02    0.78097E+00
    0.31490E+02    0.74682E+00
    0.32126E+02    0.71415E+00
    0.32775E+02    0.68290E+00
    0.33437E+02    0.65300E+00
    0.34112E+02    0.62441E+00
    0.34801E+02    0.59706E+00
    0.35504E+02    0.57090E+00
    0.36222E+02    0.54588E+00
    0.36953E+02    0.52195E+00
    0.37700E+02    0.49906E+00
    0.38462E+02    0.47717E+00
    0.39239E+02    0.45623E+00
    0.40031E+02    0.43621E+00
    0.40840E+02    0.41706E+00
    0.41665E+02    0.39875E+00
    0.42507E+02    0.38124E+00
    0.43365E+02    0.36449E+00
    0.44241E+02    0.34847E+00
    0.45135E+02    0.33316E+00
    0.46047E+02    0.31851E+00
    0.46977E+02    0.30451E+00
    0.47926E+02    0.29112E+00
    0.48894E+02    0.27831E+00
    0.49882E+02    0.26607E+00
    0.50890E+02    0.25436E+00
    0.51918E+02    0.24317E+00
    0.52966E+02    0.23246E+00
    0.54036E+02    0.22223E+00
    0.55128E+02    0.21244E+00
    0.56242E+02    0.20309E+00
    0.57378E+02    0.19414E+00
    0.58537E+02    0.18559E+00
    0.59720E+02    0.17741E+00
    0.60926E+02    0.16960E+00
    0.62157E+02    0.16212E+00
    0.63412E+02    0.15497E+00
    0.64693E+02    0.14814E+00
    0.66000E+02    0.14161E+00
    0.67334E+02    0.13537E+00
    0.68694E+02    0.12940E+00
    0.70082E+02    0.12369E+00
    0.71497E+02    0.11823E+00
    0.72942E+02    0.11302E+00
    0.74415E+02    0.10803E+00
    0.75918E+02    0.10326E+00
    0.77452E+02    0.98707E-01
    0.79017E+02    0.94350E-01
    0.80613E+02    0.90185E-01
    0.82241E+02    0.86204E-01
    0.83903E+02    0.82398E-01
    0.85598E+02    0.78759E-01
    0.87327E+02    0.75281E-01
    0.89091E+02    0.71956E-01
    0.90891E+02    0.68778E-01
    0.92727E+02    0.65740E-01
    0.94600E+02    0.62836E-01
    0.96511E+02    0.60060E-01
    0.98461E+02    0.57407E-01
    0.10045E+03    0.54870E-01
    0.10248E+03    0.52446E-01
