  0.351880E-05  0.226008E+07  0.226008E+07  0.301342E+07  0.301342E+07  0.000000E+00  0.226008E+07
  0.363805E-05  0.226008E+07  0.226008E+07  0.301342E+07  0.301342E+07  0.000000E+00  0.226008E+07
  0.376134E-05  0.226008E+07  0.226008E+07  0.301342E+07  0.301342E+07  0.000000E+00  0.226008E+07
  0.388880E-05  0.226008E+07  0.226008E+07  0.301342E+07  0.301342E+07  0.000000E+00  0.226008E+07
  0.402059E-05  0.226008E+07  0.226008E+07  0.301341E+07  0.301341E+07  0.000000E+00  0.226008E+07
  0.415684E-05  0.226008E+07  0.226008E+07  0.301341E+07  0.301341E+07  0.000000E+00  0.226008E+07
  0.429771E-05  0.226008E+07  0.226008E+07  0.301341E+07  0.301341E+07  0.000000E+00  0.226008E+07
  0.444336E-05  0.226008E+07  0.226008E+07  0.301341E+07  0.301341E+07  0.000000E+00  0.226008E+07
  0.459394E-05  0.226008E+07  0.226008E+07  0.301341E+07  0.301341E+07  0.000000E+00  0.226008E+07
  0.474962E-05  0.226008E+07  0.226008E+07  0.301340E+07  0.301340E+07  0.000000E+00  0.226008E+07
  0.491058E-05  0.226008E+07  0.226008E+07  0.301340E+07  0.301340E+07  0.000000E+00  0.226008E+07
  0.507699E-05  0.226008E+07  0.226008E+07  0.301340E+07  0.301340E+07  0.000000E+00  0.226008E+07
  0.524905E-05  0.226008E+07  0.226008E+07  0.301340E+07  0.301340E+07  0.000000E+00  0.226008E+07
  0.542693E-05  0.226008E+07  0.226008E+07  0.301340E+07  0.301339E+07  0.000000E+00  0.226008E+07
  0.561084E-05  0.226008E+07  0.226008E+07  0.301339E+07  0.301339E+07  0.000000E+00  0.226008E+07
  0.580099E-05  0.226008E+07  0.226008E+07  0.301339E+07  0.301339E+07  0.000000E+00  0.226008E+07
  0.599757E-05  0.226008E+07  0.226008E+07  0.301339E+07  0.301338E+07  0.000000E+00  0.226008E+07
  0.620082E-05  0.226008E+07  0.226008E+07  0.301338E+07  0.301338E+07  0.000000E+00  0.226008E+07
  0.641096E-05  0.226008E+07  0.226008E+07  0.301338E+07  0.301338E+07  0.000000E+00  0.226008E+07
  0.662822E-05  0.226008E+07  0.226008E+07  0.301337E+07  0.301337E+07  0.000000E+00  0.226008E+07
  0.685284E-05  0.226008E+07  0.226008E+07  0.301337E+07  0.301337E+07  0.000000E+00  0.226008E+07
  0.708508E-05  0.226008E+07  0.226008E+07  0.301336E+07  0.301336E+07  0.000000E+00  0.226008E+07
  0.732518E-05  0.226008E+07  0.226008E+07  0.301336E+07  0.301336E+07  0.000000E+00  0.226008E+07
  0.757342E-05  0.226008E+07  0.226008E+07  0.301335E+07  0.301335E+07  0.000000E+00  0.226008E+07
  0.783008E-05  0.226008E+07  0.226008E+07  0.301335E+07  0.301335E+07  0.000000E+00  0.226008E+07
  0.809543E-05  0.226008E+07  0.226008E+07  0.301334E+07  0.301334E+07  0.000000E+00  0.226008E+07
  0.836977E-05  0.226008E+07  0.226008E+07  0.301334E+07  0.301333E+07  0.000000E+00  0.226008E+07
  0.865341E-05  0.226008E+07  0.226008E+07  0.301333E+07  0.301333E+07  0.000000E+00  0.226008E+07
  0.894667E-05  0.226008E+07  0.226008E+07  0.301332E+07  0.301332E+07  0.000000E+00  0.226008E+07
  0.924986E-05  0.226008E+07  0.226008E+07  0.301331E+07  0.301331E+07  0.000000E+00  0.226008E+07
  0.956332E-05  0.226008E+07  0.226008E+07  0.301331E+07  0.301330E+07  0.000000E+00  0.226008E+07
  0.988741E-05  0.226008E+07  0.226008E+07  0.301330E+07  0.301329E+07  0.000000E+00  0.226008E+07
  0.102225E-04  0.226008E+07  0.226008E+07  0.301329E+07  0.301328E+07  0.000000E+00  0.226008E+07
  0.105689E-04  0.226008E+07  0.226008E+07  0.301328E+07  0.301327E+07  0.000000E+00  0.226008E+07
  0.109271E-04  0.226008E+07  0.226008E+07  0.301326E+07  0.301326E+07  0.000000E+00  0.226008E+07
  0.112974E-04  0.226008E+07  0.226008E+07  0.301325E+07  0.301325E+07  0.000000E+00  0.226008E+07
  0.116802E-04  0.226008E+07  0.226008E+07  0.301324E+07  0.301324E+07  0.000000E+00  0.226008E+07
  0.120761E-04  0.226008E+07  0.226008E+07  0.301323E+07  0.301322E+07  0.000000E+00  0.226008E+07
  0.124853E-04  0.226008E+07  0.226008E+07  0.301321E+07  0.301321E+07  0.000000E+00  0.226008E+07
  0.129084E-04  0.226008E+07  0.226008E+07  0.301320E+07  0.301319E+07  0.000000E+00  0.226008E+07
  0.133459E-04  0.226008E+07  0.226008E+07  0.301318E+07  0.301318E+07  0.000000E+00  0.226008E+07
  0.137981E-04  0.226008E+07  0.226008E+07  0.301316E+07  0.301316E+07  0.000000E+00  0.226008E+07
  0.142657E-04  0.226008E+07  0.226008E+07  0.301314E+07  0.301314E+07  0.000000E+00  0.226008E+07
  0.147492E-04  0.226007E+07  0.226007E+07  0.301312E+07  0.301312E+07  0.000000E+00  0.226007E+07
  0.152490E-04  0.226007E+07  0.226007E+07  0.301310E+07  0.301310E+07  0.000000E+00  0.226007E+07
  0.157658E-04  0.226007E+07  0.226007E+07  0.301308E+07  0.301307E+07  0.000000E+00  0.226007E+07
  0.163001E-04  0.226007E+07  0.226007E+07  0.301305E+07  0.301305E+07  0.000000E+00  0.226007E+07
  0.168525E-04  0.226007E+07  0.226007E+07  0.301303E+07  0.301302E+07  0.000000E+00  0.226007E+07
  0.174236E-04  0.226007E+07  0.226007E+07  0.301300E+07  0.301299E+07  0.000000E+00  0.226007E+07
  0.180140E-04  0.226007E+07  0.226007E+07  0.301297E+07  0.301296E+07  0.000000E+00  0.226007E+07
  0.186245E-04  0.226007E+07  0.226007E+07  0.301294E+07  0.301293E+07  0.000000E+00  0.226007E+07
  0.192557E-04  0.226007E+07  0.226007E+07  0.301290E+07  0.301289E+07  0.000000E+00  0.226007E+07
  0.199082E-04  0.226007E+07  0.226007E+07  0.301286E+07  0.301286E+07  0.000000E+00  0.226007E+07
  0.205829E-04  0.226007E+07  0.226007E+07  0.301283E+07  0.301282E+07  0.000000E+00  0.226007E+07
  0.212804E-04  0.226007E+07  0.226007E+07  0.301278E+07  0.301277E+07  0.000000E+00  0.226007E+07
  0.220016E-04  0.226007E+07  0.226007E+07  0.301274E+07  0.301273E+07  0.000000E+00  0.226007E+07
  0.227472E-04  0.226007E+07  0.226007E+07  0.301269E+07  0.301268E+07  0.000000E+00  0.226007E+07
  0.235181E-04  0.226007E+07  0.226007E+07  0.301264E+07  0.301263E+07  0.000000E+00  0.226007E+07
  0.243151E-04  0.226007E+07  0.226007E+07  0.301258E+07  0.301257E+07  0.000000E+00  0.226007E+07
  0.251391E-04  0.226007E+07  0.226007E+07  0.301252E+07  0.301251E+07  0.000000E+00  0.226007E+07
  0.259910E-04  0.226007E+07  0.226007E+07  0.301246E+07  0.301245E+07  0.000000E+00  0.226007E+07
  0.268718E-04  0.226007E+07  0.226007E+07  0.301239E+07  0.301238E+07  0.000000E+00  0.226007E+07
  0.277825E-04  0.226007E+07  0.226007E+07  0.301232E+07  0.301231E+07  0.000000E+00  0.226007E+07
  0.287240E-04  0.226007E+07  0.226007E+07  0.301225E+07  0.301223E+07  0.000000E+00  0.226007E+07
  0.296974E-04  0.226006E+07  0.226006E+07  0.301216E+07  0.301214E+07  0.000000E+00  0.226006E+07
  0.307038E-04  0.226006E+07  0.226006E+07  0.301208E+07  0.301206E+07  0.000000E+00  0.226006E+07
  0.317443E-04  0.226006E+07  0.226006E+07  0.301198E+07  0.301196E+07  0.000000E+00  0.226006E+07
  0.328201E-04  0.226006E+07  0.226006E+07  0.301188E+07  0.301186E+07  0.000000E+00  0.226006E+07
  0.339323E-04  0.226006E+07  0.226006E+07  0.301177E+07  0.301175E+07  0.000000E+00  0.226006E+07
  0.350822E-04  0.226006E+07  0.226006E+07  0.301166E+07  0.301163E+07  0.000000E+00  0.226006E+07
  0.362711E-04  0.226006E+07  0.226006E+07  0.301154E+07  0.301151E+07  0.000000E+00  0.226006E+07
  0.375003E-04  0.226006E+07  0.226006E+07  0.301141E+07  0.301138E+07  0.000000E+00  0.226006E+07
  0.387712E-04  0.226006E+07  0.226006E+07  0.301127E+07  0.301123E+07  0.000000E+00  0.226006E+07
  0.400851E-04  0.226005E+07  0.226005E+07  0.301112E+07  0.301108E+07  0.000000E+00  0.226005E+07
  0.414435E-04  0.226005E+07  0.226005E+07  0.301096E+07  0.301092E+07  0.000000E+00  0.226005E+07
  0.428480E-04  0.226005E+07  0.226005E+07  0.301079E+07  0.301075E+07  0.000000E+00  0.226005E+07
  0.443000E-04  0.226005E+07  0.226005E+07  0.301060E+07  0.301056E+07  0.000000E+00  0.226005E+07
  0.458013E-04  0.226005E+07  0.226005E+07  0.301041E+07  0.301036E+07  0.000000E+00  0.226005E+07
  0.473535E-04  0.226004E+07  0.226004E+07  0.301020E+07  0.301015E+07  0.000000E+00  0.226004E+07
  0.489582E-04  0.226004E+07  0.226004E+07  0.300998E+07  0.300993E+07  0.000000E+00  0.226004E+07
  0.506173E-04  0.226004E+07  0.226004E+07  0.300974E+07  0.300968E+07  0.000000E+00  0.226004E+07
  0.523327E-04  0.226004E+07  0.226004E+07  0.300948E+07  0.300942E+07  0.000000E+00  0.226004E+07
  0.541062E-04  0.226003E+07  0.226003E+07  0.300921E+07  0.300915E+07  0.000000E+00  0.226003E+07
  0.559398E-04  0.226003E+07  0.226003E+07  0.300892E+07  0.300885E+07  0.000000E+00  0.226003E+07
  0.578355E-04  0.226003E+07  0.226003E+07  0.300861E+07  0.300854E+07  0.000000E+00  0.226003E+07
  0.597955E-04  0.226002E+07  0.226002E+07  0.300828E+07  0.300820E+07  0.000000E+00  0.226002E+07
  0.618219E-04  0.226002E+07  0.226002E+07  0.300792E+07  0.300784E+07  0.000000E+00  0.226002E+07
  0.639169E-04  0.226002E+07  0.226002E+07  0.300754E+07  0.300745E+07  0.000000E+00  0.226002E+07
  0.660830E-04  0.226001E+07  0.226001E+07  0.300713E+07  0.300704E+07  0.000000E+00  0.226001E+07
  0.683225E-04  0.226001E+07  0.226001E+07  0.300670E+07  0.300660E+07  0.000000E+00  0.226001E+07
  0.706378E-04  0.226000E+07  0.226000E+07  0.300624E+07  0.300613E+07  0.000000E+00  0.226000E+07
  0.730317E-04  0.226000E+07  0.226000E+07  0.300574E+07  0.300563E+07  0.000000E+00  0.226000E+07
  0.755066E-04  0.225999E+07  0.225999E+07  0.300521E+07  0.300509E+07  0.000000E+00  0.225999E+07
  0.780654E-04  0.225999E+07  0.225998E+07  0.300464E+07  0.300452E+07  0.000000E+00  0.225999E+07
  0.807110E-04  0.225998E+07  0.225998E+07  0.300404E+07  0.300390E+07  0.000000E+00  0.225998E+07
  0.834462E-04  0.225997E+07  0.225997E+07  0.300339E+07  0.300324E+07  0.000000E+00  0.225997E+07
  0.862741E-04  0.225996E+07  0.225996E+07  0.300270E+07  0.300254E+07  0.000000E+00  0.225996E+07
  0.891978E-04  0.225996E+07  0.225996E+07  0.300196E+07  0.300179E+07  0.000000E+00  0.225996E+07
  0.922206E-04  0.225995E+07  0.225995E+07  0.300117E+07  0.300099E+07  0.000000E+00  0.225995E+07
  0.953458E-04  0.225994E+07  0.225994E+07  0.300033E+07  0.300014E+07  0.000000E+00  0.225994E+07
  0.985770E-04  0.225993E+07  0.225993E+07  0.299943E+07  0.299922E+07  0.000000E+00  0.225993E+07
  0.101918E-03  0.225992E+07  0.225992E+07  0.299847E+07  0.299824E+07  0.000000E+00  0.225992E+07
  0.105371E-03  0.225991E+07  0.225991E+07  0.299744E+07  0.299720E+07  0.000000E+00  0.225991E+07
  0.108942E-03  0.225990E+07  0.225990E+07  0.299634E+07  0.299608E+07  0.000000E+00  0.225990E+07
  0.112634E-03  0.225988E+07  0.225988E+07  0.299516E+07  0.299489E+07  0.000000E+00  0.225988E+07
  0.116451E-03  0.225987E+07  0.225987E+07  0.299390E+07  0.299362E+07  0.000000E+00  0.225987E+07
  0.120398E-03  0.225986E+07  0.225986E+07  0.299256E+07  0.299226E+07  0.000000E+00  0.225986E+07
  0.124478E-03  0.225984E+07  0.225984E+07  0.299113E+07  0.299080E+07  0.000000E+00  0.225984E+07
  0.128696E-03  0.225983E+07  0.225982E+07  0.298960E+07  0.298925E+07  0.000000E+00  0.225983E+07
  0.133058E-03  0.225981E+07  0.225981E+07  0.298796E+07  0.298758E+07  0.000000E+00  0.225981E+07
  0.137567E-03  0.225979E+07  0.225979E+07  0.298621E+07  0.298581E+07  0.000000E+00  0.225979E+07
  0.142229E-03  0.225977E+07  0.225977E+07  0.298434E+07  0.298392E+07  0.000000E+00  0.225977E+07
  0.147049E-03  0.225975E+07  0.225975E+07  0.298235E+07  0.298189E+07  0.000000E+00  0.225975E+07
  0.152032E-03  0.225973E+07  0.225972E+07  0.298022E+07  0.297973E+07  0.000000E+00  0.225973E+07
  0.157184E-03  0.225970E+07  0.225970E+07  0.297794E+07  0.297742E+07  0.000000E+00  0.225970E+07
  0.162511E-03  0.225968E+07  0.225967E+07  0.297551E+07  0.297495E+07  0.000000E+00  0.225968E+07
  0.168018E-03  0.225965E+07  0.225964E+07  0.297291E+07  0.297231E+07  0.000000E+00  0.225965E+07
  0.173712E-03  0.225962E+07  0.225961E+07  0.297013E+07  0.296950E+07  0.000000E+00  0.225962E+07
  0.179599E-03  0.225959E+07  0.225958E+07  0.296717E+07  0.296649E+07  0.000000E+00  0.225959E+07
  0.185685E-03  0.225955E+07  0.225955E+07  0.296401E+07  0.296328E+07  0.000000E+00  0.225955E+07
  0.191978E-03  0.225952E+07  0.225951E+07  0.296063E+07  0.295985E+07  0.000000E+00  0.225952E+07
  0.198484E-03  0.225948E+07  0.225947E+07  0.295702E+07  0.295619E+07  0.000000E+00  0.225948E+07
  0.205210E-03  0.225944E+07  0.225943E+07  0.295316E+07  0.295228E+07  0.000000E+00  0.225944E+07
  0.212165E-03  0.225939E+07  0.225939E+07  0.294905E+07  0.294811E+07  0.000000E+00  0.225939E+07
  0.219355E-03  0.225935E+07  0.225934E+07  0.294466E+07  0.294366E+07  0.000000E+00  0.225934E+07
  0.226788E-03  0.225930E+07  0.225929E+07  0.293998E+07  0.293891E+07  0.000000E+00  0.225929E+07
  0.234474E-03  0.225924E+07  0.225923E+07  0.293497E+07  0.293383E+07  0.000000E+00  0.225924E+07
  0.242420E-03  0.225918E+07  0.225918E+07  0.292964E+07  0.292842E+07  0.000000E+00  0.225918E+07
  0.250635E-03  0.225912E+07  0.225911E+07  0.292394E+07  0.292264E+07  0.000000E+00  0.225912E+07
  0.259129E-03  0.225906E+07  0.225905E+07  0.291786E+07  0.291648E+07  0.000000E+00  0.225906E+07
  0.267910E-03  0.225899E+07  0.225898E+07  0.291138E+07  0.290990E+07  0.000000E+00  0.225899E+07
  0.276990E-03  0.225891E+07  0.225890E+07  0.290447E+07  0.290289E+07  0.000000E+00  0.225891E+07
  0.286376E-03  0.225883E+07  0.225882E+07  0.289709E+07  0.289541E+07  0.000000E+00  0.225883E+07
  0.296081E-03  0.225875E+07  0.225873E+07  0.288923E+07  0.288744E+07  0.000000E+00  0.225874E+07
  0.306115E-03  0.225866E+07  0.225864E+07  0.288084E+07  0.287894E+07  0.000000E+00  0.225865E+07
  0.316489E-03  0.225856E+07  0.225854E+07  0.287191E+07  0.286988E+07  0.000000E+00  0.225856E+07
  0.327214E-03  0.225845E+07  0.225844E+07  0.286238E+07  0.286022E+07  0.000000E+00  0.225845E+07
  0.338303E-03  0.225834E+07  0.225833E+07  0.285224E+07  0.284994E+07  0.000000E+00  0.225834E+07
  0.349768E-03  0.225822E+07  0.225821E+07  0.284142E+07  0.283898E+07  0.000000E+00  0.225822E+07
  0.361621E-03  0.225810E+07  0.225808E+07  0.282991E+07  0.282731E+07  0.000000E+00  0.225809E+07
  0.373876E-03  0.225796E+07  0.225794E+07  0.281765E+07  0.281489E+07  0.000000E+00  0.225796E+07
  0.386546E-03  0.225781E+07  0.225779E+07  0.280460E+07  0.280166E+07  0.000000E+00  0.225781E+07
  0.399646E-03  0.225766E+07  0.225764E+07  0.279072E+07  0.278759E+07  0.000000E+00  0.225766E+07
  0.413189E-03  0.225749E+07  0.225747E+07  0.277594E+07  0.277262E+07  0.000000E+00  0.225749E+07
  0.427192E-03  0.225732E+07  0.225729E+07  0.276023E+07  0.275671E+07  0.000000E+00  0.225731E+07
  0.441669E-03  0.225713E+07  0.225710E+07  0.274353E+07  0.273979E+07  0.000000E+00  0.225712E+07
  0.456636E-03  0.225693E+07  0.225690E+07  0.272578E+07  0.272182E+07  0.000000E+00  0.225692E+07
  0.472111E-03  0.225671E+07  0.225668E+07  0.270693E+07  0.270272E+07  0.000000E+00  0.225671E+07
  0.488111E-03  0.225648E+07  0.225645E+07  0.268691E+07  0.268245E+07  0.000000E+00  0.225648E+07
  0.504652E-03  0.225624E+07  0.225620E+07  0.266566E+07  0.266095E+07  0.000000E+00  0.225623E+07
  0.521754E-03  0.225598E+07  0.225594E+07  0.264313E+07  0.263814E+07  0.000000E+00  0.225597E+07
  0.539436E-03  0.225570E+07  0.225566E+07  0.261923E+07  0.261396E+07  0.000000E+00  0.225569E+07
  0.557716E-03  0.225540E+07  0.225536E+07  0.259392E+07  0.258834E+07  0.000000E+00  0.225539E+07
  0.576617E-03  0.225508E+07  0.225504E+07  0.256711E+07  0.256122E+07  0.000000E+00  0.225508E+07
  0.596158E-03  0.225474E+07  0.225470E+07  0.253874E+07  0.253253E+07  0.000000E+00  0.225474E+07
  0.616361E-03  0.225438E+07  0.225433E+07  0.250874E+07  0.250220E+07  0.000000E+00  0.225437E+07
  0.637248E-03  0.225400E+07  0.225394E+07  0.247704E+07  0.247016E+07  0.000000E+00  0.225399E+07
  0.658844E-03  0.225358E+07  0.225353E+07  0.244357E+07  0.243633E+07  0.000000E+00  0.225358E+07
  0.681171E-03  0.225315E+07  0.225308E+07  0.240826E+07  0.240066E+07  0.000000E+00  0.225314E+07
  0.704255E-03  0.225268E+07  0.225261E+07  0.237106E+07  0.236308E+07  0.000000E+00  0.225267E+07
  0.728122E-03  0.225218E+07  0.225211E+07  0.233188E+07  0.232353E+07  0.000000E+00  0.225217E+07
  0.752797E-03  0.225165E+07  0.225157E+07  0.229068E+07  0.228195E+07  0.000000E+00  0.225164E+07
  0.778308E-03  0.225108E+07  0.225100E+07  0.224740E+07  0.223829E+07  0.000000E+00  0.225107E+07
  0.804684E-03  0.225048E+07  0.225040E+07  0.220200E+07  0.219249E+07  0.000000E+00  0.225047E+07
  0.831954E-03  0.224984E+07  0.224975E+07  0.215442E+07  0.214454E+07  0.000000E+00  0.224982E+07
  0.860148E-03  0.224916E+07  0.224906E+07  0.210464E+07  0.209438E+07  0.000000E+00  0.224914E+07
  0.889297E-03  0.224843E+07  0.224832E+07  0.205265E+07  0.204202E+07  0.000000E+00  0.224841E+07
  0.919434E-03  0.224765E+07  0.224754E+07  0.199842E+07  0.198743E+07  0.000000E+00  0.224764E+07
  0.950592E-03  0.224683E+07  0.224671E+07  0.194197E+07  0.193065E+07  0.000000E+00  0.224681E+07
  0.982807E-03  0.224595E+07  0.224583E+07  0.188332E+07  0.187168E+07  0.000000E+00  0.224593E+07
  0.101611E-02  0.224502E+07  0.224489E+07  0.182251E+07  0.181058E+07  0.000000E+00  0.224500E+07
  0.105055E-02  0.224403E+07  0.224389E+07  0.175960E+07  0.174741E+07  0.000000E+00  0.224401E+07
  0.108615E-02  0.224298E+07  0.224283E+07  0.169467E+07  0.168228E+07  0.000000E+00  0.224296E+07
  0.112296E-02  0.224186E+07  0.224170E+07  0.162785E+07  0.161529E+07  0.000000E+00  0.224184E+07
  0.116101E-02  0.224068E+07  0.224051E+07  0.155927E+07  0.154659E+07  0.000000E+00  0.224065E+07
  0.120036E-02  0.223942E+07  0.223924E+07  0.148909E+07  0.147636E+07  0.000000E+00  0.223939E+07
  0.124104E-02  0.223809E+07  0.223789E+07  0.141753E+07  0.140481E+07  0.000000E+00  0.223806E+07
  0.128309E-02  0.223667E+07  0.223647E+07  0.134481E+07  0.133217E+07  0.000000E+00  0.223664E+07
  0.132658E-02  0.223517E+07  0.223495E+07  0.127121E+07  0.125874E+07  0.000000E+00  0.223514E+07
  0.137153E-02  0.223358E+07  0.223335E+07  0.119703E+07  0.118481E+07  0.000000E+00  0.223355E+07
  0.141801E-02  0.223190E+07  0.223166E+07  0.112261E+07  0.111075E+07  0.000000E+00  0.223186E+07
  0.146607E-02  0.223012E+07  0.222986E+07  0.104834E+07  0.103692E+07  0.000000E+00  0.223008E+07
  0.151575E-02  0.222824E+07  0.222796E+07  0.974623E+06  0.963736E+06  0.000000E+00  0.222820E+07
  0.156712E-02  0.222625E+07  0.222596E+07  0.901895E+06  0.891644E+06  0.000000E+00  0.222621E+07
  0.162022E-02  0.222415E+07  0.222384E+07  0.830622E+06  0.821102E+06  0.000000E+00  0.222410E+07
  0.167513E-02  0.222194E+07  0.222161E+07  0.761284E+06  0.752586E+06  0.000000E+00  0.222189E+07
  0.173190E-02  0.221960E+07  0.221925E+07  0.694374E+06  0.686579E+06  0.000000E+00  0.221955E+07
  0.179059E-02  0.221714E+07  0.221677E+07  0.630383E+06  0.623560E+06  0.000000E+00  0.221708E+07
  0.185127E-02  0.221455E+07  0.221415E+07  0.569790E+06  0.563993E+06  0.000000E+00  0.221448E+07
  0.191401E-02  0.221182E+07  0.221140E+07  0.513048E+06  0.508309E+06  0.000000E+00  0.221175E+07
  0.197887E-02  0.220895E+07  0.220850E+07  0.460570E+06  0.456897E+06  0.000000E+00  0.220888E+07
  0.204594E-02  0.220593E+07  0.220546E+07  0.412710E+06  0.410082E+06  0.000000E+00  0.220586E+07
  0.211527E-02  0.220276E+07  0.220227E+07  0.369746E+06  0.368111E+06  0.000000E+00  0.220269E+07
  0.218695E-02  0.219944E+07  0.219891E+07  0.331864E+06  0.331135E+06  0.000000E+00  0.219936E+07
  0.226107E-02  0.219596E+07  0.219540E+07  0.299140E+06  0.299196E+06  0.000000E+00  0.219587E+07
  0.233769E-02  0.219231E+07  0.219172E+07  0.271527E+06  0.272211E+06  0.000000E+00  0.219222E+07
  0.241691E-02  0.218850E+07  0.218786E+07  0.248843E+06  0.249965E+06  0.000000E+00  0.218840E+07
  0.249882E-02  0.218451E+07  0.218383E+07  0.230764E+06  0.232109E+06  0.000000E+00  0.218440E+07
  0.258350E-02  0.218033E+07  0.217962E+07  0.216827E+06  0.218162E+06  0.000000E+00  0.218022E+07
  0.267105E-02  0.217598E+07  0.217522E+07  0.206440E+06  0.207522E+06  0.000000E+00  0.217586E+07
  0.276157E-02  0.217143E+07  0.217063E+07  0.198897E+06  0.199490E+06  0.000000E+00  0.217131E+07
  0.285516E-02  0.216669E+07  0.216584E+07  0.193406E+06  0.193299E+06  0.000000E+00  0.216656E+07
  0.295191E-02  0.216176E+07  0.216085E+07  0.189134E+06  0.188153E+06  0.000000E+00  0.216161E+07
  0.305195E-02  0.215662E+07  0.215565E+07  0.185249E+06  0.183280E+06  0.000000E+00  0.215646E+07
  0.315538E-02  0.215126E+07  0.215023E+07  0.180978E+06  0.177980E+06  0.000000E+00  0.215110E+07
  0.326231E-02  0.214570E+07  0.214460E+07  0.175667E+06  0.171685E+06  0.000000E+00  0.214553E+07
  0.337287E-02  0.213991E+07  0.213874E+07  0.168834E+06  0.164004E+06  0.000000E+00  0.213973E+07
  0.348717E-02  0.213390E+07  0.213266E+07  0.160224E+06  0.154770E+06  0.000000E+00  0.213371E+07
  0.360534E-02  0.212766E+07  0.212634E+07  0.149834E+06  0.144055E+06  0.000000E+00  0.212745E+07
  0.372752E-02  0.212118E+07  0.211977E+07  0.137930E+06  0.132172E+06  0.000000E+00  0.212096E+07
  0.385385E-02  0.211446E+07  0.211296E+07  0.125021E+06  0.119642E+06  0.000000E+00  0.211423E+07
  0.398445E-02  0.210749E+07  0.210589E+07  0.111810E+06  0.107132E+06  0.000000E+00  0.210724E+07
  0.411948E-02  0.210027E+07  0.209856E+07  0.991039E+05  0.953681E+05  0.000000E+00  0.210000E+07
  0.425908E-02  0.209278E+07  0.209096E+07  0.877015E+05  0.850211E+05  0.000000E+00  0.209250E+07
  0.440341E-02  0.208503E+07  0.208309E+07  0.782674E+05  0.765976E+05  0.000000E+00  0.208473E+07
  0.455264E-02  0.207700E+07  0.207494E+07  0.712097E+05  0.703392E+05  0.000000E+00  0.207668E+07
  0.470692E-02  0.206869E+07  0.206650E+07  0.665890E+05  0.661623E+05  0.000000E+00  0.206835E+07
  0.486644E-02  0.206010E+07  0.205777E+07  0.640812E+05  0.636537E+05  0.000000E+00  0.205974E+07
  0.503135E-02  0.205122E+07  0.204873E+07  0.630141E+05  0.621369E+05  0.000000E+00  0.205083E+07
  0.520186E-02  0.204204E+07  0.203939E+07  0.624850E+05  0.608051E+05  0.000000E+00  0.204163E+07
  0.537814E-02  0.203256E+07  0.202974E+07  0.615478E+05  0.589024E+05  0.000000E+00  0.203212E+07
  0.556040E-02  0.202276E+07  0.201976E+07  0.594370E+05  0.559134E+05  0.000000E+00  0.202229E+07
  0.574884E-02  0.201265E+07  0.200946E+07  0.557724E+05  0.517087E+05  0.000000E+00  0.201216E+07
  0.594366E-02  0.200222E+07  0.199883E+07  0.506837E+05  0.465936E+05  0.000000E+00  0.200169E+07
  0.614508E-02  0.199147E+07  0.198785E+07  0.447964E+05  0.412263E+05  0.000000E+00  0.199090E+07
  0.635333E-02  0.198038E+07  0.197653E+07  0.390575E+05  0.364080E+05  0.000000E+00  0.197977E+07
  0.656864E-02  0.196894E+07  0.196485E+07  0.344272E+05  0.327982E+05  0.000000E+00  0.196830E+07
  0.679124E-02  0.195717E+07  0.195281E+07  0.315270E+05  0.306530E+05  0.000000E+00  0.195649E+07
  0.702139E-02  0.194504E+07  0.194041E+07  0.303750E+05  0.297000E+05  0.000000E+00  0.194431E+07
  0.725933E-02  0.193255E+07  0.192763E+07  0.303405E+05  0.292301E+05  0.000000E+00  0.193178E+07
  0.750534E-02  0.191970E+07  0.191447E+07  0.303824E+05  0.284034E+05  0.000000E+00  0.191888E+07
  0.775969E-02  0.190648E+07  0.190092E+07  0.295136E+05  0.266529E+05  0.000000E+00  0.190561E+07
  0.802265E-02  0.189288E+07  0.188697E+07  0.272991E+05  0.239872E+05  0.000000E+00  0.189196E+07
  0.829453E-02  0.187890E+07  0.187262E+07  0.241199E+05  0.210012E+05  0.000000E+00  0.187792E+07
  0.857562E-02  0.186454E+07  0.185786E+07  0.210014E+05  0.185355E+05  0.000000E+00  0.186349E+07
  0.886624E-02  0.184978E+07  0.184269E+07  0.181409E+05  0.171451E+05  0.000000E+00  0.184867E+07
  0.916671E-02  0.183462E+07  0.182709E+07  0.173516E+05  0.167094E+05  0.000000E+00  0.183344E+07
  0.947735E-02  0.181905E+07  0.181106E+07  0.175492E+05  0.164943E+05  0.000000E+00  0.181780E+07
  0.979853E-02  0.180307E+07  0.179459E+07  0.175746E+05  0.156921E+05  0.000000E+00  0.180175E+07
  0.101306E-01  0.178668E+07  0.177768E+07  0.164958E+05  0.140733E+05  0.000000E+00  0.178527E+07
  0.104739E-01  0.176986E+07  0.176032E+07  0.143868E+05  0.121945E+05  0.000000E+00  0.176837E+07
  0.108288E-01  0.175261E+07  0.174250E+07  0.123113E+05  0.108983E+05  0.000000E+00  0.175103E+07
  0.111958E-01  0.173493E+07  0.172421E+07  0.110585E+05  0.104902E+05  0.000000E+00  0.173326E+07
  0.115752E-01  0.171681E+07  0.170546E+07  0.111303E+05  0.104077E+05  0.000000E+00  0.171504E+07
  0.119675E-01  0.169825E+07  0.168623E+07  0.112807E+05  0.982228E+04  0.000000E+00  0.169637E+07
  0.123731E-01  0.167923E+07  0.166651E+07  0.104501E+05  0.859833E+04  0.000000E+00  0.167725E+07
  0.127924E-01  0.165977E+07  0.164631E+07  0.883598E+04  0.746188E+04  0.000000E+00  0.165766E+07
  0.132259E-01  0.163984E+07  0.162561E+07  0.768319E+04  0.704936E+04  0.000000E+00  0.163762E+07
  0.136741E-01  0.161945E+07  0.160442E+07  0.768144E+04  0.702137E+04  0.000000E+00  0.161710E+07
  0.141375E-01  0.159860E+07  0.158272E+07  0.769115E+04  0.655879E+04  0.000000E+00  0.159612E+07
  0.146166E-01  0.157727E+07  0.156052E+07  0.701738E+04  0.562909E+04  0.000000E+00  0.157466E+07
  0.151119E-01  0.155548E+07  0.153781E+07  0.580474E+04  0.000000E+00  0.000000E+00  0.155272E+07
  0.156241E-01  0.153321E+07  0.151460E+07  0.530736E+04  0.000000E+00  0.000000E+00  0.153031E+07
  0.161536E-01  0.151048E+07  0.149088E+07  0.556265E+04  0.000000E+00  0.000000E+00  0.150741E+07
  0.167010E-01  0.148727E+07  0.146665E+07  0.515517E+04  0.000000E+00  0.000000E+00  0.148405E+07
  0.172669E-01  0.146359E+07  0.144192E+07  0.422961E+04  0.000000E+00  0.000000E+00  0.146021E+07
  0.178521E-01  0.143945E+07  0.141670E+07  0.387950E+04  0.000000E+00  0.000000E+00  0.143590E+07
  0.184571E-01  0.141485E+07  0.139098E+07  0.406500E+04  0.000000E+00  0.000000E+00  0.141112E+07
  0.190826E-01  0.138980E+07  0.136479E+07  0.356526E+04  0.000000E+00  0.000000E+00  0.138589E+07
  0.197293E-01  0.136431E+07  0.133813E+07  0.294794E+04  0.000000E+00  0.000000E+00  0.136022E+07
  0.203979E-01  0.133838E+07  0.131103E+07  0.301116E+04  0.000000E+00  0.000000E+00  0.133411E+07
  0.210891E-01  0.131205E+07  0.128349E+07  0.286975E+04  0.000000E+00  0.000000E+00  0.130759E+07
  0.218038E-01  0.128532E+07  0.125556E+07  0.238386E+04  0.000000E+00  0.000000E+00  0.128067E+07
  0.225427E-01  0.125822E+07  0.122725E+07  0.248598E+04  0.000000E+00  0.000000E+00  0.125338E+07
  0.233067E-01  0.123077E+07  0.119859E+07  0.245984E+04  0.000000E+00  0.000000E+00  0.122574E+07
  0.240965E-01  0.120300E+07  0.116964E+07  0.215288E+04  0.000000E+00  0.000000E+00  0.119779E+07
  0.249131E-01  0.117495E+07  0.114042E+07  0.214534E+04  0.000000E+00  0.000000E+00  0.116956E+07
  0.257574E-01  0.114666E+07  0.111099E+07  0.164085E+04  0.000000E+00  0.000000E+00  0.114109E+07
  0.266302E-01  0.111817E+07  0.108141E+07  0.127013E+04  0.000000E+00  0.000000E+00  0.111243E+07
  0.275327E-01  0.108954E+07  0.105174E+07  0.127743E+04  0.000000E+00  0.000000E+00  0.108363E+07
  0.284658E-01  0.106081E+07  0.102204E+07  0.122565E+04  0.000000E+00  0.000000E+00  0.105475E+07
  0.294304E-01  0.103205E+07  0.992397E+06  0.122380E+04  0.000000E+00  0.000000E+00  0.102585E+07
  0.304278E-01  0.100332E+07  0.962883E+06  0.857525E+03  0.000000E+00  0.000000E+00  0.996999E+06
  0.314589E-01  0.974692E+06  0.933587E+06  0.967525E+03  0.000000E+00  0.000000E+00  0.968269E+06
  0.325251E-01  0.946246E+06  0.904601E+06  0.815366E+03  0.000000E+00  0.000000E+00  0.939739E+06
  0.336273E-01  0.918061E+06  0.876020E+06  0.739469E+03  0.000000E+00  0.000000E+00  0.911492E+06
  0.347669E-01  0.890218E+06  0.847944E+06  0.670674E+03  0.000000E+00  0.000000E+00  0.883613E+06
  0.359451E-01  0.862803E+06  0.820472E+06  0.628074E+03  0.000000E+00  0.000000E+00  0.856189E+06
  0.371632E-01  0.835903E+06  0.793705E+06  0.539094E+03  0.000000E+00  0.000000E+00  0.829310E+06
  0.384226E-01  0.809604E+06  0.767741E+06  0.507149E+03  0.000000E+00  0.000000E+00  0.803062E+06
  0.397247E-01  0.783988E+06  0.742673E+06  0.469990E+03  0.000000E+00  0.000000E+00  0.777532E+06
  0.410709E-01  0.759134E+06  0.718586E+06  0.382396E+03  0.000000E+00  0.000000E+00  0.752798E+06
  0.424628E-01  0.735114E+06  0.695555E+06  0.407115E+03  0.000000E+00  0.000000E+00  0.728932E+06
  0.439018E-01  0.711988E+06  0.673640E+06  0.328252E+03  0.000000E+00  0.000000E+00  0.705996E+06
  0.453652E-01  0.690155E+06  0.653208E+06  0.313617E+03  0.000000E+00  0.000000E+00  0.684382E+06
  0.468286E-01  0.669916E+06  0.634511E+06  0.278610E+03  0.000000E+00  0.000000E+00  0.664384E+06
  0.482920E-01  0.651157E+06  0.617408E+06  0.245202E+03  0.000000E+00  0.000000E+00  0.645884E+06
  0.497554E-01  0.633762E+06  0.601751E+06  0.223698E+03  0.000000E+00  0.000000E+00  0.628760E+06
  0.512188E-01  0.617610E+06  0.587391E+06  0.239074E+03  0.000000E+00  0.000000E+00  0.612888E+06
  0.526822E-01  0.602583E+06  0.574178E+06  0.206418E+03  0.000000E+00  0.000000E+00  0.598145E+06
  0.541455E-01  0.588560E+06  0.561965E+06  0.161477E+03  0.000000E+00  0.000000E+00  0.584404E+06
  0.556089E-01  0.575424E+06  0.550608E+06  0.190769E+03  0.000000E+00  0.000000E+00  0.571547E+06
  0.570723E-01  0.563063E+06  0.539969E+06  0.155673E+03  0.000000E+00  0.000000E+00  0.559454E+06
  0.585357E-01  0.551367E+06  0.529918E+06  0.146256E+03  0.000000E+00  0.000000E+00  0.548015E+06
  0.599991E-01  0.540235E+06  0.520332E+06  0.136317E+03  0.000000E+00  0.000000E+00  0.537125E+06
  0.614625E-01  0.529573E+06  0.511102E+06  0.137669E+03  0.000000E+00  0.000000E+00  0.526687E+06
  0.629259E-01  0.519295E+06  0.502128E+06  0.114620E+03  0.000000E+00  0.000000E+00  0.516612E+06
  0.643893E-01  0.509322E+06  0.493322E+06  0.111784E+03  0.000000E+00  0.000000E+00  0.506822E+06
  0.658527E-01  0.499589E+06  0.484608E+06  0.111889E+03  0.000000E+00  0.000000E+00  0.497248E+06
  0.673161E-01  0.490036E+06  0.475926E+06  0.889687E+02  0.000000E+00  0.000000E+00  0.487831E+06
  0.687795E-01  0.480614E+06  0.467225E+06  0.867141E+02  0.000000E+00  0.000000E+00  0.478522E+06
  0.702429E-01  0.471286E+06  0.458468E+06  0.842519E+02  0.000000E+00  0.000000E+00  0.469283E+06
  0.717063E-01  0.462022E+06  0.449631E+06  0.850165E+02  0.000000E+00  0.000000E+00  0.460086E+06
  0.731697E-01  0.452802E+06  0.440702E+06  0.884760E+02  0.000000E+00  0.000000E+00  0.450911E+06
  0.746330E-01  0.443618E+06  0.431682E+06  0.807730E+02  0.000000E+00  0.000000E+00  0.441753E+06
  0.760964E-01  0.434452E+06  0.422563E+06  0.559572E+02  0.000000E+00  0.000000E+00  0.432594E+06
  0.775598E-01  0.425317E+06  0.413372E+06  0.617533E+02  0.000000E+00  0.000000E+00  0.423450E+06
  0.790232E-01  0.416222E+06  0.404132E+06  0.725994E+02  0.000000E+00  0.000000E+00  0.414333E+06
  0.804866E-01  0.407183E+06  0.394874E+06  0.590161E+02  0.000000E+00  0.000000E+00  0.405260E+06
  0.819500E-01  0.398218E+06  0.385631E+06  0.622877E+02  0.000000E+00  0.000000E+00  0.396251E+06
  0.834134E-01  0.389350E+06  0.376442E+06  0.561879E+02  0.000000E+00  0.000000E+00  0.387333E+06
  0.848768E-01  0.380604E+06  0.367348E+06  0.744455E+02  0.000000E+00  0.000000E+00  0.378533E+06
  0.863402E-01  0.372006E+06  0.358389E+06  0.219161E+02  0.000000E+00  0.000000E+00  0.369878E+06
  0.878036E-01  0.363582E+06  0.349607E+06  0.414978E+02  0.000000E+00  0.000000E+00  0.361398E+06
  0.892670E-01  0.355360E+06  0.341042E+06  0.438096E+02  0.000000E+00  0.000000E+00  0.353122E+06
  0.907304E-01  0.347364E+06  0.332731E+06  0.214319E+02  0.000000E+00  0.000000E+00  0.345077E+06
  0.921938E-01  0.339618E+06  0.324709E+06  0.293587E+02  0.000000E+00  0.000000E+00  0.337288E+06
  0.940230E-01  0.330319E+06  0.315133E+06  0.472469E+02  0.000000E+00  0.000000E+00  0.327946E+06
  0.958523E-01  0.321478E+06  0.306104E+06  0.341623E+02  0.000000E+00  0.000000E+00  0.319076E+06
  0.976815E-01  0.313121E+06  0.297659E+06  0.399193E+02  0.000000E+00  0.000000E+00  0.310705E+06
  0.995107E-01  0.305266E+06  0.289820E+06  0.328523E+02  0.000000E+00  0.000000E+00  0.302852E+06
  0.101340E+00  0.297919E+06  0.282598E+06  0.244950E+02  0.000000E+00  0.000000E+00  0.295525E+06
  0.103169E+00  0.291078E+06  0.275988E+06  0.171393E+02  0.000000E+00  0.000000E+00  0.288720E+06
  0.104998E+00  0.284732E+06  0.269972E+06  0.330059E+02  0.000000E+00  0.000000E+00  0.282426E+06
  0.106828E+00  0.278859E+06  0.264521E+06  0.138332E+02  0.000000E+00  0.000000E+00  0.276619E+06
  0.108657E+00  0.273432E+06  0.259594E+06  0.212999E+02  0.000000E+00  0.000000E+00  0.271270E+06
  0.110486E+00  0.268415E+06  0.255144E+06  0.267851E+02  0.000000E+00  0.000000E+00  0.266342E+06
  0.112315E+00  0.263768E+06  0.251114E+06  0.155931E+02  0.000000E+00  0.000000E+00  0.261791E+06
  0.114145E+00  0.259445E+06  0.247443E+06  0.191796E+02  0.000000E+00  0.000000E+00  0.257570E+06
  0.115974E+00  0.255401E+06  0.244069E+06  0.132706E+02  0.000000E+00  0.000000E+00  0.253631E+06
  0.117803E+00  0.251589E+06  0.240928E+06  0.168446E+02  0.000000E+00  0.000000E+00  0.249923E+06
  0.119632E+00  0.247959E+06  0.237955E+06  0.153425E+02  0.000000E+00  0.000000E+00  0.246396E+06
  0.121462E+00  0.244463E+06  0.235087E+06  0.216784E+02  0.000000E+00  0.000000E+00  0.242998E+06
  0.123291E+00  0.241057E+06  0.232268E+06  0.173547E+02  0.000000E+00  0.000000E+00  0.239684E+06
  0.125120E+00  0.237702E+06  0.229448E+06  0.185840E+02  0.000000E+00  0.000000E+00  0.236412E+06
  0.126949E+00  0.234365E+06  0.226584E+06  0.602936E+01  0.000000E+00  0.000000E+00  0.233149E+06
  0.128779E+00  0.231018E+06  0.223642E+06  0.100122E+02  0.000000E+00  0.000000E+00  0.229865E+06
  0.130608E+00  0.227639E+06  0.220598E+06  0.146525E+02  0.000000E+00  0.000000E+00  0.226539E+06
  0.132437E+00  0.224212E+06  0.217431E+06  0.656931E+01  0.000000E+00  0.000000E+00  0.223152E+06
  0.134266E+00  0.220725E+06  0.214134E+06  0.163946E+02  0.000000E+00  0.000000E+00  0.219695E+06
  0.136096E+00  0.217174E+06  0.210701E+06  0.000000E+00  0.000000E+00  0.000000E+00  0.216162E+06
  0.137925E+00  0.213558E+06  0.207139E+06  0.000000E+00  0.000000E+00  0.000000E+00  0.212555E+06
  0.139754E+00  0.209886E+06  0.203462E+06  0.000000E+00  0.000000E+00  0.000000E+00  0.208882E+06
  0.141583E+00  0.206167E+06  0.199688E+06  0.000000E+00  0.000000E+00  0.000000E+00  0.205154E+06
  0.143413E+00  0.202417E+06  0.195841E+06  0.000000E+00  0.000000E+00  0.000000E+00  0.201389E+06
  0.145242E+00  0.198656E+06  0.191951E+06  0.000000E+00  0.000000E+00  0.000000E+00  0.197609E+06
  0.147071E+00  0.194905E+06  0.188048E+06  0.000000E+00  0.000000E+00  0.000000E+00  0.193834E+06
  0.148900E+00  0.191184E+06  0.184163E+06  0.000000E+00  0.000000E+00  0.000000E+00  0.190087E+06
  0.150730E+00  0.187515E+06  0.180328E+06  0.000000E+00  0.000000E+00  0.000000E+00  0.186392E+06
  0.152559E+00  0.183919E+06  0.176572E+06  0.000000E+00  0.000000E+00  0.000000E+00  0.182771E+06
  0.154388E+00  0.180415E+06  0.172924E+06  0.000000E+00  0.000000E+00  0.000000E+00  0.179245E+06
  0.156217E+00  0.177022E+06  0.169407E+06  0.000000E+00  0.000000E+00  0.000000E+00  0.175832E+06
  0.158047E+00  0.173756E+06  0.166046E+06  0.000000E+00  0.000000E+00  0.000000E+00  0.172551E+06
  0.159876E+00  0.170630E+06  0.162859E+06  0.000000E+00  0.000000E+00  0.000000E+00  0.169415E+06
  0.161705E+00  0.167654E+06  0.159858E+06  0.000000E+00  0.000000E+00  0.000000E+00  0.166436E+06
  0.163534E+00  0.164838E+06  0.157054E+06  0.000000E+00  0.000000E+00  0.000000E+00  0.163622E+06
  0.165364E+00  0.162182E+06  0.154450E+06  0.000000E+00  0.000000E+00  0.000000E+00  0.160974E+06
  0.167193E+00  0.159686E+06  0.152043E+06  0.000000E+00  0.000000E+00  0.000000E+00  0.158492E+06
  0.169022E+00  0.157345E+06  0.149827E+06  0.000000E+00  0.000000E+00  0.000000E+00  0.156170E+06
  0.170851E+00  0.155153E+06  0.147793E+06  0.000000E+00  0.000000E+00  0.000000E+00  0.154003E+06
  0.172681E+00  0.153100E+06  0.145926E+06  0.000000E+00  0.000000E+00  0.000000E+00  0.151979E+06
  0.174510E+00  0.151174E+06  0.144212E+06  0.000000E+00  0.000000E+00  0.000000E+00  0.150086E+06
  0.176339E+00  0.149364E+06  0.142631E+06  0.000000E+00  0.000000E+00  0.000000E+00  0.148312E+06
  0.178168E+00  0.147653E+06  0.141163E+06  0.000000E+00  0.000000E+00  0.000000E+00  0.146639E+06
  0.179998E+00  0.146027E+06  0.139788E+06  0.000000E+00  0.000000E+00  0.000000E+00  0.145052E+06
  0.181827E+00  0.144470E+06  0.138482E+06  0.000000E+00  0.000000E+00  0.000000E+00  0.143534E+06
  0.183656E+00  0.142963E+06  0.137223E+06  0.000000E+00  0.000000E+00  0.000000E+00  0.142066E+06
  0.185485E+00  0.141492E+06  0.135991E+06  0.000000E+00  0.000000E+00  0.000000E+00  0.140633E+06
  0.187314E+00  0.140042E+06  0.134766E+06  0.000000E+00  0.000000E+00  0.000000E+00  0.139218E+06
  0.189144E+00  0.138601E+06  0.133532E+06  0.000000E+00  0.000000E+00  0.000000E+00  0.137809E+06
  0.190973E+00  0.137156E+06  0.132274E+06  0.000000E+00  0.000000E+00  0.000000E+00  0.136394E+06
  0.192802E+00  0.135700E+06  0.130982E+06  0.000000E+00  0.000000E+00  0.000000E+00  0.134963E+06
  0.194631E+00  0.134225E+06  0.129645E+06  0.000000E+00  0.000000E+00  0.000000E+00  0.133509E+06
  0.196461E+00  0.132724E+06  0.128257E+06  0.000000E+00  0.000000E+00  0.000000E+00  0.132026E+06
  0.198290E+00  0.131196E+06  0.126815E+06  0.000000E+00  0.000000E+00  0.000000E+00  0.130512E+06
  0.200119E+00  0.129638E+06  0.125320E+06  0.000000E+00  0.000000E+00  0.000000E+00  0.128964E+06
  0.201948E+00  0.128051E+06  0.123771E+06  0.000000E+00  0.000000E+00  0.000000E+00  0.127383E+06
  0.203778E+00  0.126438E+06  0.122174E+06  0.000000E+00  0.000000E+00  0.000000E+00  0.125772E+06
  0.205607E+00  0.124803E+06  0.120537E+06  0.000000E+00  0.000000E+00  0.000000E+00  0.124137E+06
  0.207436E+00  0.123153E+06  0.118869E+06  0.000000E+00  0.000000E+00  0.000000E+00  0.122483E+06
  0.209265E+00  0.121493E+06  0.117178E+06  0.000000E+00  0.000000E+00  0.000000E+00  0.120819E+06
  0.211095E+00  0.119832E+06  0.115477E+06  0.000000E+00  0.000000E+00  0.000000E+00  0.119151E+06
  0.212924E+00  0.118178E+06  0.113776E+06  0.000000E+00  0.000000E+00  0.000000E+00  0.117490E+06
  0.214753E+00  0.116538E+06  0.112088E+06  0.000000E+00  0.000000E+00  0.000000E+00  0.115843E+06
  0.216582E+00  0.114921E+06  0.110423E+06  0.000000E+00  0.000000E+00  0.000000E+00  0.114218E+06
  0.218412E+00  0.113333E+06  0.108792E+06  0.000000E+00  0.000000E+00  0.000000E+00  0.112624E+06
  0.220241E+00  0.111783E+06  0.107204E+06  0.000000E+00  0.000000E+00  0.000000E+00  0.111067E+06
  0.222070E+00  0.110275E+06  0.105669E+06  0.000000E+00  0.000000E+00  0.000000E+00  0.109556E+06
  0.223899E+00  0.108817E+06  0.104193E+06  0.000000E+00  0.000000E+00  0.000000E+00  0.108095E+06
  0.225729E+00  0.107413E+06  0.102783E+06  0.000000E+00  0.000000E+00  0.000000E+00  0.106689E+06
  0.227558E+00  0.106065E+06  0.101443E+06  0.000000E+00  0.000000E+00  0.000000E+00  0.105343E+06
  0.229387E+00  0.104775E+06  0.100174E+06  0.000000E+00  0.000000E+00  0.000000E+00  0.104056E+06
  0.231216E+00  0.103543E+06  0.989777E+05  0.000000E+00  0.000000E+00  0.000000E+00  0.102830E+06
  0.233046E+00  0.102369E+06  0.978519E+05  0.000000E+00  0.000000E+00  0.000000E+00  0.101663E+06
  0.234875E+00  0.101251E+06  0.967941E+05  0.000000E+00  0.000000E+00  0.000000E+00  0.100554E+06
  0.236704E+00  0.100185E+06  0.958005E+05  0.000000E+00  0.000000E+00  0.000000E+00  0.995002E+05
  0.238533E+00  0.991697E+05  0.948660E+05  0.000000E+00  0.000000E+00  0.000000E+00  0.984973E+05
  0.240363E+00  0.981997E+05  0.939850E+05  0.000000E+00  0.000000E+00  0.000000E+00  0.975411E+05
  0.242192E+00  0.972703E+05  0.931506E+05  0.000000E+00  0.000000E+00  0.000000E+00  0.966266E+05
  0.244021E+00  0.963760E+05  0.923552E+05  0.000000E+00  0.000000E+00  0.000000E+00  0.957477E+05
  0.245850E+00  0.955110E+05  0.915911E+05  0.000000E+00  0.000000E+00  0.000000E+00  0.948985E+05
  0.247680E+00  0.946696E+05  0.908506E+05  0.000000E+00  0.000000E+00  0.000000E+00  0.940729E+05
  0.249509E+00  0.938460E+05  0.901260E+05  0.000000E+00  0.000000E+00  0.000000E+00  0.932647E+05
  0.251338E+00  0.930349E+05  0.894103E+05  0.000000E+00  0.000000E+00  0.000000E+00  0.924685E+05
  0.253167E+00  0.922315E+05  0.886972E+05  0.000000E+00  0.000000E+00  0.000000E+00  0.916793E+05
  0.254997E+00  0.914317E+05  0.879811E+05  0.000000E+00  0.000000E+00  0.000000E+00  0.908926E+05
  0.256826E+00  0.906317E+05  0.872572E+05  0.000000E+00  0.000000E+00  0.000000E+00  0.901044E+05
  0.258655E+00  0.898284E+05  0.865218E+05  0.000000E+00  0.000000E+00  0.000000E+00  0.893118E+05
  0.260484E+00  0.890195E+05  0.857718E+05  0.000000E+00  0.000000E+00  0.000000E+00  0.885121E+05
  0.262314E+00  0.882030E+05  0.850052E+05  0.000000E+00  0.000000E+00  0.000000E+00  0.877033E+05
  0.264143E+00  0.873778E+05  0.842208E+05  0.000000E+00  0.000000E+00  0.000000E+00  0.868845E+05
  0.265972E+00  0.865438E+05  0.834189E+05  0.000000E+00  0.000000E+00  0.000000E+00  0.860556E+05
  0.267801E+00  0.857015E+05  0.826004E+05  0.000000E+00  0.000000E+00  0.000000E+00  0.852170E+05
  0.269631E+00  0.848521E+05  0.817673E+05  0.000000E+00  0.000000E+00  0.000000E+00  0.843701E+05
  0.271460E+00  0.839972E+05  0.809222E+05  0.000000E+00  0.000000E+00  0.000000E+00  0.835167E+05
  0.273289E+00  0.831390E+05  0.800682E+05  0.000000E+00  0.000000E+00  0.000000E+00  0.826592E+05
  0.275118E+00  0.822801E+05  0.792091E+05  0.000000E+00  0.000000E+00  0.000000E+00  0.818003E+05
  0.276947E+00  0.814231E+05  0.783486E+05  0.000000E+00  0.000000E+00  0.000000E+00  0.809427E+05
  0.278777E+00  0.805704E+05  0.774904E+05  0.000000E+00  0.000000E+00  0.000000E+00  0.800891E+05
  0.280606E+00  0.797250E+05  0.766385E+05  0.000000E+00  0.000000E+00  0.000000E+00  0.792427E+05
  0.282435E+00  0.788896E+05  0.757969E+05  0.000000E+00  0.000000E+00  0.000000E+00  0.784063E+05
  0.284264E+00  0.780669E+05  0.749693E+05  0.000000E+00  0.000000E+00  0.000000E+00  0.775829E+05
  0.286094E+00  0.772596E+05  0.741593E+05  0.000000E+00  0.000000E+00  0.000000E+00  0.767751E+05
  0.287923E+00  0.764698E+05  0.733699E+05  0.000000E+00  0.000000E+00  0.000000E+00  0.759855E+05
  0.289752E+00  0.756997E+05  0.726036E+05  0.000000E+00  0.000000E+00  0.000000E+00  0.752159E+05
  0.291581E+00  0.749504E+05  0.718624E+05  0.000000E+00  0.000000E+00  0.000000E+00  0.744679E+05
  0.293411E+00  0.742230E+05  0.711475E+05  0.000000E+00  0.000000E+00  0.000000E+00  0.737425E+05
  0.295240E+00  0.735181E+05  0.704597E+05  0.000000E+00  0.000000E+00  0.000000E+00  0.730402E+05
  0.297069E+00  0.728356E+05  0.697989E+05  0.000000E+00  0.000000E+00  0.000000E+00  0.723611E+05
  0.298898E+00  0.721753E+05  0.691648E+05  0.000000E+00  0.000000E+00  0.000000E+00  0.717049E+05
  0.300728E+00  0.715369E+05  0.685567E+05  0.000000E+00  0.000000E+00  0.000000E+00  0.710712E+05
  0.302557E+00  0.709194E+05  0.679733E+05  0.000000E+00  0.000000E+00  0.000000E+00  0.704591E+05
  0.304386E+00  0.703216E+05  0.674128E+05  0.000000E+00  0.000000E+00  0.000000E+00  0.698671E+05
  0.306215E+00  0.697420E+05  0.668733E+05  0.000000E+00  0.000000E+00  0.000000E+00  0.692938E+05
  0.308045E+00  0.691789E+05  0.663523E+05  0.000000E+00  0.000000E+00  0.000000E+00  0.687373E+05
  0.309874E+00  0.686304E+05  0.658472E+05  0.000000E+00  0.000000E+00  0.000000E+00  0.681955E+05
  0.311703E+00  0.680942E+05  0.653552E+05  0.000000E+00  0.000000E+00  0.000000E+00  0.676662E+05
  0.313532E+00  0.675685E+05  0.648736E+05  0.000000E+00  0.000000E+00  0.000000E+00  0.671475E+05
  0.315362E+00  0.670514E+05  0.644000E+05  0.000000E+00  0.000000E+00  0.000000E+00  0.666371E+05
  0.317191E+00  0.665410E+05  0.639319E+05  0.000000E+00  0.000000E+00  0.000000E+00  0.661334E+05
  0.319020E+00  0.660358E+05  0.634672E+05  0.000000E+00  0.000000E+00  0.000000E+00  0.656345E+05
  0.320849E+00  0.655342E+05  0.630039E+05  0.000000E+00  0.000000E+00  0.000000E+00  0.651388E+05
  0.322679E+00  0.650348E+05  0.625402E+05  0.000000E+00  0.000000E+00  0.000000E+00  0.646450E+05
  0.324508E+00  0.645365E+05  0.620746E+05  0.000000E+00  0.000000E+00  0.000000E+00  0.641518E+05
  0.326337E+00  0.640382E+05  0.616061E+05  0.000000E+00  0.000000E+00  0.000000E+00  0.636582E+05
  0.328166E+00  0.635394E+05  0.611338E+05  0.000000E+00  0.000000E+00  0.000000E+00  0.631635E+05
  0.329996E+00  0.630395E+05  0.606573E+05  0.000000E+00  0.000000E+00  0.000000E+00  0.626673E+05
  0.331825E+00  0.625385E+05  0.601766E+05  0.000000E+00  0.000000E+00  0.000000E+00  0.621695E+05
  0.333654E+00  0.620366E+05  0.596920E+05  0.000000E+00  0.000000E+00  0.000000E+00  0.616703E+05
  0.335483E+00  0.615341E+05  0.592041E+05  0.000000E+00  0.000000E+00  0.000000E+00  0.611701E+05
  0.337313E+00  0.610316E+05  0.587138E+05  0.000000E+00  0.000000E+00  0.000000E+00  0.606694E+05
  0.339142E+00  0.605296E+05  0.582220E+05  0.000000E+00  0.000000E+00  0.000000E+00  0.601691E+05
  0.340971E+00  0.600289E+05  0.577298E+05  0.000000E+00  0.000000E+00  0.000000E+00  0.596697E+05
  0.342800E+00  0.595304E+05  0.572384E+05  0.000000E+00  0.000000E+00  0.000000E+00  0.591723E+05
  0.344630E+00  0.590348E+05  0.567491E+05  0.000000E+00  0.000000E+00  0.000000E+00  0.586777E+05
  0.346459E+00  0.585431E+05  0.562633E+05  0.000000E+00  0.000000E+00  0.000000E+00  0.581869E+05
  0.348288E+00  0.580564E+05  0.557823E+05  0.000000E+00  0.000000E+00  0.000000E+00  0.577011E+05
  0.350117E+00  0.575757E+05  0.553074E+05  0.000000E+00  0.000000E+00  0.000000E+00  0.572213E+05
  0.351947E+00  0.571017E+05  0.548400E+05  0.000000E+00  0.000000E+00  0.000000E+00  0.567483E+05
  0.353776E+00  0.566354E+05  0.543810E+05  0.000000E+00  0.000000E+00  0.000000E+00  0.562831E+05
  0.355605E+00  0.561773E+05  0.539313E+05  0.000000E+00  0.000000E+00  0.000000E+00  0.558263E+05
  0.357434E+00  0.557278E+05  0.534915E+05  0.000000E+00  0.000000E+00  0.000000E+00  0.553784E+05
  0.359264E+00  0.552873E+05  0.530621E+05  0.000000E+00  0.000000E+00  0.000000E+00  0.549396E+05
  0.361093E+00  0.548560E+05  0.526434E+05  0.000000E+00  0.000000E+00  0.000000E+00  0.545102E+05
  0.362922E+00  0.544340E+05  0.522355E+05  0.000000E+00  0.000000E+00  0.000000E+00  0.540905E+05
  0.364751E+00  0.540214E+05  0.518384E+05  0.000000E+00  0.000000E+00  0.000000E+00  0.536803E+05
  0.366580E+00  0.536180E+05  0.514520E+05  0.000000E+00  0.000000E+00  0.000000E+00  0.532796E+05
  0.368410E+00  0.532236E+05  0.510758E+05  0.000000E+00  0.000000E+00  0.000000E+00  0.528880E+05
  0.370239E+00  0.528378E+05  0.507093E+05  0.000000E+00  0.000000E+00  0.000000E+00  0.525052E+05
  0.372068E+00  0.524600E+05  0.503517E+05  0.000000E+00  0.000000E+00  0.000000E+00  0.521306E+05
  0.373897E+00  0.520897E+05  0.500022E+05  0.000000E+00  0.000000E+00  0.000000E+00  0.517635E+05
  0.375727E+00  0.517260E+05  0.496600E+05  0.000000E+00  0.000000E+00  0.000000E+00  0.514032E+05
  0.377556E+00  0.513685E+05  0.493242E+05  0.000000E+00  0.000000E+00  0.000000E+00  0.510490E+05
  0.379385E+00  0.510163E+05  0.489938E+05  0.000000E+00  0.000000E+00  0.000000E+00  0.507003E+05
  0.381214E+00  0.506690E+05  0.486681E+05  0.000000E+00  0.000000E+00  0.000000E+00  0.503564E+05
  0.383044E+00  0.503259E+05  0.483462E+05  0.000000E+00  0.000000E+00  0.000000E+00  0.500166E+05
  0.384873E+00  0.499865E+05  0.480273E+05  0.000000E+00  0.000000E+00  0.000000E+00  0.496803E+05
  0.386702E+00  0.496500E+05  0.477107E+05  0.000000E+00  0.000000E+00  0.000000E+00  0.493470E+05
  0.388531E+00  0.493159E+05  0.473957E+05  0.000000E+00  0.000000E+00  0.000000E+00  0.490159E+05
  0.390361E+00  0.489839E+05  0.470817E+05  0.000000E+00  0.000000E+00  0.000000E+00  0.486867E+05
  0.392190E+00  0.486534E+05  0.467682E+05  0.000000E+00  0.000000E+00  0.000000E+00  0.483589E+05
  0.394019E+00  0.483243E+05  0.464550E+05  0.000000E+00  0.000000E+00  0.000000E+00  0.480322E+05
  0.395848E+00  0.479964E+05  0.461418E+05  0.000000E+00  0.000000E+00  0.000000E+00  0.477066E+05
  0.397678E+00  0.476696E+05  0.458286E+05  0.000000E+00  0.000000E+00  0.000000E+00  0.473819E+05
  0.399507E+00  0.473438E+05  0.455155E+05  0.000000E+00  0.000000E+00  0.000000E+00  0.470582E+05
  0.401336E+00  0.470193E+05  0.452025E+05  0.000000E+00  0.000000E+00  0.000000E+00  0.467354E+05
  0.403165E+00  0.466960E+05  0.448900E+05  0.000000E+00  0.000000E+00  0.000000E+00  0.464138E+05
  0.404995E+00  0.463742E+05  0.445779E+05  0.000000E+00  0.000000E+00  0.000000E+00  0.460935E+05
  0.406824E+00  0.460538E+05  0.442668E+05  0.000000E+00  0.000000E+00  0.000000E+00  0.457746E+05
  0.408653E+00  0.457353E+05  0.439569E+05  0.000000E+00  0.000000E+00  0.000000E+00  0.454574E+05
  0.410482E+00  0.454189E+05  0.436487E+05  0.000000E+00  0.000000E+00  0.000000E+00  0.451423E+05
  0.412312E+00  0.451050E+05  0.433426E+05  0.000000E+00  0.000000E+00  0.000000E+00  0.448296E+05
  0.414141E+00  0.447938E+05  0.430391E+05  0.000000E+00  0.000000E+00  0.000000E+00  0.445196E+05
  0.415970E+00  0.444858E+05  0.427388E+05  0.000000E+00  0.000000E+00  0.000000E+00  0.442128E+05
  0.417799E+00  0.441811E+05  0.424418E+05  0.000000E+00  0.000000E+00  0.000000E+00  0.439093E+05
  0.419629E+00  0.438800E+05  0.421487E+05  0.000000E+00  0.000000E+00  0.000000E+00  0.436095E+05
  0.421458E+00  0.435827E+05  0.418595E+05  0.000000E+00  0.000000E+00  0.000000E+00  0.433134E+05
  0.423287E+00  0.432893E+05  0.415747E+05  0.000000E+00  0.000000E+00  0.000000E+00  0.430214E+05
  0.425116E+00  0.430000E+05  0.412943E+05  0.000000E+00  0.000000E+00  0.000000E+00  0.427335E+05
  0.426946E+00  0.427149E+05  0.410185E+05  0.000000E+00  0.000000E+00  0.000000E+00  0.424499E+05
  0.428775E+00  0.424342E+05  0.407475E+05  0.000000E+00  0.000000E+00  0.000000E+00  0.421706E+05
  0.430604E+00  0.421577E+05  0.404813E+05  0.000000E+00  0.000000E+00  0.000000E+00  0.418958E+05
  0.432433E+00  0.418856E+05  0.402198E+05  0.000000E+00  0.000000E+00  0.000000E+00  0.416253E+05
  0.434263E+00  0.416177E+05  0.399629E+05  0.000000E+00  0.000000E+00  0.000000E+00  0.413591E+05
  0.436092E+00  0.413538E+05  0.397104E+05  0.000000E+00  0.000000E+00  0.000000E+00  0.410970E+05
  0.437921E+00  0.410938E+05  0.394621E+05  0.000000E+00  0.000000E+00  0.000000E+00  0.408388E+05
  0.439750E+00  0.408375E+05  0.392177E+05  0.000000E+00  0.000000E+00  0.000000E+00  0.405844E+05
  0.441580E+00  0.405846E+05  0.389769E+05  0.000000E+00  0.000000E+00  0.000000E+00  0.403334E+05
  0.443409E+00  0.403351E+05  0.387396E+05  0.000000E+00  0.000000E+00  0.000000E+00  0.400858E+05
  0.445238E+00  0.400886E+05  0.385054E+05  0.000000E+00  0.000000E+00  0.000000E+00  0.398412E+05
  0.447067E+00  0.398450E+05  0.382740E+05  0.000000E+00  0.000000E+00  0.000000E+00  0.395996E+05
  0.448896E+00  0.396041E+05  0.380452E+05  0.000000E+00  0.000000E+00  0.000000E+00  0.393605E+05
  0.450726E+00  0.393656E+05  0.378185E+05  0.000000E+00  0.000000E+00  0.000000E+00  0.391239E+05
  0.452555E+00  0.391293E+05  0.375938E+05  0.000000E+00  0.000000E+00  0.000000E+00  0.388894E+05
  0.454384E+00  0.388949E+05  0.373708E+05  0.000000E+00  0.000000E+00  0.000000E+00  0.386567E+05
  0.456213E+00  0.386623E+05  0.371492E+05  0.000000E+00  0.000000E+00  0.000000E+00  0.384259E+05
  0.458043E+00  0.384313E+05  0.369289E+05  0.000000E+00  0.000000E+00  0.000000E+00  0.381966E+05
  0.459872E+00  0.382019E+05  0.367098E+05  0.000000E+00  0.000000E+00  0.000000E+00  0.379687E+05
  0.461701E+00  0.379739E+05  0.364917E+05  0.000000E+00  0.000000E+00  0.000000E+00  0.377423E+05
  0.463530E+00  0.377474E+05  0.362747E+05  0.000000E+00  0.000000E+00  0.000000E+00  0.375173E+05
  0.465360E+00  0.375223E+05  0.360586E+05  0.000000E+00  0.000000E+00  0.000000E+00  0.372936E+05
  0.467189E+00  0.372985E+05  0.358435E+05  0.000000E+00  0.000000E+00  0.000000E+00  0.370711E+05
  0.469018E+00  0.370760E+05  0.356294E+05  0.000000E+00  0.000000E+00  0.000000E+00  0.368500E+05
  0.470847E+00  0.368548E+05  0.354162E+05  0.000000E+00  0.000000E+00  0.000000E+00  0.366301E+05
  0.472677E+00  0.366350E+05  0.352042E+05  0.000000E+00  0.000000E+00  0.000000E+00  0.364115E+05
  0.474506E+00  0.364167E+05  0.349933E+05  0.000000E+00  0.000000E+00  0.000000E+00  0.361943E+05
  0.476335E+00  0.361999E+05  0.347838E+05  0.000000E+00  0.000000E+00  0.000000E+00  0.359787E+05
  0.478164E+00  0.359848E+05  0.345757E+05  0.000000E+00  0.000000E+00  0.000000E+00  0.357646E+05
  0.479994E+00  0.357715E+05  0.343693E+05  0.000000E+00  0.000000E+00  0.000000E+00  0.355524E+05
  0.481823E+00  0.355599E+05  0.341646E+05  0.000000E+00  0.000000E+00  0.000000E+00  0.353419E+05
  0.483652E+00  0.353502E+05  0.339618E+05  0.000000E+00  0.000000E+00  0.000000E+00  0.351333E+05
  0.485481E+00  0.351425E+05  0.337608E+05  0.000000E+00  0.000000E+00  0.000000E+00  0.349266E+05
  0.487311E+00  0.349368E+05  0.335619E+05  0.000000E+00  0.000000E+00  0.000000E+00  0.347219E+05
  0.489140E+00  0.347331E+05  0.333651E+05  0.000000E+00  0.000000E+00  0.000000E+00  0.345193E+05
  0.490969E+00  0.345315E+05  0.331706E+05  0.000000E+00  0.000000E+00  0.000000E+00  0.343189E+05
  0.492798E+00  0.343322E+05  0.329783E+05  0.000000E+00  0.000000E+00  0.000000E+00  0.341206E+05
  0.494628E+00  0.341351E+05  0.327883E+05  0.000000E+00  0.000000E+00  0.000000E+00  0.339247E+05
  0.496457E+00  0.339402E+05  0.326007E+05  0.000000E+00  0.000000E+00  0.000000E+00  0.337309E+05
  0.498286E+00  0.337476E+05  0.324154E+05  0.000000E+00  0.000000E+00  0.000000E+00  0.335394E+05
  0.500115E+00  0.335571E+05  0.322323E+05  0.000000E+00  0.000000E+00  0.000000E+00  0.333501E+05
  0.501945E+00  0.333687E+05  0.320515E+05  0.000000E+00  0.000000E+00  0.000000E+00  0.331629E+05
  0.503774E+00  0.331824E+05  0.318728E+05  0.000000E+00  0.000000E+00  0.000000E+00  0.329777E+05
  0.505603E+00  0.329981E+05  0.316963E+05  0.000000E+00  0.000000E+00  0.000000E+00  0.327947E+05
  0.507432E+00  0.328157E+05  0.315217E+05  0.000000E+00  0.000000E+00  0.000000E+00  0.326136E+05
  0.509262E+00  0.326354E+05  0.313491E+05  0.000000E+00  0.000000E+00  0.000000E+00  0.324344E+05
  0.511091E+00  0.324568E+05  0.311783E+05  0.000000E+00  0.000000E+00  0.000000E+00  0.322571E+05
  0.512920E+00  0.322801E+05  0.310093E+05  0.000000E+00  0.000000E+00  0.000000E+00  0.320815E+05
  0.514749E+00  0.321050E+05  0.308420E+05  0.000000E+00  0.000000E+00  0.000000E+00  0.319076E+05
  0.516579E+00  0.319314E+05  0.306761E+05  0.000000E+00  0.000000E+00  0.000000E+00  0.317353E+05
  0.518408E+00  0.317594E+05  0.305116E+05  0.000000E+00  0.000000E+00  0.000000E+00  0.315644E+05
  0.520237E+00  0.315888E+05  0.303484E+05  0.000000E+00  0.000000E+00  0.000000E+00  0.313950E+05
  0.522066E+00  0.314195E+05  0.301865E+05  0.000000E+00  0.000000E+00  0.000000E+00  0.312268E+05
  0.523896E+00  0.312515E+05  0.300257E+05  0.000000E+00  0.000000E+00  0.000000E+00  0.310600E+05
  0.525725E+00  0.310848E+05  0.298661E+05  0.000000E+00  0.000000E+00  0.000000E+00  0.308944E+05
  0.527554E+00  0.309194E+05  0.297076E+05  0.000000E+00  0.000000E+00  0.000000E+00  0.307300E+05
  0.529383E+00  0.307551E+05  0.295501E+05  0.000000E+00  0.000000E+00  0.000000E+00  0.305668E+05
  0.531213E+00  0.305919E+05  0.293935E+05  0.000000E+00  0.000000E+00  0.000000E+00  0.304047E+05
  0.533042E+00  0.304299E+05  0.292379E+05  0.000000E+00  0.000000E+00  0.000000E+00  0.302437E+05
  0.534871E+00  0.302689E+05  0.290833E+05  0.000000E+00  0.000000E+00  0.000000E+00  0.300837E+05
  0.536700E+00  0.301090E+05  0.289296E+05  0.000000E+00  0.000000E+00  0.000000E+00  0.299247E+05
  0.538530E+00  0.299502E+05  0.287768E+05  0.000000E+00  0.000000E+00  0.000000E+00  0.297669E+05
  0.540359E+00  0.297926E+05  0.286251E+05  0.000000E+00  0.000000E+00  0.000000E+00  0.296102E+05
  0.542188E+00  0.296361E+05  0.284744E+05  0.000000E+00  0.000000E+00  0.000000E+00  0.294546E+05
  0.544017E+00  0.294807E+05  0.283247E+05  0.000000E+00  0.000000E+00  0.000000E+00  0.293001E+05
  0.545846E+00  0.293265E+05  0.281762E+05  0.000000E+00  0.000000E+00  0.000000E+00  0.291468E+05
  0.547676E+00  0.291735E+05  0.280287E+05  0.000000E+00  0.000000E+00  0.000000E+00  0.289946E+05
  0.549505E+00  0.290216E+05  0.278824E+05  0.000000E+00  0.000000E+00  0.000000E+00  0.288436E+05
  0.551334E+00  0.288709E+05  0.277372E+05  0.000000E+00  0.000000E+00  0.000000E+00  0.286938E+05
  0.553163E+00  0.287215E+05  0.275931E+05  0.000000E+00  0.000000E+00  0.000000E+00  0.285452E+05
  0.554993E+00  0.285733E+05  0.274504E+05  0.000000E+00  0.000000E+00  0.000000E+00  0.283978E+05
  0.556822E+00  0.284264E+05  0.273089E+05  0.000000E+00  0.000000E+00  0.000000E+00  0.282517E+05
  0.558651E+00  0.282807E+05  0.271687E+05  0.000000E+00  0.000000E+00  0.000000E+00  0.281070E+05
  0.560480E+00  0.281364E+05  0.270297E+05  0.000000E+00  0.000000E+00  0.000000E+00  0.279635E+05
  0.562310E+00  0.279933E+05  0.268921E+05  0.000000E+00  0.000000E+00  0.000000E+00  0.278213E+05
  0.564139E+00  0.278516E+05  0.267558E+05  0.000000E+00  0.000000E+00  0.000000E+00  0.276803E+05
  0.565968E+00  0.277110E+05  0.266207E+05  0.000000E+00  0.000000E+00  0.000000E+00  0.275406E+05
  0.567797E+00  0.275717E+05  0.264868E+05  0.000000E+00  0.000000E+00  0.000000E+00  0.274022E+05
  0.569627E+00  0.274336E+05  0.263542E+05  0.000000E+00  0.000000E+00  0.000000E+00  0.272650E+05
  0.571456E+00  0.272968E+05  0.262228E+05  0.000000E+00  0.000000E+00  0.000000E+00  0.271290E+05
  0.573285E+00  0.271612E+05  0.260927E+05  0.000000E+00  0.000000E+00  0.000000E+00  0.269942E+05
  0.575114E+00  0.270268E+05  0.259637E+05  0.000000E+00  0.000000E+00  0.000000E+00  0.268607E+05
  0.576944E+00  0.268935E+05  0.258359E+05  0.000000E+00  0.000000E+00  0.000000E+00  0.267283E+05
  0.578773E+00  0.267614E+05  0.257092E+05  0.000000E+00  0.000000E+00  0.000000E+00  0.265970E+05
  0.580602E+00  0.266303E+05  0.255835E+05  0.000000E+00  0.000000E+00  0.000000E+00  0.264667E+05
  0.699499E+00  0.198585E+05  0.190787E+05  0.000000E+00  0.000000E+00  0.000000E+00  0.197367E+05
  0.854371E+00  0.144196E+05  0.138537E+05  0.000000E+00  0.000000E+00  0.000000E+00  0.143312E+05
  0.104353E+01  0.104208E+05  0.100119E+05  0.000000E+00  0.000000E+00  0.000000E+00  0.103569E+05
  0.127457E+01  0.749864E+04  0.720450E+04  0.000000E+00  0.000000E+00  0.000000E+00  0.745268E+04
  0.155676E+01  0.537486E+04  0.516406E+04  0.000000E+00  0.000000E+00  0.000000E+00  0.534192E+04
  0.190144E+01  0.383885E+04  0.368831E+04  0.000000E+00  0.000000E+00  0.000000E+00  0.381533E+04
  0.232242E+01  0.273288E+04  0.262571E+04  0.000000E+00  0.000000E+00  0.000000E+00  0.271613E+04
  0.283661E+01  0.193973E+04  0.186367E+04  0.000000E+00  0.000000E+00  0.000000E+00  0.192784E+04
  0.346464E+01  0.137299E+04  0.131915E+04  0.000000E+00  0.000000E+00  0.000000E+00  0.136458E+04
  0.423172E+01  0.969394E+03  0.931375E+03  0.000000E+00  0.000000E+00  0.000000E+00  0.963453E+03
  0.516864E+01  0.682841E+03  0.656054E+03  0.000000E+00  0.000000E+00  0.000000E+00  0.678656E+03
  0.631299E+01  0.479959E+03  0.461122E+03  0.000000E+00  0.000000E+00  0.000000E+00  0.477016E+03
  0.771071E+01  0.336685E+03  0.323462E+03  0.000000E+00  0.000000E+00  0.000000E+00  0.334619E+03
  0.941788E+01  0.235744E+03  0.226475E+03  0.000000E+00  0.000000E+00  0.000000E+00  0.234296E+03
  0.115030E+02  0.164782E+03  0.158293E+03  0.000000E+00  0.000000E+00  0.000000E+00  0.163768E+03
  0.140498E+02  0.114996E+03  0.110456E+03  0.000000E+00  0.000000E+00  0.000000E+00  0.114287E+03
  0.171605E+02  0.801316E+02  0.769562E+02  0.000000E+00  0.000000E+00  0.000000E+00  0.796355E+02
  0.209599E+02  0.557588E+02  0.535368E+02  0.000000E+00  0.000000E+00  0.000000E+00  0.554116E+02
  0.256004E+02  0.387478E+02  0.371908E+02  0.000000E+00  0.000000E+00  0.000000E+00  0.385045E+02
  0.312685E+02  0.268926E+02  0.257987E+02  0.000000E+00  0.000000E+00  0.000000E+00  0.267217E+02
  0.381914E+02  0.186421E+02  0.178701E+02  0.000000E+00  0.000000E+00  0.000000E+00  0.185215E+02
  0.466470E+02  0.129079E+02  0.123591E+02  0.000000E+00  0.000000E+00  0.000000E+00  0.128221E+02
  0.569749E+02  0.892715E+01  0.853299E+01  0.000000E+00  0.000000E+00  0.000000E+00  0.886556E+01
  0.695893E+02  0.616696E+01  0.587965E+01  0.000000E+00  0.000000E+00  0.000000E+00  0.612207E+01
  0.849965E+02  0.425512E+01  0.404152E+01  0.000000E+00  0.000000E+00  0.000000E+00  0.422174E+01
  0.103815E+03  0.293219E+01  0.276935E+01  0.000000E+00  0.000000E+00  0.000000E+00  0.290674E+01
