    0.10000E-03    0.16158E+03
    0.10202E-03    0.16472E+03
    0.10408E-03    0.16792E+03
    0.10618E-03    0.17118E+03
    0.10833E-03    0.17451E+03
    0.11052E-03    0.17790E+03
    0.11275E-03    0.18135E+03
    0.11503E-03    0.18487E+03
    0.11735E-03    0.18847E+03
    0.11972E-03    0.19213E+03
    0.12214E-03    0.19586E+03
    0.12461E-03    0.19966E+03
    0.12712E-03    0.20354E+03
    0.12969E-03    0.20749E+03
    0.13231E-03    0.21152E+03
    0.13499E-03    0.21563E+03
    0.13771E-03    0.21981E+03
    0.14049E-03    0.22408E+03
    0.14333E-03    0.22843E+03
    0.14623E-03    0.23287E+03
    0.14918E-03    0.23739E+03
    0.15220E-03    0.24200E+03
    0.15527E-03    0.24670E+03
    0.15841E-03    0.25149E+03
    0.16161E-03    0.25637E+03
    0.16487E-03    0.26134E+03
    0.16820E-03    0.26642E+03
    0.17160E-03    0.27159E+03
    0.17507E-03    0.27686E+03
    0.17860E-03    0.28223E+03
    0.18221E-03    0.28771E+03
    0.18589E-03    0.29329E+03
    0.18965E-03    0.29898E+03
    0.19348E-03    0.30478E+03
    0.19739E-03    0.31070E+03
    0.20138E-03    0.31672E+03
    0.20544E-03    0.32287E+03
    0.20959E-03    0.32913E+03
    0.21383E-03    0.33551E+03
    0.21815E-03    0.34202E+03
    0.22255E-03    0.34865E+03
    0.22705E-03    0.35541E+03
    0.23164E-03    0.36231E+03
    0.23632E-03    0.36933E+03
    0.24109E-03    0.37649E+03
    0.24596E-03    0.38379E+03
    0.25093E-03    0.39123E+03
    0.25600E-03    0.39881E+03
    0.26117E-03    0.40653E+03
    0.26645E-03    0.41441E+03
    0.27183E-03    0.42244E+03
    0.27732E-03    0.43062E+03
    0.28292E-03    0.43896E+03
    0.28864E-03    0.44746E+03
    0.29447E-03    0.45612E+03
    0.30042E-03    0.46495E+03
    0.30649E-03    0.47395E+03
    0.31268E-03    0.48313E+03
    0.31899E-03    0.49247E+03
    0.32544E-03    0.50200E+03
    0.33201E-03    0.51171E+03
    0.33872E-03    0.52161E+03
    0.34556E-03    0.53169E+03
    0.35254E-03    0.54197E+03
    0.35966E-03    0.55244E+03
    0.36693E-03    0.56312E+03
    0.37434E-03    0.57400E+03
    0.38190E-03    0.58508E+03
    0.38962E-03    0.59638E+03
    0.39749E-03    0.60790E+03
    0.40552E-03    0.61963E+03
    0.41371E-03    0.63158E+03
    0.42207E-03    0.64377E+03
    0.43060E-03    0.65618E+03
    0.43929E-03    0.66883E+03
    0.44817E-03    0.68172E+03
    0.45722E-03    0.69485E+03
    0.46646E-03    0.70823E+03
    0.47588E-03    0.72187E+03
    0.48550E-03    0.73576E+03
    0.49530E-03    0.74992E+03
    0.50531E-03    0.76434E+03
    0.51552E-03    0.77903E+03
    0.52593E-03    0.79400E+03
    0.53656E-03    0.80925E+03
    0.54739E-03    0.82479E+03
    0.55845E-03    0.84062E+03
    0.56973E-03    0.85674E+03
    0.58124E-03    0.87317E+03
    0.59299E-03    0.88990E+03
    0.60496E-03    0.90695E+03
    0.61719E-03    0.92431E+03
    0.62965E-03    0.94199E+03
    0.64237E-03    0.96000E+03
    0.65535E-03    0.97835E+03
    0.66859E-03    0.99704E+03
    0.68210E-03    0.10161E+04
    0.69588E-03    0.10354E+04
    0.70993E-03    0.10552E+04
    0.72427E-03    0.10753E+04
    0.73891E-03    0.10958E+04
    0.75383E-03    0.11166E+04
    0.76906E-03    0.11378E+04
    0.78460E-03    0.11594E+04
    0.80045E-03    0.11814E+04
    0.81662E-03    0.12038E+04
    0.83311E-03    0.12267E+04
    0.84994E-03    0.12499E+04
    0.86711E-03    0.12735E+04
    0.88463E-03    0.12976E+04
    0.90250E-03    0.13221E+04
    0.92073E-03    0.13470E+04
    0.93933E-03    0.13724E+04
    0.95831E-03    0.13982E+04
    0.97767E-03    0.14245E+04
    0.99742E-03    0.14513E+04
    0.10176E-02    0.14785E+04
    0.10381E-02    0.15062E+04
    0.10591E-02    0.15345E+04
    0.10805E-02    0.15631E+04
    0.11023E-02    0.15923E+04
    0.11246E-02    0.16220E+04
    0.11473E-02    0.16523E+04
    0.11705E-02    0.16830E+04
    0.11941E-02    0.17143E+04
    0.12182E-02    0.17461E+04
    0.12429E-02    0.17785E+04
    0.12680E-02    0.18114E+04
    0.12936E-02    0.18448E+04
    0.13197E-02    0.18789E+04
    0.13464E-02    0.19135E+04
    0.13736E-02    0.19487E+04
    0.14013E-02    0.19845E+04
    0.14296E-02    0.20208E+04
    0.14585E-02    0.20578E+04
    0.14880E-02    0.20954E+04
    0.15180E-02    0.21336E+04
    0.15487E-02    0.21724E+04
    0.15800E-02    0.22119E+04
    0.16119E-02    0.22520E+04
    0.16445E-02    0.22927E+04
    0.16777E-02    0.23341E+04
    0.17116E-02    0.23762E+04
    0.17462E-02    0.24189E+04
    0.17814E-02    0.24623E+04
    0.18174E-02    0.25064E+04
    0.18541E-02    0.25511E+04
    0.18916E-02    0.25965E+04
    0.19298E-02    0.26427E+04
    0.19688E-02    0.26895E+04
    0.20086E-02    0.27371E+04
    0.20491E-02    0.27853E+04
    0.20905E-02    0.28343E+04
    0.21328E-02    0.28840E+04
    0.21758E-02    0.29344E+04
    0.22198E-02    0.29855E+04
    0.22646E-02    0.30374E+04
    0.23104E-02    0.30900E+04
    0.23571E-02    0.31434E+04
    0.24047E-02    0.31975E+04
    0.24533E-02    0.32524E+04
    0.25028E-02    0.33080E+04
    0.25534E-02    0.33643E+04
    0.26050E-02    0.34214E+04
    0.26576E-02    0.34793E+04
    0.27113E-02    0.35379E+04
    0.27660E-02    0.35973E+04
    0.28219E-02    0.36574E+04
    0.28789E-02    0.37183E+04
    0.29371E-02    0.37800E+04
    0.29964E-02    0.38424E+04
    0.30569E-02    0.39055E+04
    0.31187E-02    0.39694E+04
    0.31817E-02    0.40341E+04
    0.32460E-02    0.40995E+04
    0.33115E-02    0.41656E+04
    0.33784E-02    0.42325E+04
    0.34467E-02    0.43001E+04
    0.35163E-02    0.43684E+04
    0.35874E-02    0.44374E+04
    0.36598E-02    0.45071E+04
    0.37338E-02    0.45776E+04
    0.38092E-02    0.46487E+04
    0.38861E-02    0.47205E+04
    0.39646E-02    0.47929E+04
    0.40447E-02    0.48661E+04
    0.41264E-02    0.49398E+04
    0.42098E-02    0.50142E+04
    0.42948E-02    0.50892E+04
    0.43816E-02    0.51648E+04
    0.44701E-02    0.52410E+04
    0.45604E-02    0.53177E+04
    0.46525E-02    0.53950E+04
    0.47465E-02    0.54728E+04
    0.48424E-02    0.55511E+04
    0.49402E-02    0.56299E+04
    0.50400E-02    0.57091E+04
    0.51419E-02    0.57888E+04
    0.52457E-02    0.58688E+04
    0.53517E-02    0.59493E+04
    0.54598E-02    0.60301E+04
    0.55701E-02    0.61112E+04
    0.56826E-02    0.61926E+04
    0.57974E-02    0.62742E+04
    0.59145E-02    0.63561E+04
    0.60340E-02    0.64381E+04
    0.61559E-02    0.65203E+04
    0.62803E-02    0.66026E+04
    0.64072E-02    0.66850E+04
    0.65366E-02    0.67674E+04
    0.66686E-02    0.68497E+04
    0.68033E-02    0.69320E+04
    0.69408E-02    0.70142E+04
    0.70810E-02    0.70962E+04
    0.72240E-02    0.71780E+04
    0.73700E-02    0.72595E+04
    0.75189E-02    0.73407E+04
    0.76708E-02    0.74215E+04
    0.78257E-02    0.75019E+04
    0.79838E-02    0.75818E+04
    0.81451E-02    0.76612E+04
    0.83096E-02    0.77399E+04
    0.84775E-02    0.78179E+04
    0.86488E-02    0.78952E+04
    0.88235E-02    0.79716E+04
    0.90017E-02    0.80471E+04
    0.91836E-02    0.81217E+04
    0.93691E-02    0.81952E+04
    0.95583E-02    0.82676E+04
    0.97514E-02    0.83388E+04
    0.99484E-02    0.84087E+04
    0.10149E-01    0.84773E+04
    0.10354E-01    0.85444E+04
    0.10564E-01    0.86099E+04
    0.10777E-01    0.86738E+04
    0.10995E-01    0.87360E+04
    0.11217E-01    0.87964E+04
    0.11443E-01    0.88548E+04
    0.11675E-01    0.89113E+04
    0.11910E-01    0.89657E+04
    0.12151E-01    0.90178E+04
    0.12397E-01    0.90677E+04
    0.12647E-01    0.91151E+04
    0.12902E-01    0.91601E+04
    0.13163E-01    0.92024E+04
    0.13429E-01    0.92421E+04
    0.13700E-01    0.92789E+04
    0.13977E-01    0.93128E+04
    0.14259E-01    0.93437E+04
    0.14547E-01    0.93714E+04
    0.14841E-01    0.93959E+04
    0.15141E-01    0.94171E+04
    0.15447E-01    0.94349E+04
    0.15759E-01    0.94491E+04
    0.16077E-01    0.94597E+04
    0.16402E-01    0.94665E+04
    0.16734E-01    0.94695E+04
    0.17072E-01    0.94687E+04
    0.17416E-01    0.94638E+04
    0.17768E-01    0.94548E+04
    0.18127E-01    0.94417E+04
    0.18493E-01    0.94244E+04
    0.18867E-01    0.94028E+04
    0.19248E-01    0.93768E+04
    0.19637E-01    0.93464E+04
    0.20034E-01    0.93116E+04
    0.20438E-01    0.92723E+04
    0.20851E-01    0.92285E+04
    0.21272E-01    0.91802E+04
    0.21702E-01    0.91274E+04
    0.22141E-01    0.90700E+04
    0.22588E-01    0.90082E+04
    0.23044E-01    0.89419E+04
    0.23510E-01    0.88712E+04
    0.23985E-01    0.87961E+04
    0.24469E-01    0.87168E+04
    0.24964E-01    0.86333E+04
    0.25468E-01    0.85457E+04
    0.25982E-01    0.84542E+04
    0.26507E-01    0.83589E+04
    0.27043E-01    0.82599E+04
    0.27589E-01    0.81575E+04
    0.28146E-01    0.80517E+04
    0.28715E-01    0.79429E+04
    0.29295E-01    0.78313E+04
    0.29887E-01    0.77171E+04
    0.30490E-01    0.76005E+04
    0.31106E-01    0.74818E+04
    0.31735E-01    0.73614E+04
    0.32376E-01    0.72395E+04
    0.33030E-01    0.71164E+04
    0.33697E-01    0.69925E+04
    0.34378E-01    0.68681E+04
    0.35072E-01    0.67435E+04
    0.35781E-01    0.66191E+04
    0.36504E-01    0.64951E+04
    0.37241E-01    0.63720E+04
    0.37993E-01    0.62501E+04
    0.38761E-01    0.61296E+04
    0.39544E-01    0.60110E+04
    0.40343E-01    0.58946E+04
    0.41158E-01    0.57805E+04
    0.41989E-01    0.56692E+04
    0.42838E-01    0.55608E+04
    0.43703E-01    0.54555E+04
    0.44586E-01    0.53537E+04
    0.45486E-01    0.52553E+04
    0.46405E-01    0.51606E+04
    0.47343E-01    0.50697E+04
    0.48299E-01    0.49826E+04
    0.49275E-01    0.48992E+04
    0.50270E-01    0.48196E+04
    0.51286E-01    0.47436E+04
    0.52322E-01    0.46712E+04
    0.53379E-01    0.46020E+04
    0.54457E-01    0.45359E+04
    0.55557E-01    0.44725E+04
    0.56680E-01    0.44115E+04
    0.57825E-01    0.43524E+04
    0.58993E-01    0.42948E+04
    0.60184E-01    0.42382E+04
    0.61400E-01    0.41821E+04
    0.62641E-01    0.41259E+04
    0.63906E-01    0.40689E+04
    0.65197E-01    0.40107E+04
    0.66514E-01    0.39506E+04
    0.67858E-01    0.38880E+04
    0.69229E-01    0.38226E+04
    0.70627E-01    0.37538E+04
    0.72054E-01    0.36813E+04
    0.73510E-01    0.36048E+04
    0.74994E-01    0.35242E+04
    0.76509E-01    0.34394E+04
    0.78055E-01    0.33506E+04
    0.79632E-01    0.32582E+04
    0.81241E-01    0.31626E+04
    0.82882E-01    0.30644E+04
    0.84556E-01    0.29643E+04
    0.86264E-01    0.28631E+04
    0.88007E-01    0.27619E+04
    0.89785E-01    0.26616E+04
    0.91598E-01    0.25633E+04
    0.93449E-01    0.24679E+04
    0.95337E-01    0.23763E+04
    0.97263E-01    0.22895E+04
    0.99227E-01    0.22082E+04
    0.10123E+00    0.21329E+04
    0.10328E+00    0.20640E+04
    0.10536E+00    0.20017E+04
    0.10749E+00    0.19459E+04
    0.10966E+00    0.18963E+04
    0.11188E+00    0.18525E+04
    0.11414E+00    0.18136E+04
    0.11644E+00    0.17788E+04
    0.11880E+00    0.17470E+04
    0.12120E+00    0.17168E+04
    0.12365E+00    0.16870E+04
    0.12614E+00    0.16562E+04
    0.12869E+00    0.16233E+04
    0.13129E+00    0.15874E+04
    0.13394E+00    0.15476E+04
    0.13665E+00    0.15036E+04
    0.13941E+00    0.14555E+04
    0.14223E+00    0.14035E+04
    0.14510E+00    0.13487E+04
    0.14803E+00    0.12923E+04
    0.15102E+00    0.12356E+04
    0.15407E+00    0.11801E+04
    0.15718E+00    0.11271E+04
    0.16036E+00    0.10779E+04
    0.16360E+00    0.10336E+04
    0.16690E+00    0.99458E+03
    0.17028E+00    0.96096E+03
    0.17371E+00    0.93238E+03
    0.17722E+00    0.90812E+03
    0.18080E+00    0.88707E+03
    0.18446E+00    0.86786E+03
    0.18818E+00    0.84898E+03
    0.19198E+00    0.82909E+03
    0.19586E+00    0.80712E+03
    0.19982E+00    0.78239E+03
    0.20386E+00    0.75477E+03
    0.20797E+00    0.72471E+03
    0.21218E+00    0.69318E+03
    0.21646E+00    0.66143E+03
    0.22083E+00    0.63074E+03
    0.22530E+00    0.60232E+03
    0.22985E+00    0.57702E+03
    0.23449E+00    0.55516E+03
    0.23923E+00    0.53654E+03
    0.24406E+00    0.52054E+03
    0.24899E+00    0.50614E+03
    0.25402E+00    0.49220E+03
    0.25915E+00    0.47769E+03
    0.26439E+00    0.46194E+03
    0.26973E+00    0.44470E+03
    0.27518E+00    0.42632E+03
    0.28074E+00    0.40751E+03
    0.28641E+00    0.38916E+03
    0.29219E+00    0.37211E+03
    0.29810E+00    0.35686E+03
    0.30412E+00    0.34350E+03
    0.31026E+00    0.33170E+03
    0.31653E+00    0.32082E+03
    0.32292E+00    0.31015E+03
    0.32945E+00    0.29916E+03
    0.33610E+00    0.28759E+03
    0.34289E+00    0.27564E+03
    0.34982E+00    0.26371E+03
    0.35689E+00    0.25232E+03
    0.36409E+00    0.24185E+03
    0.37145E+00    0.23237E+03
    0.37895E+00    0.22371E+03
    0.38661E+00    0.21550E+03
    0.39442E+00    0.20738E+03
    0.40239E+00    0.19916E+03
    0.41052E+00    0.19088E+03
    0.41881E+00    0.18276E+03
    0.42727E+00    0.17505E+03
    0.43590E+00    0.16787E+03
    0.44471E+00    0.16119E+03
    0.45369E+00    0.15486E+03
    0.46286E+00    0.14868E+03
    0.47221E+00    0.14257E+03
    0.48174E+00    0.13658E+03
    0.49148E+00    0.13080E+03
    0.50141E+00    0.12533E+03
    0.51153E+00    0.12016E+03
    0.52187E+00    0.11523E+03
    0.53241E+00    0.11047E+03
    0.54317E+00    0.10583E+03
    0.55414E+00    0.10134E+03
    0.56533E+00    0.97034E+02
    0.57675E+00    0.92939E+02
    0.58840E+00    0.89025E+02
    0.60029E+00    0.85260E+02
    0.61242E+00    0.81639E+02
    0.62479E+00    0.78158E+02
    0.63741E+00    0.74815E+02
    0.65029E+00    0.71603E+02
    0.66342E+00    0.68521E+02
    0.67683E+00    0.65564E+02
    0.69050E+00    0.62728E+02
    0.70445E+00    0.60009E+02
    0.71868E+00    0.57404E+02
    0.73320E+00    0.54906E+02
    0.74801E+00    0.52514E+02
    0.76312E+00    0.50220E+02
    0.77854E+00    0.48023E+02
    0.79426E+00    0.45918E+02
    0.81031E+00    0.43901E+02
    0.82668E+00    0.41968E+02
    0.84338E+00    0.40117E+02
    0.86041E+00    0.38343E+02
    0.87780E+00    0.36644E+02
    0.89553E+00    0.35017E+02
    0.91362E+00    0.33459E+02
    0.93208E+00    0.31968E+02
    0.95091E+00    0.30539E+02
    0.97011E+00    0.29172E+02
    0.98971E+00    0.27864E+02
    0.10097E+01    0.26612E+02
    0.10301E+01    0.25414E+02
    0.10509E+01    0.24268E+02
    0.10721E+01    0.23172E+02
    0.10938E+01    0.22123E+02
    0.11159E+01    0.21120E+02
    0.11384E+01    0.20161E+02
    0.11614E+01    0.19244E+02
    0.11849E+01    0.18367E+02
    0.12088E+01    0.17529E+02
    0.12333E+01    0.16727E+02
    0.12582E+01    0.15961E+02
    0.12836E+01    0.15229E+02
    0.13095E+01    0.14529E+02
    0.13360E+01    0.13861E+02
    0.13630E+01    0.13222E+02
    0.13905E+01    0.12611E+02
    0.14186E+01    0.12028E+02
    0.14472E+01    0.11471E+02
    0.14765E+01    0.10939E+02
    0.15063E+01    0.10431E+02
    0.15367E+01    0.99457E+01
    0.15678E+01    0.94824E+01
    0.15994E+01    0.90400E+01
    0.16318E+01    0.86176E+01
    0.16647E+01    0.82144E+01
    0.16984E+01    0.78295E+01
    0.17327E+01    0.74622E+01
    0.17677E+01    0.71115E+01
    0.18034E+01    0.67770E+01
    0.18398E+01    0.64577E+01
    0.18770E+01    0.61530E+01
    0.19149E+01    0.58624E+01
    0.19536E+01    0.55851E+01
    0.19930E+01    0.53206E+01
    0.20333E+01    0.50683E+01
    0.20744E+01    0.48276E+01
    0.21163E+01    0.45981E+01
    0.21590E+01    0.43792E+01
    0.22026E+01    0.41705E+01
    0.22471E+01    0.39715E+01
    0.22925E+01    0.37818E+01
    0.23388E+01    0.36009E+01
    0.23861E+01    0.34284E+01
    0.24343E+01    0.32641E+01
    0.24835E+01    0.31074E+01
    0.25336E+01    0.29581E+01
    0.25848E+01    0.28157E+01
    0.26370E+01    0.26801E+01
    0.26903E+01    0.25509E+01
    0.27447E+01    0.24277E+01
    0.28001E+01    0.23104E+01
    0.28567E+01    0.21986E+01
    0.29144E+01    0.20922E+01
    0.29733E+01    0.19907E+01
    0.30333E+01    0.18941E+01
    0.30946E+01    0.18021E+01
    0.31571E+01    0.17144E+01
    0.32209E+01    0.16310E+01
    0.32860E+01    0.15515E+01
    0.33523E+01    0.14758E+01
    0.34201E+01    0.14037E+01
    0.34892E+01    0.13351E+01
    0.35596E+01    0.12698E+01
    0.36316E+01    0.12076E+01
    0.37049E+01    0.11484E+01
    0.37798E+01    0.10921E+01
    0.38561E+01    0.10384E+01
    0.39340E+01    0.98736E+00
    0.40135E+01    0.93878E+00
    0.40946E+01    0.89254E+00
    0.41773E+01    0.84854E+00
    0.42617E+01    0.80667E+00
    0.43478E+01    0.76683E+00
    0.44356E+01    0.72893E+00
    0.45252E+01    0.69286E+00
    0.46166E+01    0.65856E+00
    0.47099E+01    0.62592E+00
    0.48050E+01    0.59487E+00
    0.49021E+01    0.56534E+00
    0.50011E+01    0.53725E+00
    0.51021E+01    0.51053E+00
    0.52052E+01    0.48512E+00
    0.53104E+01    0.46096E+00
    0.54176E+01    0.43798E+00
    0.55271E+01    0.41613E+00
    0.56387E+01    0.39535E+00
    0.57526E+01    0.37560E+00
    0.58689E+01    0.35681E+00
    0.59874E+01    0.33896E+00
    0.61084E+01    0.32198E+00
    0.62318E+01    0.30584E+00
    0.63577E+01    0.29050E+00
    0.64861E+01    0.27591E+00
    0.66171E+01    0.26205E+00
    0.67508E+01    0.24888E+00
    0.68872E+01    0.23636E+00
    0.70263E+01    0.22446E+00
    0.71682E+01    0.21315E+00
    0.73130E+01    0.20240E+00
    0.74608E+01    0.19219E+00
    0.76115E+01    0.18248E+00
    0.77653E+01    0.17326E+00
    0.79221E+01    0.16450E+00
    0.80822E+01    0.15618E+00
    0.82454E+01    0.14827E+00
    0.84120E+01    0.14076E+00
    0.85819E+01    0.13362E+00
    0.87553E+01    0.12684E+00
    0.89322E+01    0.12040E+00
    0.91126E+01    0.11428E+00
    0.92967E+01    0.10847E+00
    0.94845E+01    0.10295E+00
    0.96761E+01    0.97714E-01
    0.98716E+01    0.92737E-01
    0.10071E+02    0.88010E-01
    0.10274E+02    0.83522E-01
    0.10482E+02    0.79259E-01
    0.10694E+02    0.75212E-01
    0.10910E+02    0.71369E-01
    0.11130E+02    0.67720E-01
    0.11355E+02    0.64256E-01
    0.11584E+02    0.60967E-01
    0.11818E+02    0.57844E-01
    0.12057E+02    0.54879E-01
    0.12301E+02    0.52065E-01
    0.12549E+02    0.49394E-01
    0.12803E+02    0.46858E-01
    0.13061E+02    0.44451E-01
    0.13325E+02    0.42166E-01
    0.13594E+02    0.39997E-01
    0.13869E+02    0.37939E-01
    0.14149E+02    0.35986E-01
    0.14435E+02    0.34132E-01
    0.14727E+02    0.32372E-01
    0.15024E+02    0.30703E-01
    0.15328E+02    0.29118E-01
    0.15637E+02    0.27615E-01
    0.15953E+02    0.26188E-01
    0.16275E+02    0.24835E-01
    0.16604E+02    0.23550E-01
    0.16940E+02    0.22332E-01
    0.17282E+02    0.21176E-01
    0.17631E+02    0.20079E-01
    0.17987E+02    0.19038E-01
    0.18351E+02    0.18051E-01
    0.18721E+02    0.17115E-01
    0.19099E+02    0.16226E-01
    0.19485E+02    0.15384E-01
    0.19879E+02    0.14584E-01
    0.20280E+02    0.13826E-01
    0.20690E+02    0.13107E-01
    0.21108E+02    0.12425E-01
    0.21535E+02    0.11778E-01
    0.21970E+02    0.11164E-01
    0.22413E+02    0.10582E-01
    0.22866E+02    0.10031E-01
    0.23328E+02    0.95073E-02
    0.23799E+02    0.90110E-02
    0.24280E+02    0.85404E-02
    0.24771E+02    0.80942E-02
    0.25271E+02    0.76711E-02
    0.25782E+02    0.72699E-02
    0.26302E+02    0.68895E-02
    0.26834E+02    0.65288E-02
    0.27376E+02    0.61868E-02
    0.27929E+02    0.58626E-02
    0.28493E+02    0.55552E-02
    0.29069E+02    0.52638E-02
    0.29656E+02    0.49876E-02
    0.30255E+02    0.47257E-02
    0.30866E+02    0.44775E-02
    0.31490E+02    0.42421E-02
    0.32126E+02    0.40191E-02
    0.32775E+02    0.38076E-02
    0.33437E+02    0.36072E-02
    0.34112E+02    0.34173E-02
    0.34801E+02    0.32372E-02
    0.35504E+02    0.30666E-02
    0.36222E+02    0.29049E-02
    0.36953E+02    0.27516E-02
    0.37700E+02    0.26063E-02
    0.38462E+02    0.24687E-02
    0.39239E+02    0.23382E-02
    0.40031E+02    0.22146E-02
    0.40840E+02    0.20975E-02
    0.41665E+02    0.19865E-02
    0.42507E+02    0.18813E-02
    0.43365E+02    0.17816E-02
    0.44241E+02    0.16872E-02
    0.45135E+02    0.15977E-02
    0.46047E+02    0.15130E-02
    0.46977E+02    0.14326E-02
    0.47926E+02    0.13566E-02
    0.48894E+02    0.12845E-02
    0.49882E+02    0.12162E-02
    0.50890E+02    0.11515E-02
    0.51918E+02    0.10902E-02
    0.52966E+02    0.10321E-02
    0.54036E+02    0.97713E-03
    0.55128E+02    0.92504E-03
    0.56242E+02    0.87569E-03
    0.57378E+02    0.82894E-03
    0.58537E+02    0.78467E-03
    0.59720E+02    0.74273E-03
    0.60926E+02    0.70302E-03
    0.62157E+02    0.66540E-03
    0.63412E+02    0.62977E-03
    0.64693E+02    0.59604E-03
    0.66000E+02    0.56409E-03
    0.67334E+02    0.53383E-03
    0.68694E+02    0.50518E-03
    0.70082E+02    0.47806E-03
    0.71497E+02    0.45237E-03
    0.72942E+02    0.42805E-03
    0.74415E+02    0.40502E-03
    0.75918E+02    0.38321E-03
    0.77452E+02    0.36256E-03
    0.79017E+02    0.34300E-03
    0.80613E+02    0.32449E-03
    0.82241E+02    0.30695E-03
    0.83903E+02    0.29035E-03
    0.85598E+02    0.27463E-03
    0.87327E+02    0.25974E-03
    0.89091E+02    0.24565E-03
    0.90891E+02    0.23231E-03
    0.92727E+02    0.21969E-03
    0.94600E+02    0.20774E-03
    0.96511E+02    0.19644E-03
    0.98461E+02    0.18575E-03
    0.10045E+03    0.17564E-03
    0.10248E+03    0.16608E-03
