  0.351880E-05  0.187442E+08  0.187442E+08  0.249910E+08  0.249909E+08  0.000000E+00  0.187442E+08
  0.363805E-05  0.187442E+08  0.187442E+08  0.249909E+08  0.249908E+08  0.000000E+00  0.187442E+08
  0.376134E-05  0.187442E+08  0.187442E+08  0.249908E+08  0.249907E+08  0.000000E+00  0.187442E+08
  0.388880E-05  0.187442E+08  0.187442E+08  0.249907E+08  0.249906E+08  0.000000E+00  0.187442E+08
  0.402059E-05  0.187442E+08  0.187442E+08  0.249906E+08  0.249905E+08  0.000000E+00  0.187442E+08
  0.415684E-05  0.187442E+08  0.187442E+08  0.249904E+08  0.249904E+08  0.000000E+00  0.187442E+08
  0.429771E-05  0.187442E+08  0.187442E+08  0.249903E+08  0.249903E+08  0.000000E+00  0.187442E+08
  0.444336E-05  0.187442E+08  0.187442E+08  0.249902E+08  0.249901E+08  0.000000E+00  0.187442E+08
  0.459394E-05  0.187442E+08  0.187442E+08  0.249900E+08  0.249900E+08  0.000000E+00  0.187442E+08
  0.474962E-05  0.187442E+08  0.187442E+08  0.249899E+08  0.249898E+08  0.000000E+00  0.187442E+08
  0.491058E-05  0.187442E+08  0.187442E+08  0.249897E+08  0.249896E+08  0.000000E+00  0.187442E+08
  0.507699E-05  0.187442E+08  0.187442E+08  0.249895E+08  0.249894E+08  0.000000E+00  0.187442E+08
  0.524905E-05  0.187442E+08  0.187442E+08  0.249893E+08  0.249892E+08  0.000000E+00  0.187442E+08
  0.542693E-05  0.187442E+08  0.187442E+08  0.249891E+08  0.249890E+08  0.000000E+00  0.187442E+08
  0.561084E-05  0.187442E+08  0.187442E+08  0.249889E+08  0.249888E+08  0.000000E+00  0.187442E+08
  0.580099E-05  0.187442E+08  0.187442E+08  0.249887E+08  0.249886E+08  0.000000E+00  0.187442E+08
  0.599757E-05  0.187442E+08  0.187442E+08  0.249884E+08  0.249883E+08  0.000000E+00  0.187442E+08
  0.620082E-05  0.187442E+08  0.187442E+08  0.249881E+08  0.249880E+08  0.000000E+00  0.187442E+08
  0.641096E-05  0.187442E+08  0.187442E+08  0.249879E+08  0.249877E+08  0.000000E+00  0.187442E+08
  0.662822E-05  0.187442E+08  0.187442E+08  0.249875E+08  0.249874E+08  0.000000E+00  0.187442E+08
  0.685284E-05  0.187442E+08  0.187442E+08  0.249872E+08  0.249871E+08  0.000000E+00  0.187442E+08
  0.708508E-05  0.187442E+08  0.187442E+08  0.249869E+08  0.249867E+08  0.000000E+00  0.187442E+08
  0.732518E-05  0.187442E+08  0.187442E+08  0.249865E+08  0.249863E+08  0.000000E+00  0.187442E+08
  0.757342E-05  0.187442E+08  0.187442E+08  0.249861E+08  0.249859E+08  0.000000E+00  0.187442E+08
  0.783008E-05  0.187442E+08  0.187442E+08  0.249856E+08  0.249854E+08  0.000000E+00  0.187442E+08
  0.809543E-05  0.187442E+08  0.187442E+08  0.249852E+08  0.249850E+08  0.000000E+00  0.187442E+08
  0.836977E-05  0.187442E+08  0.187442E+08  0.249847E+08  0.249845E+08  0.000000E+00  0.187442E+08
  0.865341E-05  0.187442E+08  0.187442E+08  0.249842E+08  0.249839E+08  0.000000E+00  0.187442E+08
  0.894667E-05  0.187442E+08  0.187442E+08  0.249836E+08  0.249833E+08  0.000000E+00  0.187442E+08
  0.924986E-05  0.187442E+08  0.187442E+08  0.249830E+08  0.249827E+08  0.000000E+00  0.187442E+08
  0.956332E-05  0.187442E+08  0.187442E+08  0.249824E+08  0.249821E+08  0.000000E+00  0.187442E+08
  0.988741E-05  0.187442E+08  0.187442E+08  0.249817E+08  0.249814E+08  0.000000E+00  0.187442E+08
  0.102225E-04  0.187442E+08  0.187442E+08  0.249809E+08  0.249806E+08  0.000000E+00  0.187442E+08
  0.105689E-04  0.187442E+08  0.187442E+08  0.249802E+08  0.249798E+08  0.000000E+00  0.187442E+08
  0.109271E-04  0.187442E+08  0.187442E+08  0.249793E+08  0.249789E+08  0.000000E+00  0.187442E+08
  0.112974E-04  0.187442E+08  0.187442E+08  0.249784E+08  0.249780E+08  0.000000E+00  0.187442E+08
  0.116802E-04  0.187442E+08  0.187442E+08  0.249775E+08  0.249770E+08  0.000000E+00  0.187442E+08
  0.120761E-04  0.187442E+08  0.187442E+08  0.249764E+08  0.249760E+08  0.000000E+00  0.187442E+08
  0.124853E-04  0.187442E+08  0.187442E+08  0.249753E+08  0.249748E+08  0.000000E+00  0.187442E+08
  0.129084E-04  0.187442E+08  0.187442E+08  0.249742E+08  0.249736E+08  0.000000E+00  0.187442E+08
  0.133459E-04  0.187442E+08  0.187442E+08  0.249729E+08  0.249723E+08  0.000000E+00  0.187442E+08
  0.137981E-04  0.187442E+08  0.187442E+08  0.249716E+08  0.249710E+08  0.000000E+00  0.187442E+08
  0.142657E-04  0.187442E+08  0.187442E+08  0.249702E+08  0.249695E+08  0.000000E+00  0.187442E+08
  0.147492E-04  0.187442E+08  0.187442E+08  0.249686E+08  0.249679E+08  0.000000E+00  0.187442E+08
  0.152490E-04  0.187442E+08  0.187442E+08  0.249670E+08  0.249662E+08  0.000000E+00  0.187442E+08
  0.157658E-04  0.187442E+08  0.187442E+08  0.249653E+08  0.249644E+08  0.000000E+00  0.187442E+08
  0.163001E-04  0.187442E+08  0.187442E+08  0.249634E+08  0.249625E+08  0.000000E+00  0.187442E+08
  0.168525E-04  0.187442E+08  0.187442E+08  0.249614E+08  0.249605E+08  0.000000E+00  0.187442E+08
  0.174236E-04  0.187442E+08  0.187442E+08  0.249593E+08  0.249583E+08  0.000000E+00  0.187442E+08
  0.180140E-04  0.187442E+08  0.187442E+08  0.249570E+08  0.249559E+08  0.000000E+00  0.187442E+08
  0.186245E-04  0.187442E+08  0.187442E+08  0.249546E+08  0.249534E+08  0.000000E+00  0.187442E+08
  0.192557E-04  0.187442E+08  0.187442E+08  0.249520E+08  0.249507E+08  0.000000E+00  0.187442E+08
  0.199082E-04  0.187442E+08  0.187442E+08  0.249492E+08  0.249479E+08  0.000000E+00  0.187442E+08
  0.205829E-04  0.187442E+08  0.187442E+08  0.249462E+08  0.249448E+08  0.000000E+00  0.187442E+08
  0.212804E-04  0.187441E+08  0.187441E+08  0.249430E+08  0.249415E+08  0.000000E+00  0.187441E+08
  0.220016E-04  0.187441E+08  0.187441E+08  0.249396E+08  0.249380E+08  0.000000E+00  0.187441E+08
  0.227472E-04  0.187441E+08  0.187441E+08  0.249360E+08  0.249343E+08  0.000000E+00  0.187441E+08
  0.235181E-04  0.187441E+08  0.187441E+08  0.249321E+08  0.249303E+08  0.000000E+00  0.187441E+08
  0.243151E-04  0.187441E+08  0.187441E+08  0.249280E+08  0.249260E+08  0.000000E+00  0.187441E+08
  0.251391E-04  0.187441E+08  0.187441E+08  0.249235E+08  0.249215E+08  0.000000E+00  0.187441E+08
  0.259910E-04  0.187441E+08  0.187441E+08  0.249188E+08  0.249166E+08  0.000000E+00  0.187441E+08
  0.268718E-04  0.187441E+08  0.187441E+08  0.249137E+08  0.249114E+08  0.000000E+00  0.187441E+08
  0.277825E-04  0.187441E+08  0.187441E+08  0.249083E+08  0.249058E+08  0.000000E+00  0.187441E+08
  0.287240E-04  0.187441E+08  0.187441E+08  0.249026E+08  0.248999E+08  0.000000E+00  0.187441E+08
  0.296974E-04  0.187440E+08  0.187440E+08  0.248964E+08  0.248935E+08  0.000000E+00  0.187440E+08
  0.307038E-04  0.187440E+08  0.187440E+08  0.248898E+08  0.248867E+08  0.000000E+00  0.187440E+08
  0.317443E-04  0.187440E+08  0.187440E+08  0.248827E+08  0.248794E+08  0.000000E+00  0.187440E+08
  0.328201E-04  0.187440E+08  0.187440E+08  0.248752E+08  0.248717E+08  0.000000E+00  0.187440E+08
  0.339323E-04  0.187440E+08  0.187440E+08  0.248671E+08  0.248634E+08  0.000000E+00  0.187440E+08
  0.350822E-04  0.187440E+08  0.187440E+08  0.248585E+08  0.248545E+08  0.000000E+00  0.187440E+08
  0.362711E-04  0.187440E+08  0.187439E+08  0.248493E+08  0.248450E+08  0.000000E+00  0.187440E+08
  0.375003E-04  0.187439E+08  0.187439E+08  0.248395E+08  0.248349E+08  0.000000E+00  0.187439E+08
  0.387712E-04  0.187439E+08  0.187439E+08  0.248290E+08  0.248241E+08  0.000000E+00  0.187439E+08
  0.400851E-04  0.187439E+08  0.187439E+08  0.248178E+08  0.248125E+08  0.000000E+00  0.187439E+08
  0.414435E-04  0.187439E+08  0.187439E+08  0.248058E+08  0.248002E+08  0.000000E+00  0.187439E+08
  0.428480E-04  0.187438E+08  0.187438E+08  0.247930E+08  0.247870E+08  0.000000E+00  0.187438E+08
  0.443000E-04  0.187438E+08  0.187438E+08  0.247793E+08  0.247729E+08  0.000000E+00  0.187438E+08
  0.458013E-04  0.187438E+08  0.187438E+08  0.247647E+08  0.247578E+08  0.000000E+00  0.187438E+08
  0.473535E-04  0.187437E+08  0.187437E+08  0.247490E+08  0.247417E+08  0.000000E+00  0.187437E+08
  0.489582E-04  0.187437E+08  0.187437E+08  0.247324E+08  0.247246E+08  0.000000E+00  0.187437E+08
  0.506173E-04  0.187437E+08  0.187437E+08  0.247145E+08  0.247062E+08  0.000000E+00  0.187437E+08
  0.523327E-04  0.187436E+08  0.187436E+08  0.246955E+08  0.246866E+08  0.000000E+00  0.187436E+08
  0.541062E-04  0.187436E+08  0.187436E+08  0.246752E+08  0.246656E+08  0.000000E+00  0.187436E+08
  0.559398E-04  0.187435E+08  0.187435E+08  0.246534E+08  0.246433E+08  0.000000E+00  0.187435E+08
  0.578355E-04  0.187435E+08  0.187435E+08  0.246302E+08  0.246194E+08  0.000000E+00  0.187435E+08
  0.597955E-04  0.187434E+08  0.187434E+08  0.246054E+08  0.245938E+08  0.000000E+00  0.187434E+08
  0.618219E-04  0.187434E+08  0.187434E+08  0.245790E+08  0.245666E+08  0.000000E+00  0.187434E+08
  0.639169E-04  0.187433E+08  0.187433E+08  0.245507E+08  0.245375E+08  0.000000E+00  0.187433E+08
  0.660830E-04  0.187433E+08  0.187432E+08  0.245206E+08  0.245064E+08  0.000000E+00  0.187433E+08
  0.683225E-04  0.187432E+08  0.187432E+08  0.244884E+08  0.244733E+08  0.000000E+00  0.187432E+08
  0.706378E-04  0.187431E+08  0.187431E+08  0.244540E+08  0.244379E+08  0.000000E+00  0.187431E+08
  0.730317E-04  0.187431E+08  0.187430E+08  0.244173E+08  0.244001E+08  0.000000E+00  0.187431E+08
  0.755066E-04  0.187430E+08  0.187429E+08  0.243781E+08  0.243597E+08  0.000000E+00  0.187430E+08
  0.780654E-04  0.187429E+08  0.187429E+08  0.243363E+08  0.243167E+08  0.000000E+00  0.187429E+08
  0.807110E-04  0.187428E+08  0.187428E+08  0.242916E+08  0.242707E+08  0.000000E+00  0.187428E+08
  0.834462E-04  0.187427E+08  0.187427E+08  0.242440E+08  0.242217E+08  0.000000E+00  0.187427E+08
  0.862741E-04  0.187426E+08  0.187425E+08  0.241932E+08  0.241694E+08  0.000000E+00  0.187426E+08
  0.891978E-04  0.187425E+08  0.187424E+08  0.241390E+08  0.241136E+08  0.000000E+00  0.187425E+08
  0.922206E-04  0.187424E+08  0.187423E+08  0.240812E+08  0.240541E+08  0.000000E+00  0.187423E+08
  0.953458E-04  0.187422E+08  0.187422E+08  0.240195E+08  0.239906E+08  0.000000E+00  0.187422E+08
  0.985770E-04  0.187421E+08  0.187420E+08  0.239538E+08  0.239230E+08  0.000000E+00  0.187421E+08
  0.101918E-03  0.187419E+08  0.187419E+08  0.238837E+08  0.238508E+08  0.000000E+00  0.187419E+08
  0.105371E-03  0.187418E+08  0.187417E+08  0.238090E+08  0.237740E+08  0.000000E+00  0.187418E+08
  0.108942E-03  0.187416E+08  0.187415E+08  0.237294E+08  0.236920E+08  0.000000E+00  0.187416E+08
  0.112634E-03  0.187414E+08  0.187414E+08  0.236446E+08  0.236047E+08  0.000000E+00  0.187414E+08
  0.116451E-03  0.187412E+08  0.187412E+08  0.235542E+08  0.235118E+08  0.000000E+00  0.187412E+08
  0.120398E-03  0.187410E+08  0.187409E+08  0.234580E+08  0.234128E+08  0.000000E+00  0.187410E+08
  0.124478E-03  0.187408E+08  0.187407E+08  0.233555E+08  0.233073E+08  0.000000E+00  0.187408E+08
  0.128696E-03  0.187406E+08  0.187405E+08  0.232464E+08  0.231951E+08  0.000000E+00  0.187405E+08
  0.133058E-03  0.187403E+08  0.187402E+08  0.231304E+08  0.230758E+08  0.000000E+00  0.187403E+08
  0.137567E-03  0.187400E+08  0.187399E+08  0.230069E+08  0.229488E+08  0.000000E+00  0.187400E+08
  0.142229E-03  0.187397E+08  0.187396E+08  0.228756E+08  0.228138E+08  0.000000E+00  0.187397E+08
  0.147049E-03  0.187394E+08  0.187393E+08  0.227360E+08  0.226703E+08  0.000000E+00  0.187394E+08
  0.152032E-03  0.187391E+08  0.187390E+08  0.225877E+08  0.225178E+08  0.000000E+00  0.187391E+08
  0.157184E-03  0.187388E+08  0.187386E+08  0.224302E+08  0.223559E+08  0.000000E+00  0.187387E+08
  0.162511E-03  0.187384E+08  0.187382E+08  0.222629E+08  0.221839E+08  0.000000E+00  0.187384E+08
  0.168018E-03  0.187380E+08  0.187378E+08  0.220854E+08  0.220015E+08  0.000000E+00  0.187380E+08
  0.173712E-03  0.187376E+08  0.187374E+08  0.218971E+08  0.218081E+08  0.000000E+00  0.187375E+08
  0.179599E-03  0.187371E+08  0.187369E+08  0.216974E+08  0.216030E+08  0.000000E+00  0.187371E+08
  0.185685E-03  0.187366E+08  0.187364E+08  0.214859E+08  0.213858E+08  0.000000E+00  0.187366E+08
  0.191978E-03  0.187361E+08  0.187359E+08  0.212620E+08  0.211559E+08  0.000000E+00  0.187361E+08
  0.198484E-03  0.187355E+08  0.187353E+08  0.210250E+08  0.209126E+08  0.000000E+00  0.187355E+08
  0.205210E-03  0.187349E+08  0.187347E+08  0.207744E+08  0.206555E+08  0.000000E+00  0.187349E+08
  0.212165E-03  0.187343E+08  0.187341E+08  0.205096E+08  0.203839E+08  0.000000E+00  0.187343E+08
  0.219355E-03  0.187336E+08  0.187334E+08  0.202301E+08  0.200972E+08  0.000000E+00  0.187336E+08
  0.226788E-03  0.187329E+08  0.187326E+08  0.199353E+08  0.197949E+08  0.000000E+00  0.187329E+08
  0.234474E-03  0.187321E+08  0.187318E+08  0.196246E+08  0.194764E+08  0.000000E+00  0.187321E+08
  0.242420E-03  0.187313E+08  0.187310E+08  0.192975E+08  0.191413E+08  0.000000E+00  0.187313E+08
  0.250635E-03  0.187304E+08  0.187301E+08  0.189535E+08  0.187890E+08  0.000000E+00  0.187304E+08
  0.259129E-03  0.187295E+08  0.187291E+08  0.185921E+08  0.184191E+08  0.000000E+00  0.187294E+08
  0.267910E-03  0.187285E+08  0.187281E+08  0.182131E+08  0.180312E+08  0.000000E+00  0.187284E+08
  0.276990E-03  0.187274E+08  0.187270E+08  0.178160E+08  0.176251E+08  0.000000E+00  0.187274E+08
  0.286376E-03  0.187263E+08  0.187259E+08  0.174005E+08  0.172004E+08  0.000000E+00  0.187262E+08
  0.296081E-03  0.187251E+08  0.187246E+08  0.169665E+08  0.167571E+08  0.000000E+00  0.187250E+08
  0.306115E-03  0.187238E+08  0.187233E+08  0.165140E+08  0.162951E+08  0.000000E+00  0.187237E+08
  0.316489E-03  0.187224E+08  0.187219E+08  0.160429E+08  0.158145E+08  0.000000E+00  0.187224E+08
  0.327214E-03  0.187210E+08  0.187204E+08  0.155535E+08  0.153156E+08  0.000000E+00  0.187209E+08
  0.338303E-03  0.187194E+08  0.187188E+08  0.150461E+08  0.147987E+08  0.000000E+00  0.187193E+08
  0.349768E-03  0.187178E+08  0.187171E+08  0.145212E+08  0.142646E+08  0.000000E+00  0.187177E+08
  0.361621E-03  0.187160E+08  0.187153E+08  0.139795E+08  0.137138E+08  0.000000E+00  0.187159E+08
  0.373876E-03  0.187141E+08  0.187134E+08  0.134219E+08  0.131476E+08  0.000000E+00  0.187140E+08
  0.386546E-03  0.187121E+08  0.187114E+08  0.128497E+08  0.125671E+08  0.000000E+00  0.187120E+08
  0.399646E-03  0.187100E+08  0.187092E+08  0.122641E+08  0.119738E+08  0.000000E+00  0.187099E+08
  0.413189E-03  0.187077E+08  0.187069E+08  0.116669E+08  0.113695E+08  0.000000E+00  0.187076E+08
  0.427192E-03  0.187053E+08  0.187045E+08  0.110599E+08  0.107563E+08  0.000000E+00  0.187052E+08
  0.441669E-03  0.187028E+08  0.187018E+08  0.104455E+08  0.101366E+08  0.000000E+00  0.187026E+08
  0.456636E-03  0.187001E+08  0.186991E+08  0.982602E+07  0.951298E+07  0.000000E+00  0.186999E+08
  0.472111E-03  0.186972E+08  0.186961E+08  0.920434E+07  0.888841E+07  0.000000E+00  0.186970E+08
  0.488111E-03  0.186941E+08  0.186930E+08  0.858353E+07  0.826613E+07  0.000000E+00  0.186940E+08
  0.504652E-03  0.186909E+08  0.186897E+08  0.796691E+07  0.764960E+07  0.000000E+00  0.186907E+08
  0.521754E-03  0.186874E+08  0.186862E+08  0.735804E+07  0.704255E+07  0.000000E+00  0.186873E+08
  0.539436E-03  0.186838E+08  0.186825E+08  0.676067E+07  0.644886E+07  0.000000E+00  0.186836E+08
  0.557716E-03  0.186799E+08  0.186785E+08  0.617870E+07  0.587254E+07  0.000000E+00  0.186797E+08
  0.576617E-03  0.186758E+08  0.186744E+08  0.561609E+07  0.531766E+07  0.000000E+00  0.186756E+08
  0.596158E-03  0.186715E+08  0.186699E+08  0.507679E+07  0.478822E+07  0.000000E+00  0.186712E+08
  0.616361E-03  0.186669E+08  0.186653E+08  0.456464E+07  0.428810E+07  0.000000E+00  0.186666E+08
  0.637248E-03  0.186620E+08  0.186603E+08  0.408326E+07  0.382092E+07  0.000000E+00  0.186618E+08
  0.658844E-03  0.186569E+08  0.186551E+08  0.363595E+07  0.338990E+07  0.000000E+00  0.186566E+08
  0.681171E-03  0.186515E+08  0.186496E+08  0.322553E+07  0.299774E+07  0.000000E+00  0.186512E+08
  0.704255E-03  0.186457E+08  0.186438E+08  0.285421E+07  0.264645E+07  0.000000E+00  0.186454E+08
  0.728122E-03  0.186397E+08  0.186376E+08  0.252347E+07  0.233726E+07  0.000000E+00  0.186393E+08
  0.752797E-03  0.186333E+08  0.186311E+08  0.223395E+07  0.207048E+07  0.000000E+00  0.186329E+08
  0.778308E-03  0.186265E+08  0.186243E+08  0.198530E+07  0.184536E+07  0.000000E+00  0.186262E+08
  0.804684E-03  0.186194E+08  0.186171E+08  0.177617E+07  0.166007E+07  0.000000E+00  0.186190E+08
  0.831954E-03  0.186119E+08  0.186095E+08  0.160413E+07  0.151169E+07  0.000000E+00  0.186115E+08
  0.860148E-03  0.186040E+08  0.186015E+08  0.146572E+07  0.139617E+07  0.000000E+00  0.186036E+08
  0.889297E-03  0.185957E+08  0.185931E+08  0.135652E+07  0.130854E+07  0.000000E+00  0.185953E+08
  0.919434E-03  0.185870E+08  0.185842E+08  0.127132E+07  0.124300E+07  0.000000E+00  0.185865E+08
  0.950592E-03  0.185778E+08  0.185749E+08  0.120435E+07  0.119326E+07  0.000000E+00  0.185773E+08
  0.982807E-03  0.185681E+08  0.185651E+08  0.114958E+07  0.115283E+07  0.000000E+00  0.185676E+08
  0.101611E-02  0.185579E+08  0.185549E+08  0.110108E+07  0.111543E+07  0.000000E+00  0.185575E+08
  0.105055E-02  0.185473E+08  0.185441E+08  0.105345E+07  0.107544E+07  0.000000E+00  0.185468E+08
  0.108615E-02  0.185360E+08  0.185328E+08  0.100220E+07  0.102833E+07  0.000000E+00  0.185355E+08
  0.112296E-02  0.185243E+08  0.185210E+08  0.944159E+06  0.971080E+06  0.000000E+00  0.185238E+08
  0.116101E-02  0.185119E+08  0.185085E+08  0.877736E+06  0.902436E+06  0.000000E+00  0.185114E+08
  0.120036E-02  0.184990E+08  0.184955E+08  0.803114E+06  0.823105E+06  0.000000E+00  0.184984E+08
  0.124104E-02  0.184854E+08  0.184818E+08  0.722209E+06  0.735676E+06  0.000000E+00  0.184848E+08
  0.128309E-02  0.184711E+08  0.184675E+08  0.638430E+06  0.644338E+06  0.000000E+00  0.184706E+08
  0.132658E-02  0.184562E+08  0.184525E+08  0.556217E+06  0.554346E+06  0.000000E+00  0.184556E+08
  0.137153E-02  0.184406E+08  0.184368E+08  0.480370E+06  0.471277E+06  0.000000E+00  0.184400E+08
  0.141801E-02  0.184242E+08  0.184204E+08  0.415252E+06  0.400151E+06  0.000000E+00  0.184236E+08
  0.146607E-02  0.184071E+08  0.184032E+08  0.363977E+06  0.344551E+06  0.000000E+00  0.184065E+08
  0.151575E-02  0.183891E+08  0.183853E+08  0.327729E+06  0.305897E+06  0.000000E+00  0.183885E+08
  0.156712E-02  0.183704E+08  0.183665E+08  0.305374E+06  0.283045E+06  0.000000E+00  0.183698E+08
  0.162022E-02  0.183507E+08  0.183468E+08  0.293518E+06  0.272362E+06  0.000000E+00  0.183501E+08
  0.167513E-02  0.183302E+08  0.183263E+08  0.287068E+06  0.268354E+06  0.000000E+00  0.183296E+08
  0.173190E-02  0.183088E+08  0.183048E+08  0.280274E+06  0.264794E+06  0.000000E+00  0.183082E+08
  0.179059E-02  0.182864E+08  0.182824E+08  0.268078E+06  0.256155E+06  0.000000E+00  0.182858E+08
  0.185127E-02  0.182630E+08  0.182590E+08  0.247447E+06  0.239024E+06  0.000000E+00  0.182624E+08
  0.191401E-02  0.182385E+08  0.182346E+08  0.218320E+06  0.213076E+06  0.000000E+00  0.182379E+08
  0.197887E-02  0.182130E+08  0.182091E+08  0.183761E+06  0.181223E+06  0.000000E+00  0.182124E+08
  0.204594E-02  0.181864E+08  0.181824E+08  0.149146E+06  0.148739E+06  0.000000E+00  0.181858E+08
  0.211527E-02  0.181586E+08  0.181547E+08  0.120443E+06  0.121491E+06  0.000000E+00  0.181580E+08
  0.218695E-02  0.181297E+08  0.181257E+08  0.102067E+06  0.103759E+06  0.000000E+00  0.181291E+08
  0.226107E-02  0.180995E+08  0.180955E+08  0.950775E+05  0.964752E+05  0.000000E+00  0.180989E+08
  0.233769E-02  0.180680E+08  0.180641E+08  0.965339E+05  0.966751E+05  0.000000E+00  0.180674E+08
  0.241691E-02  0.180353E+08  0.180313E+08  0.100528E+06  0.986535E+05  0.000000E+00  0.180346E+08
  0.249882E-02  0.180011E+08  0.179971E+08  0.100709E+06  0.965409E+05  0.000000E+00  0.180005E+08
  0.258350E-02  0.179656E+08  0.179616E+08  0.932870E+05  0.872260E+05  0.000000E+00  0.179650E+08
  0.267105E-02  0.179286E+08  0.179246E+08  0.790038E+05  0.720679E+05  0.000000E+00  0.179280E+08
  0.276157E-02  0.178902E+08  0.178861E+08  0.627390E+05  0.561917E+05  0.000000E+00  0.178895E+08
  0.285516E-02  0.178502E+08  0.178460E+08  0.506209E+05  0.453990E+05  0.000000E+00  0.178495E+08
  0.295191E-02  0.178086E+08  0.178044E+08  0.461004E+05  0.423507E+05  0.000000E+00  0.178079E+08
  0.305195E-02  0.177653E+08  0.177611E+08  0.475435E+05  0.445993E+05  0.000000E+00  0.177647E+08
  0.315538E-02  0.177204E+08  0.177161E+08  0.493502E+05  0.462492E+05  0.000000E+00  0.177198E+08
  0.326231E-02  0.176738E+08  0.176694E+08  0.462467E+05  0.424962E+05  0.000000E+00  0.176731E+08
  0.337287E-02  0.176254E+08  0.176209E+08  0.376197E+05  0.336424E+05  0.000000E+00  0.176247E+08
  0.348717E-02  0.175752E+08  0.175706E+08  0.280257E+05  0.248824E+05  0.000000E+00  0.175745E+08
  0.360534E-02  0.175231E+08  0.175184E+08  0.228518E+05  0.214252E+05  0.000000E+00  0.175224E+08
  0.372752E-02  0.174691E+08  0.174643E+08  0.228625E+05  0.232186E+05  0.000000E+00  0.174683E+08
  0.385385E-02  0.174131E+08  0.174082E+08  0.234006E+05  0.249085E+05  0.000000E+00  0.174123E+08
  0.398445E-02  0.173550E+08  0.173501E+08  0.198460E+05  0.218227E+05  0.000000E+00  0.173543E+08
  0.411948E-02  0.172949E+08  0.172899E+08  0.135239E+05  0.155594E+05  0.000000E+00  0.172942E+08
  0.425908E-02  0.172327E+08  0.172276E+08  0.103402E+05  0.119550E+05  0.000000E+00  0.172319E+08
  0.440341E-02  0.171683E+08  0.171630E+08  0.127954E+05  0.132000E+05  0.000000E+00  0.171675E+08
  0.455264E-02  0.171017E+08  0.170963E+08  0.159673E+05  0.150986E+05  0.000000E+00  0.171008E+08
  0.470692E-02  0.170328E+08  0.170273E+08  0.143676E+05  0.175996E+05  0.000000E+00  0.170319E+08
  0.486644E-02  0.169615E+08  0.169559E+08  0.103866E+05  0.212670E+05  0.000000E+00  0.169606E+08
  0.503135E-02  0.168879E+08  0.168821E+08  0.102275E+05  0.000000E+00  0.000000E+00  0.168870E+08
  0.520186E-02  0.168118E+08  0.168059E+08  0.127616E+05  0.000000E+00  0.000000E+00  0.168109E+08
  0.537814E-02  0.167333E+08  0.167271E+08  0.113034E+05  0.000000E+00  0.000000E+00  0.167323E+08
  0.556040E-02  0.166522E+08  0.166458E+08  0.664311E+04  0.000000E+00  0.000000E+00  0.166512E+08
  0.574884E-02  0.165685E+08  0.165619E+08  0.590493E+04  0.000000E+00  0.000000E+00  0.165674E+08
  0.594366E-02  0.164821E+08  0.164754E+08  0.795425E+04  0.000000E+00  0.000000E+00  0.164811E+08
  0.614508E-02  0.163931E+08  0.163861E+08  0.647541E+04  0.000000E+00  0.000000E+00  0.163920E+08
  0.635333E-02  0.163013E+08  0.162941E+08  0.452949E+04  0.000000E+00  0.000000E+00  0.163002E+08
  0.656864E-02  0.162067E+08  0.161993E+08  0.582581E+04  0.000000E+00  0.000000E+00  0.162056E+08
  0.679124E-02  0.161093E+08  0.161016E+08  0.460285E+04  0.000000E+00  0.000000E+00  0.161081E+08
  0.702139E-02  0.160090E+08  0.160010E+08  0.179643E+04  0.000000E+00  0.000000E+00  0.160077E+08
  0.725933E-02  0.159057E+08  0.158974E+08  0.330012E+04  0.000000E+00  0.000000E+00  0.159044E+08
  0.750534E-02  0.157994E+08  0.157908E+08  0.355006E+04  0.000000E+00  0.000000E+00  0.157980E+08
  0.775969E-02  0.156900E+08  0.156811E+08  0.176668E+04  0.000000E+00  0.000000E+00  0.156886E+08
  0.802265E-02  0.155776E+08  0.155683E+08  0.233344E+04  0.000000E+00  0.000000E+00  0.155761E+08
  0.829453E-02  0.154620E+08  0.154523E+08  0.162421E+04  0.000000E+00  0.000000E+00  0.154604E+08
  0.857562E-02  0.153431E+08  0.153331E+08  0.222645E+04  0.000000E+00  0.000000E+00  0.153416E+08
  0.886624E-02  0.152210E+08  0.152106E+08  0.143898E+04  0.000000E+00  0.000000E+00  0.152194E+08
  0.916671E-02  0.150956E+08  0.150847E+08  0.103519E+04  0.000000E+00  0.000000E+00  0.150939E+08
  0.947735E-02  0.149669E+08  0.149555E+08  0.206893E+04  0.000000E+00  0.000000E+00  0.149651E+08
  0.979853E-02  0.148347E+08  0.148228E+08  0.222059E+03  0.000000E+00  0.000000E+00  0.148329E+08
  0.101306E-01  0.146991E+08  0.146867E+08  0.121012E+04  0.000000E+00  0.000000E+00  0.146971E+08
  0.104739E-01  0.145600E+08  0.145470E+08  0.467416E+03  0.000000E+00  0.000000E+00  0.145579E+08
  0.108288E-01  0.144173E+08  0.144037E+08  0.877560E+03  0.000000E+00  0.000000E+00  0.144151E+08
  0.111958E-01  0.142710E+08  0.142568E+08  0.473301E+03  0.000000E+00  0.000000E+00  0.142688E+08
  0.115752E-01  0.141210E+08  0.141062E+08  0.769121E+03  0.000000E+00  0.000000E+00  0.141187E+08
  0.119675E-01  0.139674E+08  0.139519E+08  0.227842E+03  0.000000E+00  0.000000E+00  0.139650E+08
  0.123731E-01  0.138100E+08  0.137938E+08  0.486294E+03  0.000000E+00  0.000000E+00  0.138075E+08
  0.127924E-01  0.136489E+08  0.136319E+08  0.329022E+03  0.000000E+00  0.000000E+00  0.136462E+08
  0.132259E-01  0.134839E+08  0.134662E+08  0.498246E+02  0.000000E+00  0.000000E+00  0.134812E+08
  0.136741E-01  0.133151E+08  0.132966E+08  0.452843E+03  0.000000E+00  0.000000E+00  0.133122E+08
  0.141375E-01  0.131425E+08  0.131230E+08  0.305988E+03  0.000000E+00  0.000000E+00  0.131394E+08
  0.146166E-01  0.129659E+08  0.129456E+08  0.319310E+02  0.000000E+00  0.000000E+00  0.129628E+08
  0.151119E-01  0.127855E+08  0.127642E+08  0.153843E+03  0.000000E+00  0.000000E+00  0.127821E+08
  0.156241E-01  0.126011E+08  0.125788E+08  0.197004E+03  0.000000E+00  0.000000E+00  0.125976E+08
  0.161536E-01  0.124128E+08  0.123895E+08  0.133239E+03  0.000000E+00  0.000000E+00  0.124091E+08
  0.167010E-01  0.122205E+08  0.121962E+08 -0.727333E+02  0.000000E+00  0.000000E+00  0.122167E+08
  0.172669E-01  0.120244E+08  0.119990E+08  0.136977E+03  0.000000E+00  0.000000E+00  0.120205E+08
  0.178521E-01  0.118245E+08  0.117979E+08  0.224778E+02  0.000000E+00  0.000000E+00  0.118203E+08
  0.184571E-01  0.116207E+08  0.115930E+08  0.117274E+03  0.000000E+00  0.000000E+00  0.116164E+08
  0.190826E-01  0.114132E+08  0.113843E+08  0.152614E+03  0.000000E+00  0.000000E+00  0.114086E+08
  0.197293E-01  0.112020E+08  0.111719E+08 -0.130742E+01  0.000000E+00  0.000000E+00  0.111973E+08
  0.203979E-01  0.109872E+08  0.109560E+08  0.278058E+02  0.000000E+00  0.000000E+00  0.109823E+08
  0.210891E-01  0.107691E+08  0.107366E+08  0.351265E+02  0.000000E+00  0.000000E+00  0.107640E+08
  0.218038E-01  0.105477E+08  0.105139E+08  0.812854E+02  0.000000E+00  0.000000E+00  0.105424E+08
  0.225427E-01  0.103232E+08  0.102882E+08  0.141160E+03  0.000000E+00  0.000000E+00  0.103177E+08
  0.233067E-01  0.100959E+08  0.100596E+08  0.629995E+01  0.000000E+00  0.000000E+00  0.100902E+08
  0.240965E-01  0.986593E+07  0.982849E+07  0.737857E+02  0.000000E+00  0.000000E+00  0.986008E+07
  0.249131E-01  0.963372E+07  0.959508E+07 -0.153424E+02  0.000000E+00  0.000000E+00  0.962768E+07
  0.257574E-01  0.939955E+07  0.935975E+07  0.335285E+02  0.000000E+00  0.000000E+00  0.939333E+07
  0.266302E-01  0.916380E+07  0.912289E+07  0.278000E+02  0.000000E+00  0.000000E+00  0.915740E+07
  0.275327E-01  0.892689E+07  0.888493E+07 -0.577192E-01  0.000000E+00  0.000000E+00  0.892033E+07
  0.284658E-01  0.868929E+07  0.864636E+07 -0.215569E+02  0.000000E+00  0.000000E+00  0.868258E+07
  0.294304E-01  0.845152E+07  0.840771E+07  0.611822E+02  0.000000E+00  0.000000E+00  0.844467E+07
  0.304278E-01  0.821413E+07  0.816955E+07 -0.166550E+02  0.000000E+00  0.000000E+00  0.820716E+07
  0.314589E-01  0.797773E+07  0.793249E+07  0.671854E+01  0.000000E+00  0.000000E+00  0.797066E+07
  0.325251E-01  0.774295E+07  0.769720E+07 -0.336557E+02  0.000000E+00  0.000000E+00  0.773580E+07
  0.336273E-01  0.751047E+07  0.746436E+07  0.199682E+02  0.000000E+00  0.000000E+00  0.750327E+07
  0.347669E-01  0.728100E+07  0.723470E+07  0.106310E+01  0.000000E+00  0.000000E+00  0.727377E+07
  0.359451E-01  0.705525E+07  0.700896E+07  0.149481E+02  0.000000E+00  0.000000E+00  0.704802E+07
  0.371632E-01  0.683395E+07  0.678786E+07  0.265521E+02  0.000000E+00  0.000000E+00  0.682675E+07
  0.384226E-01  0.661782E+07  0.657215E+07 -0.337462E+01  0.000000E+00  0.000000E+00  0.661068E+07
  0.397247E-01  0.640755E+07  0.636254E+07 -0.231747E+01  0.000000E+00  0.000000E+00  0.640052E+07
  0.410709E-01  0.620380E+07  0.615967E+07 -0.641465E+01  0.000000E+00  0.000000E+00  0.619691E+07
  0.424628E-01  0.600717E+07  0.596415E+07 -0.627705E+01  0.000000E+00  0.000000E+00  0.600045E+07
  0.439018E-01  0.581815E+07  0.577648E+07  0.871710E+01  0.000000E+00  0.000000E+00  0.581164E+07
  0.453652E-01  0.563998E+07  0.559987E+07  0.118279E+02  0.000000E+00  0.000000E+00  0.563371E+07
  0.468286E-01  0.547509E+07  0.543668E+07  0.383755E+01  0.000000E+00  0.000000E+00  0.546909E+07
  0.482920E-01  0.532252E+07  0.528592E+07  0.681264E+00  0.000000E+00  0.000000E+00  0.531680E+07
  0.497554E-01  0.518126E+07  0.514656E+07  0.159824E+01  0.000000E+00  0.000000E+00  0.517584E+07
  0.512188E-01  0.505030E+07  0.501755E+07 -0.159270E+02  0.000000E+00  0.000000E+00  0.504519E+07
  0.526822E-01  0.492863E+07  0.489785E+07 -0.252046E+00  0.000000E+00  0.000000E+00  0.492382E+07
  0.541455E-01  0.481521E+07  0.478640E+07 -0.377640E+01  0.000000E+00  0.000000E+00  0.481071E+07
  0.556089E-01  0.470907E+07  0.468218E+07  0.233086E+01  0.000000E+00  0.000000E+00  0.470487E+07
  0.570723E-01  0.460923E+07  0.458420E+07 -0.252425E+01  0.000000E+00  0.000000E+00  0.460532E+07
  0.585357E-01  0.451479E+07  0.449154E+07 -0.480930E+01  0.000000E+00  0.000000E+00  0.451116E+07
  0.599991E-01  0.442489E+07  0.440330E+07  0.205177E+01  0.000000E+00  0.000000E+00  0.442152E+07
  0.614625E-01  0.433872E+07  0.431867E+07 -0.298696E+01  0.000000E+00  0.000000E+00  0.433559E+07
  0.629259E-01  0.425557E+07  0.423692E+07 -0.394680E+01  0.000000E+00  0.000000E+00  0.425266E+07
  0.643893E-01  0.417479E+07  0.415738E+07 -0.336763E-01  0.000000E+00  0.000000E+00  0.417207E+07
  0.658527E-01  0.409580E+07  0.407949E+07 -0.505937E+01  0.000000E+00  0.000000E+00  0.409325E+07
  0.673161E-01  0.401813E+07  0.400275E+07  0.497970E+01  0.000000E+00  0.000000E+00  0.401573E+07
  0.687795E-01  0.394139E+07  0.392677E+07 -0.207385E+01  0.000000E+00  0.000000E+00  0.393910E+07
  0.702429E-01  0.386524E+07  0.385123E+07 -0.296793E+01  0.000000E+00  0.000000E+00  0.386305E+07
  0.717063E-01  0.378946E+07  0.377591E+07  0.114134E+01  0.000000E+00  0.000000E+00  0.378734E+07
  0.731697E-01  0.371388E+07  0.370064E+07  0.227520E+01  0.000000E+00  0.000000E+00  0.371181E+07
  0.746330E-01  0.363847E+07  0.362540E+07 -0.889031E+01  0.000000E+00  0.000000E+00  0.363643E+07
  0.760964E-01  0.356307E+07  0.355004E+07 -0.412531E+01  0.000000E+00  0.000000E+00  0.356103E+07
  0.775598E-01  0.348781E+07  0.347472E+07  0.118120E+01  0.000000E+00  0.000000E+00  0.348576E+07
  0.790232E-01  0.341278E+07  0.339953E+07 -0.709282E+01  0.000000E+00  0.000000E+00  0.341071E+07
  0.804866E-01  0.333812E+07  0.332464E+07 -0.235693E+01  0.000000E+00  0.000000E+00  0.333602E+07
  0.819500E-01  0.326402E+07  0.325023E+07  0.441891E+01  0.000000E+00  0.000000E+00  0.326186E+07
  0.834134E-01  0.319066E+07  0.317653E+07 -0.809194E+01  0.000000E+00  0.000000E+00  0.318845E+07
  0.848768E-01  0.311827E+07  0.310377E+07 -0.923685E+01  0.000000E+00  0.000000E+00  0.311601E+07
  0.863402E-01  0.304709E+07  0.303220E+07  0.220039E+01  0.000000E+00  0.000000E+00  0.304476E+07
  0.878036E-01  0.297734E+07  0.296208E+07 -0.677312E-01  0.000000E+00  0.000000E+00  0.297496E+07
  0.892670E-01  0.290927E+07  0.289365E+07 -0.401779E+01  0.000000E+00  0.000000E+00  0.290683E+07
  0.907304E-01  0.284310E+07  0.282714E+07 -0.943407E+00  0.000000E+00  0.000000E+00  0.284061E+07
  0.921938E-01  0.277903E+07  0.276278E+07 -0.946969E+00  0.000000E+00  0.000000E+00  0.277649E+07
  0.940230E-01  0.270217E+07  0.268563E+07 -0.153537E+01  0.000000E+00  0.000000E+00  0.269958E+07
  0.958523E-01  0.262918E+07  0.261245E+07 -0.103634E+01  0.000000E+00  0.000000E+00  0.262656E+07
  0.976815E-01  0.256029E+07  0.254347E+07 -0.439108E+00  0.000000E+00  0.000000E+00  0.255766E+07
  0.995107E-01  0.249564E+07  0.247886E+07 -0.116449E+01  0.000000E+00  0.000000E+00  0.249302E+07
  0.101340E+00  0.243530E+07  0.241866E+07  0.419880E+01  0.000000E+00  0.000000E+00  0.243270E+07
  0.103169E+00  0.237924E+07  0.236286E+07 -0.439833E+00  0.000000E+00  0.000000E+00  0.237669E+07
  0.104998E+00  0.232737E+07  0.231136E+07 -0.952782E+00  0.000000E+00  0.000000E+00  0.232487E+07
  0.106828E+00  0.227950E+07  0.226395E+07 -0.987921E-01  0.000000E+00  0.000000E+00  0.227707E+07
  0.108657E+00  0.223538E+07  0.222038E+07 -0.331930E+01  0.000000E+00  0.000000E+00  0.223304E+07
  0.110486E+00  0.219472E+07  0.218033E+07 -0.185050E+01  0.000000E+00  0.000000E+00  0.219247E+07
  0.112315E+00  0.215715E+07  0.214343E+07  0.595123E+00  0.000000E+00  0.000000E+00  0.215501E+07
  0.114145E+00  0.212229E+07  0.210928E+07 -0.197396E+01  0.000000E+00  0.000000E+00  0.212026E+07
  0.115974E+00  0.208976E+07  0.207747E+07 -0.120836E+01  0.000000E+00  0.000000E+00  0.208784E+07
  0.117803E+00  0.205913E+07  0.204756E+07 -0.162815E+01  0.000000E+00  0.000000E+00  0.205732E+07
  0.119632E+00  0.202998E+07  0.201912E+07  0.106166E+00  0.000000E+00  0.000000E+00  0.202828E+07
  0.121462E+00  0.200190E+07  0.199173E+07 -0.123982E+00  0.000000E+00  0.000000E+00  0.200031E+07
  0.123291E+00  0.197452E+07  0.196498E+07  0.108368E+01  0.000000E+00  0.000000E+00  0.197303E+07
  0.125120E+00  0.194750E+07  0.193853E+07  0.177177E+01  0.000000E+00  0.000000E+00  0.194610E+07
  0.126949E+00  0.192056E+07  0.191210E+07 -0.107938E+01  0.000000E+00  0.000000E+00  0.191924E+07
  0.128779E+00  0.189346E+07  0.188543E+07 -0.844401E+00  0.000000E+00  0.000000E+00  0.189220E+07
  0.130608E+00  0.186602E+07  0.185835E+07  0.780314E+00  0.000000E+00  0.000000E+00  0.186482E+07
  0.132437E+00  0.183810E+07  0.183071E+07 -0.174840E+01  0.000000E+00  0.000000E+00  0.183694E+07
  0.134266E+00  0.180961E+07  0.180242E+07 -0.160324E+00  0.000000E+00  0.000000E+00  0.180849E+07
  0.136096E+00  0.178051E+07  0.177344E+07  0.000000E+00  0.000000E+00  0.000000E+00  0.177940E+07
  0.137925E+00  0.175081E+07  0.174380E+07  0.000000E+00  0.000000E+00  0.000000E+00  0.174971E+07
  0.139754E+00  0.172057E+07  0.171356E+07  0.000000E+00  0.000000E+00  0.000000E+00  0.171948E+07
  0.141583E+00  0.168989E+07  0.168282E+07  0.000000E+00  0.000000E+00  0.000000E+00  0.168879E+07
  0.143413E+00  0.165892E+07  0.165174E+07  0.000000E+00  0.000000E+00  0.000000E+00  0.165780E+07
  0.145242E+00  0.162782E+07  0.162050E+07  0.000000E+00  0.000000E+00  0.000000E+00  0.162667E+07
  0.147071E+00  0.159677E+07  0.158929E+07  0.000000E+00  0.000000E+00  0.000000E+00  0.159560E+07
  0.148900E+00  0.156595E+07  0.155830E+07  0.000000E+00  0.000000E+00  0.000000E+00  0.156476E+07
  0.150730E+00  0.153557E+07  0.152773E+07  0.000000E+00  0.000000E+00  0.000000E+00  0.153434E+07
  0.152559E+00  0.150579E+07  0.149778E+07  0.000000E+00  0.000000E+00  0.000000E+00  0.150454E+07
  0.154388E+00  0.147678E+07  0.146862E+07  0.000000E+00  0.000000E+00  0.000000E+00  0.147550E+07
  0.156217E+00  0.144871E+07  0.144042E+07  0.000000E+00  0.000000E+00  0.000000E+00  0.144741E+07
  0.158047E+00  0.142171E+07  0.141333E+07  0.000000E+00  0.000000E+00  0.000000E+00  0.142040E+07
  0.159876E+00  0.139591E+07  0.138746E+07  0.000000E+00  0.000000E+00  0.000000E+00  0.139459E+07
  0.161705E+00  0.137139E+07  0.136292E+07  0.000000E+00  0.000000E+00  0.000000E+00  0.137007E+07
  0.163534E+00  0.134822E+07  0.133976E+07  0.000000E+00  0.000000E+00  0.000000E+00  0.134690E+07
  0.165364E+00  0.132641E+07  0.131802E+07  0.000000E+00  0.000000E+00  0.000000E+00  0.132510E+07
  0.167193E+00  0.130597E+07  0.129767E+07  0.000000E+00  0.000000E+00  0.000000E+00  0.130467E+07
  0.169022E+00  0.128684E+07  0.127868E+07  0.000000E+00  0.000000E+00  0.000000E+00  0.128556E+07
  0.170851E+00  0.126896E+07  0.126098E+07  0.000000E+00  0.000000E+00  0.000000E+00  0.126772E+07
  0.172681E+00  0.125227E+07  0.124449E+07  0.000000E+00  0.000000E+00  0.000000E+00  0.125106E+07
  0.174510E+00  0.123666E+07  0.122911E+07  0.000000E+00  0.000000E+00  0.000000E+00  0.123548E+07
  0.176339E+00  0.122201E+07  0.121471E+07  0.000000E+00  0.000000E+00  0.000000E+00  0.122087E+07
  0.178168E+00  0.120820E+07  0.120116E+07  0.000000E+00  0.000000E+00  0.000000E+00  0.120710E+07
  0.179998E+00  0.119510E+07  0.118833E+07  0.000000E+00  0.000000E+00  0.000000E+00  0.119404E+07
  0.181827E+00  0.118256E+07  0.117606E+07  0.000000E+00  0.000000E+00  0.000000E+00  0.118154E+07
  0.183656E+00  0.117043E+07  0.116420E+07  0.000000E+00  0.000000E+00  0.000000E+00  0.116946E+07
  0.185485E+00  0.115859E+07  0.115262E+07  0.000000E+00  0.000000E+00  0.000000E+00  0.115766E+07
  0.187314E+00  0.114691E+07  0.114118E+07  0.000000E+00  0.000000E+00  0.000000E+00  0.114601E+07
  0.189144E+00  0.113527E+07  0.112977E+07  0.000000E+00  0.000000E+00  0.000000E+00  0.113441E+07
  0.190973E+00  0.112359E+07  0.111829E+07  0.000000E+00  0.000000E+00  0.000000E+00  0.112276E+07
  0.192802E+00  0.111179E+07  0.110666E+07  0.000000E+00  0.000000E+00  0.000000E+00  0.111099E+07
  0.194631E+00  0.109980E+07  0.109481E+07  0.000000E+00  0.000000E+00  0.000000E+00  0.109902E+07
  0.196461E+00  0.108757E+07  0.108271E+07  0.000000E+00  0.000000E+00  0.000000E+00  0.108681E+07
  0.198290E+00  0.107509E+07  0.107032E+07  0.000000E+00  0.000000E+00  0.000000E+00  0.107434E+07
  0.200119E+00  0.106234E+07  0.105763E+07  0.000000E+00  0.000000E+00  0.000000E+00  0.106160E+07
  0.201948E+00  0.104932E+07  0.104465E+07  0.000000E+00  0.000000E+00  0.000000E+00  0.104859E+07
  0.203778E+00  0.103605E+07  0.103141E+07  0.000000E+00  0.000000E+00  0.000000E+00  0.103533E+07
  0.205607E+00  0.102259E+07  0.101795E+07  0.000000E+00  0.000000E+00  0.000000E+00  0.102187E+07
  0.207436E+00  0.100899E+07  0.100432E+07  0.000000E+00  0.000000E+00  0.000000E+00  0.100826E+07
  0.209265E+00  0.995289E+06  0.990588E+06  0.000000E+00  0.000000E+00  0.000000E+00  0.994554E+06
  0.211095E+00  0.981571E+06  0.976827E+06  0.000000E+00  0.000000E+00  0.000000E+00  0.980830E+06
  0.212924E+00  0.967902E+06  0.963109E+06  0.000000E+00  0.000000E+00  0.000000E+00  0.967153E+06
  0.214753E+00  0.954350E+06  0.949505E+06  0.000000E+00  0.000000E+00  0.000000E+00  0.953593E+06
  0.216582E+00  0.940983E+06  0.936088E+06  0.000000E+00  0.000000E+00  0.000000E+00  0.940218E+06
  0.218412E+00  0.927866E+06  0.922924E+06  0.000000E+00  0.000000E+00  0.000000E+00  0.927094E+06
  0.220241E+00  0.915060E+06  0.910080E+06  0.000000E+00  0.000000E+00  0.000000E+00  0.914282E+06
  0.222070E+00  0.902622E+06  0.897612E+06  0.000000E+00  0.000000E+00  0.000000E+00  0.901839E+06
  0.223899E+00  0.890600E+06  0.885572E+06  0.000000E+00  0.000000E+00  0.000000E+00  0.889814E+06
  0.225729E+00  0.879031E+06  0.873999E+06  0.000000E+00  0.000000E+00  0.000000E+00  0.878245E+06
  0.227558E+00  0.867942E+06  0.862920E+06  0.000000E+00  0.000000E+00  0.000000E+00  0.867157E+06
  0.229387E+00  0.857346E+06  0.852349E+06  0.000000E+00  0.000000E+00  0.000000E+00  0.856565E+06
  0.231216E+00  0.847246E+06  0.842288E+06  0.000000E+00  0.000000E+00  0.000000E+00  0.846471E+06
  0.233046E+00  0.837636E+06  0.832730E+06  0.000000E+00  0.000000E+00  0.000000E+00  0.836869E+06
  0.234875E+00  0.828498E+06  0.823659E+06  0.000000E+00  0.000000E+00  0.000000E+00  0.827742E+06
  0.236704E+00  0.819809E+06  0.815048E+06  0.000000E+00  0.000000E+00  0.000000E+00  0.819065E+06
  0.238533E+00  0.811539E+06  0.806866E+06  0.000000E+00  0.000000E+00  0.000000E+00  0.810809E+06
  0.240363E+00  0.803653E+06  0.799077E+06  0.000000E+00  0.000000E+00  0.000000E+00  0.802938E+06
  0.242192E+00  0.796109E+06  0.791636E+06  0.000000E+00  0.000000E+00  0.000000E+00  0.795410E+06
  0.244021E+00  0.788857E+06  0.784491E+06  0.000000E+00  0.000000E+00  0.000000E+00  0.788175E+06
  0.245850E+00  0.781850E+06  0.777593E+06  0.000000E+00  0.000000E+00  0.000000E+00  0.781185E+06
  0.247680E+00  0.775036E+06  0.770888E+06  0.000000E+00  0.000000E+00  0.000000E+00  0.774388E+06
  0.249509E+00  0.768367E+06  0.764326E+06  0.000000E+00  0.000000E+00  0.000000E+00  0.767736E+06
  0.251338E+00  0.761797E+06  0.757859E+06  0.000000E+00  0.000000E+00  0.000000E+00  0.761182E+06
  0.253167E+00  0.755285E+06  0.751444E+06  0.000000E+00  0.000000E+00  0.000000E+00  0.754685E+06
  0.254997E+00  0.748795E+06  0.745044E+06  0.000000E+00  0.000000E+00  0.000000E+00  0.748208E+06
  0.256826E+00  0.742294E+06  0.738625E+06  0.000000E+00  0.000000E+00  0.000000E+00  0.741721E+06
  0.258655E+00  0.735758E+06  0.732162E+06  0.000000E+00  0.000000E+00  0.000000E+00  0.735196E+06
  0.260484E+00  0.729165E+06  0.725632E+06  0.000000E+00  0.000000E+00  0.000000E+00  0.728613E+06
  0.262314E+00  0.722499E+06  0.719020E+06  0.000000E+00  0.000000E+00  0.000000E+00  0.721955E+06
  0.264143E+00  0.715752E+06  0.712317E+06  0.000000E+00  0.000000E+00  0.000000E+00  0.715215E+06
  0.265972E+00  0.708923E+06  0.705522E+06  0.000000E+00  0.000000E+00  0.000000E+00  0.708391E+06
  0.267801E+00  0.702016E+06  0.698641E+06  0.000000E+00  0.000000E+00  0.000000E+00  0.701488E+06
  0.269631E+00  0.695041E+06  0.691684E+06  0.000000E+00  0.000000E+00  0.000000E+00  0.694517E+06
  0.271460E+00  0.688015E+06  0.684668E+06  0.000000E+00  0.000000E+00  0.000000E+00  0.687492E+06
  0.273289E+00  0.680956E+06  0.677614E+06  0.000000E+00  0.000000E+00  0.000000E+00  0.680433E+06
  0.275118E+00  0.673885E+06  0.670543E+06  0.000000E+00  0.000000E+00  0.000000E+00  0.673363E+06
  0.276947E+00  0.666826E+06  0.663480E+06  0.000000E+00  0.000000E+00  0.000000E+00  0.666303E+06
  0.278777E+00  0.659801E+06  0.656449E+06  0.000000E+00  0.000000E+00  0.000000E+00  0.659277E+06
  0.280606E+00  0.652834E+06  0.649476E+06  0.000000E+00  0.000000E+00  0.000000E+00  0.652309E+06
  0.282435E+00  0.645950E+06  0.642586E+06  0.000000E+00  0.000000E+00  0.000000E+00  0.645424E+06
  0.284264E+00  0.639172E+06  0.635804E+06  0.000000E+00  0.000000E+00  0.000000E+00  0.638646E+06
  0.286094E+00  0.632524E+06  0.629152E+06  0.000000E+00  0.000000E+00  0.000000E+00  0.631997E+06
  0.287923E+00  0.626023E+06  0.622652E+06  0.000000E+00  0.000000E+00  0.000000E+00  0.625496E+06
  0.289752E+00  0.619687E+06  0.616321E+06  0.000000E+00  0.000000E+00  0.000000E+00  0.619161E+06
  0.291581E+00  0.613528E+06  0.610172E+06  0.000000E+00  0.000000E+00  0.000000E+00  0.613004E+06
  0.293411E+00  0.607555E+06  0.604212E+06  0.000000E+00  0.000000E+00  0.000000E+00  0.607033E+06
  0.295240E+00  0.601771E+06  0.598447E+06  0.000000E+00  0.000000E+00  0.000000E+00  0.601252E+06
  0.297069E+00  0.596177E+06  0.592877E+06  0.000000E+00  0.000000E+00  0.000000E+00  0.595661E+06
  0.298898E+00  0.590771E+06  0.587500E+06  0.000000E+00  0.000000E+00  0.000000E+00  0.590260E+06
  0.300728E+00  0.585549E+06  0.582311E+06  0.000000E+00  0.000000E+00  0.000000E+00  0.585043E+06
  0.302557E+00  0.580504E+06  0.577303E+06  0.000000E+00  0.000000E+00  0.000000E+00  0.580004E+06
  0.304386E+00  0.575625E+06  0.572465E+06  0.000000E+00  0.000000E+00  0.000000E+00  0.575131E+06
  0.306215E+00  0.570899E+06  0.567782E+06  0.000000E+00  0.000000E+00  0.000000E+00  0.570412E+06
  0.308045E+00  0.566311E+06  0.563240E+06  0.000000E+00  0.000000E+00  0.000000E+00  0.565831E+06
  0.309874E+00  0.561843E+06  0.558820E+06  0.000000E+00  0.000000E+00  0.000000E+00  0.561371E+06
  0.311703E+00  0.557479E+06  0.554503E+06  0.000000E+00  0.000000E+00  0.000000E+00  0.557014E+06
  0.313532E+00  0.553201E+06  0.550273E+06  0.000000E+00  0.000000E+00  0.000000E+00  0.552744E+06
  0.315362E+00  0.548993E+06  0.546112E+06  0.000000E+00  0.000000E+00  0.000000E+00  0.548543E+06
  0.317191E+00  0.544839E+06  0.542003E+06  0.000000E+00  0.000000E+00  0.000000E+00  0.544396E+06
  0.319020E+00  0.540725E+06  0.537933E+06  0.000000E+00  0.000000E+00  0.000000E+00  0.540289E+06
  0.320849E+00  0.536639E+06  0.533888E+06  0.000000E+00  0.000000E+00  0.000000E+00  0.536209E+06
  0.322679E+00  0.532568E+06  0.529856E+06  0.000000E+00  0.000000E+00  0.000000E+00  0.532144E+06
  0.324508E+00  0.528502E+06  0.525826E+06  0.000000E+00  0.000000E+00  0.000000E+00  0.528084E+06
  0.326337E+00  0.524434E+06  0.521790E+06  0.000000E+00  0.000000E+00  0.000000E+00  0.524021E+06
  0.328166E+00  0.520358E+06  0.517742E+06  0.000000E+00  0.000000E+00  0.000000E+00  0.519949E+06
  0.329996E+00  0.516269E+06  0.513678E+06  0.000000E+00  0.000000E+00  0.000000E+00  0.515864E+06
  0.331825E+00  0.512168E+06  0.509599E+06  0.000000E+00  0.000000E+00  0.000000E+00  0.511766E+06
  0.333654E+00  0.508055E+06  0.505505E+06  0.000000E+00  0.000000E+00  0.000000E+00  0.507657E+06
  0.335483E+00  0.503935E+06  0.501401E+06  0.000000E+00  0.000000E+00  0.000000E+00  0.503539E+06
  0.337313E+00  0.499812E+06  0.497291E+06  0.000000E+00  0.000000E+00  0.000000E+00  0.499418E+06
  0.339142E+00  0.495691E+06  0.493181E+06  0.000000E+00  0.000000E+00  0.000000E+00  0.495299E+06
  0.340971E+00  0.491579E+06  0.489078E+06  0.000000E+00  0.000000E+00  0.000000E+00  0.491188E+06
  0.342800E+00  0.487483E+06  0.484990E+06  0.000000E+00  0.000000E+00  0.000000E+00  0.487094E+06
  0.344630E+00  0.483411E+06  0.480925E+06  0.000000E+00  0.000000E+00  0.000000E+00  0.483022E+06
  0.346459E+00  0.479370E+06  0.476890E+06  0.000000E+00  0.000000E+00  0.000000E+00  0.478982E+06
  0.348288E+00  0.475370E+06  0.472897E+06  0.000000E+00  0.000000E+00  0.000000E+00  0.474983E+06
  0.350117E+00  0.471419E+06  0.468952E+06  0.000000E+00  0.000000E+00  0.000000E+00  0.471033E+06
  0.351947E+00  0.467525E+06  0.465065E+06  0.000000E+00  0.000000E+00  0.000000E+00  0.467140E+06
  0.353776E+00  0.463694E+06  0.461243E+06  0.000000E+00  0.000000E+00  0.000000E+00  0.463311E+06
  0.355605E+00  0.459932E+06  0.457490E+06  0.000000E+00  0.000000E+00  0.000000E+00  0.459551E+06
  0.357434E+00  0.456243E+06  0.453812E+06  0.000000E+00  0.000000E+00  0.000000E+00  0.455863E+06
  0.359264E+00  0.452629E+06  0.450210E+06  0.000000E+00  0.000000E+00  0.000000E+00  0.452251E+06
  0.361093E+00  0.449093E+06  0.446688E+06  0.000000E+00  0.000000E+00  0.000000E+00  0.448717E+06
  0.362922E+00  0.445635E+06  0.443245E+06  0.000000E+00  0.000000E+00  0.000000E+00  0.445261E+06
  0.364751E+00  0.442256E+06  0.439883E+06  0.000000E+00  0.000000E+00  0.000000E+00  0.441885E+06
  0.366580E+00  0.438954E+06  0.436600E+06  0.000000E+00  0.000000E+00  0.000000E+00  0.438586E+06
  0.368410E+00  0.435728E+06  0.433393E+06  0.000000E+00  0.000000E+00  0.000000E+00  0.435363E+06
  0.370239E+00  0.432573E+06  0.430260E+06  0.000000E+00  0.000000E+00  0.000000E+00  0.432212E+06
  0.372068E+00  0.429486E+06  0.427195E+06  0.000000E+00  0.000000E+00  0.000000E+00  0.429128E+06
  0.373897E+00  0.426461E+06  0.424192E+06  0.000000E+00  0.000000E+00  0.000000E+00  0.426106E+06
  0.375727E+00  0.423491E+06  0.421246E+06  0.000000E+00  0.000000E+00  0.000000E+00  0.423140E+06
  0.377556E+00  0.420572E+06  0.418350E+06  0.000000E+00  0.000000E+00  0.000000E+00  0.420225E+06
  0.379385E+00  0.417698E+06  0.415500E+06  0.000000E+00  0.000000E+00  0.000000E+00  0.417354E+06
  0.381214E+00  0.414863E+06  0.412688E+06  0.000000E+00  0.000000E+00  0.000000E+00  0.414523E+06
  0.383044E+00  0.412062E+06  0.409910E+06  0.000000E+00  0.000000E+00  0.000000E+00  0.411726E+06
  0.384873E+00  0.409291E+06  0.407161E+06  0.000000E+00  0.000000E+00  0.000000E+00  0.408958E+06
  0.386702E+00  0.406543E+06  0.404435E+06  0.000000E+00  0.000000E+00  0.000000E+00  0.406214E+06
  0.388531E+00  0.403815E+06  0.401727E+06  0.000000E+00  0.000000E+00  0.000000E+00  0.403489E+06
  0.390361E+00  0.401102E+06  0.399033E+06  0.000000E+00  0.000000E+00  0.000000E+00  0.400778E+06
  0.392190E+00  0.398400E+06  0.396351E+06  0.000000E+00  0.000000E+00  0.000000E+00  0.398080E+06
  0.394019E+00  0.395709E+06  0.393676E+06  0.000000E+00  0.000000E+00  0.000000E+00  0.395391E+06
  0.395848E+00  0.393026E+06  0.391009E+06  0.000000E+00  0.000000E+00  0.000000E+00  0.392711E+06
  0.397678E+00  0.390351E+06  0.388349E+06  0.000000E+00  0.000000E+00  0.000000E+00  0.390038E+06
  0.399507E+00  0.387684E+06  0.385695E+06  0.000000E+00  0.000000E+00  0.000000E+00  0.387373E+06
  0.401336E+00  0.385025E+06  0.383049E+06  0.000000E+00  0.000000E+00  0.000000E+00  0.384716E+06
  0.403165E+00  0.382376E+06  0.380412E+06  0.000000E+00  0.000000E+00  0.000000E+00  0.382069E+06
  0.404995E+00  0.379737E+06  0.377784E+06  0.000000E+00  0.000000E+00  0.000000E+00  0.379432E+06
  0.406824E+00  0.377111E+06  0.375167E+06  0.000000E+00  0.000000E+00  0.000000E+00  0.376807E+06
  0.408653E+00  0.374498E+06  0.372564E+06  0.000000E+00  0.000000E+00  0.000000E+00  0.374196E+06
  0.410482E+00  0.371903E+06  0.369978E+06  0.000000E+00  0.000000E+00  0.000000E+00  0.371602E+06
  0.412312E+00  0.369327E+06  0.367411E+06  0.000000E+00  0.000000E+00  0.000000E+00  0.369028E+06
  0.414141E+00  0.366774E+06  0.364866E+06  0.000000E+00  0.000000E+00  0.000000E+00  0.366476E+06
  0.415970E+00  0.364247E+06  0.362348E+06  0.000000E+00  0.000000E+00  0.000000E+00  0.363950E+06
  0.417799E+00  0.361748E+06  0.359857E+06  0.000000E+00  0.000000E+00  0.000000E+00  0.361452E+06
  0.419629E+00  0.359278E+06  0.357396E+06  0.000000E+00  0.000000E+00  0.000000E+00  0.358984E+06
  0.421458E+00  0.356840E+06  0.354966E+06  0.000000E+00  0.000000E+00  0.000000E+00  0.356547E+06
  0.423287E+00  0.354434E+06  0.352570E+06  0.000000E+00  0.000000E+00  0.000000E+00  0.354143E+06
  0.425116E+00  0.352063E+06  0.350208E+06  0.000000E+00  0.000000E+00  0.000000E+00  0.351773E+06
  0.426946E+00  0.349727E+06  0.347882E+06  0.000000E+00  0.000000E+00  0.000000E+00  0.349438E+06
  0.428775E+00  0.347426E+06  0.345593E+06  0.000000E+00  0.000000E+00  0.000000E+00  0.347140E+06
  0.430604E+00  0.345162E+06  0.343340E+06  0.000000E+00  0.000000E+00  0.000000E+00  0.344877E+06
  0.432433E+00  0.342934E+06  0.341123E+06  0.000000E+00  0.000000E+00  0.000000E+00  0.342651E+06
  0.434263E+00  0.340740E+06  0.338942E+06  0.000000E+00  0.000000E+00  0.000000E+00  0.340459E+06
  0.436092E+00  0.338581E+06  0.336795E+06  0.000000E+00  0.000000E+00  0.000000E+00  0.338302E+06
  0.437921E+00  0.336454E+06  0.334680E+06  0.000000E+00  0.000000E+00  0.000000E+00  0.336177E+06
  0.439750E+00  0.334357E+06  0.332596E+06  0.000000E+00  0.000000E+00  0.000000E+00  0.334082E+06
  0.441580E+00  0.332289E+06  0.330542E+06  0.000000E+00  0.000000E+00  0.000000E+00  0.332016E+06
  0.443409E+00  0.330249E+06  0.328514E+06  0.000000E+00  0.000000E+00  0.000000E+00  0.329978E+06
  0.445238E+00  0.328233E+06  0.326512E+06  0.000000E+00  0.000000E+00  0.000000E+00  0.327965E+06
  0.447067E+00  0.326242E+06  0.324534E+06  0.000000E+00  0.000000E+00  0.000000E+00  0.325975E+06
  0.448896E+00  0.324272E+06  0.322578E+06  0.000000E+00  0.000000E+00  0.000000E+00  0.324008E+06
  0.450726E+00  0.322322E+06  0.320640E+06  0.000000E+00  0.000000E+00  0.000000E+00  0.322060E+06
  0.452555E+00  0.320390E+06  0.318721E+06  0.000000E+00  0.000000E+00  0.000000E+00  0.320129E+06
  0.454384E+00  0.318473E+06  0.316816E+06  0.000000E+00  0.000000E+00  0.000000E+00  0.318214E+06
  0.456213E+00  0.316571E+06  0.314926E+06  0.000000E+00  0.000000E+00  0.000000E+00  0.316314E+06
  0.458043E+00  0.314681E+06  0.313048E+06  0.000000E+00  0.000000E+00  0.000000E+00  0.314426E+06
  0.459872E+00  0.312804E+06  0.311182E+06  0.000000E+00  0.000000E+00  0.000000E+00  0.312551E+06
  0.461701E+00  0.310939E+06  0.309327E+06  0.000000E+00  0.000000E+00  0.000000E+00  0.310687E+06
  0.463530E+00  0.309085E+06  0.307483E+06  0.000000E+00  0.000000E+00  0.000000E+00  0.308834E+06
  0.465360E+00  0.307242E+06  0.305650E+06  0.000000E+00  0.000000E+00  0.000000E+00  0.306993E+06
  0.467189E+00  0.305409E+06  0.303827E+06  0.000000E+00  0.000000E+00  0.000000E+00  0.305162E+06
  0.469018E+00  0.303587E+06  0.302014E+06  0.000000E+00  0.000000E+00  0.000000E+00  0.303341E+06
  0.470847E+00  0.301775E+06  0.300211E+06  0.000000E+00  0.000000E+00  0.000000E+00  0.301531E+06
  0.472677E+00  0.299975E+06  0.298419E+06  0.000000E+00  0.000000E+00  0.000000E+00  0.299732E+06
  0.474506E+00  0.298186E+06  0.296638E+06  0.000000E+00  0.000000E+00  0.000000E+00  0.297944E+06
  0.476335E+00  0.296409E+06  0.294870E+06  0.000000E+00  0.000000E+00  0.000000E+00  0.296169E+06
  0.478164E+00  0.294646E+06  0.293114E+06  0.000000E+00  0.000000E+00  0.000000E+00  0.294407E+06
  0.479994E+00  0.292898E+06  0.291373E+06  0.000000E+00  0.000000E+00  0.000000E+00  0.292660E+06
  0.481823E+00  0.291164E+06  0.289647E+06  0.000000E+00  0.000000E+00  0.000000E+00  0.290927E+06
  0.483652E+00  0.289446E+06  0.287936E+06  0.000000E+00  0.000000E+00  0.000000E+00  0.289210E+06
  0.485481E+00  0.287743E+06  0.286241E+06  0.000000E+00  0.000000E+00  0.000000E+00  0.287508E+06
  0.487311E+00  0.286057E+06  0.284562E+06  0.000000E+00  0.000000E+00  0.000000E+00  0.285824E+06
  0.489140E+00  0.284388E+06  0.282901E+06  0.000000E+00  0.000000E+00  0.000000E+00  0.284156E+06
  0.490969E+00  0.282737E+06  0.281257E+06  0.000000E+00  0.000000E+00  0.000000E+00  0.282506E+06
  0.492798E+00  0.281104E+06  0.279632E+06  0.000000E+00  0.000000E+00  0.000000E+00  0.280874E+06
  0.494628E+00  0.279489E+06  0.278025E+06  0.000000E+00  0.000000E+00  0.000000E+00  0.279261E+06
  0.496457E+00  0.277893E+06  0.276437E+06  0.000000E+00  0.000000E+00  0.000000E+00  0.277666E+06
  0.498286E+00  0.276316E+06  0.274867E+06  0.000000E+00  0.000000E+00  0.000000E+00  0.276089E+06
  0.500115E+00  0.274756E+06  0.273316E+06  0.000000E+00  0.000000E+00  0.000000E+00  0.274531E+06
  0.501945E+00  0.273213E+06  0.271781E+06  0.000000E+00  0.000000E+00  0.000000E+00  0.272990E+06
  0.503774E+00  0.271688E+06  0.270265E+06  0.000000E+00  0.000000E+00  0.000000E+00  0.271466E+06
  0.505603E+00  0.270180E+06  0.268764E+06  0.000000E+00  0.000000E+00  0.000000E+00  0.269959E+06
  0.507432E+00  0.268688E+06  0.267281E+06  0.000000E+00  0.000000E+00  0.000000E+00  0.268468E+06
  0.509262E+00  0.267211E+06  0.265813E+06  0.000000E+00  0.000000E+00  0.000000E+00  0.266993E+06
  0.511091E+00  0.265750E+06  0.264361E+06  0.000000E+00  0.000000E+00  0.000000E+00  0.265533E+06
  0.512920E+00  0.264304E+06  0.262923E+06  0.000000E+00  0.000000E+00  0.000000E+00  0.264088E+06
  0.514749E+00  0.262871E+06  0.261498E+06  0.000000E+00  0.000000E+00  0.000000E+00  0.262657E+06
  0.516579E+00  0.261451E+06  0.260087E+06  0.000000E+00  0.000000E+00  0.000000E+00  0.261238E+06
  0.518408E+00  0.260044E+06  0.258687E+06  0.000000E+00  0.000000E+00  0.000000E+00  0.259832E+06
  0.520237E+00  0.258647E+06  0.257299E+06  0.000000E+00  0.000000E+00  0.000000E+00  0.258437E+06
  0.522066E+00  0.257262E+06  0.255921E+06  0.000000E+00  0.000000E+00  0.000000E+00  0.257053E+06
  0.523896E+00  0.255887E+06  0.254555E+06  0.000000E+00  0.000000E+00  0.000000E+00  0.255679E+06
  0.525725E+00  0.254523E+06  0.253198E+06  0.000000E+00  0.000000E+00  0.000000E+00  0.254316E+06
  0.527554E+00  0.253169E+06  0.251851E+06  0.000000E+00  0.000000E+00  0.000000E+00  0.252963E+06
  0.529383E+00  0.251824E+06  0.250514E+06  0.000000E+00  0.000000E+00  0.000000E+00  0.251619E+06
  0.531213E+00  0.250489E+06  0.249186E+06  0.000000E+00  0.000000E+00  0.000000E+00  0.250285E+06
  0.533042E+00  0.249162E+06  0.247866E+06  0.000000E+00  0.000000E+00  0.000000E+00  0.248959E+06
  0.534871E+00  0.247844E+06  0.246555E+06  0.000000E+00  0.000000E+00  0.000000E+00  0.247642E+06
  0.536700E+00  0.246534E+06  0.245252E+06  0.000000E+00  0.000000E+00  0.000000E+00  0.246334E+06
  0.538530E+00  0.245234E+06  0.243958E+06  0.000000E+00  0.000000E+00  0.000000E+00  0.245035E+06
  0.540359E+00  0.243943E+06  0.242673E+06  0.000000E+00  0.000000E+00  0.000000E+00  0.243745E+06
  0.542188E+00  0.242661E+06  0.241398E+06  0.000000E+00  0.000000E+00  0.000000E+00  0.242464E+06
  0.544017E+00  0.241388E+06  0.240132E+06  0.000000E+00  0.000000E+00  0.000000E+00  0.241192E+06
  0.545846E+00  0.240125E+06  0.238875E+06  0.000000E+00  0.000000E+00  0.000000E+00  0.239930E+06
  0.547676E+00  0.238872E+06  0.237627E+06  0.000000E+00  0.000000E+00  0.000000E+00  0.238677E+06
  0.549505E+00  0.237628E+06  0.236389E+06  0.000000E+00  0.000000E+00  0.000000E+00  0.237434E+06
  0.551334E+00  0.236394E+06  0.235161E+06  0.000000E+00  0.000000E+00  0.000000E+00  0.236201E+06
  0.553163E+00  0.235169E+06  0.233943E+06  0.000000E+00  0.000000E+00  0.000000E+00  0.234978E+06
  0.554993E+00  0.233956E+06  0.232735E+06  0.000000E+00  0.000000E+00  0.000000E+00  0.233765E+06
  0.556822E+00  0.232752E+06  0.231537E+06  0.000000E+00  0.000000E+00  0.000000E+00  0.232562E+06
  0.558651E+00  0.231559E+06  0.230350E+06  0.000000E+00  0.000000E+00  0.000000E+00  0.231371E+06
  0.560480E+00  0.230377E+06  0.229174E+06  0.000000E+00  0.000000E+00  0.000000E+00  0.230189E+06
  0.562310E+00  0.229206E+06  0.228009E+06  0.000000E+00  0.000000E+00  0.000000E+00  0.229019E+06
  0.564139E+00  0.228045E+06  0.226853E+06  0.000000E+00  0.000000E+00  0.000000E+00  0.227859E+06
  0.565968E+00  0.226894E+06  0.225708E+06  0.000000E+00  0.000000E+00  0.000000E+00  0.226709E+06
  0.567797E+00  0.225753E+06  0.224574E+06  0.000000E+00  0.000000E+00  0.000000E+00  0.225569E+06
  0.569627E+00  0.224623E+06  0.223449E+06  0.000000E+00  0.000000E+00  0.000000E+00  0.224439E+06
  0.571456E+00  0.223502E+06  0.222335E+06  0.000000E+00  0.000000E+00  0.000000E+00  0.223320E+06
  0.573285E+00  0.222392E+06  0.221231E+06  0.000000E+00  0.000000E+00  0.000000E+00  0.222211E+06
  0.575114E+00  0.221292E+06  0.220136E+06  0.000000E+00  0.000000E+00  0.000000E+00  0.221111E+06
  0.576944E+00  0.220201E+06  0.219051E+06  0.000000E+00  0.000000E+00  0.000000E+00  0.220021E+06
  0.578773E+00  0.219119E+06  0.217975E+06  0.000000E+00  0.000000E+00  0.000000E+00  0.218940E+06
  0.580602E+00  0.218046E+06  0.216908E+06  0.000000E+00  0.000000E+00  0.000000E+00  0.217868E+06
  0.699499E+00  0.162600E+06  0.161753E+06  0.000000E+00  0.000000E+00  0.000000E+00  0.162468E+06
  0.854371E+00  0.118067E+06  0.117452E+06  0.000000E+00  0.000000E+00  0.000000E+00  0.117971E+06
  0.104353E+01  0.853251E+05  0.848803E+05  0.000000E+00  0.000000E+00  0.000000E+00  0.852556E+05
  0.127457E+01  0.613988E+05  0.610787E+05  0.000000E+00  0.000000E+00  0.000000E+00  0.613488E+05
  0.155676E+01  0.440093E+05  0.437798E+05  0.000000E+00  0.000000E+00  0.000000E+00  0.439735E+05
  0.190144E+01  0.314325E+05  0.312685E+05  0.000000E+00  0.000000E+00  0.000000E+00  0.314069E+05
  0.232242E+01  0.223768E+05  0.222599E+05  0.000000E+00  0.000000E+00  0.000000E+00  0.223585E+05
  0.283661E+01  0.158825E+05  0.157993E+05  0.000000E+00  0.000000E+00  0.000000E+00  0.158695E+05
  0.346464E+01  0.112421E+05  0.111830E+05  0.000000E+00  0.000000E+00  0.000000E+00  0.112328E+05
  0.423172E+01  0.793736E+04  0.789548E+04  0.000000E+00  0.000000E+00  0.000000E+00  0.793082E+04
  0.516864E+01  0.559106E+04  0.556136E+04  0.000000E+00  0.000000E+00  0.000000E+00  0.558642E+04
  0.631299E+01  0.392985E+04  0.390877E+04  0.000000E+00  0.000000E+00  0.000000E+00  0.392656E+04
  0.771071E+01  0.275671E+04  0.274170E+04  0.000000E+00  0.000000E+00  0.000000E+00  0.275437E+04
  0.941788E+01  0.193020E+04  0.191946E+04  0.000000E+00  0.000000E+00  0.000000E+00  0.192852E+04
  0.115030E+02  0.134916E+04  0.134141E+04  0.000000E+00  0.000000E+00  0.000000E+00  0.134795E+04
  0.140498E+02  0.941504E+03  0.935845E+03  0.000000E+00  0.000000E+00  0.000000E+00  0.940620E+03
  0.171605E+02  0.656028E+03  0.651823E+03  0.000000E+00  0.000000E+00  0.000000E+00  0.655371E+03
  0.209599E+02  0.456458E+03  0.453262E+03  0.000000E+00  0.000000E+00  0.000000E+00  0.455959E+03
  0.256004E+02  0.317167E+03  0.314666E+03  0.000000E+00  0.000000E+00  0.000000E+00  0.316777E+03
  0.312685E+02  0.220093E+03  0.218067E+03  0.000000E+00  0.000000E+00  0.000000E+00  0.219777E+03
  0.381914E+02  0.152534E+03  0.150831E+03  0.000000E+00  0.000000E+00  0.000000E+00  0.152268E+03
  0.466470E+02  0.105578E+03  0.104091E+03  0.000000E+00  0.000000E+00  0.000000E+00  0.105346E+03
  0.569749E+02  0.729806E+02  0.716357E+02  0.000000E+00  0.000000E+00  0.000000E+00  0.727705E+02
  0.695893E+02  0.503768E+02  0.491243E+02  0.000000E+00  0.000000E+00  0.000000E+00  0.501811E+02
  0.849965E+02  0.347196E+02  0.335263E+02  0.000000E+00  0.000000E+00  0.000000E+00  0.345332E+02
  0.103815E+03  0.238848E+02  0.227298E+02  0.000000E+00  0.000000E+00  0.000000E+00  0.237043E+02
