    0.10000E-03    0.62091E-01
    0.10202E-03    0.63298E-01
    0.10408E-03    0.64528E-01
    0.10618E-03    0.65782E-01
    0.10833E-03    0.67060E-01
    0.11052E-03    0.68363E-01
    0.11275E-03    0.69692E-01
    0.11503E-03    0.71046E-01
    0.11735E-03    0.72426E-01
    0.11972E-03    0.73834E-01
    0.12214E-03    0.75269E-01
    0.12461E-03    0.76731E-01
    0.12712E-03    0.78222E-01
    0.12969E-03    0.79742E-01
    0.13231E-03    0.81292E-01
    0.13499E-03    0.82871E-01
    0.13771E-03    0.84481E-01
    0.14049E-03    0.86123E-01
    0.14333E-03    0.87796E-01
    0.14623E-03    0.89502E-01
    0.14918E-03    0.91241E-01
    0.15220E-03    0.93014E-01
    0.15527E-03    0.94821E-01
    0.15841E-03    0.96664E-01
    0.16161E-03    0.98542E-01
    0.16487E-03    0.10046E+00
    0.16820E-03    0.10241E+00
    0.17160E-03    0.10440E+00
    0.17507E-03    0.10643E+00
    0.17860E-03    0.10849E+00
    0.18221E-03    0.11060E+00
    0.18589E-03    0.11275E+00
    0.18965E-03    0.11494E+00
    0.19348E-03    0.11717E+00
    0.19739E-03    0.11945E+00
    0.20138E-03    0.12177E+00
    0.20544E-03    0.12414E+00
    0.20959E-03    0.12655E+00
    0.21383E-03    0.12901E+00
    0.21815E-03    0.13151E+00
    0.22255E-03    0.13407E+00
    0.22705E-03    0.13667E+00
    0.23164E-03    0.13933E+00
    0.23632E-03    0.14203E+00
    0.24109E-03    0.14479E+00
    0.24596E-03    0.14760E+00
    0.25093E-03    0.15047E+00
    0.25600E-03    0.15339E+00
    0.26117E-03    0.15637E+00
    0.26645E-03    0.15941E+00
    0.27183E-03    0.16250E+00
    0.27732E-03    0.16566E+00
    0.28292E-03    0.16888E+00
    0.28864E-03    0.17216E+00
    0.29447E-03    0.17550E+00
    0.30042E-03    0.17891E+00
    0.30649E-03    0.18238E+00
    0.31268E-03    0.18592E+00
    0.31899E-03    0.18953E+00
    0.32544E-03    0.19321E+00
    0.33201E-03    0.19696E+00
    0.33872E-03    0.20079E+00
    0.34556E-03    0.20468E+00
    0.35254E-03    0.20866E+00
    0.35966E-03    0.21271E+00
    0.36693E-03    0.21684E+00
    0.37434E-03    0.22104E+00
    0.38190E-03    0.22533E+00
    0.38962E-03    0.22971E+00
    0.39749E-03    0.23417E+00
    0.40552E-03    0.23871E+00
    0.41371E-03    0.24334E+00
    0.42207E-03    0.24806E+00
    0.43060E-03    0.25287E+00
    0.43929E-03    0.25778E+00
    0.44817E-03    0.26278E+00
    0.45722E-03    0.26788E+00
    0.46646E-03    0.27307E+00
    0.47588E-03    0.27837E+00
    0.48550E-03    0.28376E+00
    0.49530E-03    0.28927E+00
    0.50531E-03    0.29487E+00
    0.51552E-03    0.30059E+00
    0.52593E-03    0.30642E+00
    0.53656E-03    0.31236E+00
    0.54739E-03    0.31841E+00
    0.55845E-03    0.32458E+00
    0.56973E-03    0.33087E+00
    0.58124E-03    0.33728E+00
    0.59299E-03    0.34381E+00
    0.60496E-03    0.35047E+00
    0.61719E-03    0.35725E+00
    0.62965E-03    0.36417E+00
    0.64237E-03    0.37122E+00
    0.65535E-03    0.37840E+00
    0.66859E-03    0.38573E+00
    0.68210E-03    0.39319E+00
    0.69588E-03    0.40079E+00
    0.70993E-03    0.40855E+00
    0.72427E-03    0.41645E+00
    0.73891E-03    0.42450E+00
    0.75383E-03    0.43270E+00
    0.76906E-03    0.44106E+00
    0.78460E-03    0.44959E+00
    0.80045E-03    0.45827E+00
    0.81662E-03    0.46712E+00
    0.83311E-03    0.47614E+00
    0.84994E-03    0.48533E+00
    0.86711E-03    0.49469E+00
    0.88463E-03    0.50423E+00
    0.90250E-03    0.51396E+00
    0.92073E-03    0.52386E+00
    0.93933E-03    0.53396E+00
    0.95831E-03    0.54425E+00
    0.97767E-03    0.55473E+00
    0.99742E-03    0.56540E+00
    0.10176E-02    0.57628E+00
    0.10381E-02    0.58737E+00
    0.10591E-02    0.59866E+00
    0.10805E-02    0.61017E+00
    0.11023E-02    0.62189E+00
    0.11246E-02    0.63383E+00
    0.11473E-02    0.64599E+00
    0.11705E-02    0.65838E+00
    0.11941E-02    0.67100E+00
    0.12182E-02    0.68386E+00
    0.12429E-02    0.69696E+00
    0.12680E-02    0.71030E+00
    0.12936E-02    0.72388E+00
    0.13197E-02    0.73772E+00
    0.13464E-02    0.75181E+00
    0.13736E-02    0.76616E+00
    0.14013E-02    0.78077E+00
    0.14296E-02    0.79565E+00
    0.14585E-02    0.81080E+00
    0.14880E-02    0.82623E+00
    0.15180E-02    0.84194E+00
    0.15487E-02    0.85793E+00
    0.15800E-02    0.87421E+00
    0.16119E-02    0.89078E+00
    0.16445E-02    0.90765E+00
    0.16777E-02    0.92482E+00
    0.17116E-02    0.94230E+00
    0.17462E-02    0.96009E+00
    0.17814E-02    0.97819E+00
    0.18174E-02    0.99662E+00
    0.18541E-02    0.10154E+01
    0.18916E-02    0.10344E+01
    0.19298E-02    0.10538E+01
    0.19688E-02    0.10736E+01
    0.20086E-02    0.10937E+01
    0.20491E-02    0.11141E+01
    0.20905E-02    0.11348E+01
    0.21328E-02    0.11560E+01
    0.21758E-02    0.11774E+01
    0.22198E-02    0.11993E+01
    0.22646E-02    0.12215E+01
    0.23104E-02    0.12441E+01
    0.23571E-02    0.12670E+01
    0.24047E-02    0.12903E+01
    0.24533E-02    0.13140E+01
    0.25028E-02    0.13381E+01
    0.25534E-02    0.13625E+01
    0.26050E-02    0.13873E+01
    0.26576E-02    0.14126E+01
    0.27113E-02    0.14382E+01
    0.27660E-02    0.14642E+01
    0.28219E-02    0.14906E+01
    0.28789E-02    0.15174E+01
    0.29371E-02    0.15446E+01
    0.29964E-02    0.15722E+01
    0.30569E-02    0.16001E+01
    0.31187E-02    0.16285E+01
    0.31817E-02    0.16573E+01
    0.32460E-02    0.16865E+01
    0.33115E-02    0.17161E+01
    0.33784E-02    0.17461E+01
    0.34467E-02    0.17764E+01
    0.35163E-02    0.18072E+01
    0.35874E-02    0.18384E+01
    0.36598E-02    0.18699E+01
    0.37338E-02    0.19019E+01
    0.38092E-02    0.19342E+01
    0.38861E-02    0.19669E+01
    0.39646E-02    0.19999E+01
    0.40447E-02    0.20333E+01
    0.41264E-02    0.20671E+01
    0.42098E-02    0.21013E+01
    0.42948E-02    0.21357E+01
    0.43816E-02    0.21706E+01
    0.44701E-02    0.22057E+01
    0.45604E-02    0.22412E+01
    0.46525E-02    0.22769E+01
    0.47465E-02    0.23130E+01
    0.48424E-02    0.23493E+01
    0.49402E-02    0.23860E+01
    0.50400E-02    0.24228E+01
    0.51419E-02    0.24600E+01
    0.52457E-02    0.24973E+01
    0.53517E-02    0.25349E+01
    0.54598E-02    0.25726E+01
    0.55701E-02    0.26106E+01
    0.56826E-02    0.26487E+01
    0.57974E-02    0.26869E+01
    0.59145E-02    0.27253E+01
    0.60340E-02    0.27637E+01
    0.61559E-02    0.28023E+01
    0.62803E-02    0.28409E+01
    0.64072E-02    0.28795E+01
    0.65366E-02    0.29182E+01
    0.66686E-02    0.29568E+01
    0.68033E-02    0.29954E+01
    0.69408E-02    0.30340E+01
    0.70810E-02    0.30724E+01
    0.72240E-02    0.31107E+01
    0.73700E-02    0.31490E+01
    0.75189E-02    0.31870E+01
    0.76708E-02    0.32248E+01
    0.78257E-02    0.32624E+01
    0.79838E-02    0.32998E+01
    0.81451E-02    0.33369E+01
    0.83096E-02    0.33736E+01
    0.84775E-02    0.34100E+01
    0.86488E-02    0.34461E+01
    0.88235E-02    0.34817E+01
    0.90017E-02    0.35169E+01
    0.91836E-02    0.35516E+01
    0.93691E-02    0.35858E+01
    0.95583E-02    0.36195E+01
    0.97514E-02    0.36526E+01
    0.99484E-02    0.36852E+01
    0.10149E-01    0.37170E+01
    0.10354E-01    0.37482E+01
    0.10564E-01    0.37787E+01
    0.10777E-01    0.38084E+01
    0.10995E-01    0.38374E+01
    0.11217E-01    0.38655E+01
    0.11443E-01    0.38927E+01
    0.11675E-01    0.39191E+01
    0.11910E-01    0.39445E+01
    0.12151E-01    0.39689E+01
    0.12397E-01    0.39922E+01
    0.12647E-01    0.40145E+01
    0.12902E-01    0.40357E+01
    0.13163E-01    0.40556E+01
    0.13429E-01    0.40744E+01
    0.13700E-01    0.40919E+01
    0.13977E-01    0.41081E+01
    0.14259E-01    0.41229E+01
    0.14547E-01    0.41363E+01
    0.14841E-01    0.41483E+01
    0.15141E-01    0.41588E+01
    0.15447E-01    0.41677E+01
    0.15759E-01    0.41750E+01
    0.16077E-01    0.41807E+01
    0.16402E-01    0.41847E+01
    0.16734E-01    0.41869E+01
    0.17072E-01    0.41874E+01
    0.17416E-01    0.41862E+01
    0.17768E-01    0.41830E+01
    0.18127E-01    0.41780E+01
    0.18493E-01    0.41712E+01
    0.18867E-01    0.41623E+01
    0.19248E-01    0.41516E+01
    0.19637E-01    0.41388E+01
    0.20034E-01    0.41241E+01
    0.20438E-01    0.41074E+01
    0.20851E-01    0.40886E+01
    0.21272E-01    0.40678E+01
    0.21702E-01    0.40450E+01
    0.22141E-01    0.40202E+01
    0.22588E-01    0.39934E+01
    0.23044E-01    0.39645E+01
    0.23510E-01    0.39337E+01
    0.23985E-01    0.39009E+01
    0.24469E-01    0.38663E+01
    0.24964E-01    0.38297E+01
    0.25468E-01    0.37913E+01
    0.25982E-01    0.37511E+01
    0.26507E-01    0.37093E+01
    0.27043E-01    0.36657E+01
    0.27589E-01    0.36207E+01
    0.28146E-01    0.35741E+01
    0.28715E-01    0.35262E+01
    0.29295E-01    0.34770E+01
    0.29887E-01    0.34266E+01
    0.30490E-01    0.33751E+01
    0.31106E-01    0.33228E+01
    0.31735E-01    0.32696E+01
    0.32376E-01    0.32157E+01
    0.33030E-01    0.31613E+01
    0.33697E-01    0.31065E+01
    0.34378E-01    0.30515E+01
    0.35072E-01    0.29963E+01
    0.35781E-01    0.29413E+01
    0.36504E-01    0.28864E+01
    0.37241E-01    0.28318E+01
    0.37993E-01    0.27778E+01
    0.38761E-01    0.27245E+01
    0.39544E-01    0.26719E+01
    0.40343E-01    0.26203E+01
    0.41158E-01    0.25697E+01
    0.41989E-01    0.25203E+01
    0.42838E-01    0.24722E+01
    0.43703E-01    0.24255E+01
    0.44586E-01    0.23803E+01
    0.45486E-01    0.23367E+01
    0.46405E-01    0.22946E+01
    0.47343E-01    0.22542E+01
    0.48299E-01    0.22155E+01
    0.49275E-01    0.21785E+01
    0.50270E-01    0.21431E+01
    0.51286E-01    0.21093E+01
    0.52322E-01    0.20771E+01
    0.53379E-01    0.20464E+01
    0.54457E-01    0.20170E+01
    0.55557E-01    0.19888E+01
    0.56680E-01    0.19616E+01
    0.57825E-01    0.19354E+01
    0.58993E-01    0.19098E+01
    0.60184E-01    0.18846E+01
    0.61400E-01    0.18596E+01
    0.62641E-01    0.18346E+01
    0.63906E-01    0.18093E+01
    0.65197E-01    0.17834E+01
    0.66514E-01    0.17567E+01
    0.67858E-01    0.17289E+01
    0.69229E-01    0.16998E+01
    0.70627E-01    0.16693E+01
    0.72054E-01    0.16370E+01
    0.73510E-01    0.16031E+01
    0.74994E-01    0.15673E+01
    0.76509E-01    0.15296E+01
    0.78055E-01    0.14902E+01
    0.79632E-01    0.14492E+01
    0.81241E-01    0.14067E+01
    0.82882E-01    0.13631E+01
    0.84556E-01    0.13187E+01
    0.86264E-01    0.12737E+01
    0.88007E-01    0.12288E+01
    0.89785E-01    0.11842E+01
    0.91598E-01    0.11405E+01
    0.93449E-01    0.10981E+01
    0.95337E-01    0.10574E+01
    0.97263E-01    0.10188E+01
    0.99227E-01    0.98267E+00
    0.10123E+00    0.94917E+00
    0.10328E+00    0.91850E+00
    0.10536E+00    0.89076E+00
    0.10749E+00    0.86590E+00
    0.10966E+00    0.84382E+00
    0.11188E+00    0.82428E+00
    0.11414E+00    0.80695E+00
    0.11644E+00    0.79143E+00
    0.11880E+00    0.77722E+00
    0.12120E+00    0.76377E+00
    0.12365E+00    0.75047E+00
    0.12614E+00    0.73676E+00
    0.12869E+00    0.72211E+00
    0.13129E+00    0.70611E+00
    0.13394E+00    0.68842E+00
    0.13665E+00    0.66888E+00
    0.13941E+00    0.64747E+00
    0.14223E+00    0.62440E+00
    0.14510E+00    0.60007E+00
    0.14803E+00    0.57500E+00
    0.15102E+00    0.54980E+00
    0.15407E+00    0.52512E+00
    0.15718E+00    0.50157E+00
    0.16036E+00    0.47972E+00
    0.16360E+00    0.45999E+00
    0.16690E+00    0.44262E+00
    0.17028E+00    0.42765E+00
    0.17371E+00    0.41492E+00
    0.17722E+00    0.40410E+00
    0.18080E+00    0.39471E+00
    0.18446E+00    0.38614E+00
    0.18818E+00    0.37773E+00
    0.19198E+00    0.36887E+00
    0.19586E+00    0.35909E+00
    0.19982E+00    0.34809E+00
    0.20386E+00    0.33581E+00
    0.20797E+00    0.32245E+00
    0.21218E+00    0.30844E+00
    0.21646E+00    0.29432E+00
    0.22083E+00    0.28068E+00
    0.22530E+00    0.26804E+00
    0.22985E+00    0.25679E+00
    0.23449E+00    0.24705E+00
    0.23923E+00    0.23876E+00
    0.24406E+00    0.23163E+00
    0.24899E+00    0.22522E+00
    0.25402E+00    0.21900E+00
    0.25915E+00    0.21255E+00
    0.26439E+00    0.20554E+00
    0.26973E+00    0.19787E+00
    0.27518E+00    0.18970E+00
    0.28074E+00    0.18133E+00
    0.28641E+00    0.17317E+00
    0.29219E+00    0.16559E+00
    0.29810E+00    0.15881E+00
    0.30412E+00    0.15286E+00
    0.31026E+00    0.14760E+00
    0.31653E+00    0.14276E+00
    0.32292E+00    0.13801E+00
    0.32945E+00    0.13311E+00
    0.33610E+00    0.12797E+00
    0.34289E+00    0.12265E+00
    0.34982E+00    0.11735E+00
    0.35689E+00    0.11228E+00
    0.36409E+00    0.10762E+00
    0.37145E+00    0.10340E+00
    0.37895E+00    0.99549E-01
    0.38661E+00    0.95893E-01
    0.39442E+00    0.92279E-01
    0.40239E+00    0.88621E-01
    0.41052E+00    0.84939E-01
    0.41881E+00    0.81328E-01
    0.42727E+00    0.77895E-01
    0.43590E+00    0.74702E-01
    0.44471E+00    0.71730E-01
    0.45369E+00    0.68909E-01
    0.46286E+00    0.66159E-01
    0.47221E+00    0.63443E-01
    0.48174E+00    0.60776E-01
    0.49148E+00    0.58205E-01
    0.50141E+00    0.55769E-01
    0.51153E+00    0.53470E-01
    0.52187E+00    0.51278E-01
    0.53241E+00    0.49157E-01
    0.54317E+00    0.47092E-01
    0.55414E+00    0.45094E-01
    0.56533E+00    0.43180E-01
    0.57675E+00    0.41357E-01
    0.58840E+00    0.39616E-01
    0.60029E+00    0.37940E-01
    0.61242E+00    0.36329E-01
    0.62479E+00    0.34780E-01
    0.63741E+00    0.33292E-01
    0.65029E+00    0.31863E-01
    0.66342E+00    0.30492E-01
    0.67683E+00    0.29176E-01
    0.69050E+00    0.27914E-01
    0.70445E+00    0.26704E-01
    0.71868E+00    0.25544E-01
    0.73320E+00    0.24433E-01
    0.74801E+00    0.23368E-01
    0.76312E+00    0.22348E-01
    0.77854E+00    0.21370E-01
    0.79426E+00    0.20433E-01
    0.81031E+00    0.19536E-01
    0.82668E+00    0.18676E-01
    0.84338E+00    0.17852E-01
    0.86041E+00    0.17063E-01
    0.87780E+00    0.16307E-01
    0.89553E+00    0.15583E-01
    0.91362E+00    0.14889E-01
    0.93208E+00    0.14226E-01
    0.95091E+00    0.13590E-01
    0.97011E+00    0.12982E-01
    0.98971E+00    0.12400E-01
    0.10097E+01    0.11842E-01
    0.10301E+01    0.11309E-01
    0.10509E+01    0.10799E-01
    0.10721E+01    0.10311E-01
    0.10938E+01    0.98448E-02
    0.11159E+01    0.93985E-02
    0.11384E+01    0.89717E-02
    0.11614E+01    0.85635E-02
    0.11849E+01    0.81733E-02
    0.12088E+01    0.78003E-02
    0.12333E+01    0.74436E-02
    0.12582E+01    0.71027E-02
    0.12836E+01    0.67769E-02
    0.13095E+01    0.64655E-02
    0.13360E+01    0.61680E-02
    0.13630E+01    0.58837E-02
    0.13905E+01    0.56121E-02
    0.14186E+01    0.53526E-02
    0.14472E+01    0.51047E-02
    0.14765E+01    0.48679E-02
    0.15063E+01    0.46418E-02
    0.15367E+01    0.44259E-02
    0.15678E+01    0.42197E-02
    0.15994E+01    0.40228E-02
    0.16318E+01    0.38349E-02
    0.16647E+01    0.36555E-02
    0.16984E+01    0.34842E-02
    0.17327E+01    0.33207E-02
    0.17677E+01    0.31647E-02
    0.18034E+01    0.30158E-02
    0.18398E+01    0.28737E-02
    0.18770E+01    0.27381E-02
    0.19149E+01    0.26088E-02
    0.19536E+01    0.24854E-02
    0.19930E+01    0.23677E-02
    0.20333E+01    0.22554E-02
    0.20744E+01    0.21483E-02
    0.21163E+01    0.20462E-02
    0.21590E+01    0.19488E-02
    0.22026E+01    0.18559E-02
    0.22471E+01    0.17674E-02
    0.22925E+01    0.16829E-02
    0.23388E+01    0.16024E-02
    0.23861E+01    0.15257E-02
    0.24343E+01    0.14525E-02
    0.24835E+01    0.13828E-02
    0.25336E+01    0.13164E-02
    0.25848E+01    0.12530E-02
    0.26370E+01    0.11927E-02
    0.26903E+01    0.11352E-02
    0.27447E+01    0.10804E-02
    0.28001E+01    0.10282E-02
    0.28567E+01    0.97842E-03
    0.29144E+01    0.93104E-03
    0.29733E+01    0.88590E-03
    0.30333E+01    0.84291E-03
    0.30946E+01    0.80195E-03
    0.31571E+01    0.76295E-03
    0.32209E+01    0.72581E-03
    0.32860E+01    0.69044E-03
    0.33523E+01    0.65676E-03
    0.34201E+01    0.62469E-03
    0.34892E+01    0.59415E-03
    0.35596E+01    0.56508E-03
    0.36316E+01    0.53741E-03
    0.37049E+01    0.51106E-03
    0.37798E+01    0.48599E-03
    0.38561E+01    0.46212E-03
    0.39340E+01    0.43940E-03
    0.40135E+01    0.41778E-03
    0.40946E+01    0.39720E-03
    0.41773E+01    0.37762E-03
    0.42617E+01    0.35899E-03
    0.43478E+01    0.34126E-03
    0.44356E+01    0.32439E-03
    0.45252E+01    0.30834E-03
    0.46166E+01    0.29308E-03
    0.47099E+01    0.27855E-03
    0.48050E+01    0.26474E-03
    0.49021E+01    0.25159E-03
    0.50011E+01    0.23909E-03
    0.51021E+01    0.22720E-03
    0.52052E+01    0.21590E-03
    0.53104E+01    0.20514E-03
    0.54176E+01    0.19492E-03
    0.55271E+01    0.18519E-03
    0.56387E+01    0.17595E-03
    0.57526E+01    0.16716E-03
    0.58689E+01    0.15880E-03
    0.59874E+01    0.15085E-03
    0.61084E+01    0.14329E-03
    0.62318E+01    0.13611E-03
    0.63577E+01    0.12928E-03
    0.64861E+01    0.12280E-03
    0.66171E+01    0.11663E-03
    0.67508E+01    0.11076E-03
    0.68872E+01    0.10519E-03
    0.70263E+01    0.99895E-04
    0.71682E+01    0.94862E-04
    0.73130E+01    0.90079E-04
    0.74608E+01    0.85534E-04
    0.76115E+01    0.81216E-04
    0.77653E+01    0.77112E-04
    0.79221E+01    0.73214E-04
    0.80822E+01    0.69510E-04
    0.82454E+01    0.65990E-04
    0.84120E+01    0.62647E-04
    0.85819E+01    0.59471E-04
    0.87553E+01    0.56454E-04
    0.89322E+01    0.53588E-04
    0.91126E+01    0.50866E-04
    0.92967E+01    0.48280E-04
    0.94845E+01    0.45825E-04
    0.96761E+01    0.43492E-04
    0.98716E+01    0.41277E-04
    0.10071E+02    0.39174E-04
    0.10274E+02    0.37176E-04
    0.10482E+02    0.35280E-04
    0.10694E+02    0.33478E-04
    0.10910E+02    0.31768E-04
    0.11130E+02    0.30144E-04
    0.11355E+02    0.28602E-04
    0.11584E+02    0.27139E-04
    0.11818E+02    0.25749E-04
    0.12057E+02    0.24430E-04
    0.12301E+02    0.23177E-04
    0.12549E+02    0.21988E-04
    0.12803E+02    0.20860E-04
    0.13061E+02    0.19788E-04
    0.13325E+02    0.18771E-04
    0.13594E+02    0.17806E-04
    0.13869E+02    0.16890E-04
    0.14149E+02    0.16021E-04
    0.14435E+02    0.15196E-04
    0.14727E+02    0.14413E-04
    0.15024E+02    0.13670E-04
    0.15328E+02    0.12965E-04
    0.15637E+02    0.12295E-04
    0.15953E+02    0.11661E-04
    0.16275E+02    0.11058E-04
    0.16604E+02    0.10486E-04
    0.16940E+02    0.99441E-05
    0.17282E+02    0.94295E-05
    0.17631E+02    0.89413E-05
    0.17987E+02    0.84781E-05
    0.18351E+02    0.80388E-05
    0.18721E+02    0.76219E-05
    0.19099E+02    0.72265E-05
    0.19485E+02    0.68514E-05
    0.19879E+02    0.64957E-05
    0.20280E+02    0.61582E-05
    0.20690E+02    0.58381E-05
    0.21108E+02    0.55345E-05
    0.21535E+02    0.52465E-05
    0.21970E+02    0.49734E-05
    0.22413E+02    0.47144E-05
    0.22866E+02    0.44688E-05
    0.23328E+02    0.42358E-05
    0.23799E+02    0.40149E-05
    0.24280E+02    0.38054E-05
    0.24771E+02    0.36068E-05
    0.25271E+02    0.34184E-05
    0.25782E+02    0.32398E-05
    0.26302E+02    0.30705E-05
    0.26834E+02    0.29099E-05
    0.27376E+02    0.27577E-05
    0.27929E+02    0.26133E-05
    0.28493E+02    0.24765E-05
    0.29069E+02    0.23467E-05
    0.29656E+02    0.22237E-05
    0.30255E+02    0.21071E-05
    0.30866E+02    0.19966E-05
    0.31490E+02    0.18918E-05
    0.32126E+02    0.17925E-05
    0.32775E+02    0.16984E-05
    0.33437E+02    0.16091E-05
    0.34112E+02    0.15245E-05
    0.34801E+02    0.14444E-05
    0.35504E+02    0.13684E-05
    0.36222E+02    0.12964E-05
    0.36953E+02    0.12281E-05
    0.37700E+02    0.11634E-05
    0.38462E+02    0.11021E-05
    0.39239E+02    0.10440E-05
    0.40031E+02    0.98894E-06
    0.40840E+02    0.93676E-06
    0.41665E+02    0.88732E-06
    0.42507E+02    0.84046E-06
    0.43365E+02    0.79607E-06
    0.44241E+02    0.75400E-06
    0.45135E+02    0.71414E-06
    0.46047E+02    0.67637E-06
    0.46977E+02    0.64058E-06
    0.47926E+02    0.60668E-06
    0.48894E+02    0.57455E-06
    0.49882E+02    0.54412E-06
    0.50890E+02    0.51528E-06
    0.51918E+02    0.48797E-06
    0.52966E+02    0.46209E-06
    0.54036E+02    0.43757E-06
    0.55128E+02    0.41435E-06
    0.56242E+02    0.39235E-06
    0.57378E+02    0.37151E-06
    0.58537E+02    0.35177E-06
    0.59720E+02    0.33307E-06
    0.60926E+02    0.31536E-06
    0.62157E+02    0.29858E-06
    0.63412E+02    0.28269E-06
    0.64693E+02    0.26764E-06
    0.66000E+02    0.25339E-06
    0.67334E+02    0.23989E-06
    0.68694E+02    0.22710E-06
    0.70082E+02    0.21499E-06
    0.71497E+02    0.20353E-06
    0.72942E+02    0.19267E-06
    0.74415E+02    0.18238E-06
    0.75918E+02    0.17264E-06
    0.77452E+02    0.16342E-06
    0.79017E+02    0.15469E-06
    0.80613E+02    0.14641E-06
    0.82241E+02    0.13858E-06
    0.83903E+02    0.13116E-06
    0.85598E+02    0.12414E-06
    0.87327E+02    0.11749E-06
    0.89091E+02    0.11119E-06
    0.90891E+02    0.10523E-06
    0.92727E+02    0.99586E-07
    0.94600E+02    0.94242E-07
    0.96511E+02    0.89184E-07
    0.98461E+02    0.84397E-07
    0.10045E+03    0.79866E-07
    0.10248E+03    0.75578E-07
