  0.351880E-05  0.117018E+08  0.117018E+08  0.156019E+08  0.156019E+08  0.000000E+00  0.117018E+08
  0.363805E-05  0.117018E+08  0.117018E+08  0.156019E+08  0.156019E+08  0.000000E+00  0.117018E+08
  0.376134E-05  0.117018E+08  0.117018E+08  0.156018E+08  0.156018E+08  0.000000E+00  0.117018E+08
  0.388880E-05  0.117018E+08  0.117018E+08  0.156018E+08  0.156018E+08  0.000000E+00  0.117018E+08
  0.402059E-05  0.117018E+08  0.117018E+08  0.156018E+08  0.156017E+08  0.000000E+00  0.117018E+08
  0.415684E-05  0.117018E+08  0.117018E+08  0.156017E+08  0.156017E+08  0.000000E+00  0.117018E+08
  0.429771E-05  0.117018E+08  0.117018E+08  0.156017E+08  0.156016E+08  0.000000E+00  0.117018E+08
  0.444336E-05  0.117018E+08  0.117018E+08  0.156016E+08  0.156016E+08  0.000000E+00  0.117018E+08
  0.459394E-05  0.117018E+08  0.117018E+08  0.156016E+08  0.156015E+08  0.000000E+00  0.117018E+08
  0.474962E-05  0.117018E+08  0.117018E+08  0.156015E+08  0.156015E+08  0.000000E+00  0.117018E+08
  0.491058E-05  0.117018E+08  0.117018E+08  0.156014E+08  0.156014E+08  0.000000E+00  0.117018E+08
  0.507699E-05  0.117018E+08  0.117018E+08  0.156014E+08  0.156013E+08  0.000000E+00  0.117018E+08
  0.524905E-05  0.117018E+08  0.117018E+08  0.156013E+08  0.156013E+08  0.000000E+00  0.117018E+08
  0.542693E-05  0.117018E+08  0.117018E+08  0.156012E+08  0.156012E+08  0.000000E+00  0.117018E+08
  0.561084E-05  0.117018E+08  0.117018E+08  0.156012E+08  0.156011E+08  0.000000E+00  0.117018E+08
  0.580099E-05  0.117018E+08  0.117018E+08  0.156011E+08  0.156010E+08  0.000000E+00  0.117018E+08
  0.599757E-05  0.117018E+08  0.117018E+08  0.156010E+08  0.156009E+08  0.000000E+00  0.117018E+08
  0.620082E-05  0.117018E+08  0.117018E+08  0.156009E+08  0.156008E+08  0.000000E+00  0.117018E+08
  0.641096E-05  0.117018E+08  0.117018E+08  0.156008E+08  0.156007E+08  0.000000E+00  0.117018E+08
  0.662822E-05  0.117018E+08  0.117018E+08  0.156007E+08  0.156006E+08  0.000000E+00  0.117018E+08
  0.685284E-05  0.117018E+08  0.117018E+08  0.156005E+08  0.156005E+08  0.000000E+00  0.117018E+08
  0.708508E-05  0.117018E+08  0.117018E+08  0.156004E+08  0.156003E+08  0.000000E+00  0.117018E+08
  0.732518E-05  0.117018E+08  0.117018E+08  0.156003E+08  0.156002E+08  0.000000E+00  0.117018E+08
  0.757342E-05  0.117018E+08  0.117018E+08  0.156001E+08  0.156000E+08  0.000000E+00  0.117018E+08
  0.783008E-05  0.117018E+08  0.117018E+08  0.156000E+08  0.155999E+08  0.000000E+00  0.117018E+08
  0.809543E-05  0.117018E+08  0.117018E+08  0.155998E+08  0.155997E+08  0.000000E+00  0.117018E+08
  0.836977E-05  0.117018E+08  0.117018E+08  0.155996E+08  0.155995E+08  0.000000E+00  0.117018E+08
  0.865341E-05  0.117018E+08  0.117018E+08  0.155994E+08  0.155993E+08  0.000000E+00  0.117018E+08
  0.894667E-05  0.117018E+08  0.117018E+08  0.155992E+08  0.155991E+08  0.000000E+00  0.117018E+08
  0.924986E-05  0.117018E+08  0.117018E+08  0.155990E+08  0.155989E+08  0.000000E+00  0.117018E+08
  0.956332E-05  0.117018E+08  0.117018E+08  0.155988E+08  0.155986E+08  0.000000E+00  0.117018E+08
  0.988741E-05  0.117018E+08  0.117018E+08  0.155985E+08  0.155984E+08  0.000000E+00  0.117018E+08
  0.102225E-04  0.117018E+08  0.117018E+08  0.155983E+08  0.155981E+08  0.000000E+00  0.117018E+08
  0.105689E-04  0.117018E+08  0.117018E+08  0.155980E+08  0.155978E+08  0.000000E+00  0.117018E+08
  0.109271E-04  0.117018E+08  0.117018E+08  0.155977E+08  0.155975E+08  0.000000E+00  0.117018E+08
  0.112974E-04  0.117018E+08  0.117018E+08  0.155973E+08  0.155972E+08  0.000000E+00  0.117018E+08
  0.116802E-04  0.117018E+08  0.117018E+08  0.155970E+08  0.155968E+08  0.000000E+00  0.117018E+08
  0.120761E-04  0.117018E+08  0.117018E+08  0.155966E+08  0.155964E+08  0.000000E+00  0.117018E+08
  0.124853E-04  0.117018E+08  0.117018E+08  0.155962E+08  0.155960E+08  0.000000E+00  0.117018E+08
  0.129084E-04  0.117018E+08  0.117018E+08  0.155958E+08  0.155955E+08  0.000000E+00  0.117018E+08
  0.133459E-04  0.117018E+08  0.117018E+08  0.155953E+08  0.155951E+08  0.000000E+00  0.117018E+08
  0.137981E-04  0.117018E+08  0.117018E+08  0.155949E+08  0.155946E+08  0.000000E+00  0.117018E+08
  0.142657E-04  0.117018E+08  0.117018E+08  0.155943E+08  0.155940E+08  0.000000E+00  0.117018E+08
  0.147492E-04  0.117018E+08  0.117018E+08  0.155938E+08  0.155935E+08  0.000000E+00  0.117018E+08
  0.152490E-04  0.117018E+08  0.117018E+08  0.155932E+08  0.155928E+08  0.000000E+00  0.117018E+08
  0.157658E-04  0.117018E+08  0.117018E+08  0.155925E+08  0.155922E+08  0.000000E+00  0.117018E+08
  0.163001E-04  0.117018E+08  0.117018E+08  0.155919E+08  0.155915E+08  0.000000E+00  0.117018E+08
  0.168525E-04  0.117018E+08  0.117018E+08  0.155911E+08  0.155907E+08  0.000000E+00  0.117018E+08
  0.174236E-04  0.117018E+08  0.117018E+08  0.155904E+08  0.155899E+08  0.000000E+00  0.117018E+08
  0.180140E-04  0.117018E+08  0.117018E+08  0.155895E+08  0.155891E+08  0.000000E+00  0.117018E+08
  0.186245E-04  0.117018E+08  0.117018E+08  0.155886E+08  0.155881E+08  0.000000E+00  0.117018E+08
  0.192557E-04  0.117018E+08  0.117018E+08  0.155877E+08  0.155872E+08  0.000000E+00  0.117018E+08
  0.199082E-04  0.117018E+08  0.117018E+08  0.155867E+08  0.155861E+08  0.000000E+00  0.117018E+08
  0.205829E-04  0.117017E+08  0.117017E+08  0.155856E+08  0.155850E+08  0.000000E+00  0.117017E+08
  0.212804E-04  0.117017E+08  0.117017E+08  0.155844E+08  0.155838E+08  0.000000E+00  0.117017E+08
  0.220016E-04  0.117017E+08  0.117017E+08  0.155832E+08  0.155825E+08  0.000000E+00  0.117017E+08
  0.227472E-04  0.117017E+08  0.117017E+08  0.155819E+08  0.155811E+08  0.000000E+00  0.117017E+08
  0.235181E-04  0.117017E+08  0.117017E+08  0.155805E+08  0.155797E+08  0.000000E+00  0.117017E+08
  0.243151E-04  0.117017E+08  0.117017E+08  0.155790E+08  0.155781E+08  0.000000E+00  0.117017E+08
  0.251391E-04  0.117017E+08  0.117017E+08  0.155773E+08  0.155764E+08  0.000000E+00  0.117017E+08
  0.259910E-04  0.117017E+08  0.117017E+08  0.155756E+08  0.155746E+08  0.000000E+00  0.117017E+08
  0.268718E-04  0.117017E+08  0.117017E+08  0.155738E+08  0.155727E+08  0.000000E+00  0.117017E+08
  0.277825E-04  0.117017E+08  0.117017E+08  0.155718E+08  0.155707E+08  0.000000E+00  0.117017E+08
  0.287240E-04  0.117017E+08  0.117017E+08  0.155697E+08  0.155685E+08  0.000000E+00  0.117017E+08
  0.296974E-04  0.117017E+08  0.117017E+08  0.155674E+08  0.155661E+08  0.000000E+00  0.117017E+08
  0.307038E-04  0.117017E+08  0.117017E+08  0.155650E+08  0.155637E+08  0.000000E+00  0.117017E+08
  0.317443E-04  0.117017E+08  0.117017E+08  0.155625E+08  0.155610E+08  0.000000E+00  0.117017E+08
  0.328201E-04  0.117017E+08  0.117017E+08  0.155597E+08  0.155581E+08  0.000000E+00  0.117017E+08
  0.339323E-04  0.117017E+08  0.117017E+08  0.155568E+08  0.155551E+08  0.000000E+00  0.117017E+08
  0.350822E-04  0.117016E+08  0.117016E+08  0.155536E+08  0.155518E+08  0.000000E+00  0.117016E+08
  0.362711E-04  0.117016E+08  0.117016E+08  0.155503E+08  0.155484E+08  0.000000E+00  0.117016E+08
  0.375003E-04  0.117016E+08  0.117016E+08  0.155467E+08  0.155446E+08  0.000000E+00  0.117016E+08
  0.387712E-04  0.117016E+08  0.117016E+08  0.155429E+08  0.155407E+08  0.000000E+00  0.117016E+08
  0.400851E-04  0.117016E+08  0.117016E+08  0.155388E+08  0.155364E+08  0.000000E+00  0.117016E+08
  0.414435E-04  0.117016E+08  0.117016E+08  0.155344E+08  0.155319E+08  0.000000E+00  0.117016E+08
  0.428480E-04  0.117016E+08  0.117016E+08  0.155297E+08  0.155270E+08  0.000000E+00  0.117016E+08
  0.443000E-04  0.117016E+08  0.117015E+08  0.155247E+08  0.155218E+08  0.000000E+00  0.117016E+08
  0.458013E-04  0.117015E+08  0.117015E+08  0.155194E+08  0.155163E+08  0.000000E+00  0.117015E+08
  0.473535E-04  0.117015E+08  0.117015E+08  0.155137E+08  0.155104E+08  0.000000E+00  0.117015E+08
  0.489582E-04  0.117015E+08  0.117015E+08  0.155076E+08  0.155041E+08  0.000000E+00  0.117015E+08
  0.506173E-04  0.117015E+08  0.117015E+08  0.155011E+08  0.154973E+08  0.000000E+00  0.117015E+08
  0.523327E-04  0.117015E+08  0.117014E+08  0.154941E+08  0.154901E+08  0.000000E+00  0.117015E+08
  0.541062E-04  0.117014E+08  0.117014E+08  0.154867E+08  0.154824E+08  0.000000E+00  0.117014E+08
  0.559398E-04  0.117014E+08  0.117014E+08  0.154787E+08  0.154741E+08  0.000000E+00  0.117014E+08
  0.578355E-04  0.117014E+08  0.117014E+08  0.154702E+08  0.154653E+08  0.000000E+00  0.117014E+08
  0.597955E-04  0.117014E+08  0.117013E+08  0.154612E+08  0.154559E+08  0.000000E+00  0.117014E+08
  0.618219E-04  0.117013E+08  0.117013E+08  0.154515E+08  0.154459E+08  0.000000E+00  0.117013E+08
  0.639169E-04  0.117013E+08  0.117013E+08  0.154411E+08  0.154351E+08  0.000000E+00  0.117013E+08
  0.660830E-04  0.117013E+08  0.117012E+08  0.154301E+08  0.154237E+08  0.000000E+00  0.117012E+08
  0.683225E-04  0.117012E+08  0.117012E+08  0.154182E+08  0.154114E+08  0.000000E+00  0.117012E+08
  0.706378E-04  0.117012E+08  0.117012E+08  0.154056E+08  0.153983E+08  0.000000E+00  0.117012E+08
  0.730317E-04  0.117011E+08  0.117011E+08  0.153922E+08  0.153844E+08  0.000000E+00  0.117011E+08
  0.755066E-04  0.117011E+08  0.117011E+08  0.153778E+08  0.153694E+08  0.000000E+00  0.117011E+08
  0.780654E-04  0.117010E+08  0.117010E+08  0.153624E+08  0.153535E+08  0.000000E+00  0.117010E+08
  0.807110E-04  0.117010E+08  0.117010E+08  0.153460E+08  0.153365E+08  0.000000E+00  0.117010E+08
  0.834462E-04  0.117009E+08  0.117009E+08  0.153285E+08  0.153183E+08  0.000000E+00  0.117009E+08
  0.862741E-04  0.117009E+08  0.117008E+08  0.153097E+08  0.152989E+08  0.000000E+00  0.117009E+08
  0.891978E-04  0.117008E+08  0.117008E+08  0.152898E+08  0.152782E+08  0.000000E+00  0.117008E+08
  0.922206E-04  0.117007E+08  0.117007E+08  0.152684E+08  0.152561E+08  0.000000E+00  0.117007E+08
  0.953458E-04  0.117007E+08  0.117006E+08  0.152457E+08  0.152325E+08  0.000000E+00  0.117007E+08
  0.985770E-04  0.117006E+08  0.117005E+08  0.152214E+08  0.152073E+08  0.000000E+00  0.117006E+08
  0.101918E-03  0.117005E+08  0.117005E+08  0.151954E+08  0.151804E+08  0.000000E+00  0.117005E+08
  0.105371E-03  0.117004E+08  0.117004E+08  0.151678E+08  0.151517E+08  0.000000E+00  0.117004E+08
  0.108942E-03  0.117003E+08  0.117003E+08  0.151382E+08  0.151211E+08  0.000000E+00  0.117003E+08
  0.112634E-03  0.117002E+08  0.117002E+08  0.151067E+08  0.150885E+08  0.000000E+00  0.117002E+08
  0.116451E-03  0.117001E+08  0.117000E+08  0.150731E+08  0.150536E+08  0.000000E+00  0.117001E+08
  0.120398E-03  0.117000E+08  0.116999E+08  0.150373E+08  0.150165E+08  0.000000E+00  0.117000E+08
  0.124478E-03  0.116999E+08  0.116998E+08  0.149991E+08  0.149769E+08  0.000000E+00  0.116998E+08
  0.128696E-03  0.116997E+08  0.116997E+08  0.149583E+08  0.149346E+08  0.000000E+00  0.116997E+08
  0.133058E-03  0.116996E+08  0.116995E+08  0.149149E+08  0.148896E+08  0.000000E+00  0.116996E+08
  0.137567E-03  0.116994E+08  0.116994E+08  0.148686E+08  0.148416E+08  0.000000E+00  0.116994E+08
  0.142229E-03  0.116993E+08  0.116992E+08  0.148192E+08  0.147905E+08  0.000000E+00  0.116993E+08
  0.147049E-03  0.116991E+08  0.116990E+08  0.147666E+08  0.147360E+08  0.000000E+00  0.116991E+08
  0.152032E-03  0.116989E+08  0.116988E+08  0.147106E+08  0.146780E+08  0.000000E+00  0.116989E+08
  0.157184E-03  0.116987E+08  0.116986E+08  0.146510E+08  0.146162E+08  0.000000E+00  0.116987E+08
  0.162511E-03  0.116985E+08  0.116984E+08  0.145875E+08  0.145505E+08  0.000000E+00  0.116985E+08
  0.168018E-03  0.116983E+08  0.116982E+08  0.145199E+08  0.144805E+08  0.000000E+00  0.116982E+08
  0.173712E-03  0.116980E+08  0.116979E+08  0.144480E+08  0.144060E+08  0.000000E+00  0.116980E+08
  0.179599E-03  0.116978E+08  0.116976E+08  0.143716E+08  0.143269E+08  0.000000E+00  0.116977E+08
  0.185685E-03  0.116975E+08  0.116974E+08  0.142902E+08  0.142427E+08  0.000000E+00  0.116975E+08
  0.191978E-03  0.116972E+08  0.116970E+08  0.142038E+08  0.141532E+08  0.000000E+00  0.116972E+08
  0.198484E-03  0.116969E+08  0.116967E+08  0.141119E+08  0.140581E+08  0.000000E+00  0.116969E+08
  0.205210E-03  0.116965E+08  0.116964E+08  0.140144E+08  0.139572E+08  0.000000E+00  0.116965E+08
  0.212165E-03  0.116962E+08  0.116960E+08  0.139109E+08  0.138500E+08  0.000000E+00  0.116962E+08
  0.219355E-03  0.116958E+08  0.116956E+08  0.138010E+08  0.137364E+08  0.000000E+00  0.116958E+08
  0.226788E-03  0.116954E+08  0.116952E+08  0.136844E+08  0.136158E+08  0.000000E+00  0.116954E+08
  0.234474E-03  0.116949E+08  0.116947E+08  0.135609E+08  0.134881E+08  0.000000E+00  0.116949E+08
  0.242420E-03  0.116945E+08  0.116943E+08  0.134301E+08  0.133528E+08  0.000000E+00  0.116944E+08
  0.250635E-03  0.116940E+08  0.116937E+08  0.132916E+08  0.132097E+08  0.000000E+00  0.116939E+08
  0.259129E-03  0.116935E+08  0.116932E+08  0.131451E+08  0.130582E+08  0.000000E+00  0.116934E+08
  0.267910E-03  0.116929E+08  0.116926E+08  0.129902E+08  0.128982E+08  0.000000E+00  0.116928E+08
  0.276990E-03  0.116923E+08  0.116920E+08  0.128265E+08  0.127292E+08  0.000000E+00  0.116922E+08
  0.286376E-03  0.116916E+08  0.116913E+08  0.126538E+08  0.125509E+08  0.000000E+00  0.116916E+08
  0.296081E-03  0.116909E+08  0.116906E+08  0.124717E+08  0.123629E+08  0.000000E+00  0.116909E+08
  0.306115E-03  0.116902E+08  0.116899E+08  0.122798E+08  0.121650E+08  0.000000E+00  0.116901E+08
  0.316489E-03  0.116894E+08  0.116890E+08  0.120779E+08  0.119567E+08  0.000000E+00  0.116894E+08
  0.327214E-03  0.116886E+08  0.116882E+08  0.118657E+08  0.117379E+08  0.000000E+00  0.116885E+08
  0.338303E-03  0.116877E+08  0.116873E+08  0.116428E+08  0.115082E+08  0.000000E+00  0.116876E+08
  0.349768E-03  0.116867E+08  0.116863E+08  0.114091E+08  0.112675E+08  0.000000E+00  0.116867E+08
  0.361621E-03  0.116857E+08  0.116852E+08  0.111643E+08  0.110156E+08  0.000000E+00  0.116856E+08
  0.373876E-03  0.116846E+08  0.116841E+08  0.109084E+08  0.107523E+08  0.000000E+00  0.116846E+08
  0.386546E-03  0.116835E+08  0.116829E+08  0.106412E+08  0.104775E+08  0.000000E+00  0.116834E+08
  0.399646E-03  0.116823E+08  0.116817E+08  0.103627E+08  0.101914E+08  0.000000E+00  0.116822E+08
  0.413189E-03  0.116810E+08  0.116803E+08  0.100730E+08  0.989395E+07  0.000000E+00  0.116809E+08
  0.427192E-03  0.116796E+08  0.116789E+08  0.977223E+07  0.958535E+07  0.000000E+00  0.116795E+08
  0.441669E-03  0.116781E+08  0.116774E+08  0.946058E+07  0.926589E+07  0.000000E+00  0.116780E+08
  0.456636E-03  0.116765E+08  0.116758E+08  0.913842E+07  0.893597E+07  0.000000E+00  0.116764E+08
  0.472111E-03  0.116748E+08  0.116741E+08  0.880622E+07  0.859612E+07  0.000000E+00  0.116747E+08
  0.488111E-03  0.116730E+08  0.116722E+08  0.846458E+07  0.824700E+07  0.000000E+00  0.116729E+08
  0.504652E-03  0.116712E+08  0.116703E+08  0.811424E+07  0.788942E+07  0.000000E+00  0.116710E+08
  0.521754E-03  0.116691E+08  0.116682E+08  0.775609E+07  0.752437E+07  0.000000E+00  0.116690E+08
  0.539436E-03  0.116670E+08  0.116660E+08  0.739118E+07  0.715297E+07  0.000000E+00  0.116668E+08
  0.557716E-03  0.116647E+08  0.116637E+08  0.702073E+07  0.677656E+07  0.000000E+00  0.116646E+08
  0.576617E-03  0.116623E+08  0.116612E+08  0.664614E+07  0.639661E+07  0.000000E+00  0.116621E+08
  0.596158E-03  0.116597E+08  0.116586E+08  0.626897E+07  0.601482E+07  0.000000E+00  0.116596E+08
  0.616361E-03  0.116570E+08  0.116558E+08  0.589097E+07  0.563302E+07  0.000000E+00  0.116568E+08
  0.637248E-03  0.116541E+08  0.116529E+08  0.551402E+07  0.525324E+07  0.000000E+00  0.116539E+08
  0.658844E-03  0.116511E+08  0.116497E+08  0.514019E+07  0.487764E+07  0.000000E+00  0.116509E+08
  0.681171E-03  0.116478E+08  0.116464E+08  0.477165E+07  0.450852E+07  0.000000E+00  0.116476E+08
  0.704255E-03  0.116444E+08  0.116429E+08  0.441070E+07  0.414825E+07  0.000000E+00  0.116442E+08
  0.728122E-03  0.116408E+08  0.116392E+08  0.405968E+07  0.379930E+07  0.000000E+00  0.116405E+08
  0.752797E-03  0.116369E+08  0.116353E+08  0.372096E+07  0.346413E+07  0.000000E+00  0.116367E+08
  0.778308E-03  0.116328E+08  0.116311E+08  0.339691E+07  0.314515E+07  0.000000E+00  0.116326E+08
  0.804684E-03  0.116286E+08  0.116268E+08  0.308977E+07  0.284465E+07  0.000000E+00  0.116283E+08
  0.831954E-03  0.116240E+08  0.116221E+08  0.280164E+07  0.256476E+07  0.000000E+00  0.116237E+08
  0.860148E-03  0.116192E+08  0.116173E+08  0.253440E+07  0.230731E+07  0.000000E+00  0.116189E+08
  0.889297E-03  0.116142E+08  0.116121E+08  0.228957E+07  0.207381E+07  0.000000E+00  0.116138E+08
  0.919434E-03  0.116088E+08  0.116067E+08  0.206832E+07  0.186530E+07  0.000000E+00  0.116085E+08
  0.950592E-03  0.116032E+08  0.116010E+08  0.187132E+07  0.168233E+07  0.000000E+00  0.116028E+08
  0.982807E-03  0.115973E+08  0.115950E+08  0.169870E+07  0.152485E+07  0.000000E+00  0.115969E+08
  0.101611E-02  0.115910E+08  0.115886E+08  0.155000E+07  0.139215E+07  0.000000E+00  0.115906E+08
  0.105055E-02  0.115844E+08  0.115820E+08  0.142412E+07  0.128288E+07  0.000000E+00  0.115841E+08
  0.108615E-02  0.115775E+08  0.115750E+08  0.131931E+07  0.119498E+07  0.000000E+00  0.115771E+08
  0.112296E-02  0.115703E+08  0.115677E+08  0.123324E+07  0.112578E+07  0.000000E+00  0.115699E+08
  0.116101E-02  0.115626E+08  0.115600E+08  0.116301E+07  0.107204E+07  0.000000E+00  0.115622E+08
  0.120036E-02  0.115546E+08  0.115519E+08  0.110530E+07  0.103010E+07  0.000000E+00  0.115542E+08
  0.124104E-02  0.115462E+08  0.115434E+08  0.105655E+07  0.996051E+06  0.000000E+00  0.115458E+08
  0.128309E-02  0.115374E+08  0.115345E+08  0.101311E+07  0.965962E+06  0.000000E+00  0.115369E+08
  0.132658E-02  0.115281E+08  0.115252E+08  0.971535E+06  0.936133E+06  0.000000E+00  0.115277E+08
  0.137153E-02  0.115184E+08  0.115154E+08  0.928790E+06  0.903367E+06  0.000000E+00  0.115179E+08
  0.141801E-02  0.115082E+08  0.115052E+08  0.882533E+06  0.865230E+06  0.000000E+00  0.115078E+08
  0.146607E-02  0.114976E+08  0.114945E+08  0.831323E+06  0.820285E+06  0.000000E+00  0.114971E+08
  0.151575E-02  0.114864E+08  0.114833E+08  0.774772E+06  0.768236E+06  0.000000E+00  0.114859E+08
  0.156712E-02  0.114748E+08  0.114716E+08  0.713609E+06  0.709988E+06  0.000000E+00  0.114743E+08
  0.162022E-02  0.114625E+08  0.114594E+08  0.649609E+06  0.647554E+06  0.000000E+00  0.114620E+08
  0.167513E-02  0.114498E+08  0.114466E+08  0.585388E+06  0.583828E+06  0.000000E+00  0.114493E+08
  0.173190E-02  0.114364E+08  0.114332E+08  0.524056E+06  0.522204E+06  0.000000E+00  0.114359E+08
  0.179059E-02  0.114224E+08  0.114193E+08  0.468755E+06  0.466082E+06  0.000000E+00  0.114219E+08
  0.185127E-02  0.114079E+08  0.114047E+08  0.422130E+06  0.418318E+06  0.000000E+00  0.114074E+08
  0.191401E-02  0.113926E+08  0.113894E+08  0.385829E+06  0.380700E+06  0.000000E+00  0.113921E+08
  0.197887E-02  0.113767E+08  0.113735E+08  0.360109E+06  0.353567E+06  0.000000E+00  0.113762E+08
  0.204594E-02  0.113601E+08  0.113569E+08  0.343668E+06  0.335648E+06  0.000000E+00  0.113596E+08
  0.211527E-02  0.113428E+08  0.113396E+08  0.333778E+06  0.324238E+06  0.000000E+00  0.113423E+08
  0.218695E-02  0.113247E+08  0.113215E+08  0.326748E+06  0.315695E+06  0.000000E+00  0.113242E+08
  0.226107E-02  0.113059E+08  0.113027E+08  0.318673E+06  0.306223E+06  0.000000E+00  0.113054E+08
  0.233769E-02  0.112863E+08  0.112831E+08  0.306334E+06  0.292785E+06  0.000000E+00  0.112858E+08
  0.241691E-02  0.112658E+08  0.112626E+08  0.288026E+06  0.273909E+06  0.000000E+00  0.112653E+08
  0.249882E-02  0.112445E+08  0.112413E+08  0.264067E+06  0.250137E+06  0.000000E+00  0.112440E+08
  0.258350E-02  0.112224E+08  0.112191E+08  0.236757E+06  0.223901E+06  0.000000E+00  0.112218E+08
  0.267105E-02  0.111993E+08  0.111959E+08  0.209706E+06  0.198766E+06  0.000000E+00  0.111988E+08
  0.276157E-02  0.111753E+08  0.111719E+08  0.186640E+06  0.178195E+06  0.000000E+00  0.111747E+08
  0.285516E-02  0.111503E+08  0.111469E+08  0.170047E+06  0.164226E+06  0.000000E+00  0.111498E+08
  0.295191E-02  0.111243E+08  0.111208E+08  0.160172E+06  0.156583E+06  0.000000E+00  0.111238E+08
  0.305195E-02  0.110974E+08  0.110938E+08  0.154858E+06  0.152685E+06  0.000000E+00  0.110968E+08
  0.315538E-02  0.110693E+08  0.110657E+08  0.150452E+06  0.148718E+06  0.000000E+00  0.110688E+08
  0.326231E-02  0.110402E+08  0.110365E+08  0.143520E+06  0.141417E+06  0.000000E+00  0.110396E+08
  0.337287E-02  0.110100E+08  0.110062E+08  0.132617E+06  0.129736E+06  0.000000E+00  0.110094E+08
  0.348717E-02  0.109786E+08  0.109748E+08  0.119117E+06  0.115471E+06  0.000000E+00  0.109780E+08
  0.360534E-02  0.109461E+08  0.109421E+08  0.106458E+06  0.102252E+06  0.000000E+00  0.109455E+08
  0.372752E-02  0.109124E+08  0.109083E+08  0.979701E+05  0.932973E+05  0.000000E+00  0.109117E+08
  0.385385E-02  0.108774E+08  0.108733E+08  0.945325E+05  0.892250E+05  0.000000E+00  0.108768E+08
  0.398445E-02  0.108412E+08  0.108369E+08  0.936979E+05  0.875220E+05  0.000000E+00  0.108405E+08
  0.411948E-02  0.108036E+08  0.107993E+08  0.912469E+05  0.843408E+05  0.000000E+00  0.108030E+08
  0.425908E-02  0.107648E+08  0.107603E+08  0.843614E+05  0.775371E+05  0.000000E+00  0.107641E+08
  0.440341E-02  0.107246E+08  0.107200E+08  0.740002E+05  0.685138E+05  0.000000E+00  0.107239E+08
  0.455264E-02  0.106830E+08  0.106783E+08  0.641994E+05  0.609888E+05  0.000000E+00  0.106822E+08
  0.470692E-02  0.106399E+08  0.106351E+08  0.584605E+05  0.574196E+05  0.000000E+00  0.106392E+08
  0.486644E-02  0.105954E+08  0.105905E+08  0.564225E+05  0.564376E+05  0.000000E+00  0.105947E+08
  0.503135E-02  0.105495E+08  0.105444E+08  0.544049E+05  0.542593E+05  0.000000E+00  0.105487E+08
  0.520186E-02  0.105020E+08  0.104967E+08  0.496882E+05  0.490010E+05  0.000000E+00  0.105011E+08
  0.537814E-02  0.104529E+08  0.104475E+08  0.437663E+05  0.429757E+05  0.000000E+00  0.104520E+08
  0.556040E-02  0.104022E+08  0.103966E+08  0.401910E+05  0.396980E+05  0.000000E+00  0.104014E+08
  0.574884E-02  0.103500E+08  0.103442E+08  0.393262E+05  0.390449E+05  0.000000E+00  0.103491E+08
  0.594366E-02  0.102961E+08  0.102900E+08  0.374794E+05  0.375910E+05  0.000000E+00  0.102951E+08
  0.614508E-02  0.102405E+08  0.102342E+08  0.326035E+05  0.342983E+05  0.000000E+00  0.102395E+08
  0.635333E-02  0.101831E+08  0.101767E+08  0.281535E+05  0.000000E+00  0.000000E+00  0.101821E+08
  0.656864E-02  0.101241E+08  0.101174E+08  0.277964E+05  0.000000E+00  0.000000E+00  0.101230E+08
  0.679124E-02  0.100632E+08  0.100563E+08  0.288415E+05  0.000000E+00  0.000000E+00  0.100621E+08
  0.702139E-02  0.100006E+08  0.999333E+07  0.267235E+05  0.000000E+00  0.000000E+00  0.999945E+07
  0.725933E-02  0.993608E+07  0.992853E+07  0.234968E+05  0.000000E+00  0.000000E+00  0.993490E+07
  0.750534E-02  0.986970E+07  0.986184E+07  0.234461E+05  0.000000E+00  0.000000E+00  0.986847E+07
  0.775969E-02  0.980142E+07  0.979321E+07  0.237570E+05  0.000000E+00  0.000000E+00  0.980013E+07
  0.802265E-02  0.973119E+07  0.972263E+07  0.206226E+05  0.000000E+00  0.000000E+00  0.972985E+07
  0.829453E-02  0.965899E+07  0.965005E+07  0.177416E+05  0.000000E+00  0.000000E+00  0.965760E+07
  0.857562E-02  0.958479E+07  0.957545E+07  0.170255E+05  0.000000E+00  0.000000E+00  0.958333E+07
  0.886624E-02  0.950855E+07  0.949879E+07  0.147583E+05  0.000000E+00  0.000000E+00  0.950702E+07
  0.916671E-02  0.943024E+07  0.942004E+07  0.137823E+05  0.000000E+00  0.000000E+00  0.942865E+07
  0.947735E-02  0.934984E+07  0.933917E+07  0.142746E+05  0.000000E+00  0.000000E+00  0.934818E+07
  0.979853E-02  0.926731E+07  0.925614E+07  0.127332E+05  0.000000E+00  0.000000E+00  0.926557E+07
  0.101306E-01  0.918262E+07  0.917092E+07  0.118984E+05  0.000000E+00  0.000000E+00  0.918080E+07
  0.104739E-01  0.909575E+07  0.908348E+07  0.115322E+05  0.000000E+00  0.000000E+00  0.909383E+07
  0.108288E-01  0.900665E+07  0.899380E+07  0.909245E+04  0.000000E+00  0.000000E+00  0.900464E+07
  0.111958E-01  0.891530E+07  0.890183E+07  0.899454E+04  0.000000E+00  0.000000E+00  0.891320E+07
  0.115752E-01  0.882168E+07  0.880756E+07  0.863510E+04  0.000000E+00  0.000000E+00  0.881947E+07
  0.119675E-01  0.872575E+07  0.871094E+07  0.788734E+04  0.000000E+00  0.000000E+00  0.872344E+07
  0.123731E-01  0.862749E+07  0.861197E+07  0.762512E+04  0.000000E+00  0.000000E+00  0.862506E+07
  0.127924E-01  0.852688E+07  0.851060E+07  0.667531E+04  0.000000E+00  0.000000E+00  0.852433E+07
  0.132259E-01  0.842389E+07  0.840682E+07  0.615485E+04  0.000000E+00  0.000000E+00  0.842122E+07
  0.136741E-01  0.831850E+07  0.830060E+07  0.516655E+04  0.000000E+00  0.000000E+00  0.831570E+07
  0.141375E-01  0.821069E+07  0.819193E+07  0.561202E+04  0.000000E+00  0.000000E+00  0.820776E+07
  0.146166E-01  0.810046E+07  0.808079E+07  0.473675E+04  0.000000E+00  0.000000E+00  0.809738E+07
  0.151119E-01  0.798778E+07  0.796718E+07  0.471724E+04  0.000000E+00  0.000000E+00  0.798456E+07
  0.156241E-01  0.787266E+07  0.785108E+07  0.396016E+04  0.000000E+00  0.000000E+00  0.786929E+07
  0.161536E-01  0.775509E+07  0.773250E+07  0.348342E+04  0.000000E+00  0.000000E+00  0.775156E+07
  0.167010E-01  0.763508E+07  0.761144E+07  0.371290E+04  0.000000E+00  0.000000E+00  0.763138E+07
  0.172669E-01  0.751263E+07  0.748791E+07  0.317535E+04  0.000000E+00  0.000000E+00  0.750877E+07
  0.178521E-01  0.738778E+07  0.736194E+07  0.295197E+04  0.000000E+00  0.000000E+00  0.738375E+07
  0.184571E-01  0.726055E+07  0.723357E+07  0.261879E+04  0.000000E+00  0.000000E+00  0.725634E+07
  0.190826E-01  0.713099E+07  0.710283E+07  0.248532E+04  0.000000E+00  0.000000E+00  0.712659E+07
  0.197293E-01  0.699914E+07  0.696978E+07  0.233370E+04  0.000000E+00  0.000000E+00  0.699455E+07
  0.203979E-01  0.686507E+07  0.683450E+07  0.207450E+04  0.000000E+00  0.000000E+00  0.686030E+07
  0.210891E-01  0.672887E+07  0.669707E+07  0.182164E+04  0.000000E+00  0.000000E+00  0.672390E+07
  0.218038E-01  0.659064E+07  0.655760E+07  0.172966E+04  0.000000E+00  0.000000E+00  0.658547E+07
  0.225427E-01  0.645048E+07  0.641620E+07  0.141054E+04  0.000000E+00  0.000000E+00  0.644513E+07
  0.233067E-01  0.630855E+07  0.627304E+07  0.142630E+04  0.000000E+00  0.000000E+00  0.630300E+07
  0.240965E-01  0.616500E+07  0.612827E+07  0.128034E+04  0.000000E+00  0.000000E+00  0.615926E+07
  0.249131E-01  0.602001E+07  0.598209E+07  0.126851E+04  0.000000E+00  0.000000E+00  0.601409E+07
  0.257574E-01  0.587380E+07  0.583472E+07  0.109017E+04  0.000000E+00  0.000000E+00  0.586769E+07
  0.266302E-01  0.572660E+07  0.568640E+07  0.100302E+04  0.000000E+00  0.000000E+00  0.572032E+07
  0.275327E-01  0.557867E+07  0.553743E+07  0.959258E+03  0.000000E+00  0.000000E+00  0.557223E+07
  0.284658E-01  0.543031E+07  0.538809E+07  0.896214E+03  0.000000E+00  0.000000E+00  0.542372E+07
  0.294304E-01  0.528184E+07  0.523873E+07  0.775139E+03  0.000000E+00  0.000000E+00  0.527510E+07
  0.304278E-01  0.513359E+07  0.508971E+07  0.600732E+03  0.000000E+00  0.000000E+00  0.512674E+07
  0.314589E-01  0.498596E+07  0.494141E+07  0.599162E+03  0.000000E+00  0.000000E+00  0.497900E+07
  0.325251E-01  0.483934E+07  0.479427E+07  0.508779E+03  0.000000E+00  0.000000E+00  0.483229E+07
  0.336273E-01  0.469414E+07  0.464870E+07  0.515997E+03  0.000000E+00  0.000000E+00  0.468704E+07
  0.347669E-01  0.455080E+07  0.450518E+07  0.470122E+03  0.000000E+00  0.000000E+00  0.454368E+07
  0.359451E-01  0.440979E+07  0.436415E+07  0.393325E+03  0.000000E+00  0.000000E+00  0.440266E+07
  0.371632E-01  0.427154E+07  0.422609E+07  0.384700E+03  0.000000E+00  0.000000E+00  0.426444E+07
  0.384226E-01  0.413650E+07  0.409147E+07  0.357981E+03  0.000000E+00  0.000000E+00  0.412947E+07
  0.397247E-01  0.400512E+07  0.396072E+07  0.285475E+03  0.000000E+00  0.000000E+00  0.399819E+07
  0.410709E-01  0.387780E+07  0.383426E+07  0.284849E+03  0.000000E+00  0.000000E+00  0.387100E+07
  0.424628E-01  0.375491E+07  0.371246E+07  0.257079E+03  0.000000E+00  0.000000E+00  0.374828E+07
  0.439018E-01  0.363676E+07  0.359564E+07  0.219777E+03  0.000000E+00  0.000000E+00  0.363033E+07
  0.453652E-01  0.352538E+07  0.348579E+07  0.206756E+03  0.000000E+00  0.000000E+00  0.351919E+07
  0.468286E-01  0.342228E+07  0.338436E+07  0.166271E+03  0.000000E+00  0.000000E+00  0.341636E+07
  0.482920E-01  0.332687E+07  0.329074E+07  0.171145E+03  0.000000E+00  0.000000E+00  0.332122E+07
  0.497554E-01  0.323852E+07  0.320427E+07  0.158901E+03  0.000000E+00  0.000000E+00  0.323317E+07
  0.512188E-01  0.315661E+07  0.312428E+07  0.132760E+03  0.000000E+00  0.000000E+00  0.315156E+07
  0.526822E-01  0.308049E+07  0.305011E+07  0.140338E+03  0.000000E+00  0.000000E+00  0.307574E+07
  0.541455E-01  0.300953E+07  0.298109E+07  0.130506E+03  0.000000E+00  0.000000E+00  0.300509E+07
  0.556089E-01  0.294312E+07  0.291658E+07  0.116376E+03  0.000000E+00  0.000000E+00  0.293897E+07
  0.570723E-01  0.288065E+07  0.285595E+07  0.102399E+03  0.000000E+00  0.000000E+00  0.287679E+07
  0.585357E-01  0.282155E+07  0.279861E+07  0.953644E+02  0.000000E+00  0.000000E+00  0.281797E+07
  0.599991E-01  0.276530E+07  0.274400E+07  0.931542E+02  0.000000E+00  0.000000E+00  0.276197E+07
  0.614625E-01  0.271138E+07  0.269161E+07  0.914988E+02  0.000000E+00  0.000000E+00  0.270830E+07
  0.629259E-01  0.265936E+07  0.264098E+07  0.762250E+02  0.000000E+00  0.000000E+00  0.265649E+07
  0.643893E-01  0.260883E+07  0.259168E+07  0.758051E+02  0.000000E+00  0.000000E+00  0.260615E+07
  0.658527E-01  0.255943E+07  0.254336E+07  0.721951E+02  0.000000E+00  0.000000E+00  0.255692E+07
  0.673161E-01  0.251086E+07  0.249571E+07  0.638608E+02  0.000000E+00  0.000000E+00  0.250849E+07
  0.687795E-01  0.246287E+07  0.244849E+07  0.684604E+02  0.000000E+00  0.000000E+00  0.246062E+07
  0.702429E-01  0.241527E+07  0.240149E+07  0.590577E+02  0.000000E+00  0.000000E+00  0.241312E+07
  0.717063E-01  0.236791E+07  0.235457E+07  0.572999E+02  0.000000E+00  0.000000E+00  0.236582E+07
  0.731697E-01  0.232068E+07  0.230765E+07  0.585958E+02  0.000000E+00  0.000000E+00  0.231864E+07
  0.746330E-01  0.227356E+07  0.226070E+07  0.470508E+02  0.000000E+00  0.000000E+00  0.227155E+07
  0.760964E-01  0.222646E+07  0.221364E+07  0.438905E+02  0.000000E+00  0.000000E+00  0.222446E+07
  0.775598E-01  0.217945E+07  0.216657E+07  0.436242E+02  0.000000E+00  0.000000E+00  0.217744E+07
  0.790232E-01  0.213259E+07  0.211956E+07  0.439504E+02  0.000000E+00  0.000000E+00  0.213055E+07
  0.804866E-01  0.208597E+07  0.207270E+07  0.409021E+02  0.000000E+00  0.000000E+00  0.208390E+07
  0.819500E-01  0.203970E+07  0.202613E+07  0.443949E+02  0.000000E+00  0.000000E+00  0.203758E+07
  0.834134E-01  0.199389E+07  0.197998E+07  0.303550E+02  0.000000E+00  0.000000E+00  0.199172E+07
  0.848768E-01  0.194869E+07  0.193441E+07  0.347206E+02  0.000000E+00  0.000000E+00  0.194646E+07
  0.863402E-01  0.190425E+07  0.188959E+07  0.389292E+02  0.000000E+00  0.000000E+00  0.190196E+07
  0.878036E-01  0.186071E+07  0.184567E+07  0.316115E+02  0.000000E+00  0.000000E+00  0.185836E+07
  0.892670E-01  0.181821E+07  0.180280E+07  0.260900E+02  0.000000E+00  0.000000E+00  0.181580E+07
  0.907304E-01  0.177689E+07  0.176116E+07  0.258451E+02  0.000000E+00  0.000000E+00  0.177443E+07
  0.921938E-01  0.173688E+07  0.172086E+07  0.263634E+02  0.000000E+00  0.000000E+00  0.173438E+07
  0.940230E-01  0.168889E+07  0.167258E+07  0.213295E+02  0.000000E+00  0.000000E+00  0.168634E+07
  0.958523E-01  0.164330E+07  0.162680E+07  0.182813E+02  0.000000E+00  0.000000E+00  0.164073E+07
  0.976815E-01  0.160028E+07  0.158369E+07  0.232437E+02  0.000000E+00  0.000000E+00  0.159768E+07
  0.995107E-01  0.155989E+07  0.154333E+07  0.197994E+02  0.000000E+00  0.000000E+00  0.155730E+07
  0.101340E+00  0.152219E+07  0.150577E+07  0.126830E+02  0.000000E+00  0.000000E+00  0.151963E+07
  0.103169E+00  0.148716E+07  0.147099E+07  0.142360E+02  0.000000E+00  0.000000E+00  0.148463E+07
  0.104998E+00  0.145474E+07  0.143893E+07  0.148154E+02  0.000000E+00  0.000000E+00  0.145227E+07
  0.106828E+00  0.142481E+07  0.140946E+07  0.127761E+02  0.000000E+00  0.000000E+00  0.142241E+07
  0.108657E+00  0.139722E+07  0.138241E+07  0.160596E+02  0.000000E+00  0.000000E+00  0.139490E+07
  0.110486E+00  0.137178E+07  0.135758E+07  0.157375E+02  0.000000E+00  0.000000E+00  0.136956E+07
  0.112315E+00  0.134828E+07  0.133474E+07  0.101982E+02  0.000000E+00  0.000000E+00  0.134616E+07
  0.114145E+00  0.132646E+07  0.131362E+07  0.115280E+02  0.000000E+00  0.000000E+00  0.132445E+07
  0.115974E+00  0.130609E+07  0.129397E+07  0.139058E+02  0.000000E+00  0.000000E+00  0.130420E+07
  0.117803E+00  0.128692E+07  0.127551E+07  0.104156E+02  0.000000E+00  0.000000E+00  0.128514E+07
  0.119632E+00  0.126867E+07  0.125797E+07  0.108106E+02  0.000000E+00  0.000000E+00  0.126700E+07
  0.121462E+00  0.125109E+07  0.124106E+07  0.133476E+02  0.000000E+00  0.000000E+00  0.124953E+07
  0.123291E+00  0.123395E+07  0.122455E+07  0.925987E+01  0.000000E+00  0.000000E+00  0.123248E+07
  0.125120E+00  0.121704E+07  0.120820E+07  0.618757E+01  0.000000E+00  0.000000E+00  0.121566E+07
  0.126949E+00  0.120018E+07  0.119185E+07  0.872407E+01  0.000000E+00  0.000000E+00  0.119888E+07
  0.128779E+00  0.118323E+07  0.117532E+07  0.917032E+01  0.000000E+00  0.000000E+00  0.118200E+07
  0.130608E+00  0.116607E+07  0.115852E+07  0.796433E+01  0.000000E+00  0.000000E+00  0.116489E+07
  0.132437E+00  0.114861E+07  0.114134E+07  0.858561E+01  0.000000E+00  0.000000E+00  0.114748E+07
  0.134266E+00  0.113081E+07  0.112373E+07  0.717174E+01  0.000000E+00  0.000000E+00  0.112970E+07
  0.136096E+00  0.111262E+07  0.110567E+07  0.000000E+00  0.000000E+00  0.000000E+00  0.111153E+07
  0.137925E+00  0.109406E+07  0.108717E+07  0.000000E+00  0.000000E+00  0.000000E+00  0.109299E+07
  0.139754E+00  0.107518E+07  0.106827E+07  0.000000E+00  0.000000E+00  0.000000E+00  0.107410E+07
  0.141583E+00  0.105602E+07  0.104905E+07  0.000000E+00  0.000000E+00  0.000000E+00  0.105493E+07
  0.143413E+00  0.103667E+07  0.102960E+07  0.000000E+00  0.000000E+00  0.000000E+00  0.103557E+07
  0.145242E+00  0.101725E+07  0.101005E+07  0.000000E+00  0.000000E+00  0.000000E+00  0.101613E+07
  0.147071E+00  0.997868E+06  0.990498E+06  0.000000E+00  0.000000E+00  0.000000E+00  0.996716E+06
  0.148900E+00  0.978630E+06  0.971086E+06  0.000000E+00  0.000000E+00  0.000000E+00  0.977451E+06
  0.150730E+00  0.959658E+06  0.951938E+06  0.000000E+00  0.000000E+00  0.000000E+00  0.958452E+06
  0.152559E+00  0.941065E+06  0.933176E+06  0.000000E+00  0.000000E+00  0.000000E+00  0.939832E+06
  0.154388E+00  0.922954E+06  0.914912E+06  0.000000E+00  0.000000E+00  0.000000E+00  0.921698E+06
  0.156217E+00  0.905426E+06  0.897255E+06  0.000000E+00  0.000000E+00  0.000000E+00  0.904150E+06
  0.158047E+00  0.888570E+06  0.880301E+06  0.000000E+00  0.000000E+00  0.000000E+00  0.887278E+06
  0.159876E+00  0.872456E+06  0.864123E+06  0.000000E+00  0.000000E+00  0.000000E+00  0.871154E+06
  0.161705E+00  0.857141E+06  0.848784E+06  0.000000E+00  0.000000E+00  0.000000E+00  0.855836E+06
  0.163534E+00  0.842665E+06  0.834323E+06  0.000000E+00  0.000000E+00  0.000000E+00  0.841362E+06
  0.165364E+00  0.829041E+06  0.820757E+06  0.000000E+00  0.000000E+00  0.000000E+00  0.827747E+06
  0.167193E+00  0.816262E+06  0.808076E+06  0.000000E+00  0.000000E+00  0.000000E+00  0.814983E+06
  0.169022E+00  0.804305E+06  0.796254E+06  0.000000E+00  0.000000E+00  0.000000E+00  0.803047E+06
  0.170851E+00  0.793131E+06  0.785251E+06  0.000000E+00  0.000000E+00  0.000000E+00  0.791900E+06
  0.172681E+00  0.782693E+06  0.775014E+06  0.000000E+00  0.000000E+00  0.000000E+00  0.781493E+06
  0.174510E+00  0.772927E+06  0.765474E+06  0.000000E+00  0.000000E+00  0.000000E+00  0.771763E+06
  0.176339E+00  0.763763E+06  0.756556E+06  0.000000E+00  0.000000E+00  0.000000E+00  0.762637E+06
  0.178168E+00  0.755122E+06  0.748175E+06  0.000000E+00  0.000000E+00  0.000000E+00  0.754036E+06
  0.179998E+00  0.746921E+06  0.740242E+06  0.000000E+00  0.000000E+00  0.000000E+00  0.745877E+06
  0.181827E+00  0.739071E+06  0.732660E+06  0.000000E+00  0.000000E+00  0.000000E+00  0.738069E+06
  0.183656E+00  0.731482E+06  0.725336E+06  0.000000E+00  0.000000E+00  0.000000E+00  0.730521E+06
  0.185485E+00  0.724070E+06  0.718179E+06  0.000000E+00  0.000000E+00  0.000000E+00  0.723150E+06
  0.187314E+00  0.716758E+06  0.711107E+06  0.000000E+00  0.000000E+00  0.000000E+00  0.715875E+06
  0.189144E+00  0.709478E+06  0.704047E+06  0.000000E+00  0.000000E+00  0.000000E+00  0.708630E+06
  0.190973E+00  0.702170E+06  0.696938E+06  0.000000E+00  0.000000E+00  0.000000E+00  0.701353E+06
  0.192802E+00  0.694787E+06  0.689728E+06  0.000000E+00  0.000000E+00  0.000000E+00  0.693997E+06
  0.194631E+00  0.687288E+06  0.682376E+06  0.000000E+00  0.000000E+00  0.000000E+00  0.686520E+06
  0.196461E+00  0.679645E+06  0.674853E+06  0.000000E+00  0.000000E+00  0.000000E+00  0.678896E+06
  0.198290E+00  0.671841E+06  0.667141E+06  0.000000E+00  0.000000E+00  0.000000E+00  0.671107E+06
  0.200119E+00  0.663870E+06  0.659236E+06  0.000000E+00  0.000000E+00  0.000000E+00  0.663146E+06
  0.201948E+00  0.655735E+06  0.651140E+06  0.000000E+00  0.000000E+00  0.000000E+00  0.655017E+06
  0.203778E+00  0.647450E+06  0.642872E+06  0.000000E+00  0.000000E+00  0.000000E+00  0.646734E+06
  0.205607E+00  0.639041E+06  0.634462E+06  0.000000E+00  0.000000E+00  0.000000E+00  0.638326E+06
  0.207436E+00  0.630542E+06  0.625942E+06  0.000000E+00  0.000000E+00  0.000000E+00  0.629823E+06
  0.209265E+00  0.621988E+06  0.617356E+06  0.000000E+00  0.000000E+00  0.000000E+00  0.621264E+06
  0.211095E+00  0.613422E+06  0.608746E+06  0.000000E+00  0.000000E+00  0.000000E+00  0.612691E+06
  0.212924E+00  0.604886E+06  0.600162E+06  0.000000E+00  0.000000E+00  0.000000E+00  0.604148E+06
  0.214753E+00  0.596424E+06  0.591648E+06  0.000000E+00  0.000000E+00  0.000000E+00  0.595677E+06
  0.216582E+00  0.588076E+06  0.583250E+06  0.000000E+00  0.000000E+00  0.000000E+00  0.587322E+06
  0.218412E+00  0.579885E+06  0.575013E+06  0.000000E+00  0.000000E+00  0.000000E+00  0.579124E+06
  0.220241E+00  0.571888E+06  0.566977E+06  0.000000E+00  0.000000E+00  0.000000E+00  0.571121E+06
  0.222070E+00  0.564120E+06  0.559180E+06  0.000000E+00  0.000000E+00  0.000000E+00  0.563348E+06
  0.223899E+00  0.556611E+06  0.551653E+06  0.000000E+00  0.000000E+00  0.000000E+00  0.555837E+06
  0.225729E+00  0.549385E+06  0.544422E+06  0.000000E+00  0.000000E+00  0.000000E+00  0.548610E+06
  0.227558E+00  0.542458E+06  0.537504E+06  0.000000E+00  0.000000E+00  0.000000E+00  0.541684E+06
  0.229387E+00  0.535838E+06  0.530908E+06  0.000000E+00  0.000000E+00  0.000000E+00  0.535067E+06
  0.231216E+00  0.529526E+06  0.524635E+06  0.000000E+00  0.000000E+00  0.000000E+00  0.528762E+06
  0.233046E+00  0.523520E+06  0.518681E+06  0.000000E+00  0.000000E+00  0.000000E+00  0.522764E+06
  0.234875E+00  0.517808E+06  0.513034E+06  0.000000E+00  0.000000E+00  0.000000E+00  0.517062E+06
  0.236704E+00  0.512376E+06  0.507679E+06  0.000000E+00  0.000000E+00  0.000000E+00  0.511642E+06
  0.238533E+00  0.507205E+06  0.502596E+06  0.000000E+00  0.000000E+00  0.000000E+00  0.506485E+06
  0.240363E+00  0.502274E+06  0.497760E+06  0.000000E+00  0.000000E+00  0.000000E+00  0.501568E+06
  0.242192E+00  0.497555E+06  0.493143E+06  0.000000E+00  0.000000E+00  0.000000E+00  0.496866E+06
  0.244021E+00  0.493019E+06  0.488713E+06  0.000000E+00  0.000000E+00  0.000000E+00  0.492346E+06
  0.245850E+00  0.488636E+06  0.484437E+06  0.000000E+00  0.000000E+00  0.000000E+00  0.487980E+06
  0.247680E+00  0.484373E+06  0.480282E+06  0.000000E+00  0.000000E+00  0.000000E+00  0.483734E+06
  0.249509E+00  0.480201E+06  0.476216E+06  0.000000E+00  0.000000E+00  0.000000E+00  0.479579E+06
  0.251338E+00  0.476091E+06  0.472208E+06  0.000000E+00  0.000000E+00  0.000000E+00  0.475484E+06
  0.253167E+00  0.472018E+06  0.468231E+06  0.000000E+00  0.000000E+00  0.000000E+00  0.471426E+06
  0.254997E+00  0.467958E+06  0.464260E+06  0.000000E+00  0.000000E+00  0.000000E+00  0.467381E+06
  0.256826E+00  0.463893E+06  0.460276E+06  0.000000E+00  0.000000E+00  0.000000E+00  0.463328E+06
  0.258655E+00  0.459806E+06  0.456261E+06  0.000000E+00  0.000000E+00  0.000000E+00  0.459252E+06
  0.260484E+00  0.455684E+06  0.452202E+06  0.000000E+00  0.000000E+00  0.000000E+00  0.455140E+06
  0.262314E+00  0.451517E+06  0.448088E+06  0.000000E+00  0.000000E+00  0.000000E+00  0.450981E+06
  0.264143E+00  0.447300E+06  0.443914E+06  0.000000E+00  0.000000E+00  0.000000E+00  0.446771E+06
  0.265972E+00  0.443032E+06  0.439680E+06  0.000000E+00  0.000000E+00  0.000000E+00  0.442508E+06
  0.267801E+00  0.438716E+06  0.435389E+06  0.000000E+00  0.000000E+00  0.000000E+00  0.438196E+06
  0.269631E+00  0.434358E+06  0.431049E+06  0.000000E+00  0.000000E+00  0.000000E+00  0.433841E+06
  0.271460E+00  0.429968E+06  0.426670E+06  0.000000E+00  0.000000E+00  0.000000E+00  0.429453E+06
  0.273289E+00  0.425558E+06  0.422264E+06  0.000000E+00  0.000000E+00  0.000000E+00  0.425044E+06
  0.275118E+00  0.421142E+06  0.417847E+06  0.000000E+00  0.000000E+00  0.000000E+00  0.420627E+06
  0.276947E+00  0.416732E+06  0.413434E+06  0.000000E+00  0.000000E+00  0.000000E+00  0.416217E+06
  0.278777E+00  0.412344E+06  0.409040E+06  0.000000E+00  0.000000E+00  0.000000E+00  0.411828E+06
  0.280606E+00  0.407993E+06  0.404682E+06  0.000000E+00  0.000000E+00  0.000000E+00  0.407476E+06
  0.282435E+00  0.403693E+06  0.400376E+06  0.000000E+00  0.000000E+00  0.000000E+00  0.403175E+06
  0.284264E+00  0.399460E+06  0.396138E+06  0.000000E+00  0.000000E+00  0.000000E+00  0.398941E+06
  0.286094E+00  0.395306E+06  0.391982E+06  0.000000E+00  0.000000E+00  0.000000E+00  0.394787E+06
  0.287923E+00  0.391246E+06  0.387922E+06  0.000000E+00  0.000000E+00  0.000000E+00  0.390726E+06
  0.289752E+00  0.387288E+06  0.383969E+06  0.000000E+00  0.000000E+00  0.000000E+00  0.386769E+06
  0.291581E+00  0.383440E+06  0.380130E+06  0.000000E+00  0.000000E+00  0.000000E+00  0.382923E+06
  0.293411E+00  0.379708E+06  0.376411E+06  0.000000E+00  0.000000E+00  0.000000E+00  0.379193E+06
  0.295240E+00  0.376094E+06  0.372816E+06  0.000000E+00  0.000000E+00  0.000000E+00  0.375582E+06
  0.297069E+00  0.372598E+06  0.369344E+06  0.000000E+00  0.000000E+00  0.000000E+00  0.372089E+06
  0.298898E+00  0.369219E+06  0.365993E+06  0.000000E+00  0.000000E+00  0.000000E+00  0.368715E+06
  0.300728E+00  0.365956E+06  0.362762E+06  0.000000E+00  0.000000E+00  0.000000E+00  0.365457E+06
  0.302557E+00  0.362802E+06  0.359645E+06  0.000000E+00  0.000000E+00  0.000000E+00  0.362309E+06
  0.304386E+00  0.359752E+06  0.356635E+06  0.000000E+00  0.000000E+00  0.000000E+00  0.359265E+06
  0.306215E+00  0.356797E+06  0.353724E+06  0.000000E+00  0.000000E+00  0.000000E+00  0.356317E+06
  0.308045E+00  0.353929E+06  0.350900E+06  0.000000E+00  0.000000E+00  0.000000E+00  0.353455E+06
  0.309874E+00  0.351135E+06  0.348153E+06  0.000000E+00  0.000000E+00  0.000000E+00  0.350669E+06
  0.311703E+00  0.348407E+06  0.345472E+06  0.000000E+00  0.000000E+00  0.000000E+00  0.347948E+06
  0.313532E+00  0.345731E+06  0.342844E+06  0.000000E+00  0.000000E+00  0.000000E+00  0.345280E+06
  0.315362E+00  0.343100E+06  0.340259E+06  0.000000E+00  0.000000E+00  0.000000E+00  0.342656E+06
  0.317191E+00  0.340503E+06  0.337706E+06  0.000000E+00  0.000000E+00  0.000000E+00  0.340066E+06
  0.319020E+00  0.337930E+06  0.335178E+06  0.000000E+00  0.000000E+00  0.000000E+00  0.337500E+06
  0.320849E+00  0.335375E+06  0.332663E+06  0.000000E+00  0.000000E+00  0.000000E+00  0.334952E+06
  0.322679E+00  0.332830E+06  0.330156E+06  0.000000E+00  0.000000E+00  0.000000E+00  0.332413E+06
  0.324508E+00  0.330289E+06  0.327650E+06  0.000000E+00  0.000000E+00  0.000000E+00  0.329876E+06
  0.326337E+00  0.327746E+06  0.325138E+06  0.000000E+00  0.000000E+00  0.000000E+00  0.327338E+06
  0.328166E+00  0.325197E+06  0.322618E+06  0.000000E+00  0.000000E+00  0.000000E+00  0.324794E+06
  0.329996E+00  0.322642E+06  0.320088E+06  0.000000E+00  0.000000E+00  0.000000E+00  0.322243E+06
  0.331825E+00  0.320079E+06  0.317546E+06  0.000000E+00  0.000000E+00  0.000000E+00  0.319683E+06
  0.333654E+00  0.317509E+06  0.314995E+06  0.000000E+00  0.000000E+00  0.000000E+00  0.317116E+06
  0.335483E+00  0.314934E+06  0.312436E+06  0.000000E+00  0.000000E+00  0.000000E+00  0.314544E+06
  0.337313E+00  0.312358E+06  0.309873E+06  0.000000E+00  0.000000E+00  0.000000E+00  0.311970E+06
  0.339142E+00  0.309783E+06  0.307309E+06  0.000000E+00  0.000000E+00  0.000000E+00  0.309397E+06
  0.340971E+00  0.307214E+06  0.304749E+06  0.000000E+00  0.000000E+00  0.000000E+00  0.306829E+06
  0.342800E+00  0.304655E+06  0.302197E+06  0.000000E+00  0.000000E+00  0.000000E+00  0.304271E+06
  0.344630E+00  0.302111E+06  0.299660E+06  0.000000E+00  0.000000E+00  0.000000E+00  0.301728E+06
  0.346459E+00  0.299586E+06  0.297142E+06  0.000000E+00  0.000000E+00  0.000000E+00  0.299204E+06
  0.348288E+00  0.297087E+06  0.294649E+06  0.000000E+00  0.000000E+00  0.000000E+00  0.296706E+06
  0.350117E+00  0.294619E+06  0.292187E+06  0.000000E+00  0.000000E+00  0.000000E+00  0.294239E+06
  0.351947E+00  0.292186E+06  0.289761E+06  0.000000E+00  0.000000E+00  0.000000E+00  0.291807E+06
  0.353776E+00  0.289792E+06  0.287375E+06  0.000000E+00  0.000000E+00  0.000000E+00  0.289415E+06
  0.355605E+00  0.287442E+06  0.285034E+06  0.000000E+00  0.000000E+00  0.000000E+00  0.287066E+06
  0.357434E+00  0.285137E+06  0.282740E+06  0.000000E+00  0.000000E+00  0.000000E+00  0.284762E+06
  0.359264E+00  0.282879E+06  0.280493E+06  0.000000E+00  0.000000E+00  0.000000E+00  0.282506E+06
  0.361093E+00  0.280669E+06  0.278297E+06  0.000000E+00  0.000000E+00  0.000000E+00  0.280298E+06
  0.362922E+00  0.278508E+06  0.276152E+06  0.000000E+00  0.000000E+00  0.000000E+00  0.278140E+06
  0.364751E+00  0.276396E+06  0.274056E+06  0.000000E+00  0.000000E+00  0.000000E+00  0.276030E+06
  0.366580E+00  0.274333E+06  0.272011E+06  0.000000E+00  0.000000E+00  0.000000E+00  0.273970E+06
  0.368410E+00  0.272316E+06  0.270014E+06  0.000000E+00  0.000000E+00  0.000000E+00  0.271957E+06
  0.370239E+00  0.270345E+06  0.268063E+06  0.000000E+00  0.000000E+00  0.000000E+00  0.269988E+06
  0.372068E+00  0.268415E+06  0.266155E+06  0.000000E+00  0.000000E+00  0.000000E+00  0.268062E+06
  0.373897E+00  0.266524E+06  0.264287E+06  0.000000E+00  0.000000E+00  0.000000E+00  0.266174E+06
  0.375727E+00  0.264667E+06  0.262453E+06  0.000000E+00  0.000000E+00  0.000000E+00  0.264321E+06
  0.377556E+00  0.262843E+06  0.260652E+06  0.000000E+00  0.000000E+00  0.000000E+00  0.262500E+06
  0.379385E+00  0.261046E+06  0.258878E+06  0.000000E+00  0.000000E+00  0.000000E+00  0.260707E+06
  0.381214E+00  0.259274E+06  0.257129E+06  0.000000E+00  0.000000E+00  0.000000E+00  0.258939E+06
  0.383044E+00  0.257523E+06  0.255401E+06  0.000000E+00  0.000000E+00  0.000000E+00  0.257191E+06
  0.384873E+00  0.255790E+06  0.253690E+06  0.000000E+00  0.000000E+00  0.000000E+00  0.255462E+06
  0.386702E+00  0.254073E+06  0.251994E+06  0.000000E+00  0.000000E+00  0.000000E+00  0.253748E+06
  0.388531E+00  0.252367E+06  0.250309E+06  0.000000E+00  0.000000E+00  0.000000E+00  0.252046E+06
  0.390361E+00  0.250671E+06  0.248632E+06  0.000000E+00  0.000000E+00  0.000000E+00  0.250353E+06
  0.392190E+00  0.248983E+06  0.246962E+06  0.000000E+00  0.000000E+00  0.000000E+00  0.248667E+06
  0.394019E+00  0.247301E+06  0.245297E+06  0.000000E+00  0.000000E+00  0.000000E+00  0.246987E+06
  0.395848E+00  0.245624E+06  0.243636E+06  0.000000E+00  0.000000E+00  0.000000E+00  0.245313E+06
  0.397678E+00  0.243952E+06  0.241978E+06  0.000000E+00  0.000000E+00  0.000000E+00  0.243643E+06
  0.399507E+00  0.242285E+06  0.240325E+06  0.000000E+00  0.000000E+00  0.000000E+00  0.241979E+06
  0.401336E+00  0.240624E+06  0.238676E+06  0.000000E+00  0.000000E+00  0.000000E+00  0.240319E+06
  0.403165E+00  0.238968E+06  0.237032E+06  0.000000E+00  0.000000E+00  0.000000E+00  0.238666E+06
  0.404995E+00  0.237319E+06  0.235393E+06  0.000000E+00  0.000000E+00  0.000000E+00  0.237018E+06
  0.406824E+00  0.235678E+06  0.233762E+06  0.000000E+00  0.000000E+00  0.000000E+00  0.235379E+06
  0.408653E+00  0.234046E+06  0.232139E+06  0.000000E+00  0.000000E+00  0.000000E+00  0.233748E+06
  0.410482E+00  0.232424E+06  0.230526E+06  0.000000E+00  0.000000E+00  0.000000E+00  0.232127E+06
  0.412312E+00  0.230814E+06  0.228925E+06  0.000000E+00  0.000000E+00  0.000000E+00  0.230519E+06
  0.414141E+00  0.229219E+06  0.227338E+06  0.000000E+00  0.000000E+00  0.000000E+00  0.228925E+06
  0.415970E+00  0.227640E+06  0.225767E+06  0.000000E+00  0.000000E+00  0.000000E+00  0.227347E+06
  0.417799E+00  0.226078E+06  0.224214E+06  0.000000E+00  0.000000E+00  0.000000E+00  0.225787E+06
  0.419629E+00  0.224535E+06  0.222679E+06  0.000000E+00  0.000000E+00  0.000000E+00  0.224245E+06
  0.421458E+00  0.223012E+06  0.221164E+06  0.000000E+00  0.000000E+00  0.000000E+00  0.222723E+06
  0.423287E+00  0.221508E+06  0.219670E+06  0.000000E+00  0.000000E+00  0.000000E+00  0.221221E+06
  0.425116E+00  0.220026E+06  0.218198E+06  0.000000E+00  0.000000E+00  0.000000E+00  0.219741E+06
  0.426946E+00  0.218566E+06  0.216748E+06  0.000000E+00  0.000000E+00  0.000000E+00  0.218282E+06
  0.428775E+00  0.217129E+06  0.215321E+06  0.000000E+00  0.000000E+00  0.000000E+00  0.216846E+06
  0.430604E+00  0.215714E+06  0.213917E+06  0.000000E+00  0.000000E+00  0.000000E+00  0.215433E+06
  0.432433E+00  0.214321E+06  0.212536E+06  0.000000E+00  0.000000E+00  0.000000E+00  0.214042E+06
  0.434263E+00  0.212951E+06  0.211177E+06  0.000000E+00  0.000000E+00  0.000000E+00  0.212673E+06
  0.436092E+00  0.211601E+06  0.209839E+06  0.000000E+00  0.000000E+00  0.000000E+00  0.211326E+06
  0.437921E+00  0.210271E+06  0.208523E+06  0.000000E+00  0.000000E+00  0.000000E+00  0.209998E+06
  0.439750E+00  0.208961E+06  0.207225E+06  0.000000E+00  0.000000E+00  0.000000E+00  0.208690E+06
  0.441580E+00  0.207668E+06  0.205945E+06  0.000000E+00  0.000000E+00  0.000000E+00  0.207399E+06
  0.443409E+00  0.206393E+06  0.204683E+06  0.000000E+00  0.000000E+00  0.000000E+00  0.206126E+06
  0.445238E+00  0.205134E+06  0.203437E+06  0.000000E+00  0.000000E+00  0.000000E+00  0.204868E+06
  0.447067E+00  0.203889E+06  0.202205E+06  0.000000E+00  0.000000E+00  0.000000E+00  0.203626E+06
  0.448896E+00  0.202658E+06  0.200987E+06  0.000000E+00  0.000000E+00  0.000000E+00  0.202397E+06
  0.450726E+00  0.201439E+06  0.199780E+06  0.000000E+00  0.000000E+00  0.000000E+00  0.201180E+06
  0.452555E+00  0.200231E+06  0.198585E+06  0.000000E+00  0.000000E+00  0.000000E+00  0.199974E+06
  0.454384E+00  0.199033E+06  0.197399E+06  0.000000E+00  0.000000E+00  0.000000E+00  0.198778E+06
  0.456213E+00  0.197844E+06  0.196222E+06  0.000000E+00  0.000000E+00  0.000000E+00  0.197590E+06
  0.458043E+00  0.196663E+06  0.195052E+06  0.000000E+00  0.000000E+00  0.000000E+00  0.196411E+06
  0.459872E+00  0.195490E+06  0.193890E+06  0.000000E+00  0.000000E+00  0.000000E+00  0.195240E+06
  0.461701E+00  0.194324E+06  0.192735E+06  0.000000E+00  0.000000E+00  0.000000E+00  0.194076E+06
  0.463530E+00  0.193165E+06  0.191586E+06  0.000000E+00  0.000000E+00  0.000000E+00  0.192918E+06
  0.465360E+00  0.192013E+06  0.190444E+06  0.000000E+00  0.000000E+00  0.000000E+00  0.191768E+06
  0.467189E+00  0.190868E+06  0.189308E+06  0.000000E+00  0.000000E+00  0.000000E+00  0.190624E+06
  0.469018E+00  0.189729E+06  0.188178E+06  0.000000E+00  0.000000E+00  0.000000E+00  0.189487E+06
  0.470847E+00  0.188597E+06  0.187055E+06  0.000000E+00  0.000000E+00  0.000000E+00  0.188356E+06
  0.472677E+00  0.187472E+06  0.185938E+06  0.000000E+00  0.000000E+00  0.000000E+00  0.187232E+06
  0.474506E+00  0.186354E+06  0.184828E+06  0.000000E+00  0.000000E+00  0.000000E+00  0.186115E+06
  0.476335E+00  0.185244E+06  0.183726E+06  0.000000E+00  0.000000E+00  0.000000E+00  0.185007E+06
  0.478164E+00  0.184142E+06  0.182632E+06  0.000000E+00  0.000000E+00  0.000000E+00  0.183906E+06
  0.479994E+00  0.183049E+06  0.181546E+06  0.000000E+00  0.000000E+00  0.000000E+00  0.182815E+06
  0.481823E+00  0.181966E+06  0.180470E+06  0.000000E+00  0.000000E+00  0.000000E+00  0.181732E+06
  0.483652E+00  0.180892E+06  0.179404E+06  0.000000E+00  0.000000E+00  0.000000E+00  0.180660E+06
  0.485481E+00  0.179828E+06  0.178347E+06  0.000000E+00  0.000000E+00  0.000000E+00  0.179597E+06
  0.487311E+00  0.178775E+06  0.177301E+06  0.000000E+00  0.000000E+00  0.000000E+00  0.178544E+06
  0.489140E+00  0.177732E+06  0.176265E+06  0.000000E+00  0.000000E+00  0.000000E+00  0.177503E+06
  0.490969E+00  0.176700E+06  0.175241E+06  0.000000E+00  0.000000E+00  0.000000E+00  0.176472E+06
  0.492798E+00  0.175679E+06  0.174228E+06  0.000000E+00  0.000000E+00  0.000000E+00  0.175452E+06
  0.494628E+00  0.174670E+06  0.173226E+06  0.000000E+00  0.000000E+00  0.000000E+00  0.174445E+06
  0.496457E+00  0.173673E+06  0.172237E+06  0.000000E+00  0.000000E+00  0.000000E+00  0.173448E+06
  0.498286E+00  0.172687E+06  0.171259E+06  0.000000E+00  0.000000E+00  0.000000E+00  0.172464E+06
  0.500115E+00  0.171712E+06  0.170292E+06  0.000000E+00  0.000000E+00  0.000000E+00  0.171490E+06
  0.501945E+00  0.170748E+06  0.169336E+06  0.000000E+00  0.000000E+00  0.000000E+00  0.170527E+06
  0.503774E+00  0.169795E+06  0.168391E+06  0.000000E+00  0.000000E+00  0.000000E+00  0.169576E+06
  0.505603E+00  0.168852E+06  0.167457E+06  0.000000E+00  0.000000E+00  0.000000E+00  0.168634E+06
  0.507432E+00  0.167920E+06  0.166532E+06  0.000000E+00  0.000000E+00  0.000000E+00  0.167703E+06
  0.509262E+00  0.166997E+06  0.165618E+06  0.000000E+00  0.000000E+00  0.000000E+00  0.166781E+06
  0.511091E+00  0.166084E+06  0.164713E+06  0.000000E+00  0.000000E+00  0.000000E+00  0.165870E+06
  0.512920E+00  0.165180E+06  0.163818E+06  0.000000E+00  0.000000E+00  0.000000E+00  0.164967E+06
  0.514749E+00  0.164284E+06  0.162930E+06  0.000000E+00  0.000000E+00  0.000000E+00  0.164073E+06
  0.516579E+00  0.163397E+06  0.162051E+06  0.000000E+00  0.000000E+00  0.000000E+00  0.163187E+06
  0.518408E+00  0.162517E+06  0.161179E+06  0.000000E+00  0.000000E+00  0.000000E+00  0.162308E+06
  0.520237E+00  0.161644E+06  0.160315E+06  0.000000E+00  0.000000E+00  0.000000E+00  0.161437E+06
  0.522066E+00  0.160779E+06  0.159457E+06  0.000000E+00  0.000000E+00  0.000000E+00  0.160572E+06
  0.523896E+00  0.159919E+06  0.158605E+06  0.000000E+00  0.000000E+00  0.000000E+00  0.159714E+06
  0.525725E+00  0.159067E+06  0.157760E+06  0.000000E+00  0.000000E+00  0.000000E+00  0.158863E+06
  0.527554E+00  0.158220E+06  0.156921E+06  0.000000E+00  0.000000E+00  0.000000E+00  0.158017E+06
  0.529383E+00  0.157380E+06  0.156088E+06  0.000000E+00  0.000000E+00  0.000000E+00  0.157178E+06
  0.531213E+00  0.156545E+06  0.155261E+06  0.000000E+00  0.000000E+00  0.000000E+00  0.156345E+06
  0.533042E+00  0.155716E+06  0.154438E+06  0.000000E+00  0.000000E+00  0.000000E+00  0.155516E+06
  0.534871E+00  0.154892E+06  0.153621E+06  0.000000E+00  0.000000E+00  0.000000E+00  0.154694E+06
  0.536700E+00  0.154074E+06  0.152810E+06  0.000000E+00  0.000000E+00  0.000000E+00  0.153877E+06
  0.538530E+00  0.153262E+06  0.152004E+06  0.000000E+00  0.000000E+00  0.000000E+00  0.153065E+06
  0.540359E+00  0.152455E+06  0.151203E+06  0.000000E+00  0.000000E+00  0.000000E+00  0.152259E+06
  0.542188E+00  0.151653E+06  0.150408E+06  0.000000E+00  0.000000E+00  0.000000E+00  0.151459E+06
  0.544017E+00  0.150858E+06  0.149619E+06  0.000000E+00  0.000000E+00  0.000000E+00  0.150665E+06
  0.545846E+00  0.150069E+06  0.148836E+06  0.000000E+00  0.000000E+00  0.000000E+00  0.149876E+06
  0.547676E+00  0.149285E+06  0.148058E+06  0.000000E+00  0.000000E+00  0.000000E+00  0.149094E+06
  0.549505E+00  0.148508E+06  0.147287E+06  0.000000E+00  0.000000E+00  0.000000E+00  0.148317E+06
  0.551334E+00  0.147737E+06  0.146521E+06  0.000000E+00  0.000000E+00  0.000000E+00  0.147547E+06
  0.553163E+00  0.146972E+06  0.145762E+06  0.000000E+00  0.000000E+00  0.000000E+00  0.146783E+06
  0.554993E+00  0.146213E+06  0.145009E+06  0.000000E+00  0.000000E+00  0.000000E+00  0.146025E+06
  0.556822E+00  0.145461E+06  0.144263E+06  0.000000E+00  0.000000E+00  0.000000E+00  0.145274E+06
  0.558651E+00  0.144716E+06  0.143524E+06  0.000000E+00  0.000000E+00  0.000000E+00  0.144529E+06
  0.560480E+00  0.143977E+06  0.142791E+06  0.000000E+00  0.000000E+00  0.000000E+00  0.143792E+06
  0.562310E+00  0.143245E+06  0.142064E+06  0.000000E+00  0.000000E+00  0.000000E+00  0.143060E+06
  0.564139E+00  0.142519E+06  0.141344E+06  0.000000E+00  0.000000E+00  0.000000E+00  0.142336E+06
  0.565968E+00  0.141800E+06  0.140631E+06  0.000000E+00  0.000000E+00  0.000000E+00  0.141617E+06
  0.567797E+00  0.141087E+06  0.139924E+06  0.000000E+00  0.000000E+00  0.000000E+00  0.140905E+06
  0.569627E+00  0.140381E+06  0.139223E+06  0.000000E+00  0.000000E+00  0.000000E+00  0.140200E+06
  0.571456E+00  0.139680E+06  0.138529E+06  0.000000E+00  0.000000E+00  0.000000E+00  0.139500E+06
  0.573285E+00  0.138986E+06  0.137841E+06  0.000000E+00  0.000000E+00  0.000000E+00  0.138808E+06
  0.575114E+00  0.138299E+06  0.137159E+06  0.000000E+00  0.000000E+00  0.000000E+00  0.138121E+06
  0.576944E+00  0.137617E+06  0.136483E+06  0.000000E+00  0.000000E+00  0.000000E+00  0.137440E+06
  0.578773E+00  0.136941E+06  0.135813E+06  0.000000E+00  0.000000E+00  0.000000E+00  0.136765E+06
  0.580602E+00  0.136270E+06  0.135148E+06  0.000000E+00  0.000000E+00  0.000000E+00  0.136095E+06
  0.699499E+00  0.101619E+06  0.100783E+06  0.000000E+00  0.000000E+00  0.000000E+00  0.101488E+06
  0.854371E+00  0.737874E+05  0.731807E+05  0.000000E+00  0.000000E+00  0.000000E+00  0.736926E+05
  0.104353E+01  0.533248E+05  0.528864E+05  0.000000E+00  0.000000E+00  0.000000E+00  0.532563E+05
  0.127457E+01  0.383718E+05  0.380563E+05  0.000000E+00  0.000000E+00  0.000000E+00  0.383225E+05
  0.155676E+01  0.275041E+05  0.272779E+05  0.000000E+00  0.000000E+00  0.000000E+00  0.274688E+05
  0.190144E+01  0.196441E+05  0.194825E+05  0.000000E+00  0.000000E+00  0.000000E+00  0.196188E+05
  0.232242E+01  0.139846E+05  0.138695E+05  0.000000E+00  0.000000E+00  0.000000E+00  0.139666E+05
  0.283661E+01  0.992592E+04  0.984412E+04  0.000000E+00  0.000000E+00  0.000000E+00  0.991314E+04
  0.346464E+01  0.702585E+04  0.696784E+04  0.000000E+00  0.000000E+00  0.000000E+00  0.701678E+04
  0.423172E+01  0.496055E+04  0.491948E+04  0.000000E+00  0.000000E+00  0.000000E+00  0.495413E+04
  0.516864E+01  0.349420E+04  0.346516E+04  0.000000E+00  0.000000E+00  0.000000E+00  0.348966E+04
  0.631299E+01  0.245601E+04  0.243547E+04  0.000000E+00  0.000000E+00  0.000000E+00  0.245280E+04
  0.771071E+01  0.172285E+04  0.170831E+04  0.000000E+00  0.000000E+00  0.000000E+00  0.172058E+04
  0.941788E+01  0.120631E+04  0.119600E+04  0.000000E+00  0.000000E+00  0.000000E+00  0.120470E+04
  0.115030E+02  0.843188E+03  0.835830E+03  0.000000E+00  0.000000E+00  0.000000E+00  0.842038E+03
  0.140498E+02  0.588421E+03  0.583136E+03  0.000000E+00  0.000000E+00  0.000000E+00  0.587595E+03
  0.171605E+02  0.410010E+03  0.406172E+03  0.000000E+00  0.000000E+00  0.000000E+00  0.409411E+03
  0.209599E+02  0.285288E+03  0.282455E+03  0.000000E+00  0.000000E+00  0.000000E+00  0.284846E+03
  0.256004E+02  0.198238E+03  0.196101E+03  0.000000E+00  0.000000E+00  0.000000E+00  0.197904E+03
  0.312685E+02  0.137571E+03  0.135915E+03  0.000000E+00  0.000000E+00  0.000000E+00  0.137312E+03
  0.381914E+02  0.953502E+02  0.940227E+02  0.000000E+00  0.000000E+00  0.000000E+00  0.951427E+02
  0.466470E+02  0.660052E+02  0.649015E+02  0.000000E+00  0.000000E+00  0.000000E+00  0.658327E+02
  0.569749E+02  0.456337E+02  0.446808E+02  0.000000E+00  0.000000E+00  0.000000E+00  0.454848E+02
  0.695893E+02  0.315078E+02  0.306554E+02  0.000000E+00  0.000000E+00  0.000000E+00  0.313746E+02
  0.849965E+02  0.217233E+02  0.209371E+02  0.000000E+00  0.000000E+00  0.000000E+00  0.216005E+02
  0.103815E+03  0.149525E+02  0.142101E+02  0.000000E+00  0.000000E+00  0.000000E+00  0.148365E+02
